1	6 
2	2 
3	6 
4	1 
5	5 
6	1 
7	6 
8	2 
9	3 
10	2 
11	3 
12	2 
13	1 
14	3 
15	2 
16	6 
17	2 
18	5 
19	2 
20	4 
21	2 
22	8 
23	6 
24	8 
25	2 
26	3 
27	3 
28	1 
29	3 
30	2 
31	3 
32	8 
33	3 
34	4 
35	4 
36	7 
37	8 
38	3 
39	2 
40	3 
41	8 
42	6 
43	3 
44	1 
45	3 
46	2 
47	2 
48	8 
49	3 
50	8 
51	5 
52	1 
53	8 
54	3 
55	2 
56	2 
57	6 
58	2 
59	6 
60	8 
61	6 
62	6 
63	8 
64	5 
65	6 
66	5 
67	4 
68	4 
69	7 
70	3 
71	6 
72	6 
73	2 
74	2 
75	2 
76	3 
77	3 
78	8 
79	3 
80	4 
81	5 
82	5 
83	1 
84	3 
85	2 
86	6 
87	8 
88	6 
89	2 
90	6 
91	4 
92	5 
93	8 
94	2 
95	7 
96	6 
97	5 
98	2 
99	7 
100	2 
101	7 
102	1 
103	6 
104	6 
105	1 
106	2 
107	6 
108	8 
109	5 
110	2 
111	8 
112	7 
113	6 
114	5 
115	8 
116	4 
117	6 
118	5 
119	2 
120	1 
121	8 
122	4 
123	6 
124	6 
125	6 
126	4 
127	5 
128	1 
129	5 
130	3 
131	7 
132	1 
133	8 
134	5 
135	6 
136	6 
137	3 
138	1 
139	8 
140	5 
141	5 
142	6 
143	6 
144	1 
145	7 
146	6 
147	5 
148	3 
149	6 
150	5 
151	3 
152	6 
153	2 
154	6 
155	2 
156	8 
157	2 
158	7 
159	3 
160	1 
161	8 
162	8 
163	6 
164	1 
165	2 
166	4 
167	5 
168	1 
169	6 
170	6 
171	7 
172	4 
173	7 
174	2 
175	1 
176	3 
177	2 
178	5 
179	5 
180	1 
181	7 
182	6 
183	6 
184	6 
185	7 
186	3 
187	8 
188	5 
189	6 
190	8 
191	2 
192	6 
193	2 
194	5 
195	6 
196	6 
197	1 
198	5 
199	7 
200	3 
201	6 
202	4 
203	7 
204	3 
205	6 
206	3 
207	6 
208	4 
209	3 
210	2 
211	8 
212	6 
213	2 
214	4 
215	3 
216	3 
217	4 
218	2 
219	4 
220	3 
221	6 
222	3 
223	2 
224	7 
225	6 
226	4 
227	1 
228	1 
229	7 
230	6 
231	8 
232	2 
233	6 
234	5 
235	3 
236	5 
237	5 
238	3 
239	1 
240	8 
241	4 
242	7 
243	6 
244	6 
245	5 
246	5 
247	6 
248	4 
249	3 
250	5 
251	6 
252	5 
253	2 
254	6 
255	3 
256	2 
257	1 
258	1 
259	8 
260	8 
261	6 
262	6 
263	8 
264	7 
265	2 
266	7 
267	4 
268	4 
269	8 
270	3 
271	2 
272	1 
273	5 
274	5 
275	5 
276	5 
277	1 
278	5 
279	8 
280	3 
281	2 
282	5 
283	2 
284	4 
285	3 
286	5 
287	4 
288	4 
289	6 
290	7 
291	3 
292	3 
293	3 
294	2 
295	7 
296	8 
297	6 
298	3 
299	4 
300	1 
301	5 
302	2 
303	3 
304	8 
305	4 
306	5 
307	6 
308	8 
309	2 
310	2 
311	2 
312	6 
313	3 
314	2 
315	3 
316	3 
317	6 
318	6 
319	5 
320	1 
321	3 
322	6 
323	8 
324	5 
325	7 
326	6 
327	2 
328	3 
329	7 
330	7 
331	3 
332	8 
333	1 
334	2 
335	8 
336	2 
337	7 
338	5 
339	6 
340	5 
341	1 
342	6 
343	2 
344	2 
345	5 
346	6 
347	6 
348	6 
349	3 
350	2 
351	5 
352	7 
353	4 
354	2 
355	1 
356	3 
357	7 
358	2 
359	3 
360	4 
361	6 
362	6 
363	5 
364	5 
365	5 
366	4 
367	3 
368	7 
369	3 
370	8 
371	6 
372	5 
373	7 
374	3 
375	3 
376	4 
377	2 
378	3 
379	1 
380	5 
381	7 
382	3 
383	8 
384	3 
385	3 
386	5 
387	6 
388	3 
389	6 
390	6 
391	2 
392	5 
393	6 
394	6 
395	3 
396	2 
397	7 
398	1 
399	1 
400	6 
401	7 
402	2 
403	6 
404	7 
405	7 
406	2 
407	7 
408	8 
409	8 
410	8 
411	8 
412	5 
413	8 
414	1 
415	6 
416	2 
417	1 
418	3 
419	8 
420	7 
421	6 
422	6 
423	3 
424	5 
425	4 
426	4 
427	6 
428	7 
429	5 
430	1 
431	6 
432	8 
433	7 
434	5 
435	7 
436	6 
437	7 
438	3 
439	5 
440	7 
441	4 
442	3 
443	6 
444	5 
445	3 
446	3 
447	3 
448	5 
449	6 
450	5 
451	3 
452	3 
453	8 
454	3 
455	3 
456	6 
457	3 
458	7 
459	2 
460	2 
461	8 
462	8 
463	5 
464	2 
465	7 
466	6 
467	6 
468	8 
469	3 
470	5 
471	7 
472	2 
473	7 
474	6 
475	1 
476	8 
477	6 
478	6 
479	2 
480	1 
481	2 
482	4 
483	7 
484	2 
485	6 
486	3 
487	4 
488	6 
489	6 
490	6 
491	2 
492	2 
493	5 
494	2 
495	6 
496	3 
497	7 
498	8 
499	1 
500	6 
501	5 
502	8 
503	7 
504	3 
505	5 
506	6 
507	5 
508	1 
509	3 
510	6 
511	3 
512	7 
513	5 
514	5 
515	8 
516	4 
517	7 
518	2 
519	8 
520	6 
521	6 
522	5 
523	7 
524	6 
525	7 
526	7 
527	7 
528	5 
529	6 
530	2 
531	4 
532	6 
533	2 
534	5 
535	7 
536	5 
537	3 
538	6 
539	4 
540	6 
541	2 
542	3 
543	3 
544	8 
545	2 
546	7 
547	7 
548	5 
549	5 
550	7 
551	6 
552	7 
553	8 
554	5 
555	3 
556	3 
557	2 
558	7 
559	5 
560	5 
561	7 
562	6 
563	3 
564	8 
565	5 
566	2 
567	2 
568	6 
569	5 
570	2 
571	3 
572	6 
573	3 
574	6 
575	1 
576	3 
577	7 
578	7 
579	5 
580	2 
581	3 
582	5 
583	2 
584	3 
585	3 
586	6 
587	3 
588	6 
589	8 
590	4 
591	8 
592	3 
593	5 
594	6 
595	5 
596	5 
597	7 
598	4 
599	5 
600	8 
601	3 
602	6 
603	3 
604	3 
605	3 
606	3 
607	5 
608	8 
609	5 
610	1 
611	8 
612	2 
613	6 
614	5 
615	5 
616	1 
617	6 
618	7 
619	6 
620	4 
621	8 
622	8 
623	5 
624	3 
625	5 
626	2 
627	8 
628	2 
629	2 
630	7 
631	7 
632	3 
633	2 
634	4 
635	4 
636	7 
637	8 
638	3 
639	6 
640	4 
641	3 
642	6 
643	1 
644	4 
645	2 
646	6 
647	2 
648	6 
649	5 
650	7 
651	2 
652	3 
653	6 
654	8 
655	7 
656	2 
657	3 
658	5 
659	6 
660	1 
661	4 
662	5 
663	6 
664	2 
665	6 
666	2 
667	2 
668	5 
669	3 
670	1 
671	5 
672	7 
673	7 
674	3 
675	1 
676	8 
677	7 
678	4 
679	2 
680	5 
681	4 
682	5 
683	6 
684	3 
685	8 
686	6 
687	7 
688	6 
689	6 
690	8 
691	6 
692	2 
693	2 
694	6 
695	1 
696	4 
697	4 
698	5 
699	7 
700	3 
701	2 
702	1 
703	5 
704	3 
705	8 
706	2 
707	1 
708	8 
709	5 
710	3 
711	3 
712	1 
713	3 
714	7 
715	3 
716	4 
717	6 
718	1 
719	2 
720	3 
721	6 
722	3 
723	2 
724	8 
725	6 
726	3 
727	2 
728	4 
729	3 
730	1 
731	2 
732	6 
733	6 
734	1 
735	7 
736	2 
737	6 
738	6 
739	3 
740	2 
741	3 
742	2 
743	8 
744	6 
745	8 
746	2 
747	8 
748	8 
749	6 
750	5 
751	6 
752	5 
753	8 
754	5 
755	3 
756	6 
757	6 
758	2 
759	6 
760	4 
761	5 
762	2 
763	1 
764	5 
765	7 
766	6 
767	3 
768	7 
769	6 
770	5 
771	2 
772	3 
773	4 
774	2 
775	2 
776	2 
777	4 
778	2 
779	1 
780	7 
781	1 
782	2 
783	5 
784	5 
785	3 
786	2 
787	7 
788	2 
789	7 
790	3 
791	3 
792	1 
793	2 
794	6 
795	5 
796	7 
797	2 
798	1 
799	6 
800	5 
801	5 
802	3 
803	6 
804	2 
805	3 
806	3 
807	5 
808	8 
809	3 
810	2 
811	3 
812	2 
813	3 
814	8 
815	1 
816	5 
817	6 
818	3 
819	2 
820	3 
821	8 
822	6 
823	5 
824	2 
825	6 
826	3 
827	5 
828	1 
829	1 
830	4 
831	2 
832	6 
833	2 
834	7 
835	3 
836	6 
837	5 
838	2 
839	6 
840	4 
841	2 
842	3 
843	7 
844	3 
845	8 
846	2 
847	6 
848	2 
849	6 
850	6 
851	3 
852	7 
853	2 
854	3 
855	6 
856	2 
857	5 
858	7 
859	3 
860	6 
861	1 
862	2 
863	5 
864	3 
865	5 
866	7 
867	5 
868	8 
869	7 
870	3 
871	5 
872	2 
873	2 
874	2 
875	8 
876	2 
877	8 
878	1 
879	1 
880	2 
881	2 
882	8 
883	4 
884	6 
885	5 
886	8 
887	8 
888	2 
889	7 
890	3 
891	3 
892	6 
893	3 
894	4 
895	5 
896	2 
897	7 
898	2 
899	2 
900	6 
901	6 
902	2 
903	2 
904	2 
905	2 
906	1 
907	2 
908	5 
909	3 
910	5 
911	2 
912	4 
913	2 
914	3 
915	2 
916	6 
917	8 
918	5 
919	4 
920	6 
921	3 
922	3 
923	2 
924	2 
925	5 
926	3 
927	3 
928	3 
929	5 
930	4 
931	6 
932	4 
933	2 
934	4 
935	6 
936	4 
937	3 
938	2 
939	5 
940	5 
941	2 
942	2 
943	7 
944	4 
945	2 
946	7 
947	2 
948	1 
949	6 
950	3 
951	6 
952	2 
953	5 
954	3 
955	3 
956	2 
957	2 
958	4 
959	7 
960	7 
961	5 
962	8 
963	7 
964	6 
965	6 
966	2 
967	4 
968	6 
969	5 
970	7 
971	5 
972	7 
973	7 
974	7 
975	6 
976	2 
977	6 
978	6 
979	5 
980	2 
981	6 
982	2 
983	5 
984	3 
985	4 
986	6 
987	5 
988	4 
989	6 
990	4 
991	8 
992	2 
993	3 
994	7 
995	2 
996	7 
997	3 
998	2 
999	2 
1000	2 
