1	3 
2	3 
3	4 
4	4 
5	3 
6	1 
7	4 
8	3 
9	7 
10	8 
11	1 
12	5 
13	4 
14	3 
15	1 
16	2 
17	6 
18	4 
19	8 
20	6 
21	7 
22	8 
23	2 
24	6 
25	1 
26	7 
27	1 
28	7 
29	3 
30	3 
31	2 
32	3 
33	7 
34	8 
35	3 
36	8 
37	1 
38	6 
39	5 
40	5 
41	8 
42	7 
43	2 
44	3 
45	3 
46	1 
47	4 
48	2 
49	5 
50	3 
51	2 
52	3 
53	7 
54	3 
55	5 
56	6 
57	3 
58	6 
59	8 
60	3 
61	8 
62	2 
63	7 
64	2 
65	4 
66	5 
67	7 
68	8 
69	8 
70	3 
71	7 
72	3 
73	1 
74	3 
75	6 
76	1 
77	6 
78	5 
79	5 
80	7 
81	5 
82	3 
83	6 
84	1 
85	3 
86	6 
87	8 
88	4 
89	8 
90	5 
91	8 
92	7 
93	3 
94	2 
95	3 
96	8 
97	4 
98	3 
99	7 
100	3 
101	8 
102	1 
103	8 
104	2 
105	1 
106	8 
107	5 
108	3 
109	2 
110	2 
111	6 
112	3 
113	2 
114	3 
115	4 
116	8 
117	8 
118	3 
119	3 
120	1 
121	3 
122	8 
123	4 
124	2 
125	7 
126	4 
127	8 
128	1 
129	1 
130	3 
131	3 
132	8 
133	4 
134	1 
135	7 
136	3 
137	3 
138	4 
139	3 
140	3 
141	8 
142	3 
143	5 
144	3 
145	2 
146	5 
147	3 
148	5 
149	5 
150	5 
151	3 
152	3 
153	6 
154	6 
155	5 
156	2 
157	3 
158	3 
159	6 
160	2 
161	3 
162	8 
163	8 
164	7 
165	4 
166	6 
167	2 
168	6 
169	6 
170	3 
171	8 
172	7 
173	5 
174	1 
175	3 
176	1 
177	1 
178	8 
179	1 
180	6 
181	3 
182	3 
183	6 
184	3 
185	3 
186	3 
187	6 
188	3 
189	6 
190	8 
191	7 
192	5 
193	4 
194	7 
195	5 
196	4 
197	3 
198	7 
199	2 
200	2 
201	1 
202	5 
203	8 
204	7 
205	7 
206	7 
207	6 
208	5 
209	4 
210	3 
211	6 
212	5 
213	1 
214	7 
215	4 
216	3 
217	2 
218	7 
219	3 
220	6 
221	8 
222	3 
223	3 
224	5 
225	7 
226	6 
227	6 
228	5 
229	8 
230	5 
231	3 
232	3 
233	8 
234	5 
235	8 
236	6 
237	3 
238	7 
239	4 
240	8 
241	6 
242	2 
243	3 
244	2 
245	4 
246	3 
247	3 
248	6 
249	7 
250	8 
251	3 
252	3 
253	7 
254	3 
255	7 
256	7 
257	2 
258	3 
259	5 
260	5 
261	5 
262	8 
263	4 
264	3 
265	2 
266	3 
267	3 
268	4 
269	3 
270	1 
271	3 
272	8 
273	7 
274	2 
275	6 
276	8 
277	2 
278	7 
279	4 
280	3 
281	8 
282	4 
283	3 
284	6 
285	5 
286	3 
287	6 
288	8 
289	5 
290	4 
291	3 
292	3 
293	5 
294	1 
295	4 
296	2 
297	3 
298	5 
299	5 
300	3 
301	2 
302	8 
303	2 
304	7 
305	3 
306	6 
307	3 
308	2 
309	4 
310	3 
311	8 
312	7 
313	5 
314	7 
315	3 
316	8 
317	4 
318	1 
319	2 
320	7 
321	4 
322	7 
323	6 
324	6 
325	7 
326	3 
327	1 
328	2 
329	7 
330	3 
331	7 
332	3 
333	8 
334	8 
335	4 
336	8 
337	5 
338	5 
339	3 
340	8 
341	3 
342	5 
343	4 
344	4 
345	3 
346	3 
347	8 
348	3 
349	6 
350	5 
351	6 
352	6 
353	4 
354	3 
355	1 
356	8 
357	2 
358	2 
359	7 
360	4 
361	3 
362	8 
363	8 
364	8 
365	7 
366	2 
367	7 
368	3 
369	8 
370	2 
371	1 
372	7 
373	2 
374	6 
375	3 
376	3 
377	3 
378	8 
379	7 
380	3 
381	6 
382	5 
383	2 
384	7 
385	3 
386	5 
387	3 
388	6 
389	2 
390	8 
391	3 
392	7 
393	7 
394	3 
395	3 
396	8 
397	8 
398	2 
399	1 
400	2 
401	3 
402	4 
403	5 
404	5 
405	2 
406	6 
407	5 
408	3 
409	3 
410	3 
411	8 
412	1 
413	8 
414	8 
415	1 
416	5 
417	3 
418	3 
419	2 
420	7 
421	8 
422	3 
423	3 
424	5 
425	1 
426	2 
427	8 
428	3 
429	8 
430	5 
431	5 
432	3 
433	3 
434	3 
435	8 
436	3 
437	7 
438	3 
439	1 
440	8 
441	8 
442	5 
443	7 
444	8 
445	4 
446	5 
447	8 
448	3 
449	7 
450	8 
451	1 
452	3 
453	3 
454	7 
455	3 
456	5 
457	8 
458	2 
459	4 
460	5 
461	6 
462	5 
463	5 
464	3 
465	7 
466	3 
467	7 
468	3 
469	1 
470	8 
471	3 
472	8 
473	5 
474	7 
475	1 
476	8 
477	3 
478	7 
479	3 
480	7 
481	2 
482	3 
483	7 
484	3 
485	5 
486	8 
487	5 
488	7 
489	8 
490	4 
491	3 
492	3 
493	3 
494	1 
495	2 
496	2 
497	3 
498	4 
499	2 
500	3 
501	8 
502	6 
503	1 
504	2 
505	5 
506	3 
507	7 
508	1 
509	7 
510	2 
511	5 
512	8 
513	3 
514	7 
515	6 
516	8 
517	7 
518	2 
519	2 
520	7 
521	5 
522	3 
523	3 
524	8 
525	3 
526	3 
527	3 
528	4 
529	5 
530	3 
531	6 
532	5 
533	1 
534	7 
535	3 
536	3 
537	6 
538	8 
539	4 
540	7 
541	7 
542	5 
543	8 
544	7 
545	3 
546	5 
547	5 
548	1 
549	3 
550	8 
551	5 
552	2 
553	5 
554	3 
555	3 
556	6 
557	8 
558	8 
559	4 
560	3 
561	7 
562	3 
563	6 
564	2 
565	5 
566	7 
567	5 
568	5 
569	5 
570	8 
571	8 
572	8 
573	7 
574	3 
575	2 
576	2 
577	4 
578	4 
579	3 
580	2 
581	4 
582	2 
583	3 
584	7 
585	3 
586	1 
587	8 
588	7 
589	2 
590	1 
591	3 
592	4 
593	8 
594	7 
595	3 
596	4 
597	5 
598	5 
599	7 
600	1 
601	4 
602	6 
603	4 
604	1 
605	3 
606	8 
607	8 
608	8 
609	3 
610	7 
611	7 
612	2 
613	8 
614	3 
615	8 
616	2 
617	8 
618	3 
619	6 
620	6 
621	5 
622	8 
623	3 
624	5 
625	8 
626	3 
627	6 
628	7 
629	8 
630	4 
631	2 
632	5 
633	8 
634	8 
635	8 
636	2 
637	2 
638	3 
639	3 
640	8 
641	3 
642	7 
643	6 
644	1 
645	5 
646	8 
647	6 
648	3 
649	8 
650	1 
651	8 
652	8 
653	1 
654	8 
655	1 
656	8 
657	8 
658	7 
659	2 
660	6 
661	4 
662	2 
663	4 
664	1 
665	8 
666	3 
667	5 
668	3 
669	7 
670	3 
671	5 
672	8 
673	6 
674	5 
675	2 
676	6 
677	2 
678	6 
679	7 
680	3 
681	2 
682	8 
683	8 
684	2 
685	8 
686	8 
687	2 
688	8 
689	3 
690	8 
691	7 
692	3 
693	3 
694	7 
695	2 
696	2 
697	8 
698	2 
699	6 
700	3 
701	2 
702	8 
703	7 
704	7 
705	3 
706	2 
707	2 
708	2 
709	1 
710	8 
711	3 
712	3 
713	4 
714	8 
715	8 
716	2 
717	2 
718	1 
719	3 
720	2 
721	8 
722	3 
723	4 
724	4 
725	3 
726	8 
727	2 
728	3 
729	3 
730	6 
731	6 
732	8 
733	7 
734	6 
735	7 
736	1 
737	7 
738	7 
739	7 
740	3 
741	2 
742	2 
743	8 
744	3 
745	5 
746	1 
747	1 
748	1 
749	2 
750	3 
751	3 
752	5 
753	8 
754	5 
755	3 
756	2 
757	4 
758	1 
759	1 
760	7 
761	3 
762	3 
763	7 
764	2 
765	3 
766	1 
767	3 
768	8 
769	4 
770	6 
771	3 
772	8 
773	3 
774	3 
775	3 
776	5 
777	3 
778	5 
779	4 
780	7 
781	1 
782	1 
783	1 
784	3 
785	8 
786	3 
787	2 
788	2 
789	7 
790	1 
791	3 
792	8 
793	3 
794	7 
795	3 
796	7 
797	3 
798	8 
799	8 
800	1 
801	5 
802	3 
803	1 
804	4 
805	6 
806	8 
807	6 
808	5 
809	5 
810	8 
811	2 
812	8 
813	3 
814	7 
815	7 
816	8 
817	4 
818	2 
819	8 
820	6 
821	1 
822	4 
823	6 
824	3 
825	6 
826	6 
827	2 
828	3 
829	3 
830	3 
831	4 
832	5 
833	8 
834	8 
835	1 
836	3 
837	6 
838	5 
839	1 
840	4 
841	5 
842	3 
843	5 
844	5 
845	6 
846	1 
847	7 
848	7 
849	7 
850	6 
851	3 
852	7 
853	7 
854	2 
855	8 
856	7 
857	4 
858	6 
859	4 
860	3 
861	3 
862	8 
863	4 
864	8 
865	7 
866	7 
867	7 
868	3 
869	7 
870	8 
871	3 
872	4 
873	2 
874	3 
875	1 
876	5 
877	4 
878	7 
879	5 
880	3 
881	6 
882	1 
883	5 
884	3 
885	6 
886	8 
887	8 
888	6 
889	7 
890	7 
891	4 
892	6 
893	5 
894	1 
895	3 
896	4 
897	8 
898	1 
899	7 
900	2 
901	8 
902	2 
903	2 
904	7 
905	5 
906	3 
907	1 
908	6 
909	7 
910	3 
911	8 
912	8 
913	5 
914	5 
915	3 
916	6 
917	1 
918	6 
919	5 
920	4 
921	1 
922	3 
923	8 
924	2 
925	4 
926	8 
927	3 
928	4 
929	4 
930	2 
931	4 
932	8 
933	3 
934	2 
935	1 
936	3 
937	7 
938	5 
939	8 
940	3 
941	4 
942	7 
943	3 
944	7 
945	7 
946	2 
947	8 
948	6 
949	3 
950	3 
951	3 
952	8 
953	3 
954	4 
955	8 
956	7 
957	2 
958	8 
959	3 
960	2 
961	6 
962	3 
963	8 
964	8 
965	1 
966	7 
967	8 
968	2 
969	5 
970	2 
971	2 
972	3 
973	7 
974	7 
975	2 
976	4 
977	7 
978	8 
979	3 
980	3 
981	2 
982	6 
983	7 
984	8 
985	3 
986	6 
987	7 
988	1 
989	8 
990	3 
991	3 
992	2 
993	8 
994	8 
995	1 
996	6 
997	8 
998	3 
999	3 
1000	3 
