1	6 
2	5 
3	3 
4	1 
5	2 
6	8 
7	2 
8	4 
9	9 
10	4 
11	9 
12	1 
13	6 
14	5 
15	5 
16	5 
17	5 
18	9 
19	7 
20	5 
21	8 
22	5 
23	9 
24	5 
25	8 
26	6 
27	7 
28	2 
29	6 
30	2 
31	8 
32	9 
33	2 
34	1 
35	9 
36	1 
37	5 
38	2 
39	9 
40	8 
41	6 
42	4 
43	9 
44	7 
45	5 
46	1 
47	6 
48	7 
49	8 
50	6 
51	5 
52	2 
53	6 
54	7 
55	4 
56	2 
57	5 
58	8 
59	4 
60	1 
61	1 
62	6 
63	5 
64	2 
65	7 
66	2 
67	6 
68	5 
69	2 
70	6 
71	1 
72	2 
73	5 
74	4 
75	2 
76	7 
77	9 
78	7 
79	5 
80	5 
81	9 
82	7 
83	5 
84	6 
85	3 
86	5 
87	8 
88	5 
89	9 
90	5 
91	3 
92	9 
93	6 
94	6 
95	5 
96	1 
97	5 
98	8 
99	5 
100	9 
101	5 
102	7 
103	5 
104	5 
105	9 
106	8 
107	5 
108	8 
109	4 
110	5 
111	1 
112	3 
113	4 
114	1 
115	5 
116	1 
117	9 
118	5 
119	4 
120	5 
121	4 
122	1 
123	6 
124	1 
125	7 
126	3 
127	2 
128	1 
129	6 
130	5 
131	1 
132	5 
133	6 
134	1 
135	7 
136	4 
137	1 
138	3 
139	2 
140	1 
141	1 
142	7 
143	4 
144	2 
145	4 
146	8 
147	6 
148	1 
149	1 
150	9 
151	5 
152	2 
153	1 
154	4 
155	4 
156	5 
157	5 
158	1 
159	6 
160	4 
161	5 
162	4 
163	2 
164	3 
165	3 
166	9 
167	4 
168	3 
169	5 
170	4 
171	3 
172	2 
173	1 
174	6 
175	6 
176	5 
177	6 
178	7 
179	4 
180	9 
181	3 
182	9 
183	5 
184	4 
185	5 
186	1 
187	5 
188	5 
189	1 
190	1 
191	1 
192	4 
193	5 
194	9 
195	1 
196	1 
197	2 
198	3 
199	5 
200	3 
201	2 
202	4 
203	7 
204	5 
205	2 
206	5 
207	3 
208	9 
209	6 
210	4 
211	6 
212	6 
213	1 
214	1 
215	2 
216	3 
217	6 
218	6 
219	6 
220	5 
221	9 
222	8 
223	7 
224	5 
225	5 
226	2 
227	1 
228	3 
229	2 
230	4 
231	1 
232	4 
233	8 
234	9 
235	3 
236	9 
237	1 
238	9 
239	7 
240	1 
241	5 
242	9 
243	5 
244	5 
245	8 
246	7 
247	1 
248	5 
249	3 
250	9 
251	7 
252	7 
253	9 
254	7 
255	2 
256	4 
257	3 
258	1 
259	2 
260	5 
261	5 
262	7 
263	5 
264	5 
265	1 
266	2 
267	2 
268	2 
269	4 
270	4 
271	4 
272	9 
273	2 
274	7 
275	1 
276	8 
277	7 
278	3 
279	3 
280	2 
281	6 
282	6 
283	9 
284	5 
285	5 
286	4 
287	2 
288	1 
289	2 
290	1 
291	1 
292	1 
293	8 
294	3 
295	2 
296	9 
297	3 
298	4 
299	5 
300	7 
301	6 
302	6 
303	7 
304	1 
305	9 
306	9 
307	4 
308	3 
309	8 
310	7 
311	9 
312	1 
313	9 
314	9 
315	4 
316	2 
317	2 
318	1 
319	9 
320	5 
321	5 
322	4 
323	9 
324	1 
325	2 
326	3 
327	2 
328	1 
329	5 
330	2 
331	2 
332	1 
333	2 
334	5 
335	1 
336	6 
337	9 
338	6 
339	1 
340	1 
341	3 
342	9 
343	9 
344	8 
345	1 
346	6 
347	1 
348	2 
349	4 
350	1 
351	5 
352	1 
353	8 
354	4 
355	7 
356	5 
357	2 
358	9 
359	5 
360	2 
361	5 
362	5 
363	8 
364	6 
365	9 
366	2 
367	4 
368	7 
369	9 
370	6 
371	2 
372	5 
373	8 
374	1 
375	4 
376	8 
377	1 
378	8 
379	6 
380	5 
381	2 
382	4 
383	5 
384	8 
385	4 
386	2 
387	9 
388	8 
389	9 
390	1 
391	4 
392	1 
393	1 
394	9 
395	5 
396	4 
397	7 
398	5 
399	2 
400	5 
401	4 
402	4 
403	6 
404	2 
405	4 
406	2 
407	5 
408	4 
409	5 
410	6 
411	2 
412	1 
413	2 
414	1 
415	2 
416	2 
417	4 
418	3 
419	1 
420	9 
421	8 
422	2 
423	9 
424	5 
425	5 
426	5 
427	1 
428	9 
429	9 
430	2 
431	5 
432	1 
433	9 
434	1 
435	5 
436	2 
437	9 
438	6 
439	5 
440	4 
441	4 
442	2 
443	2 
444	1 
445	5 
446	1 
447	1 
448	2 
449	2 
450	8 
451	9 
452	4 
453	5 
454	9 
455	4 
456	1 
457	1 
458	3 
459	1 
460	1 
461	2 
462	3 
463	6 
464	8 
465	9 
466	1 
467	4 
468	5 
469	3 
470	5 
471	4 
472	4 
473	7 
474	4 
475	8 
476	5 
477	4 
478	7 
479	9 
480	7 
481	1 
482	9 
483	3 
484	3 
485	1 
486	7 
487	9 
488	9 
489	1 
490	2 
491	9 
492	7 
493	9 
494	2 
495	4 
496	1 
497	2 
498	4 
499	4 
500	8 
501	7 
502	9 
503	2 
504	2 
505	4 
506	5 
507	6 
508	7 
509	2 
510	4 
511	3 
512	1 
513	6 
514	2 
515	9 
516	1 
517	9 
518	7 
519	9 
520	4 
521	6 
522	4 
523	2 
524	7 
525	9 
526	9 
527	5 
528	1 
529	9 
530	4 
531	9 
532	9 
533	1 
534	6 
535	7 
536	1 
537	2 
538	8 
539	3 
540	5 
541	5 
542	4 
543	1 
544	5 
545	9 
546	3 
547	9 
548	5 
549	9 
550	9 
551	4 
552	7 
553	9 
554	3 
555	1 
556	7 
557	2 
558	5 
559	1 
560	6 
561	9 
562	4 
563	5 
564	8 
565	1 
566	8 
567	4 
568	5 
569	1 
570	5 
571	2 
572	9 
573	5 
574	4 
575	7 
576	4 
577	3 
578	9 
579	5 
580	6 
581	2 
582	6 
583	3 
584	2 
585	4 
586	1 
587	7 
588	6 
589	1 
590	5 
591	8 
592	1 
593	5 
594	9 
595	5 
596	5 
597	5 
598	5 
599	8 
600	1 
601	6 
602	1 
603	5 
604	5 
605	9 
606	5 
607	5 
608	5 
609	5 
610	9 
611	8 
612	2 
613	9 
614	5 
615	8 
616	8 
617	1 
618	7 
619	1 
620	2 
621	2 
622	9 
623	5 
624	3 
625	4 
626	7 
627	3 
628	4 
629	5 
630	1 
631	6 
632	5 
633	1 
634	7 
635	1 
636	7 
637	9 
638	9 
639	1 
640	3 
641	6 
642	7 
643	7 
644	3 
645	5 
646	8 
647	1 
648	6 
649	8 
650	6 
651	2 
652	8 
653	9 
654	5 
655	5 
656	5 
657	3 
658	9 
659	1 
660	9 
661	3 
662	5 
663	1 
664	8 
665	5 
666	8 
667	2 
668	2 
669	8 
670	3 
671	4 
672	9 
673	5 
674	2 
675	1 
676	5 
677	1 
678	1 
679	6 
680	1 
681	3 
682	9 
683	5 
684	7 
685	1 
686	3 
687	1 
688	9 
689	1 
690	9 
691	5 
692	3 
693	4 
694	1 
695	4 
696	9 
697	4 
698	8 
699	8 
700	3 
701	1 
702	3 
703	9 
704	1 
705	9 
706	1 
707	9 
708	2 
709	8 
710	7 
711	8 
712	1 
713	5 
714	3 
715	6 
716	9 
717	9 
718	9 
719	3 
720	9 
721	4 
722	6 
723	9 
724	9 
725	6 
726	1 
727	8 
728	5 
729	4 
730	2 
731	8 
732	9 
733	1 
734	2 
735	2 
736	6 
737	9 
738	6 
739	6 
740	1 
741	5 
742	5 
743	4 
744	2 
745	3 
746	4 
747	9 
748	9 
749	9 
750	9 
751	1 
752	4 
753	2 
754	4 
755	9 
756	5 
757	8 
758	2 
759	9 
760	1 
761	4 
762	5 
763	4 
764	9 
765	9 
766	4 
767	4 
768	5 
769	5 
770	4 
771	5 
772	9 
773	9 
774	5 
775	3 
776	4 
777	8 
778	4 
779	4 
780	5 
781	5 
782	6 
783	5 
784	4 
785	6 
786	1 
787	8 
788	9 
789	5 
790	6 
791	1 
792	9 
793	4 
794	7 
795	8 
796	5 
797	5 
798	4 
799	6 
800	9 
801	6 
802	2 
803	6 
804	3 
805	5 
806	5 
807	2 
808	5 
809	1 
810	4 
811	7 
812	9 
813	4 
814	5 
815	1 
816	6 
817	7 
818	5 
819	9 
820	6 
821	9 
822	4 
823	4 
824	1 
825	2 
826	4 
827	4 
828	2 
829	1 
830	6 
831	6 
832	6 
833	6 
834	6 
835	1 
836	5 
837	4 
838	2 
839	3 
840	4 
841	9 
842	1 
843	4 
844	7 
845	6 
846	1 
847	5 
848	3 
849	1 
850	2 
851	5 
852	9 
853	9 
854	3 
855	6 
856	1 
857	1 
858	9 
859	4 
860	9 
861	5 
862	6 
863	9 
864	1 
865	9 
866	1 
867	1 
868	6 
869	7 
870	1 
871	1 
872	1 
873	3 
874	3 
875	5 
876	9 
877	7 
878	2 
879	9 
880	5 
881	8 
882	6 
883	5 
884	5 
885	4 
886	3 
887	6 
888	6 
889	5 
890	8 
891	1 
892	8 
893	2 
894	8 
895	6 
896	8 
897	1 
898	3 
899	7 
900	3 
901	7 
902	1 
903	8 
904	4 
905	3 
906	9 
907	2 
908	5 
909	7 
910	8 
911	7 
912	1 
913	1 
914	8 
915	4 
916	6 
917	1 
918	6 
919	6 
920	3 
921	4 
922	7 
923	6 
924	5 
925	4 
926	6 
927	1 
928	5 
929	1 
930	9 
931	9 
932	1 
933	2 
934	6 
935	9 
936	9 
937	5 
938	9 
939	2 
940	4 
941	5 
942	1 
943	5 
944	8 
945	9 
946	7 
947	5 
948	4 
949	2 
950	5 
951	2 
952	5 
953	8 
954	3 
955	6 
956	4 
957	5 
958	1 
959	9 
960	8 
961	3 
962	4 
963	9 
964	5 
965	2 
966	4 
967	3 
968	2 
969	7 
970	5 
971	1 
972	8 
973	5 
974	5 
975	5 
976	1 
977	9 
978	9 
979	9 
980	9 
981	2 
982	6 
983	3 
984	2 
985	3 
986	8 
987	5 
988	8 
989	1 
990	1 
991	2 
992	9 
993	1 
994	6 
995	2 
996	6 
997	9 
998	4 
999	5 
1000	1 
