1	7 
2	5 
3	9 
4	4 
5	4 
6	5 
7	5 
8	9 
9	9 
10	9 
11	4 
12	11 
13	6 
14	2 
15	3 
16	8 
17	5 
18	1 
19	6 
20	6 
21	9 
22	3 
23	5 
24	4 
25	10 
26	7 
27	11 
28	10 
29	11 
30	1 
31	5 
32	9 
33	5 
34	10 
35	5 
36	10 
37	2 
38	11 
39	3 
40	5 
41	10 
42	3 
43	11 
44	11 
45	4 
46	4 
47	8 
48	1 
49	11 
50	11 
51	11 
52	7 
53	2 
54	5 
55	3 
56	7 
57	1 
58	4 
59	1 
60	9 
61	2 
62	11 
63	7 
64	10 
65	7 
66	3 
67	11 
68	11 
69	5 
70	10 
71	7 
72	11 
73	10 
74	4 
75	9 
76	4 
77	10 
78	7 
79	7 
80	6 
81	7 
82	11 
83	11 
84	4 
85	4 
86	11 
87	11 
88	11 
89	5 
90	5 
91	10 
92	5 
93	10 
94	9 
95	11 
96	2 
97	8 
98	1 
99	4 
100	11 
101	11 
102	5 
103	3 
104	4 
105	2 
106	1 
107	11 
108	8 
109	2 
110	4 
111	1 
112	3 
113	10 
114	7 
115	11 
116	10 
117	2 
118	3 
119	6 
120	11 
121	3 
122	6 
123	10 
124	4 
125	11 
126	5 
127	7 
128	11 
129	4 
130	5 
131	3 
132	3 
133	6 
134	9 
135	11 
136	9 
137	1 
138	1 
139	11 
140	5 
141	2 
142	4 
143	7 
144	10 
145	6 
146	5 
147	10 
148	2 
149	6 
150	2 
151	5 
152	9 
153	4 
154	7 
155	7 
156	6 
157	3 
158	1 
159	3 
160	11 
161	11 
162	11 
163	9 
164	7 
165	6 
166	4 
167	11 
168	7 
169	10 
170	8 
171	2 
172	11 
173	10 
174	5 
175	7 
176	3 
177	11 
178	3 
179	5 
180	3 
181	3 
182	10 
183	10 
184	9 
185	11 
186	7 
187	2 
188	7 
189	2 
190	3 
191	6 
192	10 
193	11 
194	10 
195	2 
196	3 
197	7 
198	10 
199	10 
200	11 
201	6 
202	2 
203	2 
204	6 
205	3 
206	1 
207	10 
208	7 
209	4 
210	8 
211	3 
212	9 
213	6 
214	7 
215	2 
216	2 
217	4 
218	7 
219	2 
220	2 
221	5 
222	11 
223	11 
224	4 
225	1 
226	3 
227	4 
228	10 
229	10 
230	4 
231	4 
232	3 
233	7 
234	11 
235	3 
236	1 
237	3 
238	10 
239	4 
240	9 
241	10 
242	4 
243	1 
244	6 
245	3 
246	2 
247	7 
248	7 
249	10 
250	5 
251	10 
252	5 
253	6 
254	2 
255	4 
256	4 
257	1 
258	4 
259	9 
260	5 
261	1 
262	7 
263	11 
264	7 
265	10 
266	11 
267	6 
268	10 
269	3 
270	4 
271	3 
272	4 
273	5 
274	5 
275	10 
276	10 
277	6 
278	4 
279	6 
280	8 
281	9 
282	7 
283	8 
284	7 
285	10 
286	5 
287	6 
288	5 
289	6 
290	10 
291	7 
292	2 
293	10 
294	3 
295	11 
296	9 
297	1 
298	6 
299	6 
300	4 
301	3 
302	6 
303	7 
304	7 
305	10 
306	7 
307	5 
308	3 
309	9 
310	6 
311	1 
312	4 
313	8 
314	6 
315	8 
316	6 
317	6 
318	6 
319	5 
320	11 
321	11 
322	11 
323	5 
324	6 
325	2 
326	6 
327	7 
328	9 
329	5 
330	11 
331	10 
332	7 
333	4 
334	6 
335	10 
336	5 
337	4 
338	3 
339	11 
340	6 
341	2 
342	1 
343	10 
344	5 
345	11 
346	5 
347	6 
348	4 
349	7 
350	9 
351	1 
352	7 
353	2 
354	11 
355	11 
356	10 
357	7 
358	6 
359	6 
360	7 
361	11 
362	6 
363	11 
364	10 
365	9 
366	9 
367	4 
368	9 
369	10 
370	11 
371	10 
372	10 
373	10 
374	3 
375	7 
376	5 
377	10 
378	7 
379	6 
380	4 
381	4 
382	6 
383	5 
384	11 
385	4 
386	11 
387	6 
388	8 
389	4 
390	6 
391	7 
392	4 
393	7 
394	8 
395	11 
396	7 
397	8 
398	6 
399	4 
400	4 
401	10 
402	4 
403	3 
404	10 
405	3 
406	7 
407	11 
408	3 
409	5 
410	9 
411	3 
412	7 
413	3 
414	5 
415	4 
416	1 
417	4 
418	9 
419	1 
420	10 
421	9 
422	10 
423	2 
424	2 
425	11 
426	5 
427	7 
428	4 
429	7 
430	7 
431	7 
432	7 
433	8 
434	3 
435	11 
436	1 
437	4 
438	8 
439	10 
440	2 
441	5 
442	2 
443	1 
444	10 
445	6 
446	5 
447	10 
448	1 
449	11 
450	7 
451	7 
452	6 
453	5 
454	10 
455	7 
456	5 
457	11 
458	10 
459	9 
460	7 
461	3 
462	11 
463	10 
464	7 
465	5 
466	1 
467	4 
468	9 
469	3 
470	1 
471	11 
472	6 
473	5 
474	11 
475	6 
476	5 
477	11 
478	1 
479	4 
480	2 
481	10 
482	3 
483	3 
484	3 
485	1 
486	6 
487	3 
488	8 
489	11 
490	1 
491	11 
492	11 
493	10 
494	3 
495	4 
496	11 
497	4 
498	6 
499	10 
500	4 
501	1 
502	1 
503	11 
504	11 
505	7 
506	10 
507	8 
508	2 
509	7 
510	11 
511	7 
512	5 
513	6 
514	8 
515	7 
516	5 
517	3 
518	4 
519	5 
520	3 
521	11 
522	1 
523	4 
524	5 
525	1 
526	2 
527	5 
528	3 
529	5 
530	8 
531	4 
532	11 
533	4 
534	3 
535	4 
536	9 
537	3 
538	10 
539	5 
540	1 
541	11 
542	11 
543	4 
544	1 
545	6 
546	11 
547	7 
548	11 
549	4 
550	3 
551	11 
552	6 
553	6 
554	3 
555	4 
556	11 
557	4 
558	10 
559	8 
560	4 
561	7 
562	11 
563	7 
564	2 
565	10 
566	6 
567	3 
568	7 
569	8 
570	8 
571	4 
572	10 
573	5 
574	6 
575	10 
576	9 
577	11 
578	1 
579	9 
580	11 
581	10 
582	4 
583	8 
584	11 
585	4 
586	5 
587	11 
588	9 
589	9 
590	10 
591	3 
592	5 
593	7 
594	7 
595	1 
596	10 
597	4 
598	7 
599	7 
600	5 
601	7 
602	3 
603	9 
604	11 
605	1 
606	1 
607	3 
608	7 
609	11 
610	7 
611	8 
612	10 
613	10 
614	6 
615	8 
616	5 
617	7 
618	7 
619	10 
620	11 
621	8 
622	5 
623	11 
624	8 
625	9 
626	6 
627	1 
628	1 
629	4 
630	4 
631	5 
632	8 
633	5 
634	8 
635	6 
636	3 
637	2 
638	3 
639	11 
640	7 
641	7 
642	4 
643	6 
644	1 
645	10 
646	10 
647	3 
648	6 
649	2 
650	1 
651	10 
652	10 
653	8 
654	10 
655	2 
656	7 
657	2 
658	10 
659	3 
660	3 
661	5 
662	10 
663	4 
664	5 
665	11 
666	5 
667	4 
668	7 
669	2 
670	11 
671	4 
672	11 
673	8 
674	11 
675	10 
676	11 
677	1 
678	1 
679	5 
680	8 
681	4 
682	4 
683	8 
684	4 
685	4 
686	1 
687	7 
688	5 
689	5 
690	11 
691	9 
692	10 
693	5 
694	5 
695	7 
696	11 
697	11 
698	6 
699	4 
700	7 
701	11 
702	2 
703	7 
704	4 
705	4 
706	4 
707	9 
708	11 
709	7 
710	11 
711	9 
712	3 
713	5 
714	6 
715	6 
716	3 
717	4 
718	9 
719	7 
720	7 
721	1 
722	11 
723	1 
724	4 
725	11 
726	7 
727	10 
728	5 
729	7 
730	2 
731	4 
732	7 
733	7 
734	3 
735	5 
736	11 
737	5 
738	7 
739	7 
740	9 
741	3 
742	11 
743	7 
744	5 
745	7 
746	3 
747	4 
748	7 
749	11 
750	10 
751	9 
752	10 
753	11 
754	11 
755	1 
756	3 
757	4 
758	1 
759	3 
760	7 
761	3 
762	5 
763	1 
764	2 
765	11 
766	8 
767	11 
768	11 
769	8 
770	1 
771	3 
772	11 
773	10 
774	10 
775	10 
776	4 
777	11 
778	2 
779	8 
780	7 
781	10 
782	7 
783	8 
784	8 
785	5 
786	7 
787	6 
788	11 
789	4 
790	3 
791	6 
792	5 
793	10 
794	5 
795	1 
796	3 
797	3 
798	1 
799	8 
800	10 
801	11 
802	4 
803	6 
804	10 
805	9 
806	11 
807	5 
808	9 
809	7 
810	10 
811	8 
812	9 
813	2 
814	10 
815	4 
816	10 
817	11 
818	4 
819	7 
820	2 
821	5 
822	5 
823	2 
824	10 
825	4 
826	1 
827	10 
828	4 
829	6 
830	10 
831	10 
832	9 
833	10 
834	4 
835	4 
836	7 
837	1 
838	11 
839	11 
840	2 
841	11 
842	5 
843	10 
844	8 
845	11 
846	3 
847	11 
848	11 
849	8 
850	11 
851	3 
852	6 
853	9 
854	1 
855	11 
856	2 
857	10 
858	5 
859	11 
860	11 
861	7 
862	7 
863	1 
864	5 
865	11 
866	5 
867	1 
868	2 
869	8 
870	8 
871	7 
872	1 
873	4 
874	10 
875	11 
876	5 
877	11 
878	8 
879	3 
880	2 
881	7 
882	11 
883	1 
884	1 
885	7 
886	4 
887	7 
888	7 
889	7 
890	6 
891	3 
892	9 
893	11 
894	3 
895	11 
896	1 
897	5 
898	9 
899	4 
900	7 
901	10 
902	8 
903	11 
904	7 
905	10 
906	11 
907	1 
908	6 
909	10 
910	2 
911	7 
912	11 
913	5 
914	5 
915	7 
916	7 
917	1 
918	11 
919	4 
920	3 
921	10 
922	9 
923	11 
924	8 
925	6 
926	8 
927	11 
928	3 
929	6 
930	6 
931	2 
932	1 
933	11 
934	4 
935	10 
936	9 
937	11 
938	1 
939	7 
940	7 
941	7 
942	10 
943	10 
944	10 
945	7 
946	7 
947	10 
948	10 
949	4 
950	10 
951	5 
952	8 
953	7 
954	8 
955	4 
956	8 
957	6 
958	1 
959	5 
960	10 
961	4 
962	7 
963	8 
964	3 
965	5 
966	7 
967	10 
968	5 
969	11 
970	9 
971	3 
972	11 
973	3 
974	4 
975	9 
976	11 
977	7 
978	2 
979	4 
980	5 
981	5 
982	7 
983	4 
984	3 
985	10 
986	11 
987	5 
988	10 
989	11 
990	5 
991	7 
992	7 
993	1 
994	7 
995	5 
996	10 
997	11 
998	11 
999	4 
1000	11 
