1	5 
2	5 
3	5 
4	8 
5	1 
6	5 
7	8 
8	7 
9	7 
10	6 
11	6 
12	3 
13	7 
14	4 
15	3 
16	8 
17	8 
18	6 
19	8 
20	6 
21	6 
22	2 
23	7 
24	5 
25	8 
26	7 
27	4 
28	2 
29	6 
30	2 
31	1 
32	2 
33	6 
34	7 
35	8 
36	7 
37	6 
38	7 
39	4 
40	7 
41	8 
42	3 
43	6 
44	7 
45	2 
46	6 
47	5 
48	4 
49	4 
50	4 
51	4 
52	2 
53	8 
54	5 
55	8 
56	6 
57	7 
58	6 
59	6 
60	2 
61	5 
62	2 
63	2 
64	4 
65	4 
66	8 
67	7 
68	5 
69	7 
70	6 
71	4 
72	7 
73	3 
74	4 
75	8 
76	2 
77	3 
78	2 
79	7 
80	6 
81	3 
82	5 
83	8 
84	6 
85	2 
86	3 
87	1 
88	8 
89	4 
90	6 
91	8 
92	2 
93	4 
94	2 
95	6 
96	1 
97	3 
98	8 
99	6 
100	6 
101	7 
102	8 
103	8 
104	7 
105	8 
106	3 
107	8 
108	8 
109	3 
110	6 
111	2 
112	7 
113	8 
114	6 
115	6 
116	6 
117	1 
118	6 
119	3 
120	6 
121	7 
122	6 
123	2 
124	3 
125	3 
126	3 
127	5 
128	4 
129	2 
130	7 
131	6 
132	7 
133	2 
134	4 
135	5 
136	3 
137	6 
138	7 
139	3 
140	2 
141	7 
142	6 
143	8 
144	8 
145	7 
146	2 
147	7 
148	3 
149	2 
150	6 
151	7 
152	8 
153	6 
154	8 
155	4 
156	5 
157	7 
158	7 
159	1 
160	8 
161	6 
162	4 
163	5 
164	8 
165	1 
166	7 
167	2 
168	8 
169	7 
170	6 
171	7 
172	6 
173	4 
174	7 
175	2 
176	6 
177	7 
178	6 
179	3 
180	5 
181	6 
182	1 
183	6 
184	8 
185	7 
186	8 
187	1 
188	7 
189	1 
190	7 
191	6 
192	3 
193	7 
194	1 
195	6 
196	7 
197	7 
198	6 
199	6 
200	4 
201	8 
202	4 
203	6 
204	7 
205	5 
206	6 
207	6 
208	6 
209	3 
210	8 
211	2 
212	1 
213	7 
214	2 
215	6 
216	6 
217	8 
218	8 
219	7 
220	2 
221	2 
222	8 
223	7 
224	6 
225	2 
226	6 
227	7 
228	8 
229	6 
230	8 
231	1 
232	5 
233	1 
234	1 
235	2 
236	3 
237	4 
238	8 
239	6 
240	2 
241	3 
242	8 
243	6 
244	7 
245	8 
246	7 
247	4 
248	2 
249	8 
250	6 
251	7 
252	3 
253	6 
254	6 
255	8 
256	8 
257	5 
258	1 
259	5 
260	2 
261	4 
262	5 
263	6 
264	6 
265	6 
266	7 
267	8 
268	7 
269	4 
270	5 
271	4 
272	4 
273	5 
274	8 
275	6 
276	6 
277	6 
278	8 
279	3 
280	6 
281	4 
282	8 
283	8 
284	7 
285	8 
286	6 
287	5 
288	4 
289	6 
290	7 
291	4 
292	3 
293	8 
294	1 
295	6 
296	6 
297	8 
298	3 
299	5 
300	1 
301	8 
302	7 
303	8 
304	6 
305	8 
306	5 
307	6 
308	6 
309	2 
310	2 
311	5 
312	7 
313	1 
314	2 
315	7 
316	4 
317	3 
318	8 
319	6 
320	2 
321	6 
322	8 
323	4 
324	5 
325	2 
326	7 
327	8 
328	1 
329	4 
330	2 
331	7 
332	2 
333	2 
334	8 
335	2 
336	1 
337	7 
338	7 
339	1 
340	7 
341	6 
342	3 
343	8 
344	5 
345	4 
346	2 
347	7 
348	7 
349	8 
350	6 
351	1 
352	5 
353	6 
354	2 
355	1 
356	2 
357	7 
358	8 
359	6 
360	8 
361	5 
362	6 
363	8 
364	7 
365	8 
366	2 
367	8 
368	6 
369	8 
370	4 
371	7 
372	7 
373	1 
374	8 
375	6 
376	6 
377	1 
378	8 
379	6 
380	2 
381	6 
382	4 
383	7 
384	3 
385	6 
386	6 
387	1 
388	8 
389	8 
390	8 
391	2 
392	5 
393	8 
394	5 
395	4 
396	8 
397	2 
398	7 
399	6 
400	3 
401	2 
402	7 
403	6 
404	8 
405	7 
406	7 
407	6 
408	1 
409	2 
410	8 
411	7 
412	7 
413	8 
414	8 
415	6 
416	2 
417	6 
418	2 
419	2 
420	1 
421	4 
422	5 
423	4 
424	7 
425	1 
426	3 
427	8 
428	5 
429	8 
430	1 
431	6 
432	2 
433	8 
434	6 
435	1 
436	8 
437	3 
438	6 
439	6 
440	6 
441	8 
442	3 
443	1 
444	4 
445	8 
446	6 
447	8 
448	8 
449	2 
450	3 
451	8 
452	5 
453	5 
454	8 
455	6 
456	3 
457	6 
458	4 
459	5 
460	6 
461	5 
462	4 
463	8 
464	2 
465	7 
466	6 
467	2 
468	7 
469	8 
470	8 
471	6 
472	2 
473	5 
474	4 
475	8 
476	4 
477	6 
478	5 
479	8 
480	7 
481	6 
482	6 
483	7 
484	6 
485	5 
486	5 
487	8 
488	6 
489	8 
490	7 
491	6 
492	6 
493	7 
494	6 
495	1 
496	7 
497	2 
498	8 
499	2 
500	8 
501	8 
502	2 
503	6 
504	3 
505	3 
506	7 
507	8 
508	8 
509	1 
510	8 
511	4 
512	6 
513	1 
514	7 
515	8 
516	8 
517	5 
518	6 
519	2 
520	1 
521	7 
522	1 
523	2 
524	2 
525	7 
526	2 
527	4 
528	2 
529	1 
530	8 
531	6 
532	6 
533	2 
534	1 
535	6 
536	6 
537	2 
538	5 
539	4 
540	1 
541	2 
542	1 
543	4 
544	7 
545	1 
546	6 
547	7 
548	7 
549	7 
550	3 
551	5 
552	4 
553	5 
554	3 
555	1 
556	7 
557	6 
558	4 
559	5 
560	1 
561	7 
562	1 
563	7 
564	1 
565	8 
566	2 
567	4 
568	1 
569	2 
570	1 
571	8 
572	7 
573	6 
574	2 
575	1 
576	2 
577	3 
578	8 
579	7 
580	5 
581	8 
582	3 
583	2 
584	8 
585	5 
586	2 
587	3 
588	8 
589	6 
590	1 
591	4 
592	2 
593	7 
594	8 
595	8 
596	2 
597	1 
598	1 
599	6 
600	3 
601	8 
602	6 
603	1 
604	6 
605	6 
606	7 
607	7 
608	7 
609	5 
610	2 
611	8 
612	2 
613	6 
614	8 
615	2 
616	8 
617	7 
618	2 
619	3 
620	5 
621	6 
622	6 
623	8 
624	7 
625	8 
626	2 
627	2 
628	7 
629	4 
630	4 
631	8 
632	5 
633	1 
634	1 
635	1 
636	6 
637	7 
638	8 
639	3 
640	8 
641	2 
642	6 
643	5 
644	7 
645	7 
646	7 
647	7 
648	4 
649	8 
650	8 
651	1 
652	5 
653	8 
654	6 
655	8 
656	8 
657	8 
658	1 
659	3 
660	8 
661	5 
662	8 
663	6 
664	4 
665	8 
666	4 
667	7 
668	5 
669	8 
670	7 
671	2 
672	6 
673	7 
674	5 
675	6 
676	8 
677	5 
678	3 
679	4 
680	2 
681	4 
682	8 
683	3 
684	8 
685	8 
686	3 
687	3 
688	7 
689	6 
690	4 
691	6 
692	8 
693	8 
694	8 
695	1 
696	1 
697	1 
698	2 
699	2 
700	6 
701	3 
702	8 
703	7 
704	3 
705	8 
706	8 
707	1 
708	3 
709	8 
710	7 
711	6 
712	6 
713	2 
714	7 
715	8 
716	2 
717	7 
718	8 
719	8 
720	6 
721	5 
722	2 
723	6 
724	6 
725	1 
726	8 
727	1 
728	8 
729	2 
730	8 
731	3 
732	7 
733	2 
734	8 
735	4 
736	4 
737	6 
738	6 
739	7 
740	8 
741	2 
742	7 
743	8 
744	8 
745	5 
746	6 
747	7 
748	6 
749	7 
750	8 
751	8 
752	8 
753	6 
754	8 
755	2 
756	7 
757	6 
758	7 
759	2 
760	7 
761	7 
762	3 
763	3 
764	6 
765	6 
766	7 
767	6 
768	5 
769	6 
770	3 
771	7 
772	2 
773	8 
774	1 
775	8 
776	8 
777	6 
778	8 
779	3 
780	2 
781	8 
782	7 
783	6 
784	3 
785	8 
786	4 
787	1 
788	8 
789	5 
790	6 
791	6 
792	8 
793	1 
794	8 
795	3 
796	2 
797	7 
798	7 
799	5 
800	8 
801	6 
802	1 
803	3 
804	5 
805	6 
806	5 
807	3 
808	7 
809	1 
810	5 
811	7 
812	7 
813	1 
814	6 
815	4 
816	2 
817	1 
818	8 
819	6 
820	7 
821	8 
822	6 
823	2 
824	8 
825	3 
826	1 
827	5 
828	2 
829	8 
830	1 
831	7 
832	6 
833	7 
834	7 
835	1 
836	4 
837	8 
838	7 
839	7 
840	3 
841	3 
842	6 
843	6 
844	4 
845	6 
846	6 
847	6 
848	5 
849	1 
850	6 
851	8 
852	6 
853	6 
854	7 
855	3 
856	8 
857	1 
858	3 
859	5 
860	6 
861	1 
862	1 
863	7 
864	3 
865	3 
866	8 
867	8 
868	5 
869	8 
870	1 
871	2 
872	3 
873	2 
874	5 
875	6 
876	8 
877	8 
878	8 
879	6 
880	1 
881	6 
882	2 
883	4 
884	7 
885	6 
886	8 
887	8 
888	3 
889	6 
890	1 
891	6 
892	7 
893	8 
894	8 
895	7 
896	2 
897	6 
898	8 
899	3 
900	6 
901	7 
902	7 
903	8 
904	7 
905	6 
906	1 
907	8 
908	6 
909	1 
910	7 
911	6 
912	4 
913	7 
914	8 
915	2 
916	5 
917	7 
918	5 
919	6 
920	6 
921	6 
922	5 
923	7 
924	5 
925	2 
926	2 
927	4 
928	5 
929	7 
930	4 
931	6 
932	5 
933	8 
934	4 
935	2 
936	5 
937	1 
938	4 
939	1 
940	7 
941	6 
942	7 
943	8 
944	7 
945	4 
946	6 
947	8 
948	6 
949	4 
950	8 
951	5 
952	6 
953	4 
954	7 
955	7 
956	3 
957	6 
958	3 
959	3 
960	4 
961	1 
962	2 
963	8 
964	6 
965	8 
966	7 
967	6 
968	8 
969	4 
970	8 
971	7 
972	8 
973	2 
974	5 
975	2 
976	6 
977	3 
978	7 
979	5 
980	2 
981	3 
982	1 
983	4 
984	8 
985	6 
986	1 
987	7 
988	7 
989	8 
990	6 
991	3 
992	8 
993	8 
994	1 
995	3 
996	4 
997	3 
998	7 
999	7 
1000	7 
