1	3 
2	5 
3	2 
4	1 
5	5 
6	5 
7	5 
8	1 
9	4 
10	6 
11	5 
12	8 
13	1 
14	3 
15	5 
16	2 
17	5 
18	2 
19	2 
20	5 
21	2 
22	7 
23	5 
24	8 
25	3 
26	5 
27	2 
28	1 
29	6 
30	2 
31	8 
32	8 
33	2 
34	2 
35	4 
36	6 
37	1 
38	2 
39	8 
40	5 
41	1 
42	2 
43	1 
44	8 
45	4 
46	8 
47	5 
48	2 
49	2 
50	2 
51	4 
52	4 
53	6 
54	2 
55	4 
56	6 
57	4 
58	5 
59	5 
60	2 
61	5 
62	5 
63	7 
64	2 
65	4 
66	2 
67	3 
68	3 
69	1 
70	5 
71	3 
72	4 
73	3 
74	6 
75	2 
76	2 
77	7 
78	5 
79	9 
80	2 
81	1 
82	2 
83	4 
84	3 
85	9 
86	6 
87	9 
88	5 
89	5 
90	3 
91	5 
92	5 
93	9 
94	5 
95	1 
96	1 
97	7 
98	1 
99	5 
100	1 
101	4 
102	1 
103	1 
104	4 
105	6 
106	4 
107	9 
108	3 
109	2 
110	2 
111	4 
112	4 
113	7 
114	5 
115	5 
116	4 
117	2 
118	9 
119	7 
120	5 
121	6 
122	4 
123	5 
124	7 
125	5 
126	2 
127	6 
128	9 
129	5 
130	9 
131	2 
132	7 
133	9 
134	5 
135	2 
136	7 
137	2 
138	2 
139	7 
140	9 
141	5 
142	2 
143	8 
144	5 
145	7 
146	3 
147	2 
148	5 
149	3 
150	2 
151	2 
152	1 
153	5 
154	8 
155	7 
156	2 
157	5 
158	5 
159	7 
160	2 
161	4 
162	2 
163	8 
164	2 
165	9 
166	4 
167	2 
168	9 
169	3 
170	5 
171	6 
172	5 
173	9 
174	6 
175	3 
176	3 
177	2 
178	1 
179	8 
180	5 
181	2 
182	7 
183	8 
184	9 
185	1 
186	9 
187	7 
188	5 
189	7 
190	5 
191	8 
192	3 
193	6 
194	4 
195	4 
196	6 
197	2 
198	2 
199	8 
200	1 
201	2 
202	5 
203	3 
204	2 
205	2 
206	6 
207	2 
208	4 
209	6 
210	5 
211	2 
212	5 
213	5 
214	9 
215	6 
216	1 
217	5 
218	7 
219	1 
220	4 
221	2 
222	2 
223	8 
224	9 
225	2 
226	2 
227	2 
228	1 
229	6 
230	6 
231	5 
232	2 
233	5 
234	8 
235	1 
236	5 
237	5 
238	8 
239	1 
240	8 
241	2 
242	1 
243	1 
244	7 
245	9 
246	1 
247	7 
248	3 
249	4 
250	5 
251	5 
252	2 
253	3 
254	4 
255	4 
256	2 
257	9 
258	9 
259	7 
260	9 
261	6 
262	1 
263	5 
264	4 
265	6 
266	7 
267	5 
268	5 
269	7 
270	2 
271	4 
272	8 
273	1 
274	1 
275	4 
276	4 
277	3 
278	2 
279	8 
280	3 
281	5 
282	4 
283	3 
284	4 
285	5 
286	8 
287	3 
288	5 
289	4 
290	3 
291	2 
292	9 
293	8 
294	2 
295	7 
296	5 
297	2 
298	4 
299	2 
300	9 
301	8 
302	1 
303	4 
304	7 
305	3 
306	5 
307	5 
308	4 
309	8 
310	5 
311	5 
312	8 
313	8 
314	5 
315	1 
316	3 
317	6 
318	4 
319	4 
320	5 
321	3 
322	5 
323	8 
324	1 
325	8 
326	9 
327	6 
328	3 
329	6 
330	1 
331	3 
332	5 
333	8 
334	1 
335	3 
336	1 
337	5 
338	8 
339	9 
340	6 
341	3 
342	5 
343	6 
344	2 
345	7 
346	2 
347	2 
348	6 
349	7 
350	8 
351	3 
352	5 
353	4 
354	5 
355	2 
356	6 
357	2 
358	1 
359	9 
360	5 
361	1 
362	6 
363	8 
364	6 
365	1 
366	1 
367	3 
368	4 
369	2 
370	4 
371	5 
372	5 
373	5 
374	6 
375	6 
376	4 
377	3 
378	8 
379	5 
380	5 
381	3 
382	5 
383	9 
384	9 
385	5 
386	4 
387	5 
388	5 
389	2 
390	1 
391	5 
392	9 
393	6 
394	1 
395	2 
396	4 
397	8 
398	9 
399	6 
400	5 
401	9 
402	8 
403	1 
404	4 
405	7 
406	5 
407	4 
408	2 
409	5 
410	2 
411	2 
412	7 
413	8 
414	1 
415	1 
416	3 
417	1 
418	3 
419	2 
420	7 
421	4 
422	5 
423	2 
424	1 
425	2 
426	3 
427	1 
428	1 
429	7 
430	2 
431	3 
432	5 
433	7 
434	3 
435	8 
436	7 
437	3 
438	5 
439	9 
440	2 
441	4 
442	8 
443	2 
444	2 
445	1 
446	5 
447	5 
448	1 
449	6 
450	4 
451	4 
452	5 
453	9 
454	5 
455	5 
456	3 
457	2 
458	8 
459	6 
460	5 
461	1 
462	9 
463	9 
464	3 
465	8 
466	8 
467	4 
468	1 
469	9 
470	1 
471	5 
472	7 
473	5 
474	6 
475	8 
476	6 
477	1 
478	5 
479	7 
480	7 
481	2 
482	2 
483	2 
484	7 
485	8 
486	4 
487	9 
488	6 
489	6 
490	7 
491	9 
492	3 
493	1 
494	2 
495	2 
496	2 
497	9 
498	6 
499	2 
500	5 
501	5 
502	2 
503	5 
504	1 
505	1 
506	5 
507	2 
508	7 
509	7 
510	4 
511	1 
512	5 
513	5 
514	5 
515	2 
516	6 
517	7 
518	5 
519	7 
520	7 
521	1 
522	3 
523	2 
524	4 
525	8 
526	7 
527	1 
528	2 
529	2 
530	2 
531	5 
532	2 
533	6 
534	2 
535	5 
536	7 
537	2 
538	2 
539	7 
540	9 
541	1 
542	7 
543	4 
544	9 
545	8 
546	4 
547	1 
548	7 
549	3 
550	9 
551	8 
552	6 
553	6 
554	3 
555	8 
556	5 
557	5 
558	4 
559	5 
560	7 
561	4 
562	9 
563	8 
564	3 
565	1 
566	5 
567	3 
568	1 
569	6 
570	9 
571	7 
572	5 
573	3 
574	3 
575	8 
576	8 
577	7 
578	2 
579	4 
580	2 
581	5 
582	3 
583	2 
584	6 
585	3 
586	7 
587	7 
588	2 
589	9 
590	4 
591	6 
592	2 
593	5 
594	4 
595	7 
596	9 
597	4 
598	5 
599	4 
600	4 
601	5 
602	2 
603	2 
604	2 
605	2 
606	1 
607	4 
608	8 
609	8 
610	6 
611	2 
612	8 
613	5 
614	8 
615	2 
616	1 
617	4 
618	8 
619	2 
620	5 
621	9 
622	5 
623	4 
624	2 
625	9 
626	2 
627	2 
628	7 
629	5 
630	5 
631	1 
632	9 
633	5 
634	1 
635	7 
636	8 
637	6 
638	1 
639	2 
640	8 
641	3 
642	3 
643	5 
644	7 
645	9 
646	8 
647	2 
648	5 
649	6 
650	7 
651	1 
652	4 
653	9 
654	1 
655	8 
656	7 
657	6 
658	6 
659	5 
660	4 
661	2 
662	5 
663	2 
664	8 
665	2 
666	7 
667	4 
668	1 
669	1 
670	8 
671	4 
672	3 
673	1 
674	3 
675	1 
676	3 
677	4 
678	4 
679	9 
680	5 
681	1 
682	3 
683	7 
684	2 
685	7 
686	1 
687	9 
688	1 
689	4 
690	5 
691	9 
692	5 
693	7 
694	1 
695	7 
696	7 
697	4 
698	8 
699	4 
700	4 
701	9 
702	5 
703	2 
704	8 
705	8 
706	1 
707	3 
708	5 
709	8 
710	5 
711	7 
712	7 
713	6 
714	9 
715	5 
716	7 
717	6 
718	8 
719	8 
720	5 
721	9 
722	2 
723	3 
724	7 
725	5 
726	3 
727	5 
728	7 
729	3 
730	2 
731	3 
732	1 
733	1 
734	5 
735	2 
736	5 
737	7 
738	9 
739	3 
740	8 
741	9 
742	7 
743	7 
744	1 
745	8 
746	2 
747	3 
748	2 
749	5 
750	5 
751	1 
752	1 
753	4 
754	8 
755	4 
756	1 
757	8 
758	2 
759	1 
760	4 
761	2 
762	2 
763	5 
764	2 
765	4 
766	2 
767	8 
768	8 
769	4 
770	3 
771	9 
772	5 
773	5 
774	2 
775	8 
776	2 
777	5 
778	5 
779	9 
780	4 
781	3 
782	6 
783	4 
784	1 
785	2 
786	5 
787	3 
788	2 
789	5 
790	7 
791	5 
792	5 
793	3 
794	1 
795	4 
796	9 
797	5 
798	7 
799	6 
800	2 
801	5 
802	1 
803	9 
804	5 
805	5 
806	2 
807	5 
808	5 
809	5 
810	1 
811	9 
812	3 
813	5 
814	6 
815	1 
816	1 
817	5 
818	7 
819	6 
820	9 
821	3 
822	9 
823	2 
824	9 
825	1 
826	7 
827	7 
828	2 
829	5 
830	7 
831	5 
832	1 
833	9 
834	1 
835	7 
836	2 
837	2 
838	6 
839	7 
840	6 
841	2 
842	2 
843	9 
844	6 
845	5 
846	5 
847	2 
848	1 
849	3 
850	5 
851	7 
852	5 
853	3 
854	9 
855	4 
856	6 
857	2 
858	7 
859	3 
860	3 
861	2 
862	2 
863	5 
864	2 
865	8 
866	7 
867	7 
868	3 
869	8 
870	3 
871	9 
872	6 
873	2 
874	6 
875	9 
876	8 
877	7 
878	4 
879	2 
880	6 
881	4 
882	4 
883	8 
884	4 
885	2 
886	2 
887	2 
888	6 
889	7 
890	7 
891	2 
892	6 
893	1 
894	5 
895	2 
896	4 
897	5 
898	1 
899	8 
900	2 
901	9 
902	8 
903	4 
904	8 
905	1 
906	8 
907	8 
908	8 
909	5 
910	5 
911	8 
912	5 
913	2 
914	5 
915	3 
916	6 
917	6 
918	7 
919	5 
920	8 
921	1 
922	2 
923	7 
924	9 
925	6 
926	5 
927	9 
928	7 
929	7 
930	5 
931	8 
932	9 
933	3 
934	5 
935	2 
936	9 
937	5 
938	8 
939	7 
940	4 
941	9 
942	1 
943	4 
944	2 
945	7 
946	8 
947	6 
948	5 
949	4 
950	3 
951	1 
952	5 
953	7 
954	2 
955	2 
956	5 
957	7 
958	2 
959	2 
960	5 
961	5 
962	9 
963	6 
964	8 
965	5 
966	3 
967	9 
968	9 
969	2 
970	5 
971	2 
972	6 
973	7 
974	4 
975	8 
976	3 
977	1 
978	5 
979	5 
980	7 
981	6 
982	2 
983	5 
984	1 
985	2 
986	6 
987	1 
988	1 
989	2 
990	6 
991	2 
992	3 
993	2 
994	1 
995	2 
996	1 
997	1 
998	4 
999	1 
1000	5 
