1	2 
2	7 
3	8 
4	9 
5	8 
6	8 
7	6 
8	8 
9	7 
10	1 
11	10 
12	8 
13	6 
14	5 
15	8 
16	5 
17	8 
18	8 
19	3 
20	4 
21	8 
22	3 
23	6 
24	7 
25	5 
26	7 
27	10 
28	10 
29	4 
30	10 
31	3 
32	6 
33	5 
34	9 
35	10 
36	7 
37	7 
38	4 
39	5 
40	8 
41	5 
42	5 
43	5 
44	8 
45	8 
46	8 
47	7 
48	3 
49	5 
50	5 
51	3 
52	8 
53	5 
54	4 
55	8 
56	8 
57	3 
58	5 
59	8 
60	6 
61	2 
62	8 
63	5 
64	5 
65	6 
66	3 
67	8 
68	8 
69	6 
70	5 
71	8 
72	8 
73	3 
74	8 
75	3 
76	8 
77	7 
78	6 
79	5 
80	8 
81	7 
82	8 
83	8 
84	8 
85	10 
86	1 
87	6 
88	6 
89	7 
90	1 
91	8 
92	6 
93	8 
94	7 
95	6 
96	10 
97	3 
98	1 
99	1 
100	8 
101	7 
102	3 
103	2 
104	7 
105	9 
106	1 
107	8 
108	7 
109	8 
110	10 
111	5 
112	2 
113	7 
114	7 
115	5 
116	8 
117	8 
118	3 
119	7 
120	10 
121	9 
122	9 
123	6 
124	5 
125	7 
126	2 
127	8 
128	2 
129	10 
130	3 
131	8 
132	1 
133	5 
134	9 
135	8 
136	6 
137	9 
138	5 
139	2 
140	2 
141	6 
142	1 
143	9 
144	6 
145	2 
146	8 
147	7 
148	8 
149	3 
150	4 
151	7 
152	5 
153	8 
154	10 
155	8 
156	6 
157	8 
158	2 
159	8 
160	3 
161	7 
162	8 
163	5 
164	4 
165	5 
166	5 
167	7 
168	6 
169	1 
170	2 
171	4 
172	8 
173	6 
174	5 
175	5 
176	2 
177	1 
178	4 
179	8 
180	6 
181	3 
182	2 
183	7 
184	6 
185	9 
186	9 
187	4 
188	8 
189	7 
190	5 
191	6 
192	9 
193	8 
194	10 
195	3 
196	8 
197	10 
198	8 
199	3 
200	8 
201	8 
202	2 
203	8 
204	10 
205	5 
206	6 
207	4 
208	8 
209	8 
210	5 
211	7 
212	7 
213	8 
214	9 
215	2 
216	9 
217	10 
218	1 
219	8 
220	1 
221	7 
222	7 
223	5 
224	7 
225	2 
226	1 
227	7 
228	7 
229	3 
230	2 
231	3 
232	7 
233	7 
234	2 
235	5 
236	8 
237	3 
238	8 
239	7 
240	6 
241	10 
242	3 
243	5 
244	1 
245	5 
246	5 
247	10 
248	8 
249	9 
250	1 
251	6 
252	8 
253	9 
254	6 
255	4 
256	8 
257	6 
258	5 
259	9 
260	1 
261	8 
262	3 
263	3 
264	8 
265	10 
266	9 
267	3 
268	3 
269	9 
270	8 
271	5 
272	10 
273	3 
274	4 
275	5 
276	5 
277	8 
278	4 
279	9 
280	8 
281	4 
282	5 
283	5 
284	6 
285	5 
286	1 
287	9 
288	7 
289	9 
290	4 
291	10 
292	3 
293	5 
294	5 
295	7 
296	9 
297	5 
298	8 
299	10 
300	4 
301	1 
302	5 
303	2 
304	5 
305	8 
306	7 
307	5 
308	8 
309	5 
310	5 
311	8 
312	8 
313	5 
314	8 
315	10 
316	10 
317	2 
318	1 
319	8 
320	5 
321	5 
322	6 
323	3 
324	6 
325	3 
326	8 
327	3 
328	4 
329	7 
330	7 
331	8 
332	8 
333	7 
334	6 
335	9 
336	7 
337	6 
338	3 
339	5 
340	6 
341	9 
342	5 
343	8 
344	2 
345	10 
346	2 
347	2 
348	1 
349	3 
350	6 
351	8 
352	10 
353	8 
354	7 
355	5 
356	4 
357	9 
358	3 
359	8 
360	8 
361	3 
362	9 
363	3 
364	6 
365	6 
366	8 
367	10 
368	3 
369	7 
370	5 
371	4 
372	9 
373	5 
374	4 
375	1 
376	3 
377	1 
378	6 
379	3 
380	10 
381	3 
382	7 
383	4 
384	6 
385	3 
386	10 
387	5 
388	3 
389	2 
390	8 
391	8 
392	7 
393	8 
394	2 
395	10 
396	8 
397	7 
398	3 
399	9 
400	5 
401	5 
402	8 
403	1 
404	3 
405	10 
406	5 
407	5 
408	3 
409	2 
410	6 
411	6 
412	5 
413	7 
414	3 
415	10 
416	8 
417	8 
418	7 
419	9 
420	3 
421	5 
422	8 
423	8 
424	6 
425	3 
426	3 
427	4 
428	3 
429	6 
430	8 
431	10 
432	6 
433	5 
434	5 
435	8 
436	8 
437	6 
438	10 
439	8 
440	2 
441	7 
442	7 
443	1 
444	9 
445	10 
446	5 
447	7 
448	6 
449	7 
450	7 
451	1 
452	5 
453	2 
454	8 
455	2 
456	8 
457	7 
458	8 
459	1 
460	8 
461	5 
462	7 
463	8 
464	6 
465	8 
466	5 
467	1 
468	3 
469	7 
470	9 
471	7 
472	2 
473	5 
474	7 
475	3 
476	4 
477	7 
478	7 
479	8 
480	9 
481	5 
482	8 
483	7 
484	8 
485	7 
486	3 
487	8 
488	5 
489	10 
490	8 
491	8 
492	7 
493	10 
494	2 
495	2 
496	1 
497	8 
498	7 
499	3 
500	5 
501	2 
502	8 
503	3 
504	10 
505	4 
506	6 
507	8 
508	6 
509	6 
510	5 
511	2 
512	8 
513	4 
514	6 
515	1 
516	8 
517	2 
518	2 
519	4 
520	10 
521	2 
522	1 
523	2 
524	9 
525	6 
526	8 
527	10 
528	8 
529	7 
530	7 
531	9 
532	8 
533	4 
534	1 
535	6 
536	4 
537	5 
538	8 
539	5 
540	10 
541	8 
542	3 
543	9 
544	8 
545	5 
546	7 
547	8 
548	6 
549	7 
550	10 
551	3 
552	4 
553	5 
554	10 
555	3 
556	10 
557	1 
558	3 
559	10 
560	3 
561	7 
562	7 
563	8 
564	9 
565	2 
566	6 
567	4 
568	9 
569	7 
570	6 
571	10 
572	2 
573	7 
574	3 
575	6 
576	5 
577	4 
578	5 
579	5 
580	9 
581	10 
582	8 
583	9 
584	10 
585	7 
586	2 
587	10 
588	7 
589	8 
590	5 
591	7 
592	6 
593	1 
594	8 
595	9 
596	8 
597	8 
598	6 
599	5 
600	10 
601	5 
602	9 
603	8 
604	4 
605	4 
606	6 
607	5 
608	8 
609	8 
610	3 
611	3 
612	9 
613	8 
614	6 
615	8 
616	7 
617	3 
618	6 
619	2 
620	3 
621	4 
622	8 
623	4 
624	3 
625	1 
626	5 
627	1 
628	4 
629	5 
630	3 
631	1 
632	10 
633	7 
634	2 
635	7 
636	8 
637	4 
638	7 
639	7 
640	5 
641	1 
642	2 
643	8 
644	9 
645	8 
646	3 
647	2 
648	7 
649	8 
650	5 
651	3 
652	2 
653	2 
654	1 
655	4 
656	8 
657	8 
658	5 
659	7 
660	3 
661	7 
662	8 
663	9 
664	6 
665	7 
666	7 
667	8 
668	4 
669	3 
670	9 
671	9 
672	7 
673	5 
674	6 
675	5 
676	2 
677	8 
678	8 
679	2 
680	3 
681	5 
682	5 
683	1 
684	7 
685	6 
686	3 
687	8 
688	5 
689	5 
690	8 
691	2 
692	8 
693	3 
694	3 
695	5 
696	8 
697	5 
698	4 
699	10 
700	7 
701	3 
702	2 
703	4 
704	8 
705	8 
706	7 
707	1 
708	8 
709	9 
710	6 
711	5 
712	7 
713	5 
714	5 
715	3 
716	7 
717	7 
718	6 
719	2 
720	7 
721	2 
722	4 
723	4 
724	10 
725	8 
726	4 
727	2 
728	8 
729	7 
730	7 
731	1 
732	4 
733	7 
734	5 
735	5 
736	10 
737	2 
738	5 
739	8 
740	5 
741	5 
742	5 
743	9 
744	3 
745	2 
746	8 
747	8 
748	3 
749	7 
750	7 
751	3 
752	5 
753	8 
754	9 
755	10 
756	1 
757	4 
758	3 
759	7 
760	8 
761	2 
762	6 
763	4 
764	2 
765	2 
766	10 
767	3 
768	9 
769	10 
770	8 
771	3 
772	9 
773	9 
774	5 
775	7 
776	8 
777	1 
778	7 
779	5 
780	7 
781	9 
782	5 
783	3 
784	10 
785	8 
786	1 
787	7 
788	10 
789	8 
790	8 
791	8 
792	1 
793	8 
794	10 
795	4 
796	7 
797	5 
798	8 
799	6 
800	8 
801	5 
802	8 
803	9 
804	5 
805	9 
806	1 
807	3 
808	1 
809	8 
810	3 
811	3 
812	9 
813	7 
814	2 
815	5 
816	1 
817	4 
818	8 
819	4 
820	5 
821	2 
822	8 
823	8 
824	6 
825	3 
826	3 
827	8 
828	10 
829	4 
830	10 
831	1 
832	5 
833	1 
834	8 
835	3 
836	7 
837	3 
838	5 
839	6 
840	8 
841	5 
842	3 
843	8 
844	5 
845	10 
846	7 
847	3 
848	3 
849	9 
850	8 
851	8 
852	10 
853	5 
854	8 
855	5 
856	3 
857	3 
858	6 
859	1 
860	5 
861	9 
862	9 
863	5 
864	10 
865	6 
866	1 
867	1 
868	3 
869	1 
870	10 
871	3 
872	6 
873	7 
874	8 
875	2 
876	5 
877	1 
878	7 
879	3 
880	8 
881	5 
882	5 
883	8 
884	1 
885	5 
886	4 
887	4 
888	2 
889	4 
890	7 
891	4 
892	10 
893	3 
894	5 
895	10 
896	7 
897	10 
898	5 
899	8 
900	9 
901	2 
902	2 
903	8 
904	1 
905	5 
906	8 
907	8 
908	8 
909	8 
910	6 
911	4 
912	8 
913	8 
914	1 
915	1 
916	7 
917	9 
918	4 
919	3 
920	7 
921	10 
922	4 
923	8 
924	5 
925	9 
926	6 
927	9 
928	5 
929	5 
930	7 
931	8 
932	8 
933	1 
934	9 
935	10 
936	9 
937	3 
938	2 
939	2 
940	6 
941	5 
942	2 
943	8 
944	7 
945	5 
946	8 
947	7 
948	7 
949	1 
950	7 
951	6 
952	10 
953	6 
954	8 
955	5 
956	1 
957	9 
958	8 
959	8 
960	8 
961	3 
962	5 
963	4 
964	7 
965	5 
966	3 
967	10 
968	9 
969	7 
970	1 
971	5 
972	3 
973	8 
974	8 
975	7 
976	1 
977	5 
978	2 
979	2 
980	2 
981	5 
982	7 
983	6 
984	9 
985	6 
986	8 
987	8 
988	8 
989	3 
990	7 
991	5 
992	3 
993	5 
994	9 
995	7 
996	8 
997	5 
998	8 
999	3 
1000	5 
