1	6 
2	7 
3	1 
4	3 
5	5 
6	3 
7	1 
8	2 
9	6 
10	6 
11	4 
12	6 
13	2 
14	4 
15	5 
16	6 
17	1 
18	3 
19	2 
20	5 
21	3 
22	6 
23	4 
24	5 
25	4 
26	6 
27	7 
28	3 
29	4 
30	4 
31	5 
32	4 
33	2 
34	1 
35	3 
36	1 
37	1 
38	3 
39	1 
40	4 
41	4 
42	1 
43	2 
44	6 
45	7 
46	3 
47	1 
48	4 
49	2 
50	1 
51	1 
52	4 
53	4 
54	3 
55	5 
56	6 
57	2 
58	3 
59	3 
60	4 
61	3 
62	3 
63	6 
64	1 
65	6 
66	4 
67	4 
68	3 
69	4 
70	1 
71	5 
72	6 
73	3 
74	4 
75	2 
76	4 
77	6 
78	3 
79	4 
80	6 
81	1 
82	3 
83	3 
84	2 
85	4 
86	6 
87	4 
88	5 
89	4 
90	2 
91	4 
92	1 
93	4 
94	4 
95	2 
96	1 
97	6 
98	4 
99	3 
100	1 
101	3 
102	4 
103	1 
104	7 
105	5 
106	1 
107	2 
108	5 
109	1 
110	2 
111	5 
112	1 
113	3 
114	3 
115	1 
116	7 
117	1 
118	4 
119	4 
120	6 
121	2 
122	4 
123	6 
124	1 
125	5 
126	7 
127	2 
128	7 
129	2 
130	3 
131	4 
132	2 
133	7 
134	4 
135	6 
136	2 
137	1 
138	2 
139	2 
140	6 
141	1 
142	3 
143	6 
144	4 
145	2 
146	1 
147	3 
148	1 
149	1 
150	3 
151	5 
152	2 
153	4 
154	6 
155	2 
156	2 
157	2 
158	6 
159	5 
160	7 
161	1 
162	4 
163	6 
164	5 
165	5 
166	5 
167	4 
168	4 
169	3 
170	2 
171	4 
172	2 
173	3 
174	1 
175	2 
176	1 
177	1 
178	4 
179	5 
180	6 
181	6 
182	4 
183	3 
184	1 
185	3 
186	4 
187	5 
188	1 
189	5 
190	3 
191	3 
192	4 
193	4 
194	6 
195	5 
196	3 
197	6 
198	2 
199	1 
200	2 
201	1 
202	1 
203	6 
204	4 
205	2 
206	6 
207	2 
208	1 
209	2 
210	5 
211	2 
212	1 
213	7 
214	4 
215	1 
216	3 
217	4 
218	6 
219	7 
220	3 
221	5 
222	1 
223	6 
224	7 
225	2 
226	5 
227	5 
228	3 
229	6 
230	4 
231	2 
232	6 
233	5 
234	2 
235	5 
236	6 
237	3 
238	3 
239	6 
240	5 
241	7 
242	5 
243	6 
244	3 
245	5 
246	1 
247	1 
248	6 
249	6 
250	5 
251	4 
252	2 
253	4 
254	1 
255	5 
256	3 
257	6 
258	6 
259	2 
260	7 
261	1 
262	1 
263	2 
264	6 
265	6 
266	4 
267	3 
268	2 
269	5 
270	3 
271	6 
272	1 
273	6 
274	3 
275	7 
276	5 
277	1 
278	3 
279	2 
280	2 
281	1 
282	4 
283	6 
284	3 
285	3 
286	6 
287	3 
288	5 
289	4 
290	6 
291	2 
292	2 
293	1 
294	4 
295	4 
296	7 
297	2 
298	4 
299	3 
300	5 
301	6 
302	4 
303	7 
304	3 
305	1 
306	1 
307	4 
308	2 
309	3 
310	6 
311	3 
312	6 
313	3 
314	6 
315	1 
316	5 
317	1 
318	1 
319	7 
320	7 
321	3 
322	4 
323	3 
324	5 
325	2 
326	6 
327	1 
328	5 
329	6 
330	5 
331	1 
332	3 
333	6 
334	3 
335	5 
336	2 
337	1 
338	4 
339	2 
340	1 
341	3 
342	3 
343	1 
344	1 
345	1 
346	5 
347	1 
348	6 
349	1 
350	2 
351	6 
352	6 
353	2 
354	6 
355	2 
356	6 
357	5 
358	4 
359	4 
360	2 
361	1 
362	4 
363	2 
364	6 
365	4 
366	3 
367	4 
368	1 
369	3 
370	1 
371	7 
372	6 
373	3 
374	1 
375	7 
376	7 
377	4 
378	7 
379	6 
380	1 
381	6 
382	6 
383	2 
384	6 
385	7 
386	4 
387	2 
388	3 
389	1 
390	7 
391	4 
392	1 
393	6 
394	3 
395	3 
396	1 
397	3 
398	5 
399	6 
400	6 
401	1 
402	4 
403	1 
404	2 
405	3 
406	6 
407	4 
408	4 
409	3 
410	4 
411	4 
412	4 
413	1 
414	2 
415	1 
416	7 
417	1 
418	4 
419	6 
420	2 
421	5 
422	1 
423	6 
424	4 
425	4 
426	4 
427	3 
428	4 
429	3 
430	2 
431	2 
432	6 
433	5 
434	5 
435	4 
436	5 
437	7 
438	5 
439	2 
440	5 
441	7 
442	2 
443	3 
444	6 
445	5 
446	3 
447	4 
448	2 
449	2 
450	1 
451	7 
452	1 
453	5 
454	2 
455	6 
456	4 
457	5 
458	1 
459	5 
460	5 
461	3 
462	7 
463	5 
464	6 
465	2 
466	6 
467	7 
468	7 
469	1 
470	6 
471	5 
472	6 
473	3 
474	3 
475	4 
476	4 
477	2 
478	2 
479	1 
480	1 
481	4 
482	6 
483	1 
484	4 
485	3 
486	6 
487	2 
488	1 
489	5 
490	3 
491	1 
492	5 
493	6 
494	2 
495	2 
496	6 
497	7 
498	3 
499	6 
500	7 
501	4 
502	2 
503	5 
504	6 
505	4 
506	6 
507	4 
508	5 
509	2 
510	6 
511	3 
512	1 
513	4 
514	1 
515	1 
516	3 
517	1 
518	1 
519	2 
520	6 
521	2 
522	4 
523	2 
524	3 
525	6 
526	4 
527	3 
528	4 
529	2 
530	3 
531	3 
532	4 
533	2 
534	5 
535	6 
536	4 
537	6 
538	6 
539	2 
540	4 
541	4 
542	5 
543	4 
544	6 
545	2 
546	2 
547	5 
548	3 
549	1 
550	4 
551	6 
552	5 
553	6 
554	6 
555	3 
556	2 
557	6 
558	3 
559	5 
560	5 
561	2 
562	6 
563	1 
564	2 
565	1 
566	7 
567	5 
568	4 
569	2 
570	4 
571	4 
572	3 
573	1 
574	1 
575	4 
576	1 
577	3 
578	6 
579	7 
580	6 
581	6 
582	2 
583	2 
584	4 
585	4 
586	4 
587	6 
588	4 
589	1 
590	2 
591	1 
592	1 
593	3 
594	6 
595	6 
596	3 
597	2 
598	1 
599	6 
600	7 
601	4 
602	3 
603	1 
604	7 
605	2 
606	4 
607	6 
608	1 
609	3 
610	6 
611	4 
612	2 
613	3 
614	4 
615	5 
616	3 
617	4 
618	6 
619	6 
620	4 
621	2 
622	6 
623	6 
624	7 
625	3 
626	1 
627	5 
628	2 
629	5 
630	2 
631	3 
632	1 
633	4 
634	1 
635	4 
636	5 
637	6 
638	4 
639	6 
640	2 
641	6 
642	3 
643	4 
644	3 
645	2 
646	4 
647	2 
648	1 
649	7 
650	4 
651	1 
652	2 
653	5 
654	4 
655	7 
656	1 
657	3 
658	6 
659	2 
660	4 
661	2 
662	2 
663	6 
664	6 
665	3 
666	6 
667	1 
668	6 
669	3 
670	2 
671	4 
672	4 
673	2 
674	6 
675	6 
676	2 
677	7 
678	3 
679	7 
680	1 
681	4 
682	4 
683	4 
684	4 
685	5 
686	2 
687	6 
688	1 
689	2 
690	2 
691	2 
692	2 
693	4 
694	4 
695	1 
696	4 
697	4 
698	2 
699	6 
700	3 
701	1 
702	4 
703	6 
704	4 
705	4 
706	5 
707	6 
708	1 
709	3 
710	4 
711	4 
712	4 
713	3 
714	4 
715	5 
716	3 
717	1 
718	2 
719	4 
720	3 
721	1 
722	7 
723	2 
724	6 
725	6 
726	5 
727	6 
728	3 
729	1 
730	1 
731	4 
732	3 
733	3 
734	1 
735	2 
736	3 
737	6 
738	3 
739	1 
740	1 
741	4 
742	1 
743	7 
744	7 
745	2 
746	1 
747	4 
748	2 
749	6 
750	6 
751	3 
752	5 
753	1 
754	2 
755	1 
756	3 
757	4 
758	1 
759	2 
760	3 
761	3 
762	1 
763	6 
764	4 
765	6 
766	1 
767	5 
768	4 
769	1 
770	2 
771	1 
772	2 
773	1 
774	6 
775	2 
776	3 
777	4 
778	7 
779	1 
780	5 
781	5 
782	6 
783	1 
784	6 
785	6 
786	7 
787	1 
788	5 
789	4 
790	2 
791	3 
792	2 
793	1 
794	1 
795	2 
796	2 
797	2 
798	4 
799	2 
800	6 
801	6 
802	3 
803	2 
804	5 
805	3 
806	5 
807	6 
808	5 
809	4 
810	2 
811	4 
812	4 
813	4 
814	7 
815	4 
816	2 
817	2 
818	5 
819	4 
820	5 
821	1 
822	3 
823	1 
824	5 
825	2 
826	1 
827	5 
828	4 
829	2 
830	3 
831	1 
832	2 
833	2 
834	2 
835	3 
836	4 
837	3 
838	6 
839	5 
840	6 
841	2 
842	1 
843	5 
844	4 
845	1 
846	2 
847	4 
848	2 
849	1 
850	4 
851	3 
852	1 
853	1 
854	7 
855	4 
856	5 
857	2 
858	6 
859	6 
860	1 
861	6 
862	1 
863	3 
864	6 
865	3 
866	1 
867	6 
868	4 
869	4 
870	6 
871	2 
872	6 
873	1 
874	7 
875	6 
876	7 
877	2 
878	7 
879	1 
880	4 
881	7 
882	1 
883	5 
884	1 
885	2 
886	4 
887	2 
888	5 
889	1 
890	2 
891	5 
892	1 
893	7 
894	6 
895	6 
896	7 
897	6 
898	3 
899	4 
900	2 
901	4 
902	2 
903	6 
904	7 
905	4 
906	5 
907	3 
908	1 
909	2 
910	2 
911	6 
912	6 
913	1 
914	2 
915	4 
916	7 
917	4 
918	1 
919	5 
920	1 
921	6 
922	5 
923	1 
924	4 
925	7 
926	3 
927	7 
928	2 
929	3 
930	5 
931	3 
932	1 
933	1 
934	1 
935	5 
936	6 
937	6 
938	3 
939	6 
940	7 
941	6 
942	4 
943	6 
944	4 
945	2 
946	2 
947	7 
948	3 
949	2 
950	7 
951	2 
952	1 
953	7 
954	1 
955	3 
956	6 
957	6 
958	2 
959	3 
960	6 
961	5 
962	1 
963	6 
964	6 
965	6 
966	6 
967	2 
968	4 
969	6 
970	6 
971	3 
972	7 
973	6 
974	1 
975	5 
976	3 
977	2 
978	5 
979	4 
980	1 
981	2 
982	3 
983	2 
984	4 
985	3 
986	6 
987	4 
988	6 
989	4 
990	3 
991	3 
992	1 
993	4 
994	2 
995	1 
996	3 
997	1 
998	4 
999	1 
1000	2 
