1	1 
2	1 
3	5 
4	7 
5	4 
6	4 
7	2 
8	2 
9	6 
10	1 
11	1 
12	5 
13	3 
14	2 
15	4 
16	1 
17	7 
18	3 
19	2 
20	5 
21	3 
22	2 
23	5 
24	5 
25	1 
26	2 
27	4 
28	5 
29	4 
30	5 
31	4 
32	7 
33	6 
34	4 
35	1 
36	4 
37	5 
38	4 
39	4 
40	4 
41	3 
42	7 
43	4 
44	7 
45	4 
46	1 
47	7 
48	4 
49	2 
50	3 
51	7 
52	1 
53	4 
54	4 
55	6 
56	3 
57	5 
58	3 
59	6 
60	3 
61	4 
62	2 
63	5 
64	3 
65	2 
66	2 
67	6 
68	5 
69	4 
70	1 
71	5 
72	1 
73	4 
74	5 
75	5 
76	1 
77	5 
78	3 
79	6 
80	4 
81	2 
82	6 
83	3 
84	5 
85	7 
86	6 
87	5 
88	4 
89	6 
90	3 
91	5 
92	1 
93	2 
94	3 
95	6 
96	7 
97	4 
98	3 
99	2 
100	4 
101	3 
102	3 
103	5 
104	1 
105	7 
106	6 
107	2 
108	6 
109	5 
110	4 
111	2 
112	3 
113	5 
114	7 
115	7 
116	7 
117	5 
118	1 
119	3 
120	7 
121	4 
122	5 
123	4 
124	4 
125	5 
126	1 
127	3 
128	7 
129	2 
130	1 
131	4 
132	4 
133	1 
134	2 
135	7 
136	3 
137	3 
138	5 
139	4 
140	5 
141	1 
142	5 
143	3 
144	4 
145	2 
146	2 
147	3 
148	2 
149	1 
150	3 
151	3 
152	4 
153	6 
154	5 
155	4 
156	6 
157	1 
158	7 
159	7 
160	5 
161	7 
162	6 
163	6 
164	1 
165	2 
166	5 
167	4 
168	4 
169	1 
170	4 
171	7 
172	1 
173	7 
174	1 
175	5 
176	4 
177	7 
178	2 
179	7 
180	3 
181	3 
182	3 
183	4 
184	4 
185	6 
186	2 
187	5 
188	6 
189	6 
190	1 
191	5 
192	2 
193	7 
194	3 
195	1 
196	4 
197	2 
198	3 
199	2 
200	4 
201	4 
202	5 
203	4 
204	5 
205	3 
206	6 
207	7 
208	4 
209	7 
210	5 
211	3 
212	5 
213	3 
214	3 
215	6 
216	4 
217	3 
218	5 
219	4 
220	4 
221	7 
222	2 
223	2 
224	6 
225	4 
226	6 
227	1 
228	6 
229	4 
230	4 
231	3 
232	5 
233	2 
234	5 
235	2 
236	6 
237	4 
238	7 
239	1 
240	2 
241	6 
242	5 
243	7 
244	3 
245	4 
246	1 
247	2 
248	3 
249	1 
250	7 
251	4 
252	1 
253	1 
254	2 
255	5 
256	6 
257	2 
258	6 
259	3 
260	5 
261	7 
262	2 
263	4 
264	1 
265	3 
266	2 
267	3 
268	5 
269	5 
270	4 
271	4 
272	5 
273	3 
274	7 
275	3 
276	4 
277	1 
278	5 
279	6 
280	7 
281	4 
282	2 
283	2 
284	7 
285	5 
286	3 
287	7 
288	4 
289	5 
290	5 
291	7 
292	5 
293	3 
294	2 
295	6 
296	6 
297	4 
298	4 
299	4 
300	3 
301	5 
302	5 
303	5 
304	5 
305	6 
306	3 
307	2 
308	2 
309	7 
310	2 
311	5 
312	4 
313	3 
314	1 
315	1 
316	4 
317	3 
318	5 
319	6 
320	5 
321	1 
322	2 
323	4 
324	3 
325	7 
326	5 
327	5 
328	4 
329	7 
330	5 
331	7 
332	3 
333	4 
334	5 
335	6 
336	4 
337	4 
338	1 
339	2 
340	7 
341	4 
342	7 
343	7 
344	2 
345	4 
346	4 
347	7 
348	4 
349	2 
350	7 
351	4 
352	4 
353	5 
354	4 
355	4 
356	5 
357	4 
358	5 
359	5 
360	3 
361	6 
362	4 
363	5 
364	2 
365	1 
366	3 
367	7 
368	3 
369	5 
370	3 
371	5 
372	2 
373	1 
374	5 
375	7 
376	1 
377	6 
378	6 
379	5 
380	6 
381	4 
382	5 
383	4 
384	3 
385	3 
386	2 
387	1 
388	4 
389	1 
390	4 
391	6 
392	2 
393	6 
394	2 
395	2 
396	2 
397	4 
398	6 
399	5 
400	5 
401	4 
402	3 
403	5 
404	2 
405	7 
406	6 
407	7 
408	7 
409	4 
410	1 
411	1 
412	1 
413	4 
414	4 
415	3 
416	6 
417	7 
418	7 
419	7 
420	4 
421	6 
422	7 
423	1 
424	5 
425	4 
426	5 
427	2 
428	4 
429	3 
430	7 
431	2 
432	7 
433	5 
434	2 
435	6 
436	1 
437	5 
438	4 
439	4 
440	7 
441	3 
442	5 
443	6 
444	2 
445	6 
446	1 
447	2 
448	5 
449	5 
450	4 
451	3 
452	7 
453	4 
454	5 
455	7 
456	6 
457	2 
458	4 
459	7 
460	6 
461	3 
462	2 
463	1 
464	6 
465	1 
466	5 
467	6 
468	5 
469	7 
470	2 
471	7 
472	2 
473	1 
474	4 
475	6 
476	1 
477	2 
478	7 
479	4 
480	4 
481	3 
482	7 
483	2 
484	2 
485	1 
486	1 
487	5 
488	5 
489	7 
490	4 
491	6 
492	2 
493	5 
494	5 
495	5 
496	3 
497	7 
498	3 
499	6 
500	4 
501	4 
502	7 
503	7 
504	4 
505	3 
506	7 
507	1 
508	7 
509	4 
510	4 
511	3 
512	5 
513	3 
514	5 
515	7 
516	1 
517	1 
518	3 
519	4 
520	7 
521	6 
522	1 
523	3 
524	7 
525	6 
526	5 
527	7 
528	7 
529	1 
530	7 
531	5 
532	6 
533	2 
534	7 
535	7 
536	4 
537	1 
538	1 
539	4 
540	5 
541	6 
542	5 
543	1 
544	5 
545	2 
546	5 
547	3 
548	4 
549	7 
550	3 
551	7 
552	4 
553	4 
554	5 
555	3 
556	4 
557	5 
558	5 
559	2 
560	2 
561	6 
562	7 
563	4 
564	3 
565	3 
566	4 
567	5 
568	1 
569	5 
570	1 
571	2 
572	6 
573	3 
574	7 
575	1 
576	4 
577	6 
578	7 
579	3 
580	6 
581	2 
582	5 
583	4 
584	2 
585	4 
586	3 
587	7 
588	6 
589	5 
590	4 
591	5 
592	5 
593	6 
594	2 
595	2 
596	6 
597	7 
598	2 
599	3 
600	6 
601	4 
602	5 
603	4 
604	4 
605	5 
606	5 
607	3 
608	7 
609	3 
610	7 
611	7 
612	6 
613	4 
614	1 
615	7 
616	5 
617	5 
618	7 
619	2 
620	1 
621	3 
622	4 
623	7 
624	1 
625	1 
626	1 
627	7 
628	7 
629	1 
630	5 
631	3 
632	5 
633	1 
634	5 
635	6 
636	6 
637	5 
638	7 
639	6 
640	4 
641	1 
642	4 
643	5 
644	6 
645	5 
646	5 
647	4 
648	6 
649	7 
650	3 
651	5 
652	1 
653	4 
654	7 
655	6 
656	1 
657	2 
658	5 
659	2 
660	6 
661	4 
662	5 
663	5 
664	7 
665	2 
666	5 
667	2 
668	5 
669	7 
670	3 
671	7 
672	4 
673	1 
674	1 
675	7 
676	4 
677	2 
678	5 
679	6 
680	6 
681	5 
682	6 
683	2 
684	3 
685	6 
686	6 
687	5 
688	3 
689	6 
690	4 
691	5 
692	4 
693	3 
694	7 
695	3 
696	1 
697	1 
698	6 
699	4 
700	2 
701	4 
702	2 
703	6 
704	6 
705	4 
706	1 
707	5 
708	2 
709	4 
710	7 
711	4 
712	2 
713	7 
714	4 
715	4 
716	4 
717	3 
718	5 
719	4 
720	1 
721	3 
722	5 
723	1 
724	5 
725	4 
726	6 
727	3 
728	4 
729	5 
730	6 
731	7 
732	3 
733	4 
734	4 
735	5 
736	4 
737	5 
738	5 
739	2 
740	5 
741	5 
742	5 
743	6 
744	2 
745	1 
746	7 
747	7 
748	4 
749	5 
750	4 
751	1 
752	5 
753	5 
754	1 
755	5 
756	7 
757	3 
758	3 
759	5 
760	3 
761	2 
762	3 
763	7 
764	6 
765	4 
766	4 
767	5 
768	4 
769	2 
770	6 
771	1 
772	5 
773	7 
774	5 
775	7 
776	5 
777	6 
778	3 
779	4 
780	2 
781	4 
782	7 
783	3 
784	6 
785	4 
786	2 
787	3 
788	6 
789	3 
790	4 
791	3 
792	2 
793	5 
794	4 
795	3 
796	2 
797	4 
798	3 
799	4 
800	4 
801	4 
802	1 
803	3 
804	2 
805	7 
806	5 
807	5 
808	5 
809	6 
810	3 
811	2 
812	6 
813	4 
814	7 
815	6 
816	4 
817	2 
818	5 
819	5 
820	4 
821	6 
822	4 
823	1 
824	3 
825	6 
826	4 
827	5 
828	3 
829	7 
830	5 
831	4 
832	5 
833	3 
834	2 
835	7 
836	6 
837	5 
838	6 
839	5 
840	2 
841	1 
842	4 
843	1 
844	4 
845	5 
846	6 
847	4 
848	4 
849	5 
850	2 
851	1 
852	1 
853	5 
854	2 
855	6 
856	4 
857	4 
858	1 
859	5 
860	7 
861	6 
862	5 
863	3 
864	5 
865	4 
866	2 
867	6 
868	6 
869	4 
870	5 
871	4 
872	5 
873	5 
874	6 
875	3 
876	1 
877	7 
878	3 
879	5 
880	3 
881	2 
882	3 
883	5 
884	2 
885	7 
886	7 
887	6 
888	1 
889	1 
890	6 
891	7 
892	2 
893	6 
894	7 
895	4 
896	1 
897	4 
898	7 
899	2 
900	3 
901	2 
902	4 
903	4 
904	6 
905	1 
906	7 
907	5 
908	3 
909	3 
910	1 
911	5 
912	1 
913	6 
914	5 
915	5 
916	2 
917	4 
918	3 
919	4 
920	3 
921	5 
922	2 
923	4 
924	5 
925	1 
926	4 
927	4 
928	1 
929	5 
930	6 
931	7 
932	5 
933	6 
934	1 
935	3 
936	6 
937	1 
938	6 
939	3 
940	5 
941	7 
942	3 
943	4 
944	5 
945	6 
946	5 
947	6 
948	1 
949	5 
950	3 
951	4 
952	6 
953	4 
954	5 
955	4 
956	7 
957	4 
958	2 
959	7 
960	7 
961	2 
962	1 
963	3 
964	4 
965	4 
966	1 
967	4 
968	5 
969	4 
970	2 
971	3 
972	7 
973	3 
974	7 
975	6 
976	5 
977	6 
978	3 
979	6 
980	2 
981	3 
982	3 
983	1 
984	4 
985	7 
986	3 
987	5 
988	5 
989	2 
990	4 
991	4 
992	3 
993	4 
994	1 
995	4 
996	3 
997	4 
998	7 
999	3 
1000	7 
