1	5 
2	7 
3	8 
4	5 
5	5 
6	6 
7	4 
8	6 
9	2 
10	4 
11	5 
12	4 
13	6 
14	4 
15	7 
16	4 
17	7 
18	2 
19	6 
20	4 
21	7 
22	8 
23	8 
24	4 
25	6 
26	6 
27	3 
28	6 
29	5 
30	8 
31	7 
32	6 
33	5 
34	1 
35	5 
36	1 
37	8 
38	1 
39	2 
40	6 
41	8 
42	6 
43	9 
44	7 
45	6 
46	6 
47	9 
48	1 
49	4 
50	4 
51	9 
52	6 
53	4 
54	1 
55	6 
56	4 
57	8 
58	6 
59	7 
60	3 
61	6 
62	5 
63	9 
64	6 
65	8 
66	2 
67	9 
68	1 
69	9 
70	4 
71	5 
72	8 
73	7 
74	4 
75	7 
76	2 
77	3 
78	2 
79	9 
80	8 
81	5 
82	8 
83	5 
84	6 
85	6 
86	8 
87	7 
88	5 
89	4 
90	5 
91	1 
92	2 
93	5 
94	2 
95	6 
96	2 
97	4 
98	2 
99	2 
100	7 
101	2 
102	4 
103	6 
104	6 
105	5 
106	2 
107	4 
108	8 
109	3 
110	6 
111	5 
112	5 
113	6 
114	2 
115	4 
116	6 
117	8 
118	5 
119	4 
120	4 
121	4 
122	2 
123	5 
124	5 
125	5 
126	5 
127	2 
128	4 
129	7 
130	1 
131	6 
132	1 
133	7 
134	4 
135	1 
136	9 
137	8 
138	6 
139	6 
140	7 
141	9 
142	8 
143	6 
144	1 
145	4 
146	1 
147	4 
148	8 
149	3 
150	7 
151	4 
152	2 
153	6 
154	1 
155	1 
156	1 
157	1 
158	6 
159	8 
160	5 
161	6 
162	3 
163	5 
164	8 
165	9 
166	9 
167	8 
168	4 
169	4 
170	9 
171	8 
172	3 
173	4 
174	1 
175	2 
176	4 
177	2 
178	9 
179	8 
180	4 
181	8 
182	8 
183	2 
184	5 
185	8 
186	3 
187	4 
188	9 
189	4 
190	1 
191	6 
192	4 
193	6 
194	3 
195	2 
196	4 
197	6 
198	6 
199	2 
200	7 
201	1 
202	7 
203	3 
204	9 
205	9 
206	8 
207	4 
208	8 
209	3 
210	4 
211	2 
212	7 
213	5 
214	2 
215	5 
216	4 
217	6 
218	3 
219	7 
220	3 
221	8 
222	1 
223	4 
224	3 
225	6 
226	2 
227	4 
228	1 
229	4 
230	4 
231	5 
232	8 
233	9 
234	2 
235	9 
236	4 
237	1 
238	3 
239	6 
240	6 
241	8 
242	6 
243	1 
244	1 
245	5 
246	7 
247	2 
248	7 
249	2 
250	2 
251	1 
252	8 
253	7 
254	3 
255	6 
256	8 
257	4 
258	5 
259	5 
260	7 
261	6 
262	7 
263	1 
264	5 
265	6 
266	4 
267	3 
268	1 
269	9 
270	2 
271	4 
272	5 
273	5 
274	6 
275	1 
276	1 
277	2 
278	7 
279	3 
280	7 
281	4 
282	3 
283	5 
284	8 
285	3 
286	9 
287	6 
288	1 
289	3 
290	7 
291	5 
292	1 
293	8 
294	6 
295	6 
296	8 
297	1 
298	6 
299	7 
300	3 
301	4 
302	1 
303	5 
304	8 
305	8 
306	5 
307	9 
308	2 
309	9 
310	7 
311	7 
312	9 
313	1 
314	8 
315	4 
316	7 
317	3 
318	9 
319	3 
320	2 
321	7 
322	5 
323	8 
324	7 
325	6 
326	5 
327	1 
328	5 
329	7 
330	5 
331	7 
332	4 
333	6 
334	6 
335	2 
336	6 
337	7 
338	1 
339	6 
340	8 
341	4 
342	2 
343	5 
344	7 
345	9 
346	6 
347	6 
348	4 
349	8 
350	6 
351	5 
352	7 
353	8 
354	8 
355	2 
356	4 
357	1 
358	5 
359	5 
360	4 
361	4 
362	4 
363	4 
364	9 
365	4 
366	1 
367	8 
368	1 
369	8 
370	3 
371	2 
372	5 
373	8 
374	4 
375	1 
376	2 
377	1 
378	5 
379	8 
380	6 
381	6 
382	6 
383	1 
384	5 
385	8 
386	6 
387	1 
388	8 
389	5 
390	5 
391	3 
392	5 
393	5 
394	8 
395	9 
396	8 
397	9 
398	4 
399	3 
400	8 
401	6 
402	6 
403	2 
404	5 
405	6 
406	6 
407	4 
408	1 
409	9 
410	5 
411	5 
412	4 
413	6 
414	5 
415	8 
416	9 
417	4 
418	2 
419	4 
420	6 
421	1 
422	6 
423	7 
424	6 
425	6 
426	7 
427	7 
428	5 
429	9 
430	2 
431	7 
432	9 
433	4 
434	9 
435	4 
436	6 
437	3 
438	6 
439	6 
440	1 
441	9 
442	4 
443	6 
444	2 
445	6 
446	9 
447	4 
448	1 
449	8 
450	8 
451	5 
452	3 
453	6 
454	1 
455	4 
456	8 
457	1 
458	5 
459	9 
460	6 
461	3 
462	6 
463	7 
464	8 
465	6 
466	2 
467	1 
468	1 
469	6 
470	6 
471	5 
472	8 
473	2 
474	8 
475	1 
476	6 
477	7 
478	8 
479	8 
480	9 
481	9 
482	1 
483	8 
484	1 
485	3 
486	2 
487	1 
488	9 
489	1 
490	1 
491	9 
492	6 
493	6 
494	3 
495	8 
496	5 
497	5 
498	9 
499	7 
500	7 
501	5 
502	1 
503	5 
504	1 
505	4 
506	1 
507	2 
508	2 
509	5 
510	8 
511	4 
512	3 
513	3 
514	3 
515	6 
516	2 
517	1 
518	8 
519	6 
520	4 
521	9 
522	4 
523	3 
524	5 
525	3 
526	1 
527	9 
528	1 
529	6 
530	7 
531	9 
532	6 
533	1 
534	3 
535	5 
536	9 
537	6 
538	3 
539	6 
540	6 
541	2 
542	2 
543	2 
544	1 
545	2 
546	7 
547	3 
548	5 
549	6 
550	7 
551	5 
552	4 
553	2 
554	4 
555	8 
556	6 
557	9 
558	2 
559	6 
560	4 
561	4 
562	5 
563	5 
564	8 
565	8 
566	5 
567	1 
568	9 
569	6 
570	8 
571	4 
572	9 
573	9 
574	9 
575	5 
576	8 
577	2 
578	1 
579	2 
580	6 
581	6 
582	6 
583	9 
584	1 
585	6 
586	8 
587	1 
588	4 
589	1 
590	4 
591	2 
592	5 
593	9 
594	6 
595	9 
596	1 
597	8 
598	8 
599	5 
600	8 
601	6 
602	4 
603	7 
604	8 
605	1 
606	7 
607	5 
608	5 
609	1 
610	6 
611	1 
612	2 
613	8 
614	6 
615	8 
616	5 
617	2 
618	1 
619	6 
620	5 
621	4 
622	1 
623	4 
624	1 
625	1 
626	5 
627	9 
628	9 
629	4 
630	1 
631	8 
632	4 
633	5 
634	9 
635	8 
636	2 
637	4 
638	7 
639	6 
640	7 
641	9 
642	5 
643	2 
644	3 
645	6 
646	6 
647	9 
648	6 
649	4 
650	7 
651	5 
652	1 
653	3 
654	6 
655	4 
656	6 
657	7 
658	6 
659	5 
660	2 
661	1 
662	7 
663	5 
664	9 
665	9 
666	7 
667	6 
668	8 
669	5 
670	8 
671	5 
672	4 
673	7 
674	7 
675	8 
676	5 
677	4 
678	2 
679	4 
680	8 
681	6 
682	8 
683	6 
684	8 
685	2 
686	8 
687	3 
688	8 
689	1 
690	5 
691	7 
692	8 
693	3 
694	1 
695	1 
696	6 
697	2 
698	4 
699	7 
700	7 
701	1 
702	6 
703	3 
704	6 
705	5 
706	7 
707	3 
708	4 
709	4 
710	5 
711	3 
712	8 
713	4 
714	6 
715	4 
716	6 
717	1 
718	4 
719	6 
720	2 
721	5 
722	4 
723	7 
724	9 
725	8 
726	6 
727	2 
728	5 
729	6 
730	1 
731	5 
732	6 
733	9 
734	5 
735	9 
736	1 
737	4 
738	8 
739	1 
740	8 
741	1 
742	7 
743	5 
744	5 
745	8 
746	6 
747	3 
748	6 
749	6 
750	3 
751	8 
752	5 
753	4 
754	8 
755	8 
756	6 
757	5 
758	6 
759	1 
760	8 
761	5 
762	6 
763	5 
764	9 
765	5 
766	1 
767	4 
768	7 
769	7 
770	8 
771	3 
772	1 
773	6 
774	9 
775	8 
776	8 
777	9 
778	8 
779	3 
780	4 
781	6 
782	4 
783	8 
784	5 
785	8 
786	9 
787	2 
788	1 
789	8 
790	3 
791	5 
792	1 
793	9 
794	9 
795	3 
796	7 
797	9 
798	3 
799	3 
800	3 
801	3 
802	6 
803	6 
804	6 
805	5 
806	9 
807	4 
808	2 
809	5 
810	4 
811	2 
812	2 
813	3 
814	4 
815	1 
816	7 
817	1 
818	6 
819	9 
820	4 
821	5 
822	1 
823	6 
824	2 
825	5 
826	4 
827	3 
828	8 
829	8 
830	2 
831	6 
832	5 
833	1 
834	4 
835	5 
836	6 
837	7 
838	1 
839	6 
840	6 
841	5 
842	8 
843	2 
844	5 
845	2 
846	1 
847	3 
848	4 
849	1 
850	8 
851	6 
852	8 
853	8 
854	5 
855	3 
856	5 
857	4 
858	3 
859	3 
860	6 
861	6 
862	9 
863	4 
864	6 
865	7 
866	9 
867	2 
868	8 
869	5 
870	2 
871	3 
872	6 
873	5 
874	6 
875	2 
876	7 
877	4 
878	7 
879	5 
880	7 
881	6 
882	6 
883	7 
884	2 
885	7 
886	9 
887	5 
888	8 
889	9 
890	7 
891	2 
892	8 
893	5 
894	5 
895	5 
896	4 
897	4 
898	7 
899	5 
900	7 
901	6 
902	6 
903	1 
904	2 
905	4 
906	4 
907	9 
908	3 
909	5 
910	1 
911	2 
912	5 
913	8 
914	4 
915	1 
916	2 
917	1 
918	8 
919	6 
920	5 
921	2 
922	9 
923	3 
924	4 
925	5 
926	5 
927	5 
928	1 
929	2 
930	1 
931	8 
932	1 
933	8 
934	4 
935	9 
936	8 
937	2 
938	6 
939	2 
940	7 
941	6 
942	9 
943	2 
944	4 
945	4 
946	6 
947	4 
948	6 
949	4 
950	6 
951	8 
952	6 
953	1 
954	3 
955	3 
956	9 
957	5 
958	5 
959	9 
960	2 
961	1 
962	1 
963	7 
964	9 
965	7 
966	5 
967	5 
968	6 
969	9 
970	5 
971	6 
972	8 
973	2 
974	7 
975	4 
976	5 
977	2 
978	3 
979	8 
980	6 
981	6 
982	4 
983	8 
984	6 
985	2 
986	2 
987	6 
988	8 
989	1 
990	8 
991	5 
992	2 
993	8 
994	4 
995	8 
996	6 
997	2 
998	8 
999	5 
1000	5 
