1	721
1	970
1	987
2	845
2	940
2	998
3	395
3	991
3	1000
4	830
4	890
4	989
5	542
5	690
5	780
6	898
6	960
6	974
7	312
7	949
7	980
8	719
8	953
8	999
9	369
9	921
9	935
10	631
10	916
10	935
11	144
11	362
11	977
12	973
12	974
12	981
13	703
13	844
13	992
14	712
14	994
14	997
15	547
15	725
15	946
16	772
16	907
16	998
17	957
17	968
17	977
18	896
18	940
18	998
19	771
19	925
19	989
20	364
20	844
20	950
21	906
21	953
21	999
22	715
22	846
22	946
23	920
23	953
23	981
24	609
24	872
24	973
25	923
25	963
25	987
26	910
26	983
26	989
27	966
27	993
27	997
28	912
28	985
28	997
29	977
29	986
29	995
30	901
30	923
30	999
31	593
31	735
31	974
32	864
32	873
32	991
33	869
33	917
33	988
34	333
34	918
34	999
35	427
35	985
35	997
36	126
36	945
36	977
37	917
37	965
37	986
38	907
38	994
38	997
39	929
39	966
39	997
40	593
40	847
40	973
41	965
41	985
41	997
42	262
42	427
42	999
43	152
43	907
43	972
44	258
44	866
44	960
45	696
45	983
45	1000
46	938
46	958
46	995
47	139
47	854
47	955
48	523
48	954
48	961
49	527
49	655
49	998
50	239
50	586
50	991
51	297
51	967
51	988
52	844
52	939
52	948
53	985
53	993
53	997
54	964
54	972
54	990
55	893
55	979
55	991
56	179
56	681
56	1000
57	873
57	895
57	1000
58	965
58	985
58	997
59	615
59	807
59	940
60	976
60	987
60	990
61	911
61	945
61	986
62	780
62	887
62	904
63	732
63	923
63	953
64	674
64	904
64	999
65	683
65	966
65	986
66	876
66	989
66	1000
67	716
67	865
67	972
68	763
68	851
68	943
69	467
69	958
69	977
70	415
70	807
70	953
71	868
71	893
71	993
72	104
72	819
72	999
73	870
73	950
73	982
74	771
74	830
74	1000
75	730
75	890
75	1000
76	552
76	983
76	1000
77	891
77	971
77	989
78	543
78	874
78	987
79	368
79	920
79	926
80	629
80	932
80	978
81	346
81	784
81	902
82	639
82	823
82	998
83	832
83	937
83	960
84	976
84	987
84	990
85	648
85	895
85	983
86	245
86	600
86	709
87	238
87	813
87	851
88	918
88	924
88	999
89	898
89	960
89	974
90	352
90	736
90	873
91	985
91	994
91	997
92	829
92	866
92	960
93	931
93	987
93	992
94	147
94	548
94	995
95	498
95	905
95	962
96	852
96	874
96	962
97	198
97	857
97	998
98	627
98	760
98	995
99	805
99	847
99	973
100	827
100	978
100	983
101	768
101	983
101	991
102	260
102	873
102	983
103	965
103	993
103	994
104	72
104	606
104	953
105	212
105	361
105	944
106	916
106	935
106	992
107	669
107	705
107	996
108	965
108	985
108	993
109	874
109	905
109	954
110	244
110	833
110	981
111	959
111	980
111	987
112	121
112	949
112	992
113	958
113	967
113	986
114	968
114	986
114	995
115	933
115	949
115	987
116	958
116	968
116	977
117	356
117	871
117	995
118	537
118	674
118	979
119	528
119	887
119	996
120	929
120	993
120	997
121	112
121	214
121	861
122	678
122	829
122	973
123	972
123	980
123	990
124	909
124	994
124	997
125	915
125	918
125	924
126	36
126	954
126	961
127	645
127	960
127	973
128	235
128	940
128	943
129	658
129	890
129	983
130	857
130	963
130	984
131	395
131	744
131	771
132	169
132	503
132	655
133	924
133	961
133	999
134	557
134	889
134	998
135	448
135	919
135	981
136	804
136	838
136	962
137	902
137	986
137	995
138	381
138	935
138	959
139	47
139	914
139	974
140	971
140	989
140	1000
141	835
141	994
141	997
142	965
142	994
142	998
143	615
143	724
143	947
144	11
144	178
144	961
145	375
145	950
145	976
146	715
146	772
146	927
147	94
147	957
147	986
148	766
148	968
148	995
149	687
149	960
149	974
150	731
150	847
150	973
151	985
151	994
151	997
152	43
152	665
152	975
153	621
153	856
153	996
154	752
154	964
154	985
155	682
155	919
155	979
156	682
156	850
156	895
157	851
157	900
157	998
158	966
158	993
158	994
159	627
159	960
159	974
160	376
160	728
160	887
161	814
161	912
161	987
162	790
162	826
162	960
163	355
163	939
163	986
164	901
164	904
164	932
165	539
165	994
165	996
166	905
166	988
166	995
167	884
167	964
167	994
168	782
168	978
168	984
169	132
169	834
169	943
170	179
170	449
170	983
171	924
171	954
171	981
172	952
172	960
172	974
173	612
173	705
173	845
174	216
174	921
174	943
175	497
175	936
175	941
176	524
176	831
176	971
177	501
177	967
177	969
178	144
178	190
178	901
179	56
179	170
179	996
180	334
180	762
180	922
181	898
181	914
181	918
182	329
182	640
182	725
183	692
183	953
183	981
184	900
184	980
184	987
185	601
185	751
185	942
186	493
186	853
186	859
187	864
187	991
187	1000
188	710
188	956
188	998
189	939
189	967
189	1000
190	178
190	839
190	920
191	634
191	917
191	998
192	988
192	995
192	999
193	839
193	855
193	999
194	569
194	635
194	954
195	225
195	800
195	900
196	677
196	858
196	974
197	296
197	376
197	756
198	97
198	641
198	907
199	680
199	888
199	984
200	811
200	846
200	942
201	980
201	987
201	990
202	407
202	472
202	637
203	970
203	976
203	980
204	330
204	712
204	991
205	746
205	838
205	974
206	911
206	975
206	998
207	759
207	987
207	992
208	601
208	843
208	897
209	915
209	950
209	981
210	273
210	550
210	1000
211	607
211	977
211	995
212	105
212	849
212	897
213	349
213	996
213	998
214	121
214	978
214	990
215	568
215	993
215	997
216	174
216	964
216	997
217	330
217	875
217	995
218	904
218	984
218	991
219	957
219	968
219	995
220	315
220	749
220	946
221	354
221	930
221	991
222	801
222	983
222	1000
223	855
223	904
223	984
224	911
224	977
224	986
225	195
225	558
225	896
226	334
226	896
226	998
227	757
227	945
227	951
228	850
228	954
228	981
229	479
229	576
229	785
230	978
230	988
230	999
231	553
231	652
231	914
232	846
232	858
232	951
233	910
233	989
233	991
234	848
234	960
234	974
235	128
235	865
235	959
236	920
236	961
236	962
237	334
237	883
237	896
238	87
238	814
238	887
239	50
239	923
239	988
240	955
240	977
240	988
241	934
241	968
241	986
242	820
242	907
242	931
243	966
243	993
243	997
244	110
244	877
244	942
245	86
245	252
245	947
246	572
246	897
246	946
247	762
247	764
247	934
248	386
248	572
248	751
249	935
249	980
249	990
250	601
250	944
250	946
251	504
251	781
251	846
252	245
252	688
252	998
253	483
253	884
253	997
254	574
254	918
254	999
255	892
255	971
255	991
256	863
256	994
256	997
257	508
257	959
257	992
258	44
258	691
258	908
259	670
259	750
259	954
260	102
260	767
260	891
261	813
261	976
261	996
262	42
262	978
262	999
263	879
263	994
263	997
264	645
264	914
264	973
265	902
265	977
265	996
266	934
266	957
266	977
267	554
267	661
267	908
268	809
268	983
268	989
269	968
269	986
269	998
270	719
270	954
270	999
271	446
271	985
271	997
272	957
272	988
272	995
273	210
273	462
273	1000
274	792
274	900
274	996
275	840
275	983
275	1000
276	781
276	942
276	951
277	782
277	962
277	979
278	971
278	983
278	1000
279	958
279	967
279	988
280	827
280	940
280	998
281	971
281	983
281	1000
282	409
282	769
282	975
283	380
283	850
283	904
284	969
284	993
284	997
285	972
285	980
285	992
286	470
286	710
286	816
287	821
287	994
287	997
288	469
288	669
288	991
289	968
289	986
289	988
290	550
290	692
290	913
291	861
291	881
291	992
292	986
292	994
292	997
293	484
293	818
293	954
294	922
294	940
294	956
295	629
295	920
295	979
296	197
296	545
296	852
297	51
297	726
297	948
298	613
298	715
298	902
299	717
299	923
299	999
300	631
300	982
300	992
301	657
301	698
301	947
302	989
302	991
302	1000
303	620
303	934
303	955
304	472
304	791
304	978
305	959
305	982
305	987
306	882
306	924
306	990
306	992
307	965
307	966
307	985
307	994
308	480
308	620
308	944
308	946
309	964
309	969
309	994
309	997
310	955
310	970
310	980
310	992
311	726
311	843
311	853
311	897
312	7
312	935
312	972
312	992
313	342
313	652
313	763
313	848
314	784
314	820
314	902
314	975
315	220
315	504
315	877
315	985
316	945
316	948
316	958
316	988
317	769
317	792
317	940
317	998
318	523
318	529
318	963
318	999
319	536
319	778
319	937
319	962
320	496
320	971
320	991
320	1000
321	712
321	893
321	971
321	1000
322	888
322	923
322	936
322	984
323	480
323	664
323	725
323	944
324	359
324	940
324	950
324	990
325	967
325	977
325	986
325	988
326	523
326	584
326	905
326	979
327	570
327	892
327	991
327	1000
328	965
328	985
328	993
328	994
329	182
329	565
329	660
329	859
330	204
330	217
330	419
330	1000
331	639
331	785
331	811
331	951
332	540
332	652
332	666
332	826
333	34
333	707
333	984
333	999
334	180
334	226
334	237
334	845
335	930
335	971
335	991
335	1000
336	791
336	901
336	961
336	999
337	957
337	968
337	988
337	995
338	517
338	696
338	946
338	951
339	689
339	882
339	952
339	987
340	657
340	940
340	996
340	998
341	534
341	551
341	813
341	982
342	313
342	351
342	914
342	938
343	940
343	956
343	975
343	996
344	800
344	827
344	991
344	1000
345	898
345	920
345	960
345	974
346	81
346	980
346	982
346	990
347	797
347	866
347	973
347	974
348	780
348	900
348	922
348	998
349	213
349	514
349	837
349	922
350	638
350	985
350	994
350	997
351	342
351	747
351	960
351	974
352	90
352	771
352	893
352	930
353	951
353	967
353	986
353	995
354	221
354	721
354	801
354	991
355	163
355	862
355	957
355	988
356	117
356	873
356	911
356	948
357	903
357	904
357	993
357	997
358	782
358	936
358	953
358	978
359	324
359	970
359	987
359	992
360	983
360	989
360	991
360	1000
361	105
361	635
361	670
361	689
362	11
362	756
362	804
362	999
363	615
363	793
363	927
363	985
364	20
364	419
364	925
364	991
365	667
365	733
365	982
365	995
366	433
366	670
366	894
366	951
367	693
367	817
367	975
367	1000
368	79
368	979
368	984
368	997
369	9
369	769
369	995
369	996
370	824
370	964
370	965
370	994
371	884
371	963
371	979
371	984
372	881
372	969
372	994
372	997
373	898
373	914
373	960
373	990
374	378
374	896
374	979
374	981
375	145
375	825
375	950
375	980
376	160
376	197
376	454
376	763
377	803
377	941
377	963
377	984
378	374
378	756
378	913
378	976
379	847
379	895
379	910
379	1000
380	283
380	665
380	674
380	984
381	138
381	435
381	952
381	980
382	733
382	977
382	986
382	995
383	905
383	961
383	963
383	981
384	964
384	965
384	993
384	997
385	952
385	970
385	976
385	990
386	248
386	969
386	993
386	997
387	565
387	749
387	858
387	859
388	854
388	986
388	988
388	995
389	575
389	662
389	721
389	1000
390	483
390	972
390	976
390	990
391	639
391	921
391	947
391	996
392	470
392	755
392	806
392	975
393	886
393	985
393	994
393	997
394	668
394	688
394	921
394	940
395	3
395	131
395	991
395	1000
396	606
396	622
396	625
396	923
397	466
397	713
397	793
397	956
398	806
398	952
398	957
398	992
399	928
399	948
399	964
399	967
400	985
400	993
400	994
400	997
401	783
401	843
401	858
401	937
402	532
402	565
402	689
402	783
403	937
403	957
403	968
403	986
404	671
404	763
404	800
404	869
405	490
405	691
405	869
405	902
406	948
406	955
406	977
406	995
407	202
407	924
407	941
407	981
408	970
408	972
408	976
408	982
409	282
409	833
409	923
409	984
410	476
410	868
410	886
410	993
411	597
411	972
411	982
411	987
412	739
412	862
412	945
412	988
413	884
413	956
413	996
413	998
414	614
414	891
414	925
414	991
415	70
415	978
415	997
415	999
416	965
416	985
416	993
416	994
417	663
417	669
417	996
417	998
418	964
418	965
418	985
418	993
419	330
419	364
419	860
419	867
420	895
420	947
420	996
420	998
421	924
421	932
421	978
421	981
422	581
422	637
422	849
422	979
423	473
423	896
423	996
423	998
424	806
424	949
424	952
424	970
425	892
425	930
425	971
425	1000
426	938
426	948
426	967
426	977
427	35
427	42
427	635
427	961
428	831
428	930
428	989
428	1000
429	488
429	622
429	872
429	963
430	566
430	589
430	933
430	994
431	455
431	851
431	869
431	998
432	850
432	941
432	979
432	981
433	366
433	751
433	846
433	942
434	641
434	836
434	867
434	984
435	381
435	853
435	877
435	951
436	931
436	949
436	990
436	992
437	894
437	969
437	970
437	997
438	937
438	939
438	957
438	995
439	666
439	797
439	848
439	974
440	879
440	883
440	969
440	985
441	933
441	950
441	952
441	976
442	462
442	989
442	991
442	1000
443	934
443	977
443	986
443	995
444	503
444	788
444	973
444	974
445	615
445	934
445	988
445	995
446	271
446	917
446	986
446	988
447	762
447	873
447	989
447	991
447	1000
448	135
448	682
448	748
448	984
448	999
449	170
449	614
449	971
449	983
449	1000
450	879
450	965
450	966
450	993
450	994
451	894
451	969
451	993
451	994
451	997
452	909
452	932
452	978
452	984
452	999
453	843
453	849
453	918
453	979
453	984
454	376
454	527
454	578
454	777
454	907
455	431
455	742
455	851
455	907
455	991
456	529
456	818
456	833
456	905
456	936
457	526
457	774
457	910
457	983
457	1000
458	913
458	926
458	961
458	984
458	999
459	843
459	942
459	943
459	944
459	951
460	507
460	972
460	980
460	982
460	987
461	793
461	845
461	983
461	996
461	998
462	273
462	442
462	873
462	910
462	983
463	732
463	867
463	889
463	996
463	998
464	833
464	918
464	919
464	962
464	978
465	871
465	938
465	988
465	995
465	996
466	397
466	533
466	956
466	975
466	996
467	69
467	761
467	974
467	988
467	995
468	790
468	960
468	973
468	974
468	996
469	288
469	712
469	736
469	764
469	1000
470	286
470	392
470	630
470	772
470	956
471	513
471	620
471	724
471	843
471	944
472	202
472	304
472	818
472	918
472	927
473	423
473	896
473	921
473	996
473	998
474	777
474	967
474	977
474	988
474	995
475	622
475	803
475	918
475	926
475	932
476	410
476	949
476	982
476	987
476	992
477	521
477	699
477	718
477	908
477	960
478	939
478	977
478	986
478	988
478	995
479	229
479	605
479	858
479	942
479	951
480	308
480	323
480	783
480	853
480	870
481	549
481	970
481	980
481	990
481	992
482	910
482	971
482	989
482	991
482	1000
483	253
483	390
483	821
483	982
483	992
484	293
484	919
484	929
484	981
484	999
485	970
485	976
485	982
485	990
485	992
486	514
486	544
486	800
486	856
486	999
487	750
487	775
487	870
487	877
487	942
488	429
488	719
488	905
488	963
488	979
489	965
489	969
489	985
489	993
489	997
490	405
490	865
490	889
490	900
490	975
491	910
491	912
491	971
491	989
491	1000
492	821
492	825
492	980
492	982
492	992
493	186
493	696
493	877
493	897
493	944
494	931
494	952
494	980
494	982
494	992
495	871
495	889
495	955
495	977
495	995
496	320
496	876
496	891
496	983
496	1000
497	175
497	635
497	905
497	913
497	999
498	95
498	723
498	909
498	953
498	999
499	760
499	970
499	972
499	990
499	992
500	815
500	985
500	993
500	994
500	997
501	177
501	948
501	957
501	988
501	995
502	719
502	841
502	978
502	984
502	999
503	132
503	444
503	792
503	947
503	975
504	251
504	315
504	618
504	951
504	995
505	675
505	837
505	888
505	981
505	986
506	864
506	873
506	891
506	989
506	1000
507	460
507	863
507	884
507	993
507	994
508	257
508	553
508	950
508	976
508	987
509	514
509	980
509	987
509	990
509	992
510	556
510	882
510	934
510	982
510	990
511	625
511	764
511	962
511	984
511	999
512	569
512	606
512	920
512	961
512	962
513	471
513	843
513	846
513	944
513	946
514	349
514	486
514	509
514	857
514	996
515	603
515	796
515	798
515	891
515	989
516	688
516	755
516	836
516	996
516	998
517	338
517	725
517	737
517	944
517	956
518	733
518	945
518	968
518	977
518	995
519	839
519	924
519	978
519	984
519	999
520	762
520	893
520	971
520	983
520	1000
521	477
521	718
521	908
521	973
521	974
522	640
522	750
522	853
522	942
522	988
523	48
523	318
523	326
523	963
523	999
524	176
524	890
524	983
524	991
524	1000
525	912
525	977
525	985
525	993
525	994
526	457
526	727
526	844
526	971
526	983
527	49
527	454
527	694
527	710
527	755
528	119
528	800
528	900
528	922
528	996
529	318
529	456
529	606
529	894
529	984
530	840
530	930
530	977
530	983
530	1000
531	764
531	893
531	936
531	989
531	1000
532	402
532	748
532	850
532	904
532	913
533	466
533	536
533	778
533	984
533	999
534	341
534	987
534	990
534	992
534	993
535	684
535	953
535	954
535	969
535	984
536	319
536	533
536	697
536	778
536	979
537	118
537	809
537	931
537	982
537	987
538	809
538	861
538	959
538	987
538	992
539	165
539	835
539	929
539	964
539	965
540	332
540	847
540	960
540	973
540	974
541	964
541	965
541	969
541	994
541	997
542	5
542	657
542	671
542	836
542	996
543	78
543	841
543	972
543	982
543	990
544	486
544	867
544	921
544	927
544	943
545	296
545	630
545	855
545	906
545	961
546	925
546	935
546	983
546	989
546	1000
547	15
547	870
547	928
547	946
547	951
548	94
548	895
548	971
548	983
548	989
548	991
549	481
549	605
549	821
549	842
549	933
549	992
550	210
550	290
550	599
550	839
550	953
550	954
551	341
551	562
551	908
551	950
551	970
551	987
552	76
552	686
552	864
552	891
552	913
552	1000
553	231
553	508
553	933
553	980
553	982
553	992
554	267
554	898
554	944
554	960
554	973
554	974
555	958
555	964
555	969
555	985
555	993
555	994
556	510
556	705
556	916
556	970
556	976
556	982
557	134
557	793
557	907
557	921
557	943
557	998
558	225
558	763
558	880
558	975
558	996
558	998
559	905
559	909
559	932
559	979
559	998
559	999
560	752
560	938
560	957
560	977
560	988
560	995
561	753
561	891
561	892
561	983
561	989
561	991
562	551
562	931
562	959
562	972
562	984
562	987
563	886
563	966
563	985
563	993
563	994
563	997
564	677
564	817
564	922
564	927
564	975
564	998
565	329
565	387
565	402
565	913
565	944
565	946
566	430
566	835
566	959
566	970
566	982
566	992
567	575
567	827
567	840
567	925
567	930
567	989
568	215
568	912
568	965
568	985
568	994
568	995
569	194
569	512
569	637
569	746
569	979
569	999
570	327
570	895
570	925
570	989
570	991
570	1000
571	618
571	735
571	826
571	866
571	898
571	908
572	246
572	248
572	757
572	942
572	946
572	951
573	771
573	857
573	983
573	989
573	991
573	1000
574	254
574	823
574	880
574	940
574	996
574	998
575	389
575	567
575	771
575	983
575	989
575	1000
576	229
576	664
576	724
576	834
576	942
576	946
577	927
577	931
577	959
577	987
577	990
577	992
578	454
578	692
578	869
578	947
578	956
578	996
579	817
579	823
579	900
579	921
579	927
579	997
580	860
580	864
580	899
580	925
580	971
580	983
581	422
581	704
581	952
581	970
581	972
581	980
582	964
582	966
582	985
582	993
582	994
582	997
583	594
583	828
583	864
583	948
583	986
583	988
584	326
584	732
584	963
584	978
584	981
584	999
585	884
585	964
585	969
585	985
585	993
585	997
586	50
586	598
586	855
586	932
586	963
586	981
587	933
587	950
587	972
587	976
587	987
587	992
588	772
588	800
588	856
588	857
588	907
588	998
589	430
589	794
589	836
589	949
589	987
589	990
590	599
590	644
590	850
590	954
590	961
590	984
591	633
591	856
591	882
591	976
591	987
591	990
592	872
592	882
592	972
592	982
592	983
592	992
593	31
593	40
593	788
593	898
593	973
593	996
594	583
594	783
594	808
594	958
594	988
594	995
595	690
595	715
595	845
595	856
595	925
595	996
596	886
596	903
596	927
596	993
596	994
596	997
597	411
597	631
597	931
597	949
597	950
597	990
598	586
598	720
598	761
598	913
598	979
598	981
599	550
599	590
599	849
599	924
599	981
599	999
600	86
600	604
600	694
600	789
600	869
600	998
601	185
601	208
601	250
601	704
601	877
601	942
602	903
602	966
602	980
602	993
602	994
602	997
603	515
603	701
603	912
603	993
603	994
603	997
604	600
604	921
604	938
604	956
604	996
604	998
605	479
605	549
605	724
605	751
605	858
605	942
606	104
606	396
606	512
606	529
606	945
606	999
607	211
607	928
607	945
607	967
607	986
607	995
608	815
608	903
608	929
608	966
608	985
608	997
609	24
609	666
609	908
609	914
609	973
609	988
610	626
610	672
610	886
610	993
610	994
610	997
611	964
611	965
611	985
611	993
611	994
611	997
612	173
612	851
612	947
612	975
612	996
612	998
613	298
613	693
613	963
613	975
613	996
613	998
614	414
614	449
614	762
614	989
614	991
614	1000
615	59
615	143
615	363
615	445
615	975
615	998
616	875
616	934
616	937
616	945
616	986
616	995
617	907
617	943
617	947
617	956
617	996
617	998
618	504
618	571
618	677
618	785
618	859
618	877
619	648
619	888
619	909
619	915
619	984
619	999
620	303
620	308
620	471
620	843
620	897
620	951
621	153
621	813
621	880
621	909
621	956
621	996
622	396
622	429
622	475
622	919
622	941
622	978
623	826
623	862
623	934
623	967
623	988
623	995
624	882
624	916
624	972
624	987
624	990
624	992
625	396
625	511
625	733
625	961
625	981
625	984
626	610
626	787
626	893
626	989
626	991
626	1000
627	98
627	159
627	685
627	797
627	960
627	974
628	697
628	816
628	904
628	954
628	979
628	999
628	1000
629	80
629	295
629	665
629	711
629	804
629	979
629	981
630	470
630	545
630	678
630	924
630	954
630	963
630	999
631	10
631	300
631	597
631	961
631	976
631	982
631	992
632	657
632	698
632	789
632	896
632	900
632	922
632	975
633	591
633	794
633	940
633	970
633	976
633	990
633	992
634	191
634	799
634	813
634	921
634	995
634	996
634	998
635	194
635	361
635	427
635	497
635	717
635	954
635	981
636	789
636	838
636	848
636	866
636	908
636	973
636	974
637	202
637	422
637	569
637	782
637	818
637	837
637	961
638	350
638	773
638	812
638	985
638	993
638	994
638	997
639	82
639	331
639	391
639	792
639	836
639	975
639	996
640	182
640	522
640	656
640	785
640	944
640	946
640	951
641	198
641	434
641	642
641	668
641	856
641	907
641	998
642	641
642	777
642	784
642	839
642	900
642	956
642	996
643	702
643	892
643	895
643	939
643	971
643	991
643	1000
644	590
644	734
644	867
644	902
644	956
644	996
644	998
645	127
645	264
645	790
645	908
645	914
645	971
645	973
646	882
646	915
646	952
646	980
646	982
646	990
646	992
647	657
647	770
647	893
647	971
647	983
647	989
647	1000
648	85
648	619
648	888
648	904
648	978
648	981
648	999
649	669
649	795
649	851
649	869
649	907
649	927
649	975
650	931
650	948
650	949
650	976
650	987
650	990
650	992
651	965
651	966
651	969
651	985
651	993
651	994
651	997
652	231
652	313
652	332
652	898
652	914
652	923
652	973
653	660
653	728
653	882
653	959
653	976
653	980
653	982
654	865
654	916
654	952
654	982
654	987
654	990
654	992
655	49
655	132
655	705
655	869
655	885
655	907
655	998
656	640
656	746
656	852
656	885
656	904
656	981
656	999
657	301
657	340
657	542
657	632
657	647
657	975
657	996
658	129
658	734
658	764
658	767
658	971
658	989
658	991
659	812
659	911
659	955
659	958
659	968
659	977
659	986
660	329
660	653
660	814
660	916
660	950
660	990
660	992
661	267
661	788
661	866
661	908
661	914
661	960
661	973
662	389
662	899
662	955
662	957
662	967
662	988
662	995
663	417
663	699
663	769
663	800
663	857
663	896
663	996
664	323
664	576
664	673
664	877
664	897
664	946
664	1000
665	152
665	380
665	629
665	874
665	926
665	936
665	979
666	332
666	439
666	609
666	792
666	829
666	960
666	973
667	365
667	765
667	810
667	948
667	977
667	986
667	988
668	394
668	641
668	690
668	742
668	940
668	989
668	998
669	107
669	288
669	417
669	649
669	688
669	693
669	800
670	259
670	361
670	366
670	757
670	785
670	840
670	897
671	404
671	542
671	807
671	889
671	902
671	969
671	998
672	610
672	863
672	965
672	966
672	984
672	993
672	997
673	664
673	757
673	817
673	846
673	858
673	897
673	946
674	64
674	118
674	380
674	780
674	923
674	984
674	999
675	505
675	707
675	850
675	926
675	936
675	985
675	999
676	917
676	934
676	945
676	955
676	958
676	986
676	995
676	997
677	196
677	564
677	618
677	811
677	853
677	858
677	942
677	944
678	122
678	630
678	729
678	874
678	919
678	962
678	981
678	999
679	837
679	887
679	889
679	922
679	927
679	943
679	975
679	998
680	199
680	901
680	909
680	913
680	932
680	960
680	962
680	999
681	56
681	736
681	825
681	831
681	895
681	989
681	991
681	1000
682	155
682	156
682	448
682	962
682	975
682	979
682	984
682	999
683	65
683	805
683	917
683	937
683	968
683	986
683	988
683	995
684	535
684	839
684	918
684	936
684	954
684	979
684	998
684	999
685	627
685	788
685	847
685	866
685	908
685	973
685	974
685	1000
686	552
686	840
686	864
686	876
686	892
686	971
686	991
686	1000
687	149
687	731
687	838
687	898
687	908
687	960
687	973
687	974
688	252
688	394
688	516
688	669
688	811
688	820
688	943
688	996
689	339
689	361
689	402
689	724
689	859
689	877
689	944
689	946
690	5
690	595
690	668
690	734
690	888
690	900
690	975
690	996
691	258
691	405
691	734
691	772
691	896
691	922
691	975
691	996
692	183
692	290
692	578
692	729
692	855
692	919
692	961
692	999
693	367
693	613
693	669
693	763
693	795
693	902
693	915
693	998
694	527
694	600
694	799
694	807
694	887
694	927
694	975
694	998
695	868
695	894
695	929
695	964
695	969
695	985
695	993
695	994
696	45
696	338
696	493
696	724
696	749
696	853
696	859
696	944
697	536
697	628
697	819
697	906
697	944
697	978
697	981
697	999
698	301
698	632
698	793
698	813
698	820
698	846
698	922
698	996
699	477
699	663
699	826
699	848
699	908
699	914
699	960
699	974
700	824
700	860
700	864
700	873
700	971
700	983
700	989
700	1000
701	603
701	903
701	932
701	965
701	966
701	993
701	994
701	997
702	643
702	798
702	801
702	925
702	930
702	990
702	991
702	1000
703	13
703	720
703	748
703	901
703	932
703	963
703	979
703	981
704	581
704	601
704	935
704	952
704	976
704	980
704	982
704	990
705	107
705	173
705	556
705	655
705	807
705	927
705	956
705	996
706	928
706	938
706	955
706	958
706	967
706	986
706	995
706	998
707	333
707	675
707	874
707	918
707	924
707	936
707	978
707	984
708	878
708	935
708	970
708	974
708	980
708	987
708	990
708	992
709	86
709	869
709	887
709	943
709	956
709	996
709	998
709	999
710	188
710	286
710	527
710	795
710	870
710	940
710	943
710	975
711	629
711	799
711	823
711	880
711	940
711	975
711	996
711	998
712	14
712	204
712	321
712	469
712	786
712	827
712	830
712	1000
713	397
713	883
713	884
713	964
713	965
713	993
713	994
713	997
714	883
714	884
714	894
714	929
714	947
714	964
714	993
714	997
715	22
715	146
715	298
715	595
715	921
715	947
715	996
715	998
716	67
716	722
716	931
716	949
716	950
716	959
716	962
716	982
717	299
717	635
717	829
717	909
717	923
717	941
717	978
717	999
718	477
718	521
718	829
718	848
718	960
718	973
718	974
718	994
719	8
719	270
719	488
719	502
719	822
719	839
719	919
719	941
719	999
720	598
720	703
720	815
720	901
720	920
720	926
720	936
720	962
720	978
721	1
721	354
721	389
721	727
721	925
721	983
721	989
721	991
721	1000
722	716
722	825
722	952
722	954
722	970
722	976
722	980
722	987
722	990
723	498
723	756
723	906
723	953
723	961
723	973
723	978
723	984
723	999
724	143
724	471
724	576
724	605
724	689
724	696
724	737
724	757
724	951
725	15
725	182
725	323
725	517
725	729
725	783
725	846
725	944
725	951
726	297
726	311
726	808
726	928
726	939
726	958
726	977
726	986
726	988
727	526
727	721
727	787
727	796
727	876
727	893
727	991
727	992
727	1000
728	160
728	653
728	825
728	844
728	935
728	959
728	980
728	982
728	992
729	678
729	692
729	725
729	804
729	909
729	963
729	979
729	981
729	984
730	75
730	891
730	895
730	910
730	925
730	930
730	983
730	989
730	1000
731	150
731	687
731	797
731	812
731	829
731	898
731	960
731	973
731	974
732	63
732	463
732	584
732	852
732	905
732	919
732	961
732	962
732	999
733	365
733	382
733	518
733	625
733	832
733	911
733	955
733	988
733	995
734	644
734	658
734	690
734	691
734	845
734	880
734	907
734	922
734	956
735	31
735	571
735	826
735	838
735	848
735	908
735	960
735	973
735	974
736	90
736	469
736	681
736	796
736	892
736	902
736	989
736	991
736	1000
737	517
737	724
737	811
737	843
737	859
737	870
737	942
737	944
737	962
738	747
738	816
738	818
738	852
738	901
738	920
738	962
738	984
738	999
739	412
739	815
739	881
739	883
739	912
739	965
739	966
739	993
739	994
740	796
740	830
740	890
740	891
740	895
740	925
740	981
740	989
740	1000
741	881
741	883
741	930
741	966
741	969
741	985
741	993
741	994
741	997
742	455
742	668
742	795
742	817
742	907
742	936
742	940
742	975
742	996
743	938
743	939
743	955
743	958
743	977
743	981
743	986
743	988
743	995
744	131
744	899
744	928
744	948
744	955
744	957
744	958
744	988
744	995
745	894
745	912
745	929
745	932
745	965
745	985
745	993
745	994
745	997
746	205
746	569
746	656
746	885
746	901
746	905
746	924
746	936
746	999
747	351
747	738
747	788
747	826
747	829
747	898
747	908
747	973
747	974
748	448
748	532
748	703
748	804
748	855
748	915
748	936
748	949
748	953
749	220
749	387
749	696
749	781
749	843
749	870
749	942
749	944
749	968
750	259
750	487
750	522
750	781
750	858
750	870
750	877
750	942
750	980
751	185
751	248
751	433
751	605
751	781
751	858
751	944
751	951
751	1000
752	154
752	560
752	883
752	964
752	965
752	966
752	985
752	993
752	994
753	561
753	949
753	950
753	976
753	980
753	982
753	987
753	990
753	992
754	875
754	937
754	938
754	956
754	967
754	968
754	977
754	986
754	995
755	392
755	516
755	527
755	789
755	900
755	940
755	988
755	996
755	998
756	197
756	362
756	378
756	723
756	818
756	913
756	981
756	984
756	985
757	227
757	572
757	670
757	673
757	724
757	877
757	942
757	951
757	983
758	885
758	934
758	938
758	939
758	945
758	967
758	968
758	977
758	986
758	988
759	207
759	876
759	949
759	950
759	970
759	976
759	980
759	982
759	990
759	992
760	98
760	499
760	911
760	934
760	939
760	955
760	957
760	977
760	986
760	988
761	467
761	598
761	808
761	828
761	917
761	928
761	939
761	968
761	986
761	988
762	180
762	247
762	447
762	520
762	614
762	925
762	971
762	989
762	991
762	1000
763	68
763	313
763	376
763	404
763	558
763	693
763	900
763	975
763	996
763	998
764	247
764	469
764	511
764	531
764	658
764	827
764	891
764	971
764	983
764	989
765	667
765	808
765	875
765	955
765	967
765	977
765	986
765	988
765	994
765	995
766	148
766	831
766	899
766	934
766	937
766	945
766	957
766	967
766	988
766	995
767	260
767	658
767	775
767	860
767	864
767	910
767	930
767	971
767	989
767	991
768	101
768	876
768	891
768	910
768	930
768	983
768	989
768	990
768	991
768	1000
769	282
769	317
769	369
769	663
769	856
769	880
769	943
769	947
769	986
769	996
770	647
770	786
770	787
770	796
770	890
770	892
770	947
770	983
770	989
770	991
771	19
771	74
771	131
771	352
771	573
771	575
771	774
771	906
771	989
771	1000
772	16
772	146
772	470
772	588
772	691
772	795
772	867
772	886
772	902
772	996
773	638
773	841
773	883
773	884
773	964
773	966
773	969
773	985
773	994
773	997
774	457
774	771
774	786
774	827
774	860
774	930
774	983
774	990
774	991
774	1000
775	487
775	767
775	781
775	783
775	785
775	858
775	897
775	944
775	946
775	951
776	805
776	828
776	871
776	906
776	938
776	939
776	957
776	958
776	968
776	995
777	454
777	474
777	642
777	836
777	889
777	900
777	927
777	975
777	996
777	998
778	319
778	533
778	536
778	799
778	885
778	924
778	953
778	981
778	984
778	999
779	810
779	899
779	917
779	934
779	937
779	945
779	957
779	975
779	977
779	986
779	988
780	5
780	62
780	348
780	674
780	857
780	867
780	880
780	887
780	927
780	943
780	998
781	251
781	276
781	749
781	750
781	751
781	775
781	853
781	859
781	870
781	946
781	986
782	168
782	277
782	358
782	637
782	786
782	915
782	941
782	962
782	978
782	984
782	999
783	401
783	402
783	480
783	594
783	725
783	775
783	811
783	859
783	897
783	944
783	951
784	81
784	314
784	642
784	832
784	845
784	889
784	896
784	921
784	940
784	956
784	996
785	229
785	331
785	618
785	640
785	670
785	775
785	842
785	853
785	946
785	951
785	992
786	712
786	770
786	774
786	782
786	831
786	890
786	891
786	910
786	983
786	989
786	1000
787	626
787	727
787	770
787	796
787	830
787	876
787	925
787	989
787	991
787	999
787	1000
788	444
788	593
788	661
788	685
788	747
788	838
788	914
788	960
788	973
788	974
788	976
789	600
789	632
789	636
789	755
789	807
789	907
789	940
789	943
789	956
789	996
789	998
790	162
790	468
790	645
790	826
790	847
790	898
790	899
790	914
790	960
790	973
790	974
791	304
791	336
791	913
791	920
791	923
791	941
791	955
791	963
791	978
791	984
791	999
792	274
792	317
792	503
792	639
792	666
792	856
792	927
792	943
792	947
792	956
792	996
793	363
793	397
793	461
793	557
793	698
793	857
793	880
793	902
793	947
793	980
793	998
794	589
794	633
794	879
794	882
794	959
794	970
794	972
794	976
794	980
794	982
794	990
795	649
795	693
795	710
795	742
795	772
795	813
795	845
795	902
795	947
795	956
795	964
796	515
796	727
796	736
796	740
796	770
796	787
796	798
796	966
796	971
796	989
796	1000
797	347
797	439
797	627
797	731
797	826
797	829
797	866
797	898
797	914
797	974
797	976
798	515
798	702
798	796
798	876
798	893
798	930
798	971
798	989
798	991
798	992
798	1000
799	634
799	694
799	711
799	778
799	900
799	922
799	943
799	947
799	956
799	975
799	996
800	195
800	344
800	404
800	486
800	528
800	588
800	663
800	669
800	887
800	996
800	998
801	222
801	354
801	702
801	827
801	830
801	860
801	925
801	930
801	991
801	994
801	1000
802	868
802	879
802	881
802	903
802	966
802	969
802	985
802	993
802	994
802	997
802	998
803	377
803	475
803	816
803	818
803	840
803	888
803	920
803	924
803	926
803	963
803	979
803	984
804	136
804	362
804	629
804	729
804	748
804	830
804	932
804	936
804	962
804	978
804	979
804	981
805	99
805	683
805	776
805	862
805	928
805	934
805	957
805	958
805	968
805	986
805	988
805	995
806	392
806	398
806	424
806	931
806	952
806	970
806	972
806	976
806	980
806	987
806	988
806	990
807	59
807	70
807	671
807	694
807	705
807	789
807	857
807	875
807	902
807	922
807	927
807	998
808	594
808	726
808	761
808	765
808	854
808	937
808	945
808	958
808	968
808	987
808	988
808	995
809	268
809	537
809	538
809	821
809	842
809	931
809	935
809	950
809	959
809	976
809	982
809	987
810	667
810	779
810	862
810	875
810	937
810	941
810	948
810	958
810	967
810	968
810	986
810	995
811	200
811	331
811	677
811	688
811	737
811	783
811	843
811	859
811	897
811	944
811	946
811	951
812	638
812	659
812	731
812	822
812	883
812	929
812	964
812	966
812	969
812	985
812	993
812	997
813	87
813	261
813	341
813	621
813	634
813	698
813	795
813	817
813	836
813	887
813	947
813	956
814	161
814	238
814	660
814	865
814	916
814	935
814	950
814	952
814	959
814	972
814	982
814	990
815	500
815	608
815	720
815	739
815	881
815	903
815	964
815	969
815	985
815	993
815	994
815	997
816	286
816	628
816	738
816	803
816	901
816	913
816	915
816	936
816	962
816	979
816	981
816	999
817	367
817	564
817	579
817	673
817	742
817	813
817	869
817	900
817	927
817	956
817	996
817	998
818	293
818	456
818	472
818	637
818	738
818	756
818	803
818	941
818	954
818	978
818	979
818	992
818	999
819	72
819	697
819	837
819	850
819	885
819	915
819	923
819	932
819	936
819	961
819	972
819	981
819	984
820	242
820	314
820	688
820	698
820	856
820	889
820	907
820	940
820	943
820	969
820	975
820	996
820	998
821	287
821	483
821	492
821	549
821	809
821	834
821	949
821	952
821	970
821	972
821	982
821	990
821	999
822	719
822	812
822	835
822	879
822	884
822	894
822	912
822	929
822	965
822	966
822	969
822	994
822	997
823	82
823	574
823	579
823	711
823	831
823	851
823	857
823	896
823	921
823	940
823	956
823	975
823	998
824	370
824	700
824	868
824	884
824	886
824	894
824	903
824	964
824	966
824	969
824	993
824	994
824	997
825	375
825	492
825	681
825	722
825	728
825	861
825	872
825	878
825	952
825	959
825	972
825	987
825	990
826	162
826	332
826	571
826	623
826	699
826	735
826	747
826	790
826	797
826	914
826	960
826	973
826	974
827	100
827	280
827	344
827	567
827	712
827	764
827	774
827	801
827	925
827	930
827	971
827	983
827	1000
828	583
828	761
828	776
828	854
828	899
828	911
828	948
828	968
828	977
828	982
828	986
828	988
828	995
829	92
829	122
829	666
829	717
829	718
829	731
829	747
829	797
829	838
829	847
829	960
829	973
829	974
830	4
830	74
830	712
830	740
830	787
830	801
830	804
830	910
830	971
830	983
830	989
830	991
830	1000
831	176
831	428
831	681
831	766
831	786
831	823
831	864
831	873
831	892
831	895
831	930
831	983
831	989
831	991
832	83
832	733
832	784
832	862
832	928
832	937
832	938
832	958
832	967
832	968
832	977
832	986
832	988
832	995
833	110
833	409
833	456
833	464
833	855
833	866
833	904
833	915
833	936
833	954
833	963
833	970
833	978
833	999
834	169
834	576
834	821
834	878
834	916
834	949
834	950
834	952
834	959
834	970
834	976
834	980
834	982
834	987
835	141
835	539
835	566
835	822
835	881
835	894
835	929
835	964
835	966
835	969
835	975
835	985
835	993
835	997
836	434
836	516
836	542
836	589
836	639
836	777
836	813
836	856
836	907
836	921
836	940
836	943
836	975
836	996
837	349
837	505
837	637
837	679
837	819
837	904
837	905
837	941
837	954
837	961
837	962
837	963
837	978
837	999
838	136
838	205
838	636
838	687
838	735
838	788
838	829
838	848
838	898
838	908
838	914
838	964
838	973
838	974
839	190
839	193
839	519
839	550
839	642
839	684
839	719
839	913
839	920
839	933
839	953
839	961
839	962
839	978
840	275
840	530
840	567
840	670
840	686
840	803
840	876
840	890
840	892
840	910
840	971
840	983
840	989
840	1000
841	502
841	543
841	773
841	861
841	949
841	950
841	959
841	970
841	972
841	976
841	982
841	987
841	990
841	992
842	549
842	785
842	809
842	844
842	861
842	949
842	950
842	970
842	972
842	976
842	980
842	987
842	990
842	992
843	208
843	311
843	401
843	453
843	459
843	471
843	513
843	620
843	737
843	749
843	811
843	853
843	870
843	942
844	13
844	20
844	52
844	526
844	728
844	842
844	878
844	882
844	972
844	976
844	982
844	987
844	990
844	992
845	2
845	173
845	334
845	461
845	595
845	734
845	784
845	795
845	869
845	880
845	943
845	956
845	963
845	998
846	22
846	200
846	232
846	251
846	433
846	513
846	673
846	698
846	725
846	859
846	864
846	877
846	897
846	942
846	951
847	40
847	99
847	150
847	379
847	540
847	685
847	790
847	829
847	848
847	866
847	908
847	914
847	960
847	973
847	974
848	234
848	313
848	439
848	636
848	699
848	718
848	735
848	838
848	847
848	866
848	914
848	960
848	973
848	974
848	994
849	212
849	422
849	453
849	599
849	852
849	885
849	887
849	915
849	918
849	919
849	941
849	962
849	963
849	979
849	984
850	156
850	228
850	283
850	432
850	532
850	590
850	675
850	819
850	867
850	906
850	919
850	963
850	979
850	987
850	999
851	68
851	87
851	157
851	431
851	455
851	612
851	649
851	823
851	880
851	889
851	897
851	922
851	927
851	943
851	996
852	96
852	296
852	656
852	732
852	738
852	849
852	888
852	901
852	905
852	918
852	953
852	962
852	973
852	981
852	984
853	186
853	311
853	435
853	480
853	522
853	677
853	696
853	781
853	785
853	843
853	859
853	870
853	911
853	946
853	951
853	986
854	47
854	388
854	808
854	828
854	890
854	928
854	937
854	939
854	957
854	958
854	965
854	967
854	968
854	977
854	986
854	995
855	193
855	223
855	545
855	586
855	692
855	748
855	833
855	913
855	926
855	941
855	948
855	953
855	963
855	971
855	978
855	981
856	153
856	486
856	588
856	591
856	595
856	641
856	769
856	792
856	820
856	836
856	889
856	896
856	901
856	902
856	927
856	975
857	97
857	130
857	514
857	573
857	588
857	663
857	780
857	793
857	807
857	823
857	889
857	902
857	907
857	922
857	947
857	998
858	196
858	232
858	387
858	401
858	479
858	605
858	673
858	677
858	750
858	751
858	775
858	859
858	919
858	942
858	946
858	988
859	186
859	329
859	387
859	618
859	689
859	696
859	737
859	781
859	783
859	811
859	846
859	853
859	858
859	897
859	951
859	978
860	419
860	580
860	700
860	767
860	774
860	801
860	873
860	876
860	891
860	893
860	946
860	971
860	983
860	991
860	996
860	1000
861	121
861	291
861	538
861	825
861	841
861	842
861	932
861	949
861	959
861	970
861	972
861	976
861	980
861	987
861	990
861	992
862	355
862	412
862	623
862	805
862	810
862	832
862	911
862	928
862	937
862	941
862	948
862	957
862	959
862	977
862	988
862	995
863	256
863	507
863	672
863	868
863	871
863	894
863	903
863	912
863	965
863	966
863	969
863	985
863	993
863	994
863	995
863	997
864	32
864	187
864	506
864	552
864	580
864	583
864	686
864	700
864	767
864	831
864	846
864	892
864	893
864	895
864	989
864	991
865	67
865	235
865	490
865	654
865	814
865	878
865	916
865	931
865	933
865	949
865	970
865	976
865	982
865	983
865	987
865	992
866	44
866	92
866	347
866	571
866	636
866	661
866	685
866	797
866	833
866	847
866	848
866	908
866	914
866	960
866	973
866	974
867	419
867	434
867	463
867	544
867	644
867	772
867	780
867	850
867	880
867	887
867	896
867	922
867	947
867	975
867	996
867	998
868	71
868	410
868	695
868	802
868	824
868	863
868	879
868	881
868	912
868	965
868	969
868	978
868	985
868	993
868	994
868	997
869	33
869	404
869	405
869	431
869	578
869	600
869	649
869	655
869	709
869	817
869	845
869	889
869	902
869	921
869	947
869	956
869	996
870	73
870	480
870	487
870	547
870	710
870	737
870	749
870	750
870	781
870	843
870	853
870	877
870	897
870	942
870	944
870	946
870	951
871	117
871	465
871	495
871	776
871	863
871	917
871	934
871	938
871	940
871	945
871	948
871	955
871	957
871	967
871	986
871	988
871	995
872	24
872	429
872	592
872	825
872	916
872	931
872	933
872	935
872	952
872	959
872	970
872	972
872	976
872	980
872	982
872	987
872	990
873	32
873	57
873	90
873	102
873	356
873	447
873	462
873	506
873	700
873	831
873	860
873	876
873	877
873	895
873	930
873	983
873	991
873	1000
874	78
874	96
874	109
874	665
874	678
874	707
874	885
874	905
874	906
874	915
874	920
874	926
874	953
874	961
874	962
874	978
874	981
874	984
875	217
875	616
875	754
875	765
875	807
875	810
875	899
875	911
875	928
875	934
875	945
875	957
875	958
875	968
875	977
875	981
875	986
875	988
876	66
876	496
876	686
876	727
876	759
876	768
876	787
876	798
876	840
876	860
876	873
876	890
876	892
876	910
876	925
876	957
876	989
876	1000
877	244
877	315
877	435
877	487
877	493
877	601
877	618
877	664
877	689
877	750
877	757
877	846
877	870
877	873
877	897
877	944
877	946
877	951
878	708
878	825
878	834
878	844
878	865
878	916
878	933
878	935
878	952
878	959
878	972
878	979
878	980
878	982
878	987
878	990
878	992
878	995
879	263
879	440
879	450
879	794
879	802
879	822
879	868
879	881
879	886
879	912
879	929
879	964
879	966
879	969
879	985
879	994
879	997
879	999
880	558
880	574
880	621
880	711
880	734
880	769
880	780
880	793
880	845
880	851
880	867
880	889
880	892
880	902
880	924
880	943
880	975
880	998
881	291
881	372
881	739
881	741
881	802
881	815
881	835
881	868
881	879
881	913
881	929
881	964
881	965
881	966
881	969
881	985
881	993
881	994
881	997
882	306
882	339
882	510
882	591
882	592
882	624
882	646
882	653
882	794
882	844
882	933
882	935
882	952
882	959
882	967
882	976
882	980
882	982
882	987
883	237
883	440
883	713
883	714
883	739
883	741
883	752
883	773
883	812
883	903
883	912
883	962
883	964
883	965
883	966
883	969
883	993
883	994
883	997
884	167
884	253
884	371
884	413
884	507
884	585
884	713
884	714
884	773
884	822
884	824
884	903
884	912
884	964
884	966
884	985
884	993
884	994
884	997
885	655
885	656
885	746
885	758
885	778
885	819
885	849
885	874
885	888
885	904
885	906
885	915
885	954
885	961
885	963
885	978
885	981
885	984
885	999
886	393
886	410
886	563
886	596
886	610
886	772
886	824
886	879
886	903
886	912
886	964
886	965
886	966
886	969
886	985
886	991
886	993
886	994
886	997
887	62
887	119
887	160
887	238
887	679
887	694
887	709
887	780
887	800
887	813
887	849
887	867
887	921
887	922
887	927
887	933
887	947
887	996
887	998
888	199
888	322
888	505
888	619
888	648
888	690
888	803
888	852
888	885
888	901
888	926
888	932
888	941
888	953
888	954
888	978
888	979
888	985
888	999
889	134
889	463
889	490
889	495
889	671
889	679
889	777
889	784
889	820
889	851
889	856
889	857
889	869
889	880
889	896
889	947
889	996
889	998
889	1000
890	4
890	75
890	129
890	524
890	740
890	770
890	786
890	840
890	854
890	876
890	892
890	895
890	910
890	925
890	983
890	989
890	991
890	998
890	1000
891	77
891	260
891	414
891	496
891	506
891	515
891	552
891	561
891	730
891	740
891	764
891	768
891	786
891	860
891	897
891	983
891	989
891	991
891	998
891	1000
892	255
892	327
892	425
892	561
892	643
892	686
892	736
892	770
892	831
892	840
892	864
892	876
892	880
892	890
892	910
892	959
892	971
892	983
892	989
892	1000
893	55
893	71
893	321
893	352
893	520
893	531
893	626
893	647
893	727
893	798
893	860
893	864
893	895
893	910
893	936
893	971
893	983
893	989
893	991
893	1000
894	366
894	437
894	451
894	529
894	695
894	714
894	745
894	822
894	824
894	835
894	863
894	929
894	964
894	965
894	966
894	969
894	985
894	993
894	994
894	997
895	57
895	85
895	156
895	379
895	420
895	548
895	570
895	643
895	681
895	730
895	740
895	831
895	864
895	873
895	890
895	893
895	925
895	983
895	991
895	1000
896	18
896	225
896	226
896	237
896	374
896	423
896	473
896	632
896	663
896	691
896	784
896	823
896	856
896	867
896	889
896	929
896	940
896	943
896	947
896	975
896	996
896	998
897	208
897	212
897	246
897	311
897	493
897	620
897	664
897	670
897	673
897	775
897	783
897	811
897	846
897	851
897	859
897	870
897	877
897	891
897	942
897	944
897	946
897	966
898	6
898	89
898	181
898	345
898	373
898	554
898	571
898	593
898	652
898	687
898	731
898	747
898	790
898	797
898	838
898	908
898	914
898	923
898	971
898	973
898	974
898	993
899	580
899	662
899	744
899	766
899	779
899	790
899	828
899	875
899	928
899	937
899	939
899	945
899	948
899	955
899	957
899	958
899	967
899	968
899	977
899	986
899	988
899	995
900	157
900	184
900	195
900	274
900	348
900	490
900	528
900	579
900	632
900	642
900	690
900	755
900	763
900	777
900	799
900	817
900	902
900	904
900	922
900	943
900	947
900	998
901	30
901	164
901	178
901	336
901	680
901	703
901	720
901	738
901	746
901	816
901	852
901	856
901	888
901	904
901	932
901	960
901	961
901	962
901	979
901	981
901	984
901	999
902	81
902	137
902	265
902	298
902	314
902	405
902	644
902	671
902	693
902	736
902	772
902	793
902	795
902	807
902	856
902	857
902	869
902	880
902	900
902	921
902	947
902	998
903	357
903	596
903	602
903	608
903	701
903	802
903	815
903	824
903	863
903	883
903	884
903	886
903	929
903	960
903	964
903	966
903	969
903	983
903	985
903	987
903	993
903	994
903	997
904	62
904	64
904	164
904	218
904	223
904	283
904	357
904	532
904	628
904	648
904	656
904	833
904	837
904	885
904	900
904	901
904	913
904	915
904	923
904	954
904	979
904	981
904	999
905	95
905	109
905	166
905	326
905	383
905	456
905	488
905	497
905	559
905	732
905	746
905	837
905	852
905	874
905	909
905	915
905	932
905	962
905	963
905	974
905	978
905	979
905	981
906	21
906	545
906	697
906	723
906	771
906	776
906	850
906	874
906	885
906	909
906	915
906	919
906	920
906	923
906	924
906	926
906	953
906	961
906	962
906	963
906	978
906	979
906	981
907	16
907	38
907	43
907	198
907	242
907	454
907	455
907	557
907	588
907	617
907	641
907	649
907	655
907	734
907	742
907	789
907	820
907	836
907	857
907	922
907	927
907	992
907	998
908	258
908	267
908	477
908	521
908	551
908	571
908	609
908	636
908	645
908	661
908	685
908	687
908	699
908	735
908	747
908	838
908	847
908	866
908	898
908	960
908	973
908	974
908	993
909	124
909	452
909	498
909	559
909	619
909	621
909	680
909	717
909	729
909	905
909	906
909	913
909	918
909	919
909	923
909	924
909	926
909	936
909	978
909	979
909	981
909	984
909	999
910	26
910	233
910	379
910	457
910	462
910	482
910	491
910	730
910	767
910	768
910	786
910	830
910	840
910	876
910	890
910	892
910	893
910	928
910	930
910	956
910	971
910	989
910	991
910	1000
911	61
911	206
911	224
911	356
911	659
911	733
911	760
911	828
911	853
911	862
911	875
911	917
911	928
911	937
911	938
911	939
911	945
911	955
911	957
911	967
911	977
911	988
911	993
911	995
912	28
912	161
912	491
912	525
912	568
912	603
912	739
912	745
912	822
912	863
912	868
912	879
912	883
912	884
912	886
912	929
912	964
912	965
912	966
912	969
912	985
912	993
912	994
912	997
913	290
913	378
913	458
913	497
913	532
913	552
913	565
913	598
913	680
913	756
913	791
913	816
913	839
913	855
913	881
913	904
913	909
913	918
913	923
913	932
913	961
913	962
913	978
913	999
914	139
914	181
914	231
914	264
914	342
914	373
914	609
914	645
914	652
914	661
914	699
914	788
914	790
914	797
914	826
914	838
914	847
914	848
914	866
914	898
914	942
914	960
914	973
914	989
915	125
915	209
915	619
915	646
915	693
915	748
915	782
915	816
915	819
915	833
915	849
915	874
915	885
915	904
915	905
915	906
915	920
915	924
915	941
915	953
915	961
915	978
915	979
915	984
915	999
916	10
916	106
916	556
916	624
916	654
916	660
916	814
916	834
916	865
916	872
916	878
916	949
916	950
916	952
916	967
916	968
916	970
916	972
916	976
916	980
916	982
916	987
916	990
916	992
916	994
917	33
917	37
917	191
917	446
917	676
917	683
917	761
917	779
917	871
917	911
917	929
917	934
917	938
917	945
917	948
917	955
917	957
917	958
917	961
917	967
917	968
917	977
917	986
917	988
917	995
918	34
918	88
918	125
918	181
918	254
918	453
918	464
918	472
918	475
918	684
918	707
918	849
918	852
918	909
918	913
918	924
918	926
918	941
918	961
918	963
918	972
918	981
918	984
918	994
918	999
919	135
919	155
919	464
919	484
919	622
919	678
919	692
919	719
919	732
919	849
919	850
919	858
919	906
919	909
919	923
919	924
919	936
919	953
919	954
919	962
919	963
919	967
919	978
919	979
919	981
920	23
920	79
920	190
920	236
920	295
920	345
920	512
920	720
920	738
920	791
920	803
920	839
920	874
920	906
920	915
920	923
920	926
920	953
920	954
920	961
920	962
920	963
920	979
920	984
920	985
921	9
921	174
921	391
921	394
921	473
921	544
921	557
921	579
921	604
921	634
921	715
921	784
921	823
921	836
921	869
921	887
921	902
921	940
921	951
921	956
921	975
921	982
921	996
921	998
921	1000
922	180
922	294
922	348
922	349
922	528
922	564
922	632
922	679
922	691
922	698
922	734
922	799
922	807
922	851
922	857
922	867
922	887
922	900
922	907
922	927
922	942
922	955
922	956
922	996
922	998
923	25
923	30
923	63
923	239
923	299
923	322
923	396
923	409
923	652
923	674
923	717
923	791
923	819
923	898
923	904
923	906
923	909
923	913
923	919
923	920
923	926
923	932
923	954
923	962
923	999
924	88
924	125
924	133
924	171
924	306
924	407
924	421
924	519
924	599
924	630
924	707
924	746
924	778
924	803
924	880
924	906
924	909
924	915
924	918
924	919
924	941
924	954
924	961
924	963
924	984
924	999
925	19
925	364
925	414
925	546
925	567
925	570
925	580
925	595
925	702
925	721
925	730
925	740
925	762
925	787
925	801
925	827
925	876
925	890
925	895
925	930
925	965
925	971
925	983
925	989
925	991
925	1000
926	79
926	458
926	475
926	665
926	675
926	720
926	803
926	855
926	874
926	888
926	906
926	909
926	918
926	920
926	923
926	936
926	953
926	962
926	963
926	964
926	974
926	979
926	981
926	984
926	989
926	999
927	146
927	363
927	472
927	544
927	564
927	577
927	579
927	596
927	649
927	679
927	694
927	705
927	777
927	780
927	792
927	807
927	817
927	851
927	856
927	887
927	907
927	922
927	947
927	975
927	996
927	998
928	399
928	547
928	607
928	706
928	726
928	744
928	761
928	805
928	832
928	854
928	862
928	875
928	899
928	910
928	911
928	937
928	939
928	945
928	948
928	955
928	967
928	968
928	977
928	988
928	989
928	995
929	39
929	120
929	484
929	539
929	608
929	695
929	714
929	745
929	812
929	822
929	835
929	879
929	881
929	894
929	896
929	903
929	912
929	917
929	964
929	965
929	966
929	969
929	985
929	993
929	994
929	997
930	221
930	335
930	352
930	425
930	428
930	530
930	567
930	702
930	730
930	741
930	767
930	768
930	774
930	798
930	801
930	827
930	831
930	873
930	910
930	925
930	953
930	971
930	983
930	989
930	991
930	1000
931	93
931	242
931	436
931	494
931	537
931	562
931	577
931	597
931	650
931	716
931	806
931	809
931	865
931	872
931	933
931	935
931	949
931	959
931	970
931	976
931	980
931	982
931	984
931	987
931	990
931	992
931	993
932	80
932	164
932	421
932	452
932	475
932	559
932	586
932	680
932	701
932	703
932	745
932	804
932	819
932	861
932	888
932	901
932	905
932	913
932	923
932	941
932	953
932	954
932	961
932	963
932	978
932	981
932	999
933	115
933	430
933	441
933	549
933	553
933	587
933	839
933	865
933	872
933	878
933	882
933	887
933	931
933	935
933	946
933	949
933	950
933	952
933	959
933	970
933	972
933	976
933	980
933	982
933	987
933	990
933	992
934	241
934	247
934	266
934	303
934	443
934	445
934	510
934	616
934	623
934	676
934	758
934	760
934	766
934	779
934	805
934	871
934	875
934	917
934	938
934	955
934	958
934	967
934	968
934	972
934	986
934	988
934	995
935	9
935	10
935	106
935	138
935	249
935	312
935	546
935	704
935	708
935	728
935	809
935	814
935	872
935	878
935	882
935	931
935	933
935	944
935	949
935	952
935	959
935	972
935	976
935	980
935	982
935	990
935	992
936	175
936	322
936	358
936	456
936	531
936	665
936	675
936	684
936	707
936	720
936	742
936	746
936	748
936	804
936	816
936	819
936	833
936	893
936	909
936	919
936	926
936	953
936	954
936	961
936	978
936	979
936	999
937	83
937	319
937	401
937	403
937	438
937	616
937	683
937	754
937	766
937	779
937	808
937	810
937	832
937	854
937	862
937	899
937	911
937	928
937	938
937	939
937	955
937	958
937	967
937	968
937	982
937	986
937	988
937	995
938	46
938	342
938	426
938	465
938	560
938	604
938	706
938	743
938	754
938	758
938	776
938	832
938	871
938	911
938	917
938	934
938	937
938	939
938	946
938	948
938	955
938	957
938	958
938	967
938	968
938	977
938	986
938	988
939	52
939	163
939	189
939	438
939	478
939	643
939	726
939	743
939	758
939	760
939	761
939	776
939	854
939	899
939	911
939	928
939	937
939	938
939	945
939	948
939	955
939	957
939	958
939	977
939	984
939	986
939	988
939	995
939	998
940	2
940	18
940	59
940	128
940	280
940	294
940	317
940	324
940	340
940	343
940	394
940	574
940	633
940	668
940	710
940	711
940	742
940	755
940	784
940	789
940	820
940	823
940	836
940	871
940	896
940	921
940	947
940	975
940	998
941	175
941	377
941	407
941	432
941	622
941	717
941	719
941	782
941	791
941	810
941	818
941	837
941	849
941	855
941	862
941	888
941	915
941	918
941	924
941	932
941	953
941	961
941	962
941	963
941	978
941	981
941	984
941	996
941	999
942	185
942	200
942	244
942	276
942	433
942	459
942	479
942	487
942	522
942	572
942	576
942	601
942	605
942	677
942	737
942	749
942	750
942	757
942	843
942	846
942	858
942	870
942	897
942	914
942	922
942	944
942	946
942	949
942	951
943	68
943	128
943	169
943	174
943	459
943	544
943	557
943	617
943	679
943	688
943	709
943	710
943	769
943	780
943	789
943	792
943	799
943	820
943	836
943	845
943	851
943	880
943	896
943	900
943	956
943	975
943	976
943	979
943	996
943	998
944	105
944	250
944	308
944	323
944	459
944	471
944	493
944	513
944	517
944	554
944	565
944	640
944	677
944	689
944	696
944	697
944	725
944	737
944	749
944	751
944	775
944	783
944	811
944	870
944	877
944	897
944	935
944	942
944	946
944	951
945	36
945	61
945	227
945	316
945	412
945	518
945	606
945	607
945	616
945	676
945	758
945	766
945	779
945	808
945	871
945	875
945	899
945	911
945	917
945	928
945	939
945	948
945	955
945	958
945	967
945	968
945	977
945	980
945	986
945	988
945	995
946	15
946	22
946	220
946	246
946	250
946	308
946	338
946	513
946	547
946	565
946	572
946	576
946	640
946	664
946	673
946	689
946	775
946	781
946	785
946	811
946	853
946	858
946	860
946	870
946	877
946	897
946	933
946	938
946	942
946	944
946	951
947	143
947	245
947	301
947	391
947	420
947	503
947	578
947	612
947	617
947	714
947	715
947	769
947	770
947	792
947	793
947	795
947	799
947	813
947	857
947	867
947	869
947	887
947	889
947	896
947	900
947	902
947	927
947	940
947	956
947	984
947	996
948	52
948	297
948	316
948	356
948	399
948	406
948	426
948	501
948	583
948	650
948	667
948	744
948	810
948	828
948	855
948	862
948	871
948	899
948	917
948	928
948	938
948	939
948	945
948	955
948	957
948	958
948	967
948	968
948	973
948	977
948	986
948	988
948	995
949	7
949	112
949	115
949	424
949	436
949	476
949	589
949	597
949	650
949	716
949	748
949	753
949	759
949	821
949	834
949	841
949	842
949	861
949	865
949	916
949	931
949	933
949	935
949	942
949	950
949	959
949	972
949	976
949	977
949	980
949	982
949	987
949	990
949	992
950	20
950	73
950	145
950	209
950	324
950	375
950	441
950	508
950	551
950	587
950	597
950	660
950	716
950	753
950	759
950	809
950	814
950	834
950	841
950	842
950	916
950	933
950	949
950	952
950	959
950	970
950	972
950	975
950	980
950	982
950	987
950	989
950	990
950	992
951	227
951	232
951	276
951	331
951	338
951	353
951	366
951	435
951	459
951	479
951	504
951	547
951	572
951	620
951	640
951	724
951	725
951	751
951	757
951	775
951	783
951	785
951	811
951	846
951	853
951	859
951	870
951	877
951	921
951	942
951	944
951	946
951	961
951	999
952	172
952	339
952	381
952	385
952	398
952	424
952	441
952	494
952	581
952	646
952	654
952	704
952	722
952	806
952	814
952	821
952	825
952	834
952	872
952	878
952	882
952	916
952	933
952	935
952	950
952	969
952	970
952	972
952	979
952	980
952	982
952	987
952	990
952	992
953	8
953	21
953	23
953	63
953	70
953	104
953	183
953	358
953	498
953	535
953	550
953	723
953	748
953	778
953	839
953	852
953	855
953	874
953	888
953	906
953	915
953	919
953	920
953	926
953	930
953	932
953	936
953	941
953	963
953	967
953	979
953	980
953	981
953	984
953	999
954	48
954	109
954	126
954	171
954	194
954	228
954	259
954	270
954	293
954	535
954	550
954	590
954	628
954	630
954	635
954	684
954	722
954	818
954	833
954	837
954	885
954	888
954	904
954	919
954	920
954	923
954	924
954	932
954	936
954	962
954	970
954	971
954	978
954	979
954	981
954	984
955	47
955	240
955	303
955	310
955	406
955	495
955	659
955	662
955	676
955	706
955	733
955	743
955	744
955	760
955	765
955	791
955	871
955	899
955	911
955	917
955	922
955	928
955	934
955	937
955	938
955	939
955	945
955	948
955	957
955	958
955	968
955	977
955	986
955	988
955	995
955	997
956	188
956	294
956	343
956	397
956	413
956	466
956	470
956	517
956	578
956	604
956	617
956	621
956	642
956	644
956	705
956	709
956	734
956	754
956	784
956	789
956	792
956	795
956	799
956	813
956	817
956	823
956	845
956	869
956	910
956	921
956	922
956	943
956	947
956	970
956	975
956	996
956	998
957	17
957	147
957	219
957	266
957	272
957	337
957	355
957	398
957	403
957	438
957	501
957	560
957	662
957	744
957	760
957	766
957	776
957	779
957	805
957	854
957	862
957	871
957	875
957	876
957	899
957	911
957	917
957	938
957	939
957	948
957	955
957	958
957	967
957	968
957	975
957	977
957	983
957	995
958	46
958	69
958	113
958	116
958	279
958	316
958	555
958	594
958	659
958	676
958	706
958	726
958	743
958	744
958	776
958	805
958	808
958	810
958	832
958	854
958	875
958	899
958	917
958	934
958	937
958	938
958	939
958	945
958	948
958	955
958	957
958	963
958	965
958	967
958	968
958	986
958	988
958	995
959	111
959	138
959	235
959	257
959	305
959	538
959	562
959	566
959	577
959	653
959	716
959	728
959	794
959	809
959	814
959	825
959	834
959	841
959	861
959	862
959	872
959	878
959	882
959	892
959	931
959	933
959	935
959	949
959	950
959	970
959	973
959	976
959	980
959	982
959	987
959	990
959	992
959	1000
960	6
960	44
960	83
960	89
960	92
960	127
960	149
960	159
960	162
960	172
960	234
960	345
960	351
960	373
960	468
960	477
960	540
960	554
960	627
960	661
960	666
960	680
960	687
960	699
960	718
960	731
960	735
960	788
960	790
960	826
960	829
960	847
960	848
960	866
960	901
960	903
960	908
960	914
960	973
960	974
961	48
961	126
961	133
961	144
961	236
961	336
961	383
961	427
961	458
961	512
961	545
961	590
961	625
961	631
961	637
961	692
961	723
961	732
961	819
961	837
961	839
961	874
961	885
961	901
961	906
961	913
961	915
961	917
961	918
961	920
961	924
961	932
961	936
961	941
961	951
961	962
961	963
961	978
961	979
961	984
961	986
961	999
962	95
962	96
962	136
962	236
962	277
962	319
962	464
962	511
962	512
962	678
962	680
962	682
962	716
962	720
962	732
962	737
962	738
962	782
962	804
962	816
962	837
962	839
962	849
962	852
962	874
962	883
962	901
962	905
962	906
962	913
962	919
962	920
962	923
962	926
962	941
962	954
962	961
962	963
962	968
962	978
962	979
962	984
963	25
963	130
963	318
963	371
963	377
963	383
963	429
963	488
963	523
963	584
963	586
963	613
963	630
963	703
963	729
963	791
963	803
963	833
963	837
963	845
963	849
963	850
963	855
963	885
963	905
963	906
963	918
963	919
963	920
963	924
963	926
963	932
963	941
963	953
963	958
963	961
963	962
963	966
963	978
963	979
963	981
963	999
964	54
964	154
964	167
964	216
964	309
964	370
964	384
964	399
964	418
964	539
964	541
964	555
964	582
964	585
964	611
964	695
964	713
964	714
964	752
964	773
964	795
964	812
964	815
964	824
964	835
964	838
964	879
964	881
964	883
964	884
964	886
964	894
964	903
964	912
964	926
964	929
964	965
964	966
964	969
964	985
964	993
964	994
964	997
965	37
965	41
965	58
965	103
965	108
965	142
965	307
965	328
965	370
965	384
965	416
965	418
965	450
965	489
965	539
965	541
965	568
965	611
965	651
965	672
965	701
965	713
965	739
965	745
965	752
965	822
965	854
965	863
965	868
965	881
965	883
965	886
965	894
965	912
965	925
965	929
965	958
965	964
965	966
965	969
965	985
965	993
965	997
966	27
966	39
966	65
966	158
966	243
966	307
966	450
966	563
966	582
966	602
966	608
966	651
966	672
966	701
966	739
966	741
966	752
966	773
966	796
966	802
966	812
966	822
966	824
966	835
966	863
966	879
966	881
966	883
966	884
966	886
966	894
966	897
966	903
966	912
966	929
966	963
966	964
966	965
966	969
966	985
966	993
966	994
966	997
967	51
967	113
967	177
967	189
967	279
967	325
967	353
967	399
967	426
967	474
967	607
967	623
967	662
967	706
967	754
967	758
967	765
967	766
967	810
967	832
967	854
967	871
967	882
967	899
967	911
967	916
967	917
967	919
967	928
967	934
967	937
967	938
967	945
967	948
967	953
967	957
967	958
967	968
967	977
967	986
967	988
967	989
967	995
968	17
968	114
968	116
968	148
968	219
968	241
968	269
968	289
968	337
968	403
968	518
968	659
968	683
968	749
968	754
968	758
968	761
968	776
968	805
968	808
968	810
968	828
968	832
968	854
968	875
968	899
968	916
968	917
968	928
968	934
968	937
968	938
968	945
968	948
968	955
968	957
968	958
968	962
968	967
968	977
968	986
968	991
968	995
969	177
969	284
969	309
969	372
969	386
969	437
969	440
969	451
969	489
969	535
969	541
969	555
969	585
969	651
969	671
969	695
969	741
969	773
969	802
969	812
969	815
969	820
969	822
969	824
969	835
969	863
969	868
969	879
969	881
969	883
969	886
969	894
969	903
969	912
969	929
969	952
969	964
969	965
969	966
969	985
969	993
969	994
969	997
970	1
970	203
970	310
970	359
970	385
970	408
970	424
970	437
970	481
970	485
970	499
970	551
970	556
970	566
970	581
970	633
970	708
970	722
970	759
970	794
970	806
970	821
970	833
970	834
970	841
970	842
970	861
970	865
970	872
970	916
970	931
970	933
970	950
970	952
970	954
970	956
970	959
970	972
970	976
970	980
970	982
970	987
970	990
970	992
971	77
971	140
971	176
971	255
971	278
971	281
971	320
971	321
971	335
971	425
971	449
971	482
971	491
971	520
971	526
971	548
971	580
971	643
971	645
971	647
971	658
971	686
971	700
971	762
971	764
971	767
971	796
971	798
971	827
971	830
971	840
971	855
971	860
971	892
971	893
971	898
971	910
971	925
971	930
971	954
971	972
971	983
971	989
971	991
971	1000
972	43
972	54
972	67
972	123
972	285
972	312
972	390
972	408
972	411
972	460
972	499
972	543
972	562
972	581
972	587
972	592
972	624
972	794
972	806
972	814
972	819
972	821
972	825
972	841
972	842
972	844
972	861
972	872
972	878
972	916
972	918
972	933
972	934
972	935
972	949
972	950
972	952
972	970
972	971
972	976
972	980
972	982
972	987
972	990
972	992
973	12
973	24
973	40
973	99
973	122
973	127
973	150
973	264
973	347
973	444
973	468
973	521
973	540
973	554
973	593
973	609
973	636
973	645
973	652
973	661
973	666
973	685
973	687
973	718
973	723
973	731
973	735
973	747
973	788
973	790
973	826
973	829
973	838
973	847
973	848
973	852
973	866
973	898
973	908
973	914
973	948
973	959
973	960
973	974
973	996
974	6
974	12
974	31
974	89
974	139
974	149
974	159
974	172
974	196
974	205
974	234
974	345
974	347
974	351
974	439
974	444
974	467
974	468
974	521
974	540
974	554
974	627
974	636
974	685
974	687
974	699
974	708
974	718
974	731
974	735
974	747
974	788
974	790
974	797
974	826
974	829
974	838
974	847
974	848
974	866
974	898
974	905
974	908
974	926
974	960
974	973
975	152
975	206
975	282
975	314
975	343
975	367
975	392
975	466
975	490
975	503
975	558
975	564
975	612
975	613
975	615
975	632
975	639
975	649
975	657
975	679
975	682
975	690
975	691
975	694
975	710
975	711
975	742
975	763
975	777
975	779
975	799
975	820
975	823
975	835
975	836
975	856
975	867
975	880
975	896
975	921
975	927
975	940
975	943
975	950
975	956
975	957
975	996
975	998
976	60
976	84
976	145
976	203
976	261
976	378
976	385
976	390
976	408
976	441
976	485
976	508
976	556
976	587
976	591
976	631
976	633
976	650
976	653
976	704
976	722
976	753
976	759
976	788
976	794
976	797
976	806
976	809
976	834
976	841
976	842
976	844
976	861
976	865
976	872
976	882
976	916
976	931
976	933
976	935
976	943
976	949
976	959
976	970
976	972
976	980
976	987
976	990
976	992
977	11
977	17
977	29
977	36
977	69
977	116
977	211
977	224
977	240
977	265
977	266
977	325
977	382
977	406
977	426
977	443
977	474
977	478
977	495
977	518
977	525
977	530
977	560
977	659
977	667
977	726
977	743
977	754
977	758
977	760
977	765
977	779
977	828
977	832
977	854
977	862
977	875
977	899
977	911
977	917
977	928
977	938
977	939
977	945
977	948
977	949
977	955
977	957
977	967
977	968
977	986
977	988
977	995
978	80
978	100
978	168
978	214
978	230
978	262
978	304
978	358
978	415
978	421
978	452
978	464
978	502
978	519
978	584
978	622
978	648
978	697
978	707
978	717
978	720
978	723
978	782
978	791
978	804
978	818
978	833
978	837
978	839
978	855
978	859
978	868
978	874
978	885
978	888
978	905
978	906
978	909
978	913
978	915
978	919
978	932
978	936
978	941
978	954
978	961
978	962
978	963
978	979
978	981
978	984
978	995
978	999
979	55
979	118
979	155
979	277
979	295
979	326
979	368
979	371
979	374
979	422
979	432
979	453
979	488
979	536
979	559
979	569
979	598
979	628
979	629
979	665
979	682
979	684
979	703
979	729
979	803
979	804
979	816
979	818
979	849
979	850
979	878
979	888
979	901
979	904
979	905
979	906
979	909
979	915
979	919
979	920
979	926
979	936
979	943
979	952
979	953
979	954
979	961
979	962
979	963
979	978
979	984
979	991
979	993
979	999
980	7
980	111
980	123
980	184
980	201
980	203
980	249
980	285
980	310
980	346
980	375
980	381
980	460
980	481
980	492
980	494
980	509
980	553
980	581
980	602
980	646
980	653
980	704
980	708
980	722
980	728
980	750
980	753
980	759
980	793
980	794
980	806
980	834
980	842
980	861
980	872
980	878
980	882
980	916
980	931
980	933
980	935
980	945
980	949
980	950
980	952
980	953
980	959
980	970
980	972
980	976
980	982
980	987
980	990
980	992
981	12
981	23
981	110
981	135
981	171
981	183
981	209
981	228
981	374
981	383
981	407
981	421
981	432
981	484
981	505
981	584
981	586
981	598
981	599
981	625
981	629
981	635
981	648
981	656
981	678
981	697
981	703
981	729
981	740
981	743
981	756
981	778
981	804
981	816
981	819
981	852
981	855
981	874
981	875
981	885
981	901
981	904
981	905
981	906
981	909
981	918
981	919
981	926
981	932
981	941
981	953
981	954
981	963
981	978
981	992
981	999
982	73
982	300
982	305
982	341
982	346
982	365
982	408
982	411
982	460
982	476
982	483
982	485
982	492
982	494
982	510
982	537
982	543
982	553
982	556
982	566
982	592
982	631
982	646
982	653
982	654
982	704
982	716
982	728
982	753
982	759
982	794
982	809
982	814
982	821
982	828
982	834
982	841
982	844
982	865
982	872
982	878
982	882
982	916
982	921
982	931
982	933
982	935
982	937
982	949
982	950
982	952
982	959
982	970
982	972
982	980
982	987
982	990
982	991
982	992
982	997
983	26
983	45
983	76
983	85
983	100
983	101
983	102
983	129
983	170
983	222
983	268
983	275
983	278
983	281
983	360
983	449
983	457
983	461
983	462
983	496
983	520
983	524
983	526
983	530
983	546
983	548
983	561
983	573
983	575
983	580
983	592
983	647
983	700
983	721
983	730
983	757
983	764
983	768
983	770
983	774
983	786
983	827
983	830
983	831
983	840
983	860
983	865
983	873
983	890
983	891
983	892
983	893
983	895
983	903
983	925
983	930
983	957
983	971
983	989
983	991
983	1000
984	130
984	168
984	199
984	218
984	223
984	322
984	333
984	368
984	371
984	377
984	380
984	409
984	434
984	448
984	452
984	453
984	458
984	502
984	511
984	519
984	529
984	533
984	535
984	562
984	590
984	619
984	625
984	672
984	674
984	682
984	707
984	723
984	729
984	738
984	756
984	778
984	782
984	791
984	803
984	819
984	849
984	852
984	874
984	885
984	901
984	909
984	915
984	918
984	920
984	924
984	926
984	931
984	939
984	941
984	947
984	953
984	954
984	961
984	962
984	978
984	979
984	999
985	28
985	35
985	41
985	53
985	58
985	91
985	108
985	151
985	154
985	271
985	307
985	315
985	328
985	350
985	363
985	393
985	400
985	416
985	418
985	440
985	489
985	500
985	525
985	555
985	563
985	568
985	582
985	585
985	608
985	611
985	638
985	651
985	675
985	695
985	741
985	745
985	752
985	756
985	773
985	802
985	812
985	815
985	835
985	863
985	868
985	879
985	881
985	884
985	886
985	888
985	894
985	903
985	912
985	920
985	929
985	964
985	965
985	966
985	969
985	987
985	993
985	994
985	997
986	29
986	37
986	61
986	65
986	113
986	114
986	137
986	147
986	163
986	224
986	241
986	269
986	289
986	292
986	325
986	353
986	382
986	388
986	403
986	443
986	446
986	478
986	505
986	583
986	607
986	616
986	659
986	667
986	676
986	683
986	706
986	726
986	743
986	754
986	758
986	760
986	761
986	765
986	769
986	779
986	781
986	805
986	810
986	828
986	832
986	853
986	854
986	871
986	875
986	899
986	917
986	934
986	937
986	938
986	939
986	945
986	948
986	955
986	958
986	961
986	967
986	968
986	977
986	988
986	990
986	995
987	1
987	25
987	60
987	78
987	84
987	93
987	111
987	115
987	161
987	184
987	201
987	207
987	305
987	339
987	359
987	411
987	460
987	476
987	508
987	509
987	534
987	537
987	538
987	551
987	562
987	577
987	587
987	589
987	591
987	624
987	650
987	654
987	708
987	722
987	753
987	806
987	808
987	809
987	825
987	834
987	841
987	842
987	844
987	850
987	861
987	865
987	872
987	878
987	882
987	903
987	916
987	931
987	933
987	949
987	950
987	952
987	959
987	970
987	972
987	976
987	980
987	982
987	985
987	990
987	992
987	993
988	33
988	51
988	166
988	192
988	230
988	239
988	240
988	272
988	279
988	289
988	316
988	325
988	337
988	355
988	388
988	412
988	445
988	446
988	465
988	467
988	474
988	478
988	501
988	522
988	560
988	583
988	594
988	609
988	623
988	662
988	667
988	683
988	726
988	733
988	743
988	744
988	755
988	758
988	760
988	761
988	765
988	766
988	779
988	805
988	806
988	808
988	828
988	832
988	858
988	862
988	871
988	875
988	899
988	911
988	917
988	928
988	934
988	937
988	938
988	939
988	945
988	948
988	955
988	958
988	967
988	977
988	986
988	995
989	4
989	19
989	26
989	66
989	77
989	140
989	233
989	268
989	302
989	360
989	428
989	442
989	447
989	482
989	491
989	506
989	515
989	531
989	546
989	548
989	561
989	567
989	570
989	573
989	575
989	614
989	626
989	647
989	658
989	668
989	681
989	700
989	721
989	730
989	736
989	740
989	762
989	764
989	767
989	768
989	770
989	771
989	786
989	787
989	796
989	798
989	830
989	831
989	840
989	864
989	876
989	890
989	891
989	892
989	893
989	910
989	914
989	925
989	926
989	928
989	930
989	950
989	967
989	971
989	983
989	991
989	999
989	1000
990	54
990	60
990	84
990	123
990	201
990	214
990	249
990	306
990	324
990	346
990	373
990	385
990	390
990	436
990	481
990	485
990	499
990	509
990	510
990	534
990	543
990	577
990	589
990	591
990	597
990	624
990	633
990	646
990	650
990	654
990	660
990	702
990	704
990	708
990	722
990	753
990	759
990	768
990	774
990	794
990	806
990	814
990	821
990	825
990	841
990	842
990	844
990	861
990	872
990	878
990	916
990	931
990	933
990	935
990	949
990	950
990	952
990	959
990	970
990	972
990	976
990	980
990	982
990	986
990	987
990	992
990	997
990	1000
991	3
991	32
991	50
991	55
991	101
991	187
991	204
991	218
991	221
991	233
991	255
991	288
991	302
991	320
991	327
991	335
991	344
991	354
991	360
991	364
991	395
991	414
991	442
991	447
991	455
991	482
991	524
991	548
991	561
991	570
991	573
991	614
991	626
991	643
991	658
991	681
991	686
991	702
991	721
991	727
991	736
991	762
991	767
991	768
991	770
991	774
991	787
991	798
991	801
991	830
991	831
991	860
991	864
991	873
991	886
991	890
991	891
991	893
991	895
991	910
991	925
991	930
991	968
991	971
991	979
991	982
991	983
991	989
991	1000
992	13
992	93
992	106
992	112
992	207
992	257
992	285
992	291
992	300
992	306
992	310
992	312
992	359
992	398
992	436
992	476
992	481
992	483
992	485
992	492
992	494
992	499
992	509
992	534
992	538
992	549
992	553
992	566
992	577
992	587
992	592
992	624
992	631
992	633
992	646
992	650
992	654
992	660
992	708
992	727
992	728
992	753
992	759
992	785
992	798
992	818
992	841
992	842
992	844
992	861
992	865
992	878
992	907
992	916
992	931
992	933
992	935
992	949
992	950
992	952
992	959
992	970
992	972
992	976
992	980
992	981
992	982
992	987
992	990
993	27
993	53
993	71
993	103
993	108
993	120
993	158
993	215
993	243
993	284
993	328
993	357
993	384
993	386
993	400
993	410
993	416
993	418
993	450
993	451
993	489
993	500
993	507
993	525
993	534
993	555
993	563
993	582
993	585
993	596
993	602
993	603
993	610
993	611
993	638
993	651
993	672
993	695
993	701
993	713
993	714
993	739
993	741
993	745
993	752
993	802
993	812
993	815
993	824
993	835
993	863
993	868
993	881
993	883
993	884
993	886
993	894
993	898
993	903
993	908
993	911
993	912
993	929
993	931
993	964
993	965
993	966
993	969
993	979
993	985
993	987
993	994
993	997
994	14
994	38
994	91
994	103
994	124
994	141
994	142
994	151
994	158
994	165
994	167
994	256
994	263
994	287
994	292
994	307
994	309
994	328
994	350
994	370
994	372
994	393
994	400
994	416
994	430
994	450
994	451
994	500
994	507
994	525
994	541
994	555
994	563
994	568
994	582
994	596
994	602
994	603
994	610
994	611
994	638
994	651
994	695
994	701
994	713
994	718
994	739
994	741
994	745
994	752
994	765
994	773
994	801
994	802
994	815
994	822
994	824
994	848
994	863
994	868
994	879
994	881
994	883
994	884
994	886
994	894
994	903
994	912
994	916
994	918
994	929
994	964
994	966
994	969
994	985
994	993
994	995
994	997
995	29
995	46
995	94
995	98
995	114
995	117
995	137
995	148
995	166
995	192
995	211
995	217
995	219
995	272
995	337
995	353
995	365
995	369
995	382
995	388
995	406
995	438
995	443
995	445
995	465
995	467
995	474
995	478
995	495
995	501
995	504
995	518
995	560
995	568
995	594
995	607
995	616
995	623
995	634
995	662
995	676
995	683
995	706
995	733
995	743
995	744
995	754
995	765
995	766
995	776
995	805
995	808
995	810
995	828
995	832
995	854
995	862
995	863
995	871
995	878
995	899
995	911
995	917
995	928
995	934
995	937
995	939
995	945
995	948
995	955
995	957
995	958
995	967
995	968
995	977
995	978
995	986
995	988
995	994
996	107
996	119
996	153
996	165
996	179
996	213
996	261
996	265
996	274
996	340
996	343
996	369
996	391
996	413
996	417
996	420
996	423
996	461
996	463
996	465
996	466
996	468
996	473
996	514
996	516
996	528
996	542
996	558
996	574
996	578
996	593
996	595
996	604
996	612
996	613
996	617
996	621
996	634
996	639
996	642
996	644
996	657
996	663
996	688
996	690
996	691
996	698
996	705
996	709
996	711
996	715
996	742
996	755
996	763
996	769
996	772
996	777
996	784
996	789
996	792
996	799
996	800
996	817
996	820
996	836
996	851
996	860
996	867
996	869
996	887
996	889
996	896
996	921
996	922
996	927
996	941
996	943
996	947
996	956
996	973
996	975
996	998
997	14
997	27
997	28
997	35
997	38
997	39
997	41
997	53
997	58
997	91
997	120
997	124
997	141
997	151
997	215
997	216
997	243
997	253
997	256
997	263
997	271
997	284
997	287
997	292
997	309
997	350
997	357
997	368
997	372
997	384
997	386
997	393
997	400
997	415
997	437
997	451
997	489
997	500
997	541
997	563
997	579
997	582
997	585
997	596
997	602
997	603
997	608
997	610
997	611
997	638
997	651
997	672
997	676
997	701
997	713
997	714
997	741
997	745
997	773
997	802
997	812
997	815
997	822
997	824
997	835
997	863
997	868
997	879
997	881
997	883
997	884
997	886
997	894
997	903
997	912
997	929
997	955
997	964
997	965
997	966
997	969
997	982
997	985
997	990
997	993
997	994
997	999
998	2
998	16
998	18
998	49
998	82
998	97
998	134
998	142
998	157
998	188
998	191
998	206
998	213
998	226
998	252
998	269
998	280
998	317
998	340
998	348
998	413
998	417
998	420
998	423
998	431
998	461
998	463
998	473
998	516
998	557
998	558
998	559
998	564
998	574
998	588
998	600
998	604
998	612
998	613
998	615
998	617
998	634
998	641
998	644
998	655
998	668
998	671
998	679
998	684
998	693
998	694
998	706
998	709
998	711
998	715
998	755
998	763
998	777
998	780
998	789
998	793
998	800
998	802
998	807
998	817
998	820
998	823
998	845
998	857
998	867
998	880
998	887
998	889
998	890
998	891
998	896
998	900
998	902
998	907
998	921
998	922
998	927
998	939
998	940
998	943
998	956
998	975
998	996
999	8
999	21
999	30
999	34
999	42
999	64
999	72
999	88
999	133
999	192
999	193
999	230
999	254
999	262
999	270
999	299
999	318
999	333
999	336
999	362
999	415
999	448
999	452
999	458
999	484
999	486
999	497
999	498
999	502
999	511
999	519
999	523
999	533
999	559
999	569
999	584
999	599
999	606
999	619
999	628
999	630
999	648
999	656
999	674
999	675
999	678
999	680
999	682
999	684
999	692
999	697
999	709
999	717
999	719
999	723
999	732
999	738
999	746
999	778
999	782
999	787
999	791
999	816
999	818
999	821
999	833
999	837
999	850
999	879
999	885
999	888
999	901
999	904
999	909
999	913
999	915
999	918
999	923
999	924
999	926
999	932
999	936
999	941
999	951
999	953
999	961
999	963
999	978
999	979
999	981
999	984
999	989
999	997
1000	3
1000	45
1000	56
1000	57
1000	66
1000	74
1000	75
1000	76
1000	140
1000	187
1000	189
1000	210
1000	222
1000	273
1000	275
1000	278
1000	281
1000	302
1000	320
1000	321
1000	327
1000	330
1000	335
1000	344
1000	360
1000	367
1000	379
1000	389
1000	395
1000	425
1000	428
1000	442
1000	447
1000	449
1000	457
1000	469
1000	482
1000	491
1000	496
1000	506
1000	520
1000	524
1000	530
1000	531
1000	546
1000	552
1000	570
1000	573
1000	575
1000	614
1000	626
1000	628
1000	643
1000	647
1000	664
1000	681
1000	685
1000	686
1000	700
1000	702
1000	712
1000	721
1000	727
1000	730
1000	736
1000	740
1000	751
1000	762
1000	768
1000	771
1000	774
1000	786
1000	787
1000	796
1000	798
1000	801
1000	827
1000	830
1000	840
1000	860
1000	873
1000	876
1000	889
1000	890
1000	891
1000	892
1000	893
1000	895
1000	910
1000	921
1000	925
1000	930
1000	959
1000	971
1000	983
1000	989
1000	990
1000	991
