1	173
1	347
1	989
2	78
2	971
2	998
3	709
3	975
3	980
4	960
4	961
4	962
5	789
5	937
5	972
6	605
6	963
6	966
7	856
7	904
7	985
8	978
8	995
8	999
9	916
9	966
9	970
10	983
10	988
10	991
11	428
11	973
11	997
12	962
12	964
12	978
13	891
13	950
13	987
14	792
14	952
14	979
15	788
15	899
15	938
16	153
16	942
16	975
17	247
17	988
17	991
18	202
18	242
18	918
19	376
19	981
19	987
20	928
20	951
20	995
21	814
21	918
21	956
22	357
22	989
22	998
23	795
23	968
23	990
24	540
24	981
24	986
25	939
25	972
25	977
26	255
26	965
26	989
27	687
27	908
27	970
28	983
28	988
28	991
29	419
29	860
29	917
30	949
30	960
30	964
31	506
31	525
31	954
32	793
32	987
32	1000
33	884
33	948
33	976
34	597
34	914
34	966
35	414
35	772
35	984
36	572
36	879
36	994
37	920
37	956
37	989
38	344
38	415
38	822
39	58
39	885
39	971
40	834
40	885
40	998
41	415
41	527
41	992
42	978
42	995
42	999
43	816
43	850
43	972
44	621
44	722
44	927
45	144
45	212
45	981
46	953
46	995
46	999
47	937
47	972
47	977
48	395
48	966
48	992
49	967
49	995
49	999
50	923
50	994
50	998
51	176
51	217
51	460
52	968
52	976
52	990
53	983
53	988
53	991
54	549
54	583
54	943
55	770
55	898
55	995
56	957
56	982
56	1000
57	875
57	993
57	1000
58	39
58	358
58	998
59	194
59	776
59	980
60	542
60	996
60	1000
61	957
61	982
61	993
62	935
62	988
62	991
63	721
63	802
63	938
64	941
64	983
64	991
65	944
65	988
65	991
66	930
66	954
66	998
67	311
67	973
67	981
68	142
68	658
68	996
69	371
69	975
69	980
70	161
70	986
70	997
71	475
71	609
71	949
72	851
72	970
72	992
73	961
73	962
73	964
74	598
74	747
74	990
75	914
75	923
75	992
76	959
76	987
76	997
77	910
77	996
77	1000
78	2
78	550
78	998
79	930
79	980
79	998
80	781
80	958
80	966
81	334
81	970
81	986
82	618
82	787
82	985
83	948
83	968
83	990
84	690
84	772
84	969
85	419
85	888
85	966
86	393
86	983
86	991
87	940
87	954
87	994
88	931
88	974
88	993
89	939
89	979
89	982
90	276
90	850
90	858
91	855
91	922
91	999
92	881
92	945
92	1000
93	304
93	830
93	974
94	559
94	863
94	954
95	807
95	947
95	985
96	849
96	879
96	977
97	810
97	839
97	851
98	896
98	991
98	996
99	807
99	922
99	928
100	982
100	996
100	1000
101	942
101	975
101	1000
102	659
102	960
102	992
103	282
103	802
103	909
104	292
104	710
104	965
105	573
105	956
105	998
106	417
106	855
106	999
107	190
107	918
107	984
108	121
108	873
108	963
109	298
109	898
109	946
110	425
110	884
110	976
111	947
111	975
111	985
112	700
112	857
112	992
113	946
113	958
113	965
114	155
114	739
114	997
115	347
115	965
115	994
116	337
116	552
116	995
117	975
117	980
117	985
118	928
118	977
118	993
119	933
119	995
119	999
120	591
120	971
120	996
121	108
121	284
121	898
122	932
122	957
122	1000
123	978
123	981
123	999
124	655
124	936
124	997
125	495
125	593
125	981
126	946
126	970
126	992
127	543
127	750
127	982
128	744
128	897
128	990
129	764
129	884
129	976
130	147
130	154
130	970
131	788
131	888
131	986
132	928
132	972
132	977
133	715
133	974
133	993
134	520
134	612
134	997
135	911
135	928
135	977
136	713
136	722
136	943
137	728
137	779
137	997
138	542
138	937
138	984
139	865
139	871
139	987
140	953
140	975
140	999
141	416
141	828
141	985
142	68
142	886
142	996
143	266
143	791
143	973
144	45
144	238
144	929
145	978
145	995
145	999
146	923
146	940
146	998
147	130
147	802
147	854
148	983
148	988
148	991
149	681
149	988
149	991
150	555
150	979
150	1000
151	586
151	641
151	929
152	329
152	947
152	980
153	16
153	866
153	947
154	130
154	872
154	923
155	114
155	212
155	997
156	605
156	701
156	1000
157	320
157	888
157	921
158	702
158	949
158	961
159	845
159	922
159	931
160	764
160	879
160	892
161	70
161	195
161	981
162	878
162	995
162	999
163	914
163	955
163	966
164	971
164	994
164	998
165	760
165	858
165	989
166	670
166	843
166	875
167	617
167	882
167	934
168	953
168	995
168	999
169	908
169	978
169	981
170	898
170	948
170	990
171	368
171	958
171	962
172	956
172	971
172	998
173	1
173	428
173	998
174	948
174	968
174	990
175	866
175	930
175	940
176	51
176	950
176	959
177	978
177	995
177	999
178	272
178	956
178	989
179	544
179	863
179	917
180	570
180	966
180	991
181	739
181	891
181	997
182	746
182	871
182	893
183	421
183	928
183	972
184	368
184	634
184	958
185	782
185	965
185	998
186	895
186	972
186	977
187	605
187	874
187	979
188	485
188	527
188	918
189	982
189	996
189	1000
190	107
190	702
190	882
191	721
191	976
191	990
192	476
192	572
192	989
193	940
193	965
193	998
194	59
194	758
194	942
195	161
195	957
195	993
196	856
196	904
196	980
197	354
197	908
197	981
198	567
198	959
198	997
199	765
199	968
199	990
200	682
200	988
200	991
201	978
201	995
201	999
202	18
202	227
202	966
203	891
203	909
203	936
204	667
204	920
204	989
205	968
205	976
205	990
206	973
206	986
206	987
207	887
207	942
207	980
208	937
208	972
208	977
209	935
209	968
209	990
210	568
210	899
210	970
211	449
211	664
211	715
212	45
212	155
212	997
213	325
213	907
213	917
214	468
214	955
214	958
215	951
215	995
215	999
216	269
216	995
216	999
217	51
217	540
217	936
218	319
218	839
218	963
219	928
219	937
219	977
220	912
220	993
220	1000
221	410
221	952
221	1000
222	924
222	926
222	960
223	880
223	949
223	962
224	675
224	976
224	990
225	563
225	774
225	960
226	856
226	975
226	980
227	202
227	848
227	919
228	741
228	988
228	991
229	951
229	995
229	999
230	914
230	966
230	984
231	693
231	815
231	984
232	787
232	894
232	959
233	704
233	955
233	962
234	609
234	688
234	961
235	993
235	996
235	997
236	718
236	971
236	989
237	692
237	868
237	976
238	144
238	739
238	970
239	601
239	975
239	980
240	789
240	949
240	962
241	385
241	630
241	830
242	18
242	311
242	442
243	946
243	955
243	984
244	719
244	986
244	987
245	338
245	980
245	985
246	915
246	925
246	989
247	17
247	972
247	977
248	982
248	993
248	996
249	983
249	988
249	991
250	470
250	517
250	841
251	923
251	954
251	994
252	452
252	904
252	985
253	802
253	830
253	987
254	712
254	988
254	991
255	26
255	983
255	991
256	818
256	860
256	898
257	698
257	988
257	991
258	801
258	961
258	964
259	901
259	971
259	998
260	856
260	980
260	985
261	690
261	919
261	958
262	669
262	948
262	990
263	983
263	988
263	991
264	953
264	978
264	999
265	759
265	914
265	969
266	143
266	838
266	967
267	778
267	917
267	992
268	983
268	988
268	991
269	216
269	902
269	918
270	821
270	967
270	999
271	880
271	948
271	990
272	178
272	691
272	982
273	863
273	988
273	991
274	749
274	845
274	971
275	367
275	495
275	899
276	90
276	799
276	998
277	886
277	945
277	979
278	327
278	949
278	962
279	889
279	951
279	999
280	581
280	983
280	991
281	824
281	901
281	998
282	103
282	970
282	997
283	436
283	980
283	985
284	121
284	919
284	984
285	318
285	330
285	903
286	812
286	976
286	990
287	968
287	976
287	990
288	868
288	990
288	1000
289	711
289	940
289	998
290	980
290	985
290	991
291	937
291	955
291	963
292	104
292	814
292	954
293	843
293	882
293	903
294	597
294	917
294	934
295	653
295	797
295	927
296	534
296	643
296	893
296	986
297	681
297	975
297	980
297	985
298	109
298	600
298	917
298	992
299	933
299	953
299	995
299	999
300	815
300	934
300	944
300	992
301	615
301	859
301	993
301	1000
302	395
302	493
302	690
302	907
303	904
303	975
303	980
303	985
304	93
304	813
304	979
304	993
305	866
305	951
305	967
305	999
306	850
306	911
306	972
306	977
307	934
307	963
307	965
307	984
308	815
308	963
308	984
308	992
309	844
309	961
309	962
309	964
310	440
310	766
310	997
310	1000
311	67
311	242
311	542
311	918
312	905
312	914
312	978
312	999
313	459
313	901
313	943
313	954
314	848
314	930
314	954
314	994
315	844
315	926
315	960
315	964
316	505
316	983
316	988
316	991
317	924
317	960
317	961
317	964
318	285
318	467
318	659
318	958
319	218
319	342
319	957
319	966
320	157
320	666
320	697
320	921
321	586
321	888
321	973
321	997
322	743
322	899
322	981
322	997
323	639
323	789
323	924
323	964
324	790
324	928
324	972
324	992
325	213
325	934
325	969
325	991
326	887
326	942
326	980
326	992
327	278
327	559
327	973
327	986
328	737
328	771
328	829
328	958
329	152
329	698
329	947
329	997
330	285
330	884
330	976
330	990
331	599
331	785
331	793
331	993
332	790
332	850
332	972
332	977
333	944
333	983
333	988
333	991
334	81
334	724
334	842
334	931
335	487
335	649
335	938
335	997
336	362
336	902
336	966
336	992
337	116
337	880
337	980
337	985
338	245
338	944
338	988
338	991
339	721
339	897
339	976
339	990
340	739
340	765
340	929
340	987
341	895
341	911
341	937
341	972
342	319
342	419
342	472
342	963
343	788
343	981
343	986
343	997
344	38
344	398
344	425
344	611
345	894
345	968
345	976
345	990
346	809
346	963
346	972
346	977
347	1
347	115
347	676
347	1000
348	447
348	965
348	971
348	998
349	578
349	818
349	857
349	860
350	941
350	983
350	988
350	991
351	801
351	983
351	996
351	1000
352	883
352	947
352	949
352	961
353	792
353	932
353	996
353	1000
354	197
354	515
354	908
354	973
355	598
355	951
355	995
355	999
356	970
356	981
356	986
356	997
357	22
357	630
357	956
357	994
358	58
358	544
358	963
358	998
359	983
359	986
359	988
359	991
360	450
360	784
360	947
360	975
361	577
361	635
361	932
361	1000
362	336
362	938
362	950
362	997
363	871
363	983
363	988
363	991
364	917
364	963
364	969
364	984
365	804
365	904
365	975
365	985
366	724
366	848
366	965
366	989
367	275
367	986
367	996
367	997
368	171
368	184
368	902
368	969
369	401
369	902
369	942
369	955
370	807
370	809
370	895
370	972
371	69
371	556
371	586
371	921
372	941
372	983
372	988
372	991
373	811
373	974
373	996
373	1000
374	853
374	930
374	940
374	998
375	923
375	925
375	965
375	989
376	19
376	657
376	845
376	973
377	913
377	978
377	987
377	995
378	412
378	479
378	766
378	921
379	931
379	940
379	954
379	994
380	944
380	983
380	988
380	991
381	426
381	687
381	854
381	986
382	951
382	978
382	995
382	999
383	463
383	979
383	993
383	1000
384	968
384	976
384	990
384	994
385	241
385	663
385	938
385	986
386	869
386	946
386	966
386	984
387	866
387	967
387	995
387	999
388	831
388	897
388	976
388	990
389	934
389	955
389	969
389	998
390	737
390	853
390	946
390	992
391	849
391	911
391	972
391	977
392	847
392	959
392	970
392	984
393	86
393	974
393	979
393	1000
394	576
394	930
394	931
394	998
395	48
395	302
395	851
395	860
396	543
396	910
396	958
396	1000
397	774
397	948
397	968
397	990
398	344
398	849
398	972
398	977
399	686
399	911
399	972
399	977
400	897
400	948
400	968
400	990
401	369
401	767
401	966
401	969
402	945
402	979
402	993
402	1000
403	817
403	949
403	960
403	962
404	895
404	978
404	995
404	999
405	585
405	974
405	982
405	1000
406	553
406	920
406	965
406	998
407	810
407	840
407	903
407	966
408	435
408	465
408	862
408	963
409	850
409	895
409	928
409	977
410	221
410	932
410	996
410	1000
411	568
411	938
411	973
411	986
412	378
412	822
412	981
412	997
413	968
413	976
413	979
413	990
414	35
414	904
414	947
414	980
415	38
415	41
415	914
415	987
416	141
416	975
416	980
416	985
417	106
417	878
417	951
417	999
418	720
418	945
418	977
418	993
419	29
419	85
419	342
419	958
420	857
420	902
420	946
420	969
421	183
421	665
421	972
421	977
422	744
422	771
422	958
422	992
423	656
423	894
423	963
423	990
424	686
424	895
424	972
424	977
425	110
425	344
425	810
425	907
426	381
426	719
426	797
426	938
427	653
427	858
427	943
427	998
428	11
428	173
428	865
428	981
429	915
429	925
429	936
429	954
430	593
430	833
430	997
430	998
431	922
431	978
431	995
431	999
432	937
432	972
432	977
432	993
433	831
433	897
433	976
433	990
434	706
434	986
434	987
434	997
435	408
435	621
435	963
435	992
436	283
436	796
436	975
436	980
437	821
437	967
437	978
437	999
438	895
438	904
438	911
438	937
439	568
439	752
439	888
439	927
440	310
440	564
440	973
440	997
441	471
441	501
441	957
441	979
442	242
442	839
442	953
442	963
443	544
443	955
443	971
443	994
444	679
444	711
444	845
444	994
445	766
445	927
445	938
445	986
446	749
446	929
446	986
446	997
447	348
447	922
447	995
447	999
448	941
448	944
448	988
448	991
449	211
449	838
449	871
449	973
450	360
450	761
450	835
450	985
451	941
451	983
451	988
451	991
452	252
452	662
452	904
452	980
453	743
453	847
453	947
453	997
454	510
454	788
454	861
454	982
455	901
455	915
455	971
455	998
456	790
456	807
456	954
456	977
457	779
457	871
457	987
457	997
458	625
458	820
458	910
458	998
459	313
459	846
459	994
459	998
460	51
460	920
460	943
460	998
461	794
461	840
461	917
461	984
462	953
462	967
462	995
462	999
463	383
463	820
463	858
463	994
464	705
464	840
464	917
464	992
465	408
465	738
465	946
465	984
466	635
466	872
466	923
466	998
467	318
467	914
467	984
467	992
468	214
468	883
468	949
468	960
469	808
469	938
469	950
469	981
470	250
470	974
470	980
470	1000
471	441
471	551
471	667
471	939
471	996
472	342
472	941
472	983
472	988
472	991
473	806
473	957
473	993
473	996
473	1000
474	878
474	951
474	978
474	995
474	999
475	71
475	811
475	889
475	993
475	996
476	192
476	825
476	899
476	970
476	997
477	610
477	754
477	861
477	886
477	957
478	845
478	848
478	892
478	925
478	931
479	378
479	503
479	566
479	906
479	970
480	582
480	717
480	957
480	982
480	993
481	579
481	627
481	945
481	993
481	1000
482	733
482	967
482	978
482	995
482	999
483	957
483	970
483	982
483	996
483	1000
484	895
484	911
484	937
484	972
484	994
485	188
485	570
485	902
485	963
485	969
486	905
486	967
486	978
486	995
486	999
487	335
487	726
487	865
487	978
487	987
488	670
488	796
488	848
488	920
488	998
489	770
489	903
489	969
489	984
489	992
490	590
490	791
490	938
490	973
490	987
491	894
491	948
491	968
491	976
491	990
492	952
492	957
492	974
492	993
492	996
493	302
493	979
493	982
493	996
493	1000
494	933
494	953
494	967
494	995
494	999
495	125
495	275
495	738
495	877
495	986
496	643
496	960
496	961
496	962
496	964
497	533
497	947
497	980
497	985
497	992
498	904
498	947
498	975
498	980
498	985
499	677
499	951
499	975
499	980
499	985
500	940
500	965
500	989
500	994
500	998
501	441
501	941
501	983
501	988
501	991
502	858
502	923
502	930
502	943
502	998
503	479
503	574
503	589
503	779
503	986
504	845
504	956
504	989
504	994
504	998
505	316
505	811
505	910
505	974
505	993
506	31
506	820
506	952
506	989
506	994
507	952
507	979
507	993
507	996
507	1000
508	754
508	953
508	967
508	995
508	999
509	522
509	576
509	820
509	943
509	998
510	454
510	641
510	912
510	974
510	994
511	875
511	923
511	925
511	989
511	994
512	758
512	828
512	975
512	980
512	985
513	732
513	933
513	953
513	995
513	999
514	891
514	927
514	938
514	981
514	998
515	354
515	522
515	936
515	969
515	986
516	784
516	878
516	951
516	967
516	999
517	250
517	945
517	993
517	996
517	1000
518	663
518	833
518	852
518	959
518	987
519	911
519	928
519	937
519	972
519	977
520	134
520	765
520	986
520	987
520	998
521	840
521	944
521	983
521	988
521	991
522	509
522	515
522	537
522	830
522	987
523	536
523	924
523	926
523	961
523	964
524	668
524	828
524	904
524	942
524	975
525	31
525	879
525	923
525	940
525	989
526	935
526	944
526	983
526	988
526	991
527	41
527	188
527	826
527	851
527	966
528	546
528	711
528	918
528	969
528	992
529	770
529	860
529	918
529	966
529	992
530	735
530	908
530	981
530	986
530	988
531	931
531	985
531	989
531	994
531	998
532	889
532	912
532	945
532	957
532	996
533	497
533	748
533	804
533	835
533	985
534	296
534	899
534	959
534	981
534	987
535	727
535	900
535	949
535	960
535	964
536	523
536	696
536	924
536	926
536	961
537	522
537	655
537	683
537	893
537	938
538	572
538	710
538	931
538	965
538	997
539	576
539	687
539	936
539	987
539	997
540	24
540	217
540	685
540	893
540	997
541	853
541	873
541	919
541	936
541	946
542	60
542	138
542	311
542	917
542	969
543	127
543	396
543	665
543	996
543	1000
544	179
544	358
544	443
544	652
544	998
545	799
545	879
545	892
545	940
545	994
546	528
546	918
546	958
546	984
546	992
547	555
547	864
547	979
547	984
547	1000
548	823
548	920
548	956
548	994
548	998
549	54
549	931
549	940
549	944
549	954
550	78
550	837
550	943
550	994
550	998
551	471
551	942
551	975
551	980
551	985
552	116
552	887
552	975
552	980
552	985
553	406
553	772
553	834
553	965
553	998
554	717
554	886
554	957
554	993
554	996
555	150
555	547
555	903
555	979
555	1000
556	371
556	899
556	921
556	981
556	987
557	558
557	812
557	883
557	976
557	990
558	557
558	948
558	966
558	976
558	990
559	94
559	327
559	802
559	906
559	959
560	678
560	728
560	917
560	929
560	986
561	757
561	766
561	971
561	994
561	998
562	725
562	913
562	951
562	995
562	999
563	225
563	926
563	949
563	962
563	964
564	440
564	822
564	838
564	950
564	973
565	941
565	944
565	983
565	988
565	991
566	479
566	614
566	752
566	899
566	997
567	198
567	894
567	897
567	968
567	976
568	210
568	411
568	439
568	682
568	973
569	735
569	938
569	986
569	996
569	997
570	180
570	485
570	946
570	984
570	992
571	864
571	945
571	952
571	982
571	996
572	36
572	192
572	538
572	943
572	965
573	105
573	845
573	915
573	931
573	998
574	503
574	735
574	909
574	981
574	997
575	726
575	924
575	961
575	962
575	964
576	394
576	509
576	539
576	644
576	971
577	361
577	782
577	886
577	974
577	1000
578	349
578	702
578	955
578	963
578	969
579	481
579	910
579	939
579	974
579	993
580	714
580	912
580	952
580	982
580	993
580	1000
581	280
581	680
581	949
581	960
581	961
581	962
582	480
582	874
582	952
582	982
582	996
582	1000
583	54
583	666
583	967
583	978
583	995
583	999
584	777
584	807
584	911
584	937
584	977
584	988
585	405
585	637
585	957
585	982
585	996
585	1000
586	151
586	321
586	371
586	916
586	951
586	973
587	831
587	948
587	955
587	968
587	976
587	990
588	798
588	855
588	967
588	978
588	995
588	999
589	503
589	697
589	929
589	950
589	973
589	987
590	490
590	606
590	853
590	903
590	958
590	992
591	120
591	881
591	939
591	945
591	952
591	996
592	889
592	896
592	939
592	974
592	996
592	1000
593	125
593	430
593	803
593	908
593	961
593	997
594	756
594	809
594	816
594	895
594	972
594	977
595	864
595	945
595	982
595	993
595	996
595	1000
596	801
596	835
596	952
596	979
596	993
596	1000
597	34
597	294
597	898
597	919
597	958
597	966
598	74
598	355
598	894
598	948
598	968
598	990
599	331
599	605
599	864
599	957
599	979
599	993
600	298
600	751
600	902
600	934
600	946
600	984
601	239
601	624
601	825
601	865
601	877
601	973
602	935
602	944
602	977
602	983
602	988
602	991
603	648
603	804
603	942
603	975
603	985
603	987
604	876
604	922
604	953
604	967
604	995
604	999
605	6
605	156
605	187
605	599
605	996
605	1000
606	590
606	702
606	705
606	815
606	827
606	955
607	680
607	926
607	960
607	961
607	962
607	964
608	684
608	693
608	778
608	840
608	869
608	907
609	71
609	234
609	654
609	709
609	961
609	964
610	477
610	715
610	861
610	886
610	945
610	957
611	344
611	622
611	902
611	907
611	917
611	919
612	134
612	728
612	936
612	959
612	981
612	986
613	913
613	933
613	951
613	973
613	995
613	999
614	566
614	773
614	908
614	916
614	927
614	986
615	301
615	619
615	721
615	948
615	968
615	990
616	633
616	778
616	933
616	951
616	978
616	999
617	167
617	835
617	947
617	975
617	980
617	985
618	82
618	730
618	741
618	758
618	975
618	985
619	615
619	795
619	868
619	968
619	976
619	990
620	901
620	931
620	954
620	989
620	994
620	998
621	44
621	435
621	930
621	965
621	989
621	994
622	611
622	744
622	902
622	963
622	969
622	984
623	836
623	902
623	919
623	934
623	946
623	958
624	601
624	685
624	735
624	847
624	892
624	997
625	458
625	635
625	671
625	763
625	872
625	940
626	794
626	800
626	913
626	978
626	995
626	999
627	481
627	767
627	840
627	862
627	958
627	984
628	804
628	947
628	948
628	975
628	980
628	985
629	732
629	895
629	911
629	937
629	972
629	977
630	241
630	357
630	797
630	908
630	981
630	997
631	935
631	941
631	944
631	983
631	988
631	991
632	754
632	864
632	939
632	979
632	993
632	1000
633	616
633	953
633	967
633	978
633	995
633	999
634	184
634	660
634	955
634	963
634	983
634	984
635	361
635	466
635	625
635	834
635	994
635	998
636	905
636	951
636	953
636	967
636	995
636	999
637	585
637	667
637	850
637	952
637	982
637	1000
638	842
638	901
638	956
638	985
638	989
638	994
639	323
639	851
639	926
639	960
639	961
639	962
640	716
640	826
640	859
640	896
640	979
640	1000
641	151
641	510
641	881
641	974
641	996
641	1000
642	859
642	939
642	945
642	972
642	996
642	1000
643	296
643	496
643	682
643	891
643	909
643	959
644	576
644	892
644	956
644	965
644	971
644	994
645	669
645	868
645	897
645	976
645	989
645	990
646	724
646	842
646	925
646	965
646	994
646	998
647	824
647	901
647	920
647	930
647	956
647	965
648	603
648	741
648	942
648	947
648	980
648	985
649	335
649	699
649	936
649	970
649	973
649	981
650	864
650	874
650	875
650	889
650	974
650	982
651	654
651	900
651	949
651	960
651	961
651	962
652	544
652	846
652	922
652	933
652	967
652	995
652	999
653	295
653	427
653	657
653	738
653	950
653	959
653	997
654	609
654	651
654	815
654	924
654	926
654	960
654	964
655	124
655	537
655	847
655	906
655	950
655	981
655	987
656	423
656	708
656	884
656	968
656	976
656	979
656	990
657	376
657	653
657	802
657	909
657	950
657	986
657	987
658	68
658	813
658	841
658	886
658	993
658	995
658	996
659	102
659	318
659	777
659	860
659	958
659	969
659	992
660	634
660	703
660	862
660	907
660	946
660	984
660	992
661	677
661	844
661	924
661	926
661	949
661	960
661	962
662	452
662	789
662	924
662	960
662	961
662	962
662	964
663	385
663	518
663	877
663	927
663	950
663	959
663	972
664	211
664	750
664	823
664	904
664	945
664	982
664	996
665	421
665	543
665	816
665	911
665	937
665	972
665	977
666	320
666	583
666	905
666	913
666	933
666	995
666	999
667	204
667	471
667	637
667	889
667	932
667	957
667	996
668	524
668	718
668	912
668	974
668	993
668	996
668	1000
669	262
669	645
669	894
669	897
669	948
669	968
669	990
670	166
670	488
670	680
670	722
670	931
670	943
670	989
671	625
671	799
671	885
671	931
671	954
671	965
671	989
672	714
672	932
672	974
672	979
672	988
672	996
672	1000
673	827
673	855
673	922
673	932
673	953
673	995
673	999
674	737
674	758
674	904
674	942
674	975
674	980
674	985
675	224
675	764
675	884
675	968
675	974
675	976
675	990
676	347
676	689
676	885
676	954
676	965
676	989
676	994
677	499
677	661
677	828
677	942
677	947
677	975
677	985
678	560
678	728
678	870
678	888
678	936
678	973
678	981
679	444
679	796
679	943
679	971
679	989
679	992
679	994
680	581
680	607
680	670
680	960
680	961
680	962
680	964
681	149
681	297
681	832
681	887
681	942
681	975
681	985
682	200
682	568
682	643
682	854
682	959
682	970
682	987
683	537
683	783
683	964
683	970
683	973
683	987
683	997
684	608
684	736
684	810
684	862
684	955
684	958
684	976
685	540
685	624
685	822
685	927
685	970
685	986
685	997
686	399
686	424
686	850
686	928
686	937
686	972
686	977
687	27
687	381
687	539
687	847
687	908
687	927
687	987
688	234
688	924
688	926
688	949
688	960
688	962
688	964
689	676
689	755
689	831
689	897
689	968
689	976
689	990
690	84
690	261
690	302
690	744
690	772
690	863
690	992
691	272
691	892
691	920
691	923
691	943
691	992
691	994
692	237
692	717
692	812
692	948
692	968
692	976
692	990
693	231
693	608
693	704
693	843
693	882
693	963
693	998
694	925
694	935
694	941
694	944
694	983
694	988
694	991
695	846
695	922
695	951
695	967
695	978
695	995
695	999
696	536
696	714
696	819
696	949
696	961
696	962
696	964
697	320
697	589
697	871
697	916
697	927
697	981
697	997
698	257
698	329
698	904
698	942
698	975
698	980
698	985
699	649
699	935
699	941
699	944
699	983
699	988
699	991
700	112
700	839
700	955
700	969
700	978
700	984
700	992
701	156
701	920
701	925
701	930
701	940
701	994
701	998
702	158
702	190
702	578
702	606
702	882
702	963
702	969
703	660
703	771
703	851
703	853
703	914
703	918
703	973
704	233
704	693
704	737
704	751
704	853
704	944
704	992
705	464
705	606
705	767
705	869
705	898
705	963
705	984
706	434
706	818
706	822
706	865
706	921
706	987
706	997
707	728
707	755
707	868
707	884
707	968
707	976
707	990
708	656
708	755
708	884
708	894
708	948
708	976
708	990
709	3
709	609
709	805
709	883
709	960
709	961
709	962
709	964
710	104
710	538
710	722
710	724
710	875
710	989
710	994
710	998
711	289
711	444
711	528
711	845
711	930
711	971
711	989
711	998
712	254
712	862
712	907
712	918
712	934
712	946
712	958
712	966
713	136
713	832
713	837
713	892
713	923
713	925
713	954
713	989
714	580
714	672
714	696
714	823
714	859
714	896
714	957
714	996
715	133
715	211
715	610
715	859
715	952
715	993
715	996
715	999
716	640
716	754
716	801
716	939
716	979
716	982
716	997
716	1000
717	480
717	554
717	692
717	886
717	912
717	974
717	979
717	1000
718	236
718	668
718	792
718	859
718	881
718	957
718	996
718	1000
719	244
719	426
719	825
719	888
719	891
719	936
719	970
719	999
720	418
720	926
720	932
720	945
720	982
720	993
720	996
720	1000
721	63
721	191
721	339
721	615
721	894
721	968
721	976
721	990
722	44
722	136
722	670
722	710
722	749
722	956
722	994
722	999
723	833
723	905
723	913
723	922
723	933
723	967
723	995
723	999
724	334
724	366
724	646
724	710
724	727
724	834
724	956
724	965
725	562
725	821
725	846
725	866
725	953
725	967
725	995
725	999
726	487
726	575
726	803
726	877
726	906
726	936
726	938
726	997
727	535
727	724
727	805
727	819
727	836
727	844
727	880
727	961
728	137
728	560
728	612
728	678
728	707
728	830
728	916
728	973
729	793
729	855
729	859
729	889
729	932
729	974
729	996
729	1000
730	618
730	758
730	887
730	942
730	947
730	954
730	980
730	985
731	763
731	855
731	870
731	963
731	967
731	978
731	995
731	999
732	513
732	629
732	809
732	849
732	911
732	928
732	937
732	977
733	482
733	913
733	922
733	933
733	951
733	978
733	995
733	999
734	759
734	764
734	831
734	868
734	894
734	897
734	948
734	990
735	530
735	569
735	574
735	624
735	921
735	927
735	981
735	989
736	684
736	873
736	881
736	898
736	902
736	903
736	918
736	955
737	328
737	390
737	674
737	704
737	843
737	934
737	963
737	966
738	465
738	495
738	653
738	877
738	921
738	929
738	987
738	997
739	114
739	181
739	238
739	340
739	822
739	921
739	973
739	986
740	890
740	893
740	935
740	941
740	944
740	983
740	988
740	991
741	228
741	618
741	648
741	832
741	835
741	856
741	947
741	985
742	876
742	890
742	935
742	941
742	944
742	983
742	988
742	991
743	322
743	453
743	882
743	916
743	929
743	981
743	986
743	987
744	128
744	422
744	622
744	690
744	898
744	907
744	966
744	984
745	890
745	935
745	941
745	944
745	951
745	983
745	988
745	991
746	182
746	838
746	877
746	891
746	906
746	943
746	959
746	997
747	74
747	794
747	870
747	951
747	953
747	978
747	995
747	999
748	533
748	828
748	832
748	887
748	904
748	942
748	947
748	975
748	985
749	274
749	446
749	722
749	834
749	931
749	956
749	989
749	994
749	998
750	127
750	664
750	823
750	841
750	912
750	978
750	979
750	982
750	993
751	600
751	704
751	851
751	919
751	955
751	958
751	963
751	966
751	984
752	439
752	566
752	753
752	783
752	891
752	916
752	938
752	959
752	997
753	752
753	779
753	791
753	938
753	950
753	959
753	981
753	987
753	988
754	477
754	508
754	632
754	716
754	874
754	910
754	912
754	957
754	1000
755	689
755	707
755	708
755	795
755	812
755	831
755	948
755	968
755	990
756	594
756	809
756	849
756	895
756	911
756	928
756	937
756	977
756	997
757	561
757	816
757	901
757	923
757	954
757	956
757	971
757	994
757	998
758	194
758	512
758	618
758	674
758	730
758	942
758	975
758	979
758	985
759	265
759	734
759	771
759	810
759	857
759	903
759	914
759	963
759	966
760	165
760	879
760	943
760	965
760	971
760	989
760	994
760	997
760	998
761	450
761	834
761	915
761	943
761	954
761	971
761	989
761	994
761	998
762	806
762	916
762	945
762	952
762	974
762	979
762	982
762	993
762	996
763	625
763	731
763	922
763	951
763	953
763	967
763	978
763	995
763	999
764	129
764	160
764	675
764	734
764	884
764	897
764	948
764	968
764	976
765	199
765	340
765	520
765	785
765	830
765	838
765	865
765	929
765	970
766	310
766	378
766	445
766	561
766	847
766	909
766	916
766	927
766	970
767	401
767	627
767	705
767	826
767	918
767	919
767	921
767	934
767	969
768	781
768	806
768	811
768	852
768	952
768	979
768	982
768	993
768	1000
769	826
769	873
769	885
769	898
769	955
769	958
769	969
769	984
769	992
770	55
770	489
770	529
770	826
770	851
770	918
770	955
770	966
770	992
771	328
771	422
771	703
771	759
771	844
771	903
771	914
771	963
771	969
772	35
772	84
772	553
772	690
772	815
772	853
772	907
772	934
772	963
773	614
773	829
773	876
773	935
773	941
773	944
773	983
773	988
773	991
774	225
774	397
774	805
774	880
774	883
774	924
774	949
774	962
774	964
775	836
775	880
775	883
775	926
775	941
775	960
775	961
775	962
775	964
776	59
776	856
776	887
776	942
776	947
776	971
776	975
776	980
776	985
777	584
777	659
777	809
777	850
777	911
777	928
777	937
777	972
777	977
778	267
778	608
778	616
778	857
778	907
778	919
778	958
778	966
778	969
779	137
779	457
779	503
779	753
779	831
779	927
779	929
779	959
779	970
779	987
780	867
780	876
780	890
780	935
780	941
780	944
780	973
780	983
780	988
780	991
781	80
781	768
781	939
781	952
781	957
781	974
781	982
781	993
781	996
781	1000
782	185
782	577
782	806
782	861
782	864
782	974
782	982
782	993
782	996
782	1000
783	683
783	752
783	825
783	830
783	852
783	891
783	906
783	930
783	936
783	997
784	360
784	516
784	798
784	866
784	913
784	922
784	953
784	978
784	995
784	999
785	331
785	765
785	787
785	877
785	909
785	916
785	950
785	981
785	987
785	997
786	829
786	867
786	890
786	921
786	935
786	941
786	944
786	983
786	988
786	991
787	82
787	232
787	785
787	788
787	893
787	929
787	936
787	959
787	986
787	997
788	15
788	131
788	343
788	454
788	787
788	865
788	908
788	970
788	973
788	997
789	5
789	240
789	323
789	662
789	836
789	883
789	900
789	960
789	962
789	964
790	324
790	332
790	456
790	807
790	809
790	928
790	937
790	972
790	977
790	990
791	143
791	490
791	753
791	825
791	908
791	938
791	950
791	957
791	959
791	970
792	14
792	353
792	718
792	824
792	910
792	945
792	974
792	979
792	996
792	1000
793	32
793	331
793	729
793	889
793	932
793	945
793	958
793	993
793	996
793	1000
794	461
794	626
794	747
794	878
794	905
794	913
794	933
794	967
794	995
794	999
795	23
795	619
795	755
795	884
795	894
795	939
795	948
795	968
795	976
795	990
796	436
796	488
796	679
796	879
796	956
796	965
796	971
796	989
796	994
796	998
797	295
797	426
797	630
797	871
797	910
797	950
797	959
797	970
797	973
797	997
798	588
798	784
798	827
798	866
798	870
798	919
798	953
798	967
798	995
798	999
799	276
799	545
799	671
799	842
799	848
799	870
799	872
799	892
799	925
799	956
800	626
800	846
800	870
800	892
800	905
800	913
800	922
800	933
800	995
800	999
801	258
801	351
801	596
801	716
801	874
801	889
801	910
801	939
801	996
801	1000
802	63
802	103
802	147
802	253
802	559
802	657
802	852
802	921
802	966
802	987
803	593
803	726
803	833
803	873
803	899
803	921
803	973
803	981
803	986
803	987
803	997
804	365
804	533
804	603
804	628
804	832
804	887
804	942
804	947
804	952
804	975
804	985
805	709
805	727
805	774
805	880
805	883
805	900
805	949
805	956
805	960
805	962
805	964
806	473
806	762
806	768
806	782
806	823
806	932
806	939
806	974
806	990
806	996
806	1000
807	95
807	99
807	370
807	456
807	584
807	790
807	895
807	928
807	937
807	972
807	977
808	469
808	867
808	876
808	890
808	935
808	941
808	944
808	983
808	986
808	988
808	991
809	346
809	370
809	594
809	732
809	756
809	777
809	790
809	895
809	970
809	972
809	977
810	97
810	407
810	425
810	684
810	759
810	853
810	882
810	897
810	918
810	955
810	969
811	373
811	475
811	505
811	768
811	874
811	934
811	939
811	979
811	993
811	996
811	1000
812	286
812	557
812	692
812	755
812	868
812	884
812	938
812	948
812	968
812	976
812	990
813	304
813	658
813	823
813	905
813	912
813	932
813	939
813	952
813	982
813	993
813	1000
814	21
814	292
814	892
814	901
814	920
814	943
814	956
814	965
814	985
814	994
814	998
815	231
815	300
815	308
815	606
815	654
815	772
815	843
815	882
815	934
815	984
815	992
816	43
816	594
816	665
816	757
816	849
816	895
816	911
816	928
816	937
816	972
816	977
817	403
817	819
817	883
817	900
817	920
817	924
817	926
817	960
817	961
817	962
817	964
818	256
818	349
818	706
818	873
818	898
818	917
818	946
818	963
818	966
818	969
818	992
819	696
819	727
819	817
819	836
819	860
819	900
819	924
819	926
819	949
819	961
819	964
820	458
820	463
820	506
820	509
820	845
820	863
820	931
820	956
820	968
820	994
820	998
821	270
821	437
821	725
821	855
821	913
821	922
821	931
821	933
821	953
821	995
821	999
822	38
822	412
822	564
822	685
822	706
822	739
822	830
822	891
822	965
822	973
822	981
823	548
823	664
823	714
823	750
823	806
823	813
823	841
823	896
823	910
823	974
823	993
823	1000
824	281
824	647
824	792
824	872
824	892
824	901
824	915
824	923
824	976
824	989
824	994
824	998
825	476
825	601
825	719
825	783
825	791
825	871
825	877
825	909
825	927
825	933
825	987
825	997
826	527
826	640
826	767
826	769
826	770
826	843
826	860
826	882
826	919
826	934
826	955
826	969
827	606
827	673
827	798
827	870
827	878
827	905
827	953
827	967
827	978
827	995
827	996
827	999
828	141
828	512
828	524
828	677
828	748
828	832
828	887
828	947
828	948
828	975
828	980
828	985
829	328
829	773
829	786
829	867
829	876
829	890
829	935
829	941
829	944
829	983
829	988
829	991
830	93
830	241
830	253
830	522
830	728
830	765
830	783
830	822
830	938
830	959
830	986
830	997
831	388
831	433
831	587
831	689
831	734
831	755
831	779
831	868
831	894
831	968
831	976
831	990
832	681
832	713
832	741
832	748
832	804
832	828
832	856
832	887
832	904
832	942
832	947
832	975
833	430
833	518
833	723
833	803
833	950
833	959
833	970
833	973
833	981
833	986
833	987
833	997
834	40
834	553
834	635
834	724
834	749
834	761
834	915
834	943
834	954
834	964
834	971
834	989
835	450
835	533
835	596
835	617
835	741
835	856
835	935
835	942
835	947
835	975
835	980
835	985
836	623
836	727
836	775
836	789
836	819
836	880
836	900
836	924
836	949
836	960
836	962
836	964
837	550
837	713
837	863
837	872
837	885
837	891
837	892
837	931
837	943
837	965
837	994
837	998
838	266
838	449
838	564
838	746
838	765
838	852
838	858
838	909
838	916
838	959
838	970
838	997
839	97
839	218
839	442
839	700
839	840
839	860
839	878
839	898
839	919
839	955
839	963
839	984
839	992
840	407
840	461
840	464
840	521
840	608
840	627
840	839
840	914
840	934
840	946
840	955
840	969
840	984
841	250
841	658
841	750
841	823
841	861
841	864
841	896
841	932
841	945
841	952
841	979
841	989
841	1000
842	334
842	638
842	646
842	799
842	847
842	875
842	915
842	930
842	953
842	954
842	989
842	994
842	998
843	166
843	293
843	693
843	737
843	815
843	826
843	853
843	857
843	869
843	882
843	907
843	963
843	992
844	309
844	315
844	661
844	727
844	771
844	883
844	900
844	924
844	926
844	949
844	960
844	962
844	964
845	159
845	274
845	376
845	444
845	478
845	504
845	573
845	711
845	820
845	848
845	965
845	971
845	994
846	459
846	652
846	695
846	725
846	800
846	905
846	913
846	933
846	951
846	953
846	978
846	995
846	999
847	392
847	453
847	624
847	655
847	687
847	766
847	842
847	916
847	921
847	950
847	973
847	986
847	997
848	227
848	314
848	366
848	478
848	488
848	799
848	845
848	879
848	901
848	930
848	940
848	965
848	971
849	96
849	391
849	398
849	732
849	756
849	816
849	850
849	911
849	928
849	937
849	947
849	972
849	977
850	43
850	90
850	306
850	332
850	409
850	637
850	686
850	777
850	849
850	928
850	937
850	972
850	977
851	72
851	97
851	395
851	527
851	639
851	703
851	751
851	770
851	914
851	946
851	955
851	969
851	992
852	518
852	768
852	783
852	802
852	838
852	871
852	891
852	936
852	950
852	970
852	981
852	986
852	997
853	374
853	390
853	541
853	590
853	703
853	704
853	772
853	810
853	843
853	902
853	914
853	969
853	992
854	147
854	381
854	682
854	891
854	901
854	916
854	921
854	959
854	970
854	973
854	981
854	987
854	997
855	91
855	106
855	588
855	673
855	729
855	731
855	821
855	922
855	943
855	951
855	967
855	978
855	995
855	999
856	7
856	196
856	226
856	260
856	741
856	776
856	832
856	835
856	887
856	923
856	942
856	947
856	975
856	980
857	112
857	349
857	420
857	759
857	778
857	843
857	873
857	874
857	934
857	955
857	963
857	969
857	992
857	999
858	90
858	165
858	427
858	463
858	502
858	838
858	881
858	931
858	954
858	956
858	965
858	971
858	994
858	998
859	301
859	640
859	642
859	714
859	715
859	718
859	729
859	893
859	912
859	952
859	982
859	993
859	996
859	1000
860	29
860	256
860	349
860	395
860	529
860	659
860	819
860	826
860	839
860	919
860	963
860	969
860	988
860	992
861	454
861	477
861	610
861	782
861	841
861	896
861	939
861	952
861	974
861	982
861	990
861	993
861	996
861	1000
862	408
862	627
862	660
862	684
862	712
862	890
862	914
862	919
862	955
862	958
862	963
862	966
862	971
862	984
863	94
863	179
863	273
863	690
863	820
863	837
863	885
863	923
863	925
863	940
863	956
863	971
863	989
863	998
864	547
864	571
864	595
864	599
864	632
864	650
864	782
864	841
864	867
864	912
864	974
864	993
864	996
864	1000
865	139
865	428
865	487
865	601
865	706
865	765
865	788
865	906
865	908
865	909
865	929
865	936
865	970
865	984
866	153
866	175
866	305
866	387
866	725
866	784
866	798
866	913
866	933
866	951
866	967
866	978
866	995
866	999
867	780
867	786
867	808
867	829
867	864
867	876
867	890
867	935
867	941
867	944
867	983
867	986
867	988
867	991
868	237
868	288
868	619
868	645
868	707
868	734
868	812
868	831
868	897
868	948
868	968
868	976
868	990
868	998
869	386
869	608
869	705
869	843
869	917
869	918
869	919
869	946
869	955
869	958
869	963
869	966
869	992
869	1000
870	678
870	731
870	747
870	798
870	799
870	800
870	827
870	905
870	933
870	953
870	967
870	978
870	995
870	999
871	139
871	182
871	363
871	449
871	457
871	697
871	797
871	825
871	852
871	927
871	929
871	950
871	958
871	986
871	987
872	154
872	466
872	625
872	799
872	824
872	837
872	892
872	915
872	923
872	940
872	945
872	965
872	971
872	989
872	994
873	108
873	541
873	736
873	769
873	803
873	818
873	857
873	898
873	903
873	919
873	958
873	966
873	969
873	984
873	992
874	187
874	582
874	650
874	754
874	801
874	811
874	857
874	894
874	896
874	957
874	974
874	979
874	982
874	993
874	1000
875	57
875	166
875	511
875	650
875	710
875	842
875	915
875	920
875	940
875	943
875	954
875	956
875	965
875	989
875	994
876	604
876	742
876	773
876	780
876	808
876	829
876	867
876	890
876	935
876	941
876	944
876	983
876	988
876	991
876	1000
877	495
877	601
877	663
877	726
877	738
877	746
877	785
877	825
877	909
877	927
877	968
877	973
877	986
877	993
877	997
878	162
878	417
878	474
878	516
878	794
878	827
878	839
878	933
878	951
878	953
878	961
878	967
878	978
878	995
878	999
879	36
879	96
879	160
879	525
879	545
879	760
879	796
879	848
879	885
879	890
879	920
879	925
879	930
879	965
879	989
880	223
880	271
880	337
880	727
880	774
880	775
880	805
880	836
880	900
880	924
880	926
880	949
880	960
880	961
880	962
880	964
881	92
881	591
881	641
881	718
881	736
881	858
881	886
881	912
881	932
881	945
881	952
881	957
881	974
881	979
881	982
881	993
882	167
882	190
882	293
882	693
882	702
882	743
882	810
882	815
882	826
882	843
882	917
882	949
882	955
882	963
882	984
882	992
883	352
883	468
883	557
883	709
883	774
883	775
883	789
883	805
883	817
883	844
883	900
883	926
883	960
883	961
883	962
883	967
884	33
884	110
884	129
884	330
884	656
884	675
884	707
884	708
884	764
884	795
884	812
884	921
884	948
884	968
884	977
884	990
885	39
885	40
885	671
885	676
885	769
885	837
885	863
885	879
885	925
885	931
885	943
885	954
885	956
885	971
885	989
885	994
886	142
886	277
886	477
886	554
886	577
886	610
886	658
886	717
886	881
886	919
886	932
886	957
886	982
886	993
886	996
886	1000
887	207
887	326
887	552
887	681
887	730
887	748
887	776
887	804
887	828
887	832
887	856
887	947
887	975
887	980
887	985
887	993
888	85
888	131
888	157
888	321
888	439
888	678
888	719
888	906
888	908
888	921
888	929
888	936
888	950
888	970
888	981
888	987
889	279
889	475
889	532
889	592
889	650
889	667
889	729
889	793
889	801
889	910
889	932
889	945
889	974
889	979
889	982
889	996
889	1000
890	740
890	742
890	745
890	780
890	786
890	808
890	829
890	862
890	867
890	876
890	879
890	935
890	941
890	944
890	983
890	988
890	991
891	13
891	181
891	203
891	514
891	643
891	719
891	746
891	752
891	783
891	822
891	837
891	852
891	854
891	899
891	941
891	950
891	986
891	997
892	160
892	478
892	545
892	624
892	644
892	691
892	713
892	799
892	800
892	814
892	824
892	837
892	872
892	920
892	954
892	989
892	994
892	998
893	182
893	296
893	537
893	540
893	740
893	787
893	859
893	899
893	906
893	921
893	936
893	938
893	950
893	959
893	970
893	973
893	987
893	997
894	232
894	345
894	423
894	491
894	567
894	598
894	669
894	708
894	721
894	734
894	795
894	831
894	874
894	897
894	948
894	968
894	976
894	990
895	186
895	341
895	370
895	404
895	409
895	424
895	438
895	484
895	594
895	629
895	756
895	807
895	809
895	816
895	928
895	937
895	972
895	977
896	98
896	592
896	640
896	714
896	823
896	841
896	861
896	874
896	910
896	911
896	912
896	939
896	945
896	952
896	974
896	979
896	996
896	999
896	1000
897	128
897	339
897	388
897	400
897	433
897	567
897	645
897	669
897	689
897	734
897	764
897	810
897	868
897	894
897	930
897	948
897	968
897	976
897	990
898	55
898	109
898	121
898	170
898	256
898	597
898	705
898	736
898	744
898	769
898	818
898	839
898	873
898	903
898	946
898	955
898	958
898	963
898	992
899	15
899	210
899	275
899	322
899	476
899	534
899	556
899	566
899	803
899	891
899	893
899	929
899	950
899	956
899	959
899	973
899	977
899	987
899	997
900	535
900	651
900	789
900	805
900	817
900	819
900	836
900	844
900	880
900	883
900	924
900	926
900	949
900	960
900	961
900	962
900	964
900	984
900	985
901	259
901	281
901	313
901	455
901	620
901	638
901	647
901	757
901	814
901	824
901	848
901	854
901	916
901	925
901	930
901	965
901	989
901	994
901	998
902	269
902	336
902	368
902	369
902	420
902	485
902	600
902	611
902	622
902	623
902	736
902	853
902	907
902	931
902	958
902	966
902	969
902	984
902	992
903	285
903	293
903	407
903	489
903	555
903	590
903	736
903	759
903	771
903	873
903	898
903	907
903	917
903	934
903	936
903	946
903	955
903	969
903	992
904	7
904	196
904	252
904	303
904	365
904	414
904	438
904	452
904	498
904	524
904	664
904	674
904	698
904	748
904	832
904	942
904	947
904	975
904	980
904	985
905	312
905	486
905	636
905	666
905	723
905	794
905	800
905	813
905	827
905	846
905	870
905	913
905	933
905	951
905	953
905	967
905	978
905	984
905	995
905	999
906	479
906	559
906	655
906	726
906	746
906	783
906	865
906	888
906	893
906	907
906	908
906	912
906	916
906	936
906	959
906	970
906	973
906	986
906	987
906	997
907	213
907	302
907	425
907	608
907	611
907	660
907	712
907	744
907	772
907	778
907	843
907	902
907	903
907	906
907	946
907	955
907	958
907	975
907	984
907	992
908	27
908	169
908	197
908	354
908	530
908	593
908	614
908	630
908	687
908	788
908	791
908	865
908	888
908	906
908	916
908	928
908	938
908	972
908	986
908	997
909	103
909	203
909	574
909	643
909	657
909	766
909	785
909	825
909	838
909	865
909	877
909	927
909	929
909	936
909	950
909	959
909	969
909	970
909	973
909	995
909	997
910	77
910	396
910	458
910	505
910	579
910	754
910	792
910	797
910	801
910	823
910	889
910	896
910	932
910	939
910	952
910	957
910	974
910	979
910	993
910	996
910	1000
911	135
911	306
911	341
911	391
911	399
911	438
911	484
911	519
911	584
911	629
911	665
911	732
911	756
911	777
911	816
911	849
911	896
911	937
911	972
911	977
911	996
912	220
912	510
912	532
912	580
912	668
912	717
912	750
912	754
912	813
912	859
912	864
912	881
912	896
912	906
912	939
912	948
912	974
912	979
912	982
912	993
912	996
913	377
913	562
913	613
913	626
913	666
913	723
913	733
913	784
913	794
913	800
913	821
913	846
913	866
913	905
913	922
913	932
913	943
913	951
913	978
913	995
913	999
914	34
914	75
914	163
914	230
914	265
914	312
914	415
914	467
914	703
914	759
914	771
914	840
914	851
914	853
914	862
914	917
914	918
914	969
914	984
914	992
914	1000
915	246
915	429
915	455
915	573
915	761
915	824
915	834
915	842
915	872
915	875
915	920
915	925
915	940
915	943
915	953
915	954
915	959
915	965
915	989
915	994
915	998
916	9
916	586
916	614
916	697
916	728
916	743
916	752
916	762
916	766
916	785
916	838
916	847
916	854
916	901
916	906
916	908
916	929
916	970
916	973
916	981
916	987
916	997
917	29
917	179
917	213
917	267
917	294
917	298
917	364
917	461
917	464
917	542
917	560
917	611
917	818
917	869
917	882
917	903
917	914
917	934
917	942
917	946
917	963
917	984
917	992
918	18
918	21
918	107
918	188
918	269
918	311
918	528
918	529
918	546
918	703
918	712
918	736
918	767
918	770
918	810
918	869
918	914
918	934
918	958
918	966
918	969
918	972
918	984
918	994
919	227
919	261
919	284
919	541
919	597
919	611
919	623
919	751
919	767
919	778
919	798
919	826
919	839
919	860
919	862
919	869
919	873
919	886
919	946
919	958
919	963
919	966
919	984
919	992
920	37
920	204
920	406
920	460
920	488
920	548
920	647
920	691
920	701
920	814
920	817
920	875
920	879
920	892
920	915
920	930
920	943
920	954
920	956
920	960
920	971
920	989
920	994
920	998
921	157
921	320
921	371
921	378
921	556
921	706
921	735
921	738
921	739
921	767
921	786
921	802
921	803
921	847
921	854
921	884
921	888
921	893
921	929
921	936
921	950
921	959
921	987
921	997
922	91
922	99
922	159
922	431
922	447
922	604
922	652
922	673
922	695
922	723
922	733
922	763
922	784
922	800
922	821
922	855
922	913
922	933
922	951
922	953
922	967
922	978
922	995
922	999
923	50
923	75
923	146
923	154
923	251
923	375
923	466
923	502
923	511
923	525
923	691
923	713
923	757
923	824
923	856
923	863
923	872
923	925
923	930
923	949
923	956
923	971
923	994
923	998
924	222
924	317
924	323
924	523
924	536
924	575
924	654
924	661
924	662
924	688
924	774
924	817
924	819
924	836
924	844
924	880
924	900
924	926
924	939
924	949
924	952
924	961
924	962
924	964
925	246
925	375
925	429
925	478
925	511
925	646
925	694
925	701
925	713
925	799
925	863
925	879
925	885
925	901
925	915
925	923
925	930
925	940
925	956
925	965
925	971
925	981
925	982
925	998
926	222
926	315
926	523
926	536
926	563
926	607
926	639
926	654
926	661
926	688
926	720
926	775
926	817
926	819
926	844
926	880
926	883
926	900
926	924
926	949
926	960
926	961
926	962
926	964
926	977
927	44
927	295
927	439
927	445
927	514
927	614
927	663
927	685
927	687
927	697
927	735
927	766
927	779
927	825
927	871
927	877
927	909
927	936
927	938
927	950
927	961
927	974
927	981
927	987
927	997
928	20
928	99
928	118
928	132
928	135
928	183
928	219
928	324
928	409
928	519
928	686
928	732
928	756
928	777
928	790
928	807
928	816
928	849
928	850
928	895
928	908
928	937
928	964
928	972
928	977
929	144
929	151
929	340
929	446
929	560
929	589
929	738
929	743
929	765
929	779
929	787
929	865
929	871
929	888
929	899
929	909
929	916
929	921
929	938
929	940
929	970
929	981
929	983
929	987
929	997
930	66
930	79
930	175
930	314
930	374
930	394
930	502
930	621
930	647
930	701
930	711
930	783
930	842
930	848
930	879
930	897
930	901
930	920
930	923
930	925
930	940
930	943
930	954
930	956
930	989
930	998
931	88
931	159
931	334
931	379
931	394
931	478
931	531
931	538
931	549
931	573
931	620
931	670
931	671
931	749
931	820
931	821
931	837
931	858
931	885
931	902
931	940
931	956
931	965
931	971
931	994
931	998
932	122
932	353
932	361
932	410
932	667
932	672
932	673
932	720
932	729
932	793
932	806
932	813
932	841
932	881
932	886
932	889
932	910
932	913
932	939
932	957
932	959
932	974
932	982
932	993
932	996
932	1000
933	119
933	299
933	494
933	513
933	613
933	616
933	652
933	666
933	723
933	733
933	794
933	800
933	821
933	825
933	846
933	866
933	870
933	878
933	905
933	922
933	950
933	951
933	953
933	967
933	978
933	995
933	999
934	167
934	294
934	300
934	307
934	325
934	389
934	600
934	623
934	712
934	737
934	767
934	772
934	811
934	815
934	826
934	840
934	857
934	903
934	917
934	918
934	955
934	958
934	966
934	984
934	991
934	992
934	994
935	62
935	209
935	526
935	602
935	631
935	694
935	699
935	740
935	742
935	745
935	773
935	780
935	786
935	808
935	829
935	835
935	867
935	876
935	890
935	941
935	944
935	945
935	983
935	988
935	991
936	124
936	203
936	217
936	429
936	515
936	539
936	541
936	612
936	649
936	678
936	719
936	726
936	783
936	787
936	852
936	865
936	888
936	893
936	903
936	906
936	909
936	921
936	927
936	938
936	950
936	986
936	987
937	5
937	47
937	138
937	208
937	219
937	291
937	341
937	432
937	438
937	484
937	519
937	584
937	629
937	665
937	686
937	732
937	756
937	777
937	790
937	807
937	816
937	849
937	850
937	895
937	911
937	928
937	972
937	977
938	15
938	63
938	335
938	362
938	385
938	411
938	426
938	445
938	469
938	490
938	514
938	537
938	569
938	726
938	752
938	753
938	791
938	812
938	830
938	893
938	908
938	927
938	929
938	936
938	959
938	970
938	981
938	995
938	997
939	25
939	89
939	471
939	579
939	591
939	592
939	632
939	642
939	716
939	781
939	795
939	801
939	806
939	811
939	813
939	861
939	896
939	910
939	912
939	924
939	932
939	952
939	957
939	974
939	979
939	982
939	993
939	996
939	1000
940	87
940	146
940	175
940	193
940	289
940	374
940	379
940	500
940	525
940	545
940	549
940	625
940	701
940	848
940	863
940	872
940	875
940	915
940	925
940	929
940	930
940	931
940	954
940	956
940	957
940	971
940	989
940	994
940	998
941	64
941	350
941	372
941	448
941	451
941	472
941	501
941	565
941	631
941	694
941	699
941	740
941	742
941	745
941	773
941	775
941	780
941	786
941	808
941	829
941	867
941	876
941	890
941	891
941	935
941	944
941	983
941	988
941	991
942	16
942	101
942	194
942	207
942	326
942	369
942	524
942	551
942	603
942	648
942	674
942	677
942	681
942	698
942	730
942	748
942	758
942	776
942	804
942	832
942	835
942	856
942	904
942	917
942	947
942	975
942	980
942	985
942	995
943	54
943	136
943	313
943	427
943	460
943	502
943	509
943	550
943	572
943	670
943	679
943	691
943	746
943	760
943	761
943	814
943	834
943	837
943	855
943	875
943	885
943	913
943	915
943	920
943	930
943	954
943	971
943	989
943	998
944	65
944	300
944	333
944	338
944	380
944	448
944	521
944	526
944	549
944	565
944	602
944	631
944	694
944	699
944	704
944	740
944	742
944	745
944	773
944	780
944	786
944	808
944	829
944	867
944	876
944	890
944	935
944	941
944	983
944	988
944	991
945	92
945	277
945	402
945	418
945	481
945	517
945	532
945	571
945	591
945	595
945	610
945	642
945	664
945	720
945	762
945	792
945	793
945	841
945	872
945	881
945	889
945	896
945	935
945	952
945	957
945	979
945	982
945	993
945	996
945	997
945	1000
946	109
946	113
946	126
946	243
946	386
946	390
946	420
946	465
946	541
946	570
946	600
946	623
946	660
946	712
946	818
946	840
946	851
946	869
946	898
946	903
946	907
946	917
946	919
946	950
946	954
946	955
946	966
946	969
946	984
946	992
946	995
947	95
947	111
947	152
947	153
947	329
947	352
947	360
947	414
947	453
947	497
947	498
947	617
947	628
947	648
947	677
947	730
947	741
947	748
947	776
947	804
947	828
947	832
947	835
947	849
947	856
947	887
947	904
947	942
947	975
947	980
947	985
948	33
948	83
948	170
948	174
948	262
948	271
948	397
948	400
948	491
948	558
948	587
948	598
948	615
948	628
948	669
948	692
948	708
948	734
948	755
948	764
948	795
948	812
948	828
948	868
948	884
948	894
948	897
948	912
948	968
948	976
948	990
949	30
949	71
949	158
949	223
949	240
949	278
949	352
949	403
949	468
949	535
949	563
949	581
949	651
949	661
949	688
949	696
949	774
949	805
949	819
949	836
949	844
949	880
949	882
949	900
949	923
949	924
949	926
949	960
949	961
949	962
949	964
949	998
950	13
950	176
950	362
950	469
950	564
950	589
950	653
950	655
950	657
950	663
950	753
950	785
950	791
950	797
950	833
950	847
950	852
950	871
950	888
950	891
950	893
950	899
950	909
950	921
950	927
950	933
950	936
950	946
950	959
950	967
950	973
950	986
951	20
951	215
951	229
951	279
951	305
951	355
951	382
951	417
951	474
951	499
951	516
951	562
951	586
951	613
951	616
951	636
951	695
951	733
951	745
951	747
951	763
951	846
951	855
951	866
951	878
951	905
951	913
951	922
951	933
951	967
951	978
951	995
951	999
952	14
952	221
952	492
952	506
952	507
952	571
952	580
952	582
952	591
952	596
952	637
952	715
952	762
952	768
952	781
952	804
952	813
952	841
952	859
952	861
952	881
952	896
952	910
952	924
952	939
952	945
952	957
952	974
952	979
952	982
952	993
952	996
952	1000
953	46
953	140
953	168
953	264
953	299
953	442
953	462
953	494
953	508
953	513
953	604
953	633
953	636
953	673
953	725
953	747
953	763
953	784
953	798
953	821
953	827
953	842
953	846
953	870
953	878
953	905
953	915
953	922
953	933
953	967
953	978
953	992
953	995
953	999
954	31
954	66
954	87
954	94
954	251
954	292
954	313
954	314
954	379
954	429
954	456
954	549
954	620
954	671
954	676
954	713
954	730
954	757
954	761
954	834
954	842
954	858
954	875
954	885
954	892
954	915
954	920
954	930
954	940
954	943
954	946
954	956
954	971
954	989
954	998
955	163
955	214
955	233
955	243
955	291
955	369
955	389
955	443
955	578
955	587
955	606
955	634
955	684
955	700
955	736
955	751
955	769
955	770
955	810
955	826
955	839
955	840
955	851
955	857
955	862
955	869
955	882
955	898
955	903
955	907
955	934
955	946
955	966
955	969
955	986
955	992
955	1000
956	21
956	37
956	105
956	172
956	178
956	357
956	504
956	548
956	638
956	644
956	647
956	722
956	724
956	749
956	757
956	796
956	799
956	805
956	814
956	820
956	858
956	863
956	875
956	885
956	899
956	920
956	923
956	925
956	930
956	931
956	940
956	954
956	971
956	972
956	981
956	989
956	998
957	56
957	61
957	122
957	195
957	319
957	441
957	473
957	477
957	480
957	483
957	492
957	532
957	554
957	585
957	599
957	610
957	667
957	714
957	718
957	754
957	781
957	791
957	874
957	881
957	886
957	910
957	932
957	939
957	940
957	945
957	952
957	974
957	979
957	982
957	989
957	993
957	996
957	1000
958	80
958	113
958	171
958	184
958	214
958	261
958	318
958	328
958	396
958	419
958	422
958	546
958	590
958	597
958	623
958	627
958	659
958	684
958	712
958	751
958	769
958	778
958	793
958	862
958	869
958	871
958	873
958	898
958	902
958	907
958	918
958	919
958	934
958	963
958	966
958	982
958	984
958	992
959	76
959	176
959	198
959	232
959	392
959	518
959	534
959	559
959	612
959	643
959	653
959	663
959	682
959	746
959	752
959	753
959	779
959	787
959	791
959	797
959	830
959	833
959	838
959	854
959	893
959	899
959	906
959	909
959	915
959	921
959	932
959	938
959	950
959	970
959	971
959	973
959	986
959	987
960	4
960	30
960	102
960	222
960	225
960	315
960	317
960	403
960	468
960	496
960	535
960	581
960	607
960	639
960	651
960	654
960	661
960	662
960	680
960	688
960	709
960	775
960	789
960	805
960	817
960	836
960	844
960	880
960	883
960	900
960	920
960	926
960	949
960	961
960	962
960	964
960	999
960	1000
961	4
961	73
961	158
961	234
961	258
961	309
961	317
961	352
961	496
961	523
961	536
961	575
961	581
961	593
961	607
961	609
961	639
961	651
961	662
961	680
961	696
961	709
961	727
961	775
961	817
961	819
961	878
961	880
961	883
961	900
961	924
961	926
961	927
961	949
961	960
961	962
961	964
961	987
962	4
962	12
962	73
962	171
962	223
962	233
962	240
962	278
962	309
962	403
962	496
962	563
962	575
962	581
962	607
962	639
962	651
962	661
962	662
962	680
962	688
962	696
962	709
962	774
962	775
962	789
962	805
962	817
962	836
962	844
962	880
962	883
962	900
962	924
962	926
962	949
962	960
962	961
962	964
962	996
962	998
963	6
963	108
963	218
963	291
963	307
963	308
963	342
963	346
963	358
963	364
963	408
963	423
963	435
963	442
963	485
963	578
963	622
963	634
963	693
963	702
963	705
963	731
963	737
963	751
963	759
963	771
963	772
963	818
963	839
963	843
963	857
963	860
963	862
963	869
963	882
963	898
963	917
963	919
963	958
963	984
963	992
964	12
964	30
964	73
964	258
964	309
964	315
964	317
964	323
964	496
964	523
964	535
964	563
964	575
964	607
964	609
964	654
964	662
964	680
964	683
964	688
964	696
964	709
964	774
964	775
964	789
964	805
964	817
964	819
964	834
964	836
964	844
964	880
964	900
964	924
964	926
964	928
964	949
964	960
964	961
964	962
964	980
965	26
965	104
965	113
965	115
965	185
965	193
965	307
965	348
965	366
965	375
965	406
965	500
965	538
965	553
965	572
965	621
965	644
965	646
965	647
965	671
965	676
965	724
965	760
965	796
965	814
965	822
965	837
965	845
965	848
965	858
965	872
965	875
965	879
965	901
965	915
965	925
965	931
965	971
965	979
965	989
965	994
965	998
966	6
966	9
966	34
966	48
966	80
966	85
966	163
966	180
966	202
966	230
966	319
966	336
966	386
966	401
966	407
966	527
966	529
966	558
966	597
966	712
966	737
966	744
966	751
966	759
966	770
966	778
966	802
966	818
966	862
966	869
966	873
966	902
966	918
966	919
966	934
966	946
966	955
966	958
966	969
966	983
966	984
966	992
967	49
967	266
967	270
967	305
967	387
967	437
967	462
967	482
967	486
967	494
967	508
967	516
967	583
967	588
967	604
967	633
967	636
967	652
967	695
967	723
967	725
967	731
967	763
967	794
967	798
967	827
967	855
967	866
967	870
967	878
967	883
967	905
967	922
967	933
967	950
967	951
967	953
967	968
967	978
967	980
967	995
967	999
968	23
968	52
968	83
968	174
968	199
968	205
968	209
968	287
968	345
968	384
968	397
968	400
968	413
968	491
968	567
968	587
968	598
968	615
968	619
968	656
968	669
968	675
968	689
968	692
968	707
968	721
968	755
968	764
968	795
968	812
968	820
968	831
968	868
968	877
968	884
968	894
968	897
968	948
968	967
968	976
968	990
968	993
969	84
969	265
969	325
969	364
969	368
969	389
969	401
969	420
969	485
969	489
969	515
969	528
969	542
969	578
969	622
969	659
969	700
969	702
969	767
969	769
969	771
969	778
969	810
969	818
969	826
969	840
969	851
969	853
969	857
969	860
969	873
969	902
969	903
969	909
969	914
969	918
969	946
969	955
969	966
969	984
969	985
969	990
969	992
970	9
970	27
970	72
970	81
970	126
970	130
970	210
970	238
970	282
970	356
970	392
970	476
970	479
970	483
970	649
970	682
970	683
970	685
970	719
970	765
970	766
970	779
970	788
970	791
970	797
970	809
970	833
970	838
970	852
970	854
970	865
970	888
970	893
970	906
970	909
970	916
970	929
970	938
970	959
970	981
970	986
970	987
970	997
971	2
971	39
971	120
971	164
971	172
971	236
971	259
971	274
971	348
971	443
971	455
971	561
971	576
971	644
971	679
971	711
971	757
971	760
971	761
971	776
971	796
971	834
971	845
971	848
971	858
971	862
971	863
971	872
971	885
971	920
971	923
971	925
971	931
971	940
971	943
971	954
971	956
971	959
971	965
971	989
971	994
971	998
971	1000
972	5
972	25
972	43
972	47
972	132
972	183
972	186
972	208
972	247
972	306
972	324
972	332
972	341
972	346
972	370
972	391
972	398
972	399
972	421
972	424
972	432
972	484
972	519
972	594
972	629
972	642
972	663
972	665
972	686
972	777
972	790
972	807
972	809
972	816
972	849
972	850
972	895
972	908
972	911
972	918
972	928
972	937
972	956
972	977
973	11
973	67
973	143
973	206
973	321
973	327
973	354
973	376
973	411
973	440
973	449
973	490
973	564
973	568
973	586
973	589
973	601
973	613
973	649
973	678
973	683
973	703
973	728
973	739
973	780
973	788
973	797
973	803
973	822
973	833
973	847
973	854
973	877
973	893
973	899
973	906
973	909
973	916
973	950
973	959
973	980
973	981
973	982
973	986
974	88
974	93
974	133
974	373
974	393
974	405
974	470
974	492
974	505
974	510
974	577
974	579
974	592
974	641
974	650
974	668
974	672
974	675
974	717
974	729
974	762
974	781
974	782
974	792
974	806
974	823
974	861
974	864
974	874
974	881
974	889
974	896
974	910
974	912
974	927
974	932
974	939
974	952
974	957
974	979
974	981
974	993
974	996
974	999
974	1000
975	3
975	16
975	69
975	101
975	111
975	117
975	140
975	226
975	239
975	297
975	303
975	360
975	365
975	416
975	436
975	498
975	499
975	512
975	524
975	551
975	552
975	603
975	617
975	618
975	628
975	674
975	677
975	681
975	698
975	748
975	758
975	776
975	804
975	828
975	832
975	835
975	856
975	887
975	904
975	907
975	942
975	947
975	980
975	985
975	989
976	33
976	52
976	110
976	129
976	191
976	205
976	224
976	237
976	286
976	287
976	330
976	339
976	345
976	384
976	388
976	413
976	433
976	491
976	557
976	558
976	567
976	587
976	619
976	645
976	656
976	675
976	684
976	689
976	692
976	707
976	708
976	721
976	764
976	795
976	812
976	824
976	831
976	868
976	894
976	897
976	948
976	968
976	981
976	990
976	994
976	996
977	25
977	47
977	96
977	118
977	132
977	135
977	186
977	208
977	219
977	247
977	306
977	332
977	346
977	391
977	398
977	399
977	409
977	418
977	421
977	424
977	432
977	456
977	519
977	584
977	594
977	602
977	629
977	665
977	686
977	732
977	756
977	777
977	790
977	807
977	809
977	816
977	849
977	850
977	884
977	895
977	899
977	911
977	926
977	928
977	937
977	972
978	8
978	12
978	42
978	123
978	145
978	169
978	177
978	201
978	264
978	312
978	377
978	382
978	404
978	431
978	437
978	474
978	482
978	486
978	487
978	583
978	588
978	616
978	626
978	633
978	695
978	700
978	731
978	733
978	747
978	750
978	763
978	784
978	827
978	846
978	855
978	866
978	870
978	878
978	905
978	913
978	922
978	933
978	951
978	953
978	967
978	995
978	999
979	14
979	89
979	150
979	187
979	277
979	304
979	383
979	393
979	402
979	413
979	441
979	493
979	507
979	547
979	555
979	596
979	599
979	632
979	640
979	656
979	672
979	716
979	717
979	750
979	758
979	762
979	768
979	792
979	811
979	841
979	874
979	881
979	889
979	896
979	910
979	912
979	939
979	945
979	952
979	957
979	965
979	974
979	982
979	993
979	994
979	996
979	1000
980	3
980	59
980	69
980	79
980	117
980	152
980	196
980	207
980	226
980	239
980	245
980	260
980	283
980	290
980	297
980	303
980	326
980	337
980	414
980	416
980	436
980	452
980	470
980	497
980	498
980	499
980	512
980	551
980	552
980	617
980	628
980	648
980	674
980	698
980	730
980	776
980	828
980	835
980	856
980	887
980	904
980	942
980	947
980	964
980	967
980	973
980	975
980	985
981	19
981	24
981	45
981	67
981	123
981	125
981	161
981	169
981	197
981	322
981	343
981	356
981	412
981	428
981	469
981	514
981	530
981	534
981	556
981	574
981	612
981	630
981	649
981	655
981	678
981	697
981	735
981	743
981	753
981	785
981	803
981	822
981	833
981	852
981	854
981	888
981	916
981	925
981	927
981	929
981	938
981	956
981	970
981	973
981	974
981	976
981	987
981	997
982	56
982	61
982	89
982	100
982	127
982	189
982	248
982	272
982	405
982	454
982	480
982	483
982	493
982	571
982	580
982	582
982	585
982	595
982	637
982	650
982	664
982	716
982	720
982	750
982	762
982	768
982	781
982	782
982	813
982	859
982	861
982	874
982	881
982	886
982	889
982	912
982	925
982	932
982	939
982	945
982	952
982	957
982	958
982	973
982	979
982	990
982	993
982	996
982	1000
983	10
983	28
983	53
983	64
983	86
983	148
983	249
983	255
983	263
983	268
983	280
983	316
983	333
983	350
983	351
983	359
983	363
983	372
983	380
983	451
983	472
983	501
983	521
983	526
983	565
983	602
983	631
983	634
983	694
983	699
983	740
983	742
983	745
983	773
983	780
983	786
983	808
983	829
983	867
983	876
983	890
983	929
983	935
983	941
983	944
983	966
983	988
983	991
983	998
984	35
984	107
984	138
984	230
984	231
984	243
984	284
984	307
984	308
984	364
984	386
984	392
984	461
984	465
984	467
984	489
984	546
984	547
984	570
984	600
984	622
984	627
984	634
984	660
984	700
984	705
984	744
984	751
984	769
984	815
984	839
984	840
984	862
984	865
984	873
984	882
984	900
984	902
984	905
984	907
984	914
984	917
984	918
984	919
984	934
984	946
984	958
984	963
984	966
984	969
984	990
984	992
985	7
985	82
985	95
985	111
985	117
985	141
985	245
985	252
985	260
985	283
985	290
985	297
985	303
985	337
985	365
985	416
985	450
985	497
985	498
985	499
985	512
985	531
985	533
985	551
985	552
985	603
985	617
985	618
985	628
985	638
985	648
985	674
985	677
985	681
985	698
985	730
985	741
985	748
985	758
985	776
985	804
985	814
985	828
985	835
985	887
985	900
985	904
985	942
985	947
985	969
985	975
985	980
986	24
986	70
986	81
986	131
986	206
986	244
986	296
986	327
986	343
986	356
986	359
986	367
986	381
986	385
986	411
986	434
986	445
986	446
986	495
986	503
986	515
986	520
986	530
986	560
986	569
986	612
986	614
986	657
986	685
986	739
986	743
986	787
986	803
986	808
986	830
986	833
986	847
986	852
986	867
986	871
986	877
986	891
986	906
986	908
986	936
986	950
986	955
986	959
986	970
986	973
986	987
986	997
986	999
987	13
987	19
987	32
987	76
987	139
987	206
987	244
987	253
987	340
987	377
987	415
987	434
987	457
987	487
987	490
987	518
987	520
987	522
987	534
987	539
987	556
987	589
987	603
987	655
987	657
987	682
987	683
987	687
987	706
987	738
987	743
987	753
987	779
987	785
987	802
987	803
987	825
987	833
987	854
987	871
987	888
987	893
987	899
987	906
987	916
987	921
987	927
987	929
987	936
987	959
987	961
987	970
987	981
987	986
987	993
987	997
988	10
988	17
988	28
988	53
988	62
988	65
988	148
988	149
988	200
988	228
988	249
988	254
988	257
988	263
988	268
988	273
988	316
988	333
988	338
988	350
988	359
988	363
988	372
988	380
988	448
988	451
988	472
988	501
988	521
988	526
988	530
988	565
988	584
988	602
988	631
988	672
988	694
988	699
988	740
988	742
988	745
988	753
988	773
988	780
988	786
988	808
988	829
988	860
988	867
988	876
988	890
988	935
988	941
988	944
988	983
988	991
988	996
989	1
989	22
989	26
989	37
989	165
989	178
989	192
989	204
989	236
989	246
989	366
989	375
989	500
989	504
989	506
989	511
989	525
989	531
989	620
989	621
989	638
989	645
989	670
989	671
989	676
989	679
989	710
989	711
989	713
989	735
989	749
989	760
989	761
989	796
989	824
989	834
989	841
989	842
989	863
989	872
989	875
989	879
989	885
989	892
989	901
989	915
989	920
989	930
989	940
989	943
989	954
989	956
989	957
989	965
989	971
989	975
989	994
989	995
989	998
990	23
990	52
990	74
990	83
990	128
990	170
990	174
990	191
990	199
990	205
990	209
990	224
990	262
990	271
990	286
990	287
990	288
990	330
990	339
990	345
990	384
990	388
990	397
990	400
990	413
990	423
990	433
990	491
990	557
990	558
990	587
990	598
990	615
990	619
990	645
990	656
990	669
990	675
990	689
990	692
990	707
990	708
990	721
990	734
990	755
990	790
990	795
990	806
990	812
990	831
990	861
990	868
990	884
990	894
990	897
990	948
990	968
990	969
990	976
990	982
990	984
991	10
991	17
991	28
991	53
991	62
991	64
991	65
991	86
991	98
991	148
991	149
991	180
991	200
991	228
991	249
991	254
991	255
991	257
991	263
991	268
991	273
991	280
991	290
991	316
991	325
991	333
991	338
991	350
991	359
991	363
991	372
991	380
991	448
991	451
991	472
991	501
991	521
991	526
991	565
991	602
991	631
991	694
991	699
991	740
991	742
991	745
991	773
991	780
991	786
991	808
991	829
991	867
991	876
991	890
991	934
991	935
991	941
991	944
991	983
991	988
991	996
992	41
992	48
992	72
992	75
992	102
992	112
992	126
992	267
992	298
992	300
992	308
992	324
992	326
992	336
992	390
992	422
992	435
992	464
992	467
992	489
992	497
992	528
992	529
992	546
992	570
992	590
992	659
992	660
992	679
992	690
992	691
992	700
992	704
992	769
992	770
992	815
992	818
992	839
992	843
992	851
992	853
992	857
992	860
992	869
992	873
992	882
992	898
992	902
992	903
992	907
992	914
992	917
992	919
992	934
992	946
992	953
992	955
992	958
992	963
992	966
992	969
992	984
993	57
993	61
993	88
993	118
993	133
993	195
993	220
993	235
993	248
993	301
993	304
993	331
993	383
993	402
993	418
993	432
993	473
993	475
993	480
993	481
993	492
993	505
993	507
993	517
993	554
993	579
993	580
993	595
993	596
993	599
993	632
993	658
993	668
993	715
993	720
993	750
993	762
993	768
993	781
993	782
993	793
993	811
993	813
993	823
993	859
993	861
993	864
993	874
993	877
993	881
993	886
993	887
993	910
993	912
993	932
993	939
993	945
993	952
993	957
993	968
993	974
993	979
993	982
993	987
993	996
993	1000
994	36
994	50
994	87
994	115
994	164
994	251
994	314
994	357
994	379
994	384
994	443
994	444
994	459
994	463
994	484
994	500
994	504
994	506
994	510
994	511
994	531
994	545
994	548
994	550
994	561
994	620
994	621
994	635
994	638
994	644
994	646
994	676
994	679
994	691
994	701
994	710
994	722
994	749
994	757
994	760
994	761
994	796
994	814
994	820
994	824
994	837
994	842
994	845
994	858
994	872
994	875
994	885
994	892
994	901
994	915
994	918
994	920
994	923
994	931
994	934
994	940
994	965
994	971
994	976
994	979
994	989
994	998
995	8
995	20
995	42
995	46
995	49
995	55
995	116
995	119
995	145
995	162
995	168
995	177
995	201
995	215
995	216
995	229
995	299
995	355
995	377
995	382
995	387
995	404
995	431
995	447
995	462
995	474
995	482
995	486
995	494
995	508
995	513
995	562
995	583
995	588
995	604
995	613
995	626
995	633
995	636
995	652
995	658
995	666
995	673
995	695
995	723
995	725
995	731
995	733
995	747
995	763
995	784
995	794
995	798
995	800
995	821
995	827
995	846
995	855
995	866
995	870
995	878
995	905
995	909
995	913
995	922
995	933
995	938
995	942
995	946
995	951
995	953
995	967
995	978
995	989
995	999
996	60
996	68
996	77
996	98
996	100
996	120
996	142
996	189
996	235
996	248
996	351
996	353
996	367
996	373
996	410
996	471
996	473
996	475
996	483
996	492
996	493
996	507
996	517
996	532
996	543
996	554
996	569
996	571
996	582
996	585
996	591
996	592
996	595
996	605
996	641
996	642
996	658
996	664
996	667
996	668
996	672
996	714
996	715
996	718
996	720
996	729
996	762
996	781
996	782
996	792
996	793
996	801
996	806
996	811
996	827
996	859
996	861
996	864
996	886
996	889
996	896
996	910
996	911
996	912
996	932
996	939
996	945
996	952
996	957
996	962
996	974
996	976
996	979
996	982
996	988
996	991
996	993
996	1000
997	11
997	70
997	76
997	114
997	124
997	134
997	137
997	155
997	181
997	198
997	212
997	235
997	282
997	310
997	321
997	322
997	329
997	335
997	343
997	356
997	362
997	367
997	412
997	430
997	434
997	440
997	446
997	453
997	457
997	476
997	538
997	539
997	540
997	566
997	569
997	574
997	593
997	624
997	630
997	653
997	683
997	685
997	697
997	706
997	716
997	726
997	738
997	746
997	752
997	756
997	760
997	783
997	785
997	787
997	788
997	797
997	803
997	825
997	830
997	833
997	838
997	847
997	852
997	854
997	877
997	891
997	893
997	899
997	906
997	908
997	909
997	916
997	921
997	927
997	929
997	938
997	945
997	970
997	981
997	986
997	987
997	999
998	2
998	22
998	40
998	50
998	58
998	66
998	78
998	79
998	105
998	146
998	164
998	172
998	173
998	185
998	193
998	259
998	276
998	281
998	289
998	348
998	358
998	374
998	389
998	394
998	406
998	427
998	430
998	455
998	458
998	459
998	460
998	466
998	488
998	500
998	502
998	504
998	509
998	514
998	520
998	531
998	544
998	548
998	550
998	553
998	561
998	573
998	620
998	635
998	646
998	693
998	701
998	710
998	711
998	749
998	757
998	760
998	761
998	796
998	814
998	820
998	824
998	837
998	842
998	858
998	863
998	868
998	892
998	901
998	915
998	920
998	923
998	925
998	930
998	931
998	940
998	943
998	949
998	954
998	956
998	962
998	965
998	971
998	983
998	989
998	994
999	8
999	42
999	46
999	49
999	91
999	106
999	119
999	123
999	140
999	145
999	162
999	168
999	177
999	201
999	215
999	216
999	229
999	264
999	270
999	279
999	299
999	305
999	312
999	355
999	382
999	387
999	404
999	417
999	431
999	437
999	447
999	462
999	474
999	482
999	486
999	494
999	508
999	513
999	516
999	562
999	583
999	588
999	604
999	613
999	616
999	626
999	633
999	636
999	652
999	666
999	673
999	695
999	715
999	719
999	722
999	723
999	725
999	731
999	733
999	747
999	763
999	784
999	794
999	798
999	800
999	821
999	827
999	846
999	855
999	857
999	866
999	870
999	878
999	896
999	905
999	913
999	922
999	933
999	951
999	953
999	960
999	967
999	974
999	978
999	986
999	995
999	997
1000	32
1000	56
1000	57
1000	60
1000	77
1000	92
1000	100
1000	101
1000	122
1000	150
1000	156
1000	189
1000	220
1000	221
1000	288
1000	301
1000	310
1000	347
1000	351
1000	353
1000	361
1000	373
1000	383
1000	393
1000	396
1000	402
1000	405
1000	410
1000	470
1000	473
1000	481
1000	483
1000	493
1000	507
1000	517
1000	543
1000	547
1000	555
1000	577
1000	580
1000	582
1000	585
1000	592
1000	595
1000	596
1000	605
1000	632
1000	637
1000	640
1000	641
1000	642
1000	668
1000	672
1000	716
1000	717
1000	718
1000	720
1000	729
1000	754
1000	768
1000	781
1000	782
1000	792
1000	793
1000	801
1000	806
1000	811
1000	813
1000	823
1000	841
1000	859
1000	861
1000	864
1000	869
1000	874
1000	876
1000	886
1000	889
1000	896
1000	910
1000	914
1000	932
1000	939
1000	945
1000	952
1000	955
1000	957
1000	960
1000	971
1000	974
1000	979
1000	982
1000	993
1000	996
