1	980
1	991
1	999
2	877
2	956
2	985
3	872
3	954
3	983
4	929
4	974
4	983
5	129
5	384
5	976
6	838
6	873
6	1000
7	898
7	905
7	958
8	353
8	975
8	985
9	982
9	984
9	994
10	961
10	969
10	992
11	872
11	938
11	997
12	977
12	987
12	998
13	811
13	984
13	991
14	568
14	801
14	993
15	410
15	878
15	968
16	982
16	991
16	996
17	941
17	973
17	997
18	309
18	746
18	958
19	956
19	962
19	985
20	59
20	924
20	998
21	340
21	880
21	993
22	606
22	884
22	926
23	856
23	984
23	996
24	205
24	693
24	971
25	792
25	959
25	997
26	861
26	890
26	1000
27	113
27	849
27	951
28	635
28	817
28	1000
29	927
29	967
29	981
30	528
30	961
30	992
31	978
31	988
31	993
32	86
32	608
32	609
33	676
33	852
33	922
34	707
34	765
34	972
35	72
35	865
35	992
36	152
36	651
36	968
37	489
37	500
37	983
38	818
38	956
38	985
39	964
39	982
39	990
40	233
40	757
40	992
41	620
41	990
41	999
42	603
42	898
42	938
43	980
43	982
43	991
44	45
44	305
44	595
45	44
45	316
45	595
46	443
46	829
46	934
47	544
47	984
47	991
48	362
48	922
48	947
49	971
49	986
49	1000
50	732
50	859
50	895
51	737
51	911
51	997
52	956
52	979
52	985
53	993
53	996
53	999
54	676
54	984
54	999
55	404
55	752
55	979
56	426
56	790
56	974
57	814
57	857
57	898
58	118
58	978
58	990
59	20
59	308
59	950
60	918
60	982
60	999
61	469
61	949
61	997
62	584
62	916
62	935
63	939
63	981
63	993
64	921
64	961
64	992
65	945
65	981
65	998
66	862
66	913
66	979
67	588
67	930
67	993
68	283
68	876
68	968
69	945
69	977
69	998
70	816
70	956
70	985
71	745
71	887
71	978
72	35
72	567
72	958
73	792
73	935
73	972
74	864
74	908
74	992
75	606
75	846
75	996
76	675
76	728
76	983
77	562
77	692
77	985
78	110
78	534
78	1000
79	461
79	893
79	904
80	928
80	961
80	992
81	772
81	946
81	996
82	392
82	963
82	982
83	483
83	956
83	975
84	690
84	961
84	992
85	837
85	943
85	976
86	32
86	815
86	989
87	830
87	929
87	1000
88	479
88	516
88	971
89	930
89	943
89	983
90	580
90	785
90	975
91	750
91	988
91	999
92	657
92	917
92	936
93	977
93	987
93	998
94	867
94	879
94	898
95	743
95	981
95	998
96	941
96	950
96	985
97	217
97	917
97	997
98	879
98	938
98	967
99	711
99	724
99	944
100	813
100	936
100	998
101	162
101	531
101	914
102	669
102	838
102	873
103	990
103	991
103	999
104	981
104	987
104	998
105	461
105	665
105	922
106	977
106	984
106	998
107	278
107	783
107	920
108	901
108	977
108	998
109	793
109	949
109	974
110	78
110	714
110	998
111	981
111	987
111	998
112	915
112	936
112	941
113	27
113	820
113	871
114	141
114	925
114	973
115	689
115	801
115	911
116	925
116	973
116	997
117	828
117	942
117	980
118	58
118	745
118	994
119	924
119	977
119	998
120	440
120	840
120	992
121	825
121	937
121	1000
122	977
122	987
122	998
123	698
123	843
123	1000
124	541
124	735
124	742
125	955
125	963
125	999
126	886
126	978
126	990
127	808
127	909
127	971
128	515
128	896
128	989
129	5
129	984
129	993
130	395
130	968
130	989
131	407
131	803
131	1000
132	800
132	975
132	979
133	977
133	987
133	998
134	934
134	935
134	989
135	941
135	954
135	982
136	348
136	936
136	946
137	929
137	954
137	997
138	251
138	591
138	894
139	488
139	570
139	746
140	856
140	872
140	881
141	114
141	908
141	992
142	751
142	830
142	1000
143	848
143	893
143	979
144	735
144	794
144	922
145	885
145	991
145	999
146	950
146	975
146	985
147	622
147	931
147	937
148	195
148	439
148	943
149	851
149	977
149	998
150	634
150	994
150	995
151	557
151	911
151	992
152	36
152	779
152	958
153	843
153	960
153	971
154	911
154	965
154	979
155	477
155	973
155	997
156	964
156	995
156	999
157	431
157	974
157	997
158	611
158	873
158	960
159	524
159	976
159	997
160	568
160	702
160	994
161	626
161	904
161	907
162	101
162	250
162	717
163	814
163	897
163	904
164	606
164	930
164	972
165	977
165	987
165	998
166	778
166	995
166	996
167	436
167	940
167	992
168	510
168	906
168	925
169	799
169	912
169	957
170	663
170	868
170	879
171	869
171	969
171	992
172	771
172	916
172	933
173	327
173	629
173	715
174	636
174	993
174	995
175	263
175	826
175	1000
176	793
176	976
176	997
177	509
177	969
177	992
178	662
178	981
178	998
179	941
179	954
179	976
180	607
180	832
180	967
181	956
181	990
181	999
182	942
182	995
182	996
183	936
183	941
183	983
184	810
184	977
184	998
185	859
185	982
185	994
186	504
186	536
186	875
187	627
187	814
187	967
188	980
188	993
188	994
189	773
189	886
189	996
190	978
190	995
190	998
191	703
191	983
191	992
192	382
192	440
192	610
193	202
193	603
193	760
194	296
194	820
194	989
195	148
195	976
195	989
196	851
196	853
196	985
197	777
197	930
197	972
198	692
198	979
198	985
199	891
199	958
199	973
200	962
200	975
200	979
201	538
201	944
201	967
202	193
202	600
202	755
203	234
203	539
203	646
204	966
204	988
204	993
205	24
205	496
205	640
206	963
206	990
206	991
207	245
207	708
207	983
208	920
208	922
208	970
209	996
209	997
209	999
210	963
210	980
210	993
211	640
211	987
211	998
212	804
212	991
212	996
213	948
213	972
213	989
214	981
214	987
214	998
215	305
215	814
215	944
216	804
216	886
216	989
217	97
217	910
217	949
218	884
218	894
218	965
219	903
219	984
219	993
220	287
220	990
220	999
221	265
221	665
221	897
222	357
222	987
222	998
223	981
223	987
223	998
224	655
224	906
224	997
225	917
225	952
225	973
226	918
226	948
226	965
227	741
227	980
227	995
228	672
228	732
228	990
229	407
229	446
229	1000
230	520
230	910
230	976
231	613
231	624
231	899
232	287
232	516
232	828
233	40
233	571
233	1000
234	203
234	974
234	976
235	372
235	757
235	998
236	504
236	739
236	849
237	977
237	981
237	998
238	613
238	807
238	855
239	869
239	961
239	992
240	869
240	928
240	992
241	578
241	903
241	964
242	908
242	969
242	992
243	717
243	916
243	951
244	786
244	852
244	989
245	207
245	834
245	996
246	844
246	856
246	881
247	945
247	987
247	998
248	669
248	799
248	843
249	313
249	983
249	997
250	162
250	878
250	894
251	138
251	345
251	363
252	729
252	747
252	965
253	865
253	969
253	992
254	480
254	984
254	995
255	593
255	857
255	958
256	845
256	889
256	998
257	597
257	876
257	933
258	943
258	976
258	1000
259	802
259	821
259	967
260	722
260	900
260	992
261	303
261	938
261	958
262	813
262	859
262	949
263	175
263	961
263	1000
264	886
264	991
264	995
265	221
265	968
265	989
266	836
266	940
266	992
267	448
267	993
267	999
268	703
268	840
268	992
269	779
269	879
269	934
270	475
270	915
270	954
271	946
271	984
271	995
272	279
272	561
272	997
273	415
273	557
273	888
274	522
274	536
274	820
275	914
275	988
275	999
276	639
276	815
276	935
277	493
277	964
277	990
278	107
278	614
278	619
278	963
279	272
279	929
279	976
279	997
280	303
280	782
280	938
280	977
281	853
281	962
281	979
281	985
282	991
282	994
282	996
282	999
283	68
283	796
283	876
283	989
284	978
284	982
284	991
284	999
285	611
285	637
285	682
285	808
286	964
286	990
286	993
286	996
287	220
287	232
287	964
287	991
288	910
288	954
288	959
288	973
289	433
289	720
289	740
289	860
290	985
290	988
290	990
290	999
291	881
291	929
291	959
291	997
292	405
292	558
292	964
292	996
293	960
293	966
293	971
293	1000
294	654
294	740
294	931
294	999
295	704
295	993
295	995
295	996
296	194
296	947
296	948
296	965
297	784
297	988
297	995
297	999
298	673
298	844
298	929
298	949
299	301
299	549
299	796
299	926
300	431
300	737
300	959
300	983
301	299
301	568
301	876
301	947
302	309
302	488
302	927
302	958
303	261
303	280
303	927
303	944
304	336
304	546
304	958
304	967
305	44
305	215
305	832
305	945
306	311
306	857
306	867
306	898
307	566
307	928
307	940
307	992
308	59
308	895
308	975
308	985
309	18
309	302
309	567
309	779
310	645
310	738
310	953
310	1000
311	306
311	938
311	958
311	967
312	883
312	933
312	982
312	991
313	249
313	910
313	982
313	997
314	849
314	904
314	938
314	968
315	991
315	994
315	996
315	999
316	45
316	618
316	905
316	927
317	791
317	882
317	973
317	983
318	762
318	916
318	991
318	993
319	827
319	931
319	953
319	971
320	901
320	981
320	987
320	998
321	590
321	808
321	953
321	1000
322	694
322	964
322	995
322	999
323	503
323	904
323	958
323	968
324	883
324	897
324	963
324	988
325	793
325	925
325	983
325	997
326	833
326	932
326	986
326	1000
327	173
327	867
327	905
327	927
328	977
328	981
328	987
328	998
329	567
329	629
329	782
329	938
330	475
330	859
330	991
330	997
331	384
331	513
331	975
331	979
332	749
332	962
332	975
332	985
333	708
333	954
333	973
333	997
334	463
334	806
334	966
334	1000
335	763
335	950
335	979
335	985
336	304
336	789
336	829
336	907
337	554
337	755
337	761
337	849
338	886
338	991
338	994
338	995
339	883
339	962
339	975
339	985
340	21
340	804
340	993
340	994
341	977
341	981
341	987
341	998
342	895
342	950
342	959
342	985
343	465
343	928
343	969
343	992
344	673
344	844
344	972
344	997
345	251
345	852
345	860
345	935
346	395
346	664
346	968
346	972
347	471
347	547
347	969
347	992
348	136
348	982
348	983
348	997
349	738
349	826
349	960
349	1000
350	405
350	664
350	726
350	922
351	393
351	688
351	906
351	997
352	864
352	981
352	987
352	998
353	8
353	848
353	862
353	985
354	874
354	881
354	906
354	929
355	648
355	659
355	673
355	996
356	739
356	878
356	894
356	989
357	222
357	977
357	987
357	998
358	694
358	763
358	975
358	979
359	945
359	977
359	981
359	998
360	415
360	753
360	792
360	933
361	383
361	537
361	979
361	985
362	48
362	522
362	989
362	990
363	251
363	406
363	920
363	966
364	779
364	824
364	927
364	948
365	678
365	764
365	857
365	958
366	615
366	618
366	711
366	938
367	591
367	876
367	920
367	989
368	607
368	663
368	898
368	934
369	482
369	827
369	937
369	986
370	680
370	708
370	858
370	983
371	611
371	931
371	932
371	952
372	235
372	981
372	987
372	998
373	386
373	839
373	930
373	960
374	459
374	867
374	944
374	967
375	516
375	936
375	976
375	983
376	845
376	981
376	987
376	998
377	705
377	975
377	979
377	985
378	676
378	849
378	904
378	947
379	946
379	978
379	990
379	999
380	487
380	865
380	991
380	996
381	939
381	990
381	995
381	996
382	192
382	769
382	907
382	948
383	361
383	692
383	798
383	962
384	5
384	331
384	673
384	973
385	782
385	913
385	962
385	979
386	373
386	504
386	707
386	761
387	942
387	982
387	994
387	999
388	613
388	842
388	948
388	970
389	468
389	788
389	859
389	976
390	462
390	642
390	802
390	1000
391	576
391	872
391	959
391	973
392	82
392	685
392	950
392	975
393	351
393	680
393	793
393	910
394	818
394	862
394	895
394	985
395	130
395	346
395	739
395	899
396	477
396	651
396	954
396	976
397	701
397	891
397	903
397	988
398	957
398	966
398	986
398	1000
399	990
399	993
399	994
399	995
400	734
400	813
400	981
400	998
401	633
401	861
401	986
401	1000
402	653
402	953
402	986
402	1000
403	697
403	829
403	938
403	967
404	55
404	692
404	800
404	979
405	292
405	350
405	654
405	988
406	363
406	723
406	769
406	982
407	131
407	229
407	453
407	1000
408	978
408	979
408	980
408	996
409	830
409	892
409	987
409	998
410	15
410	720
410	890
410	989
411	579
411	711
411	829
411	958
412	500
412	828
412	872
412	954
413	855
413	902
413	987
413	998
414	512
414	850
414	961
414	976
415	273
415	360
415	517
415	896
416	884
416	939
416	980
416	994
417	726
417	731
417	963
417	996
418	598
418	909
418	952
418	953
419	804
419	966
419	971
419	1000
420	819
420	974
420	983
420	996
421	807
421	947
421	965
421	970
422	804
422	993
422	995
422	999
423	620
423	654
423	984
423	994
424	485
424	720
424	801
424	951
425	600
425	743
425	870
425	916
426	56
426	868
426	906
426	973
427	812
427	981
427	987
427	998
428	644
428	850
428	929
428	943
429	443
429	767
429	927
429	934
430	964
430	978
430	993
430	994
431	157
431	300
431	828
431	997
432	589
432	923
432	971
432	1000
433	289
433	922
433	989
433	999
434	565
434	705
434	959
434	983
435	777
435	825
435	899
435	911
436	167
436	927
436	969
436	992
437	893
437	956
437	962
437	979
438	476
438	528
438	836
438	992
439	148
439	539
439	688
439	850
440	120
440	192
440	815
440	918
441	900
441	940
441	969
441	992
442	721
442	875
442	935
442	965
443	46
443	429
443	944
443	958
444	928
444	932
444	969
444	992
445	655
445	716
445	976
445	983
446	229
446	712
446	960
446	1000
447	462
447	837
447	995
447	996
448	267
448	792
448	846
448	870
449	696
449	699
449	887
449	966
450	542
450	744
450	983
450	997
451	953
451	966
451	971
451	1000
452	864
452	908
452	921
452	992
453	407
453	459
453	909
453	1000
454	708
454	907
454	915
454	925
455	809
455	841
455	974
455	997
456	699
456	852
456	919
456	948
457	474
457	695
457	888
457	989
458	982
458	991
458	993
458	996
458	999
459	374
459	453
459	754
459	952
459	1000
460	608
460	717
460	801
460	907
460	916
461	79
461	105
461	896
461	914
461	924
462	390
462	447
462	533
462	682
462	754
463	334
463	766
463	830
463	952
463	986
464	752
464	818
464	820
464	895
464	979
465	343
465	946
465	980
465	990
465	991
466	678
466	980
466	984
466	990
466	999
467	560
467	781
467	945
467	981
467	998
468	389
468	689
468	760
468	794
468	965
469	61
469	790
469	841
469	922
469	974
470	663
470	724
470	789
470	927
470	967
471	347
471	736
471	940
471	969
471	992
472	919
472	925
472	977
472	981
472	998
473	603
473	695
473	706
473	852
473	989
474	457
474	515
474	639
474	875
474	948
475	270
475	330
475	852
475	976
475	997
476	438
476	764
476	776
476	921
476	992
477	155
477	396
477	659
477	959
477	977
478	903
478	990
478	991
478	994
478	999
479	88
479	830
479	854
479	932
479	1000
480	254
480	623
480	824
480	958
480	967
481	580
481	848
481	962
481	975
481	979
482	369
482	642
482	923
482	957
482	1000
483	83
483	774
483	908
483	921
483	992
484	918
484	932
484	957
484	966
484	1000
485	424
485	544
485	723
485	726
485	911
486	869
486	908
486	909
486	961
486	992
487	380
487	990
487	994
487	996
487	1000
488	139
488	302
488	814
488	905
488	944
489	37
489	744
489	850
489	974
489	997
490	670
490	697
490	716
490	917
490	941
491	984
491	988
491	990
491	991
491	996
492	939
492	955
492	990
492	996
492	998
493	277
493	946
493	982
493	995
493	999
494	753
494	765
494	866
494	876
494	947
495	580
495	902
495	919
495	981
495	998
496	205
496	811
496	980
496	982
496	988
497	729
497	831
497	964
497	988
497	999
498	775
498	776
498	928
498	961
498	992
499	707
499	786
499	888
499	933
499	972
500	37
500	412
500	863
500	915
500	983
501	751
501	795
501	965
501	971
501	1000
502	586
502	854
502	861
502	957
502	1000
503	323
503	907
503	915
503	916
503	930
504	186
504	236
504	386
504	575
504	896
505	833
505	865
505	961
505	980
505	992
506	529
506	781
506	880
506	985
506	998
507	533
507	923
507	960
507	971
507	1000
508	646
508	673
508	917
508	925
508	929
509	177
509	576
509	815
509	930
509	989
510	168
510	646
510	866
510	943
510	997
511	856
511	943
511	949
511	976
511	997
512	414
512	797
512	856
512	983
512	997
513	331
513	749
513	800
513	975
513	985
514	872
514	895
514	950
514	962
514	985
515	128
515	474
515	786
515	860
515	972
516	88
516	232
516	375
516	973
516	983
517	415
517	676
517	710
517	742
517	875
518	563
518	844
518	910
518	949
518	997
519	924
519	945
519	977
519	981
519	998
520	230
520	941
520	949
520	974
520	997
521	827
521	885
521	991
521	994
521	996
522	274
522	362
522	669
522	720
522	894
523	596
523	760
523	801
523	933
523	943
524	159
524	657
524	925
524	929
524	996
525	652
525	902
525	903
525	982
525	984
526	860
526	915
526	925
526	974
526	997
527	883
527	939
527	990
527	996
527	999
528	30
528	438
528	921
528	955
528	992
529	506
529	845
529	981
529	987
529	998
530	963
530	980
530	994
530	995
530	999
531	101
531	614
531	755
531	894
531	951
532	831
532	978
532	982
532	988
532	995
533	462
533	507
533	642
533	874
533	986
534	78
534	953
534	960
534	986
534	1000
535	750
535	759
535	980
535	990
535	994
536	186
536	274
536	842
536	951
536	993
537	361
537	664
537	893
537	950
537	985
538	201
538	601
538	727
538	982
538	984
539	203
539	439
539	793
539	819
539	973
540	658
540	783
540	860
540	922
540	970
541	124
541	761
541	907
541	947
541	948
542	450
542	771
542	990
542	996
542	999
543	811
543	889
543	945
543	977
543	998
544	47
544	485
544	993
544	995
544	996
545	562
545	955
545	979
545	988
545	996
546	304
546	814
546	927
546	938
546	944
547	347
547	594
547	940
547	969
547	992
548	695
548	815
548	914
548	970
548	989
549	299
549	665
549	760
549	834
549	918
550	552
550	873
550	925
550	971
550	1000
551	946
551	984
551	990
551	996
551	999
552	550
552	827
552	890
552	953
552	1000
553	887
553	932
553	957
553	986
553	1000
554	337
554	769
554	947
554	978
554	989
555	817
555	838
555	890
555	986
555	1000
556	756
556	796
556	922
556	951
556	965
557	151
557	273
557	881
557	947
557	970
558	292
558	886
558	988
558	993
558	996
559	601
559	847
559	978
559	988
559	990
560	467
560	799
560	981
560	987
560	998
561	272
561	670
561	746
561	841
561	983
562	77
562	545
562	980
562	993
562	994
563	518
563	680
563	846
563	954
563	997
564	980
564	984
564	993
564	996
564	999
565	434
565	728
565	866
565	959
565	997
566	307
566	900
566	928
566	969
566	992
567	72
567	309
567	329
567	898
567	967
568	14
568	160
568	301
568	619
568	947
569	946
569	978
569	993
569	994
569	996
570	139
570	678
570	879
570	905
570	934
571	233
571	633
571	887
571	948
571	986
572	689
572	772
572	822
572	878
572	935
573	913
573	925
573	956
573	975
573	979
573	985
574	603
574	792
574	911
574	935
574	948
574	968
575	504
575	659
575	688
575	881
575	906
575	959
576	391
576	509
576	881
576	959
576	973
576	983
577	763
577	772
577	955
577	991
577	994
577	999
578	241
578	704
578	903
578	978
578	993
578	996
579	411
579	607
579	824
579	867
579	898
579	938
580	90
580	481
580	495
580	893
580	975
580	979
581	770
581	837
581	978
581	988
581	991
581	999
582	901
582	919
582	970
582	981
582	987
582	998
583	638
583	756
583	884
583	899
583	935
583	968
584	62
584	822
584	865
584	876
584	896
584	989
585	807
585	884
585	920
585	935
585	951
585	979
586	502
586	766
586	808
586	953
586	971
586	1000
587	721
587	896
587	899
587	907
587	935
587	972
588	67
588	613
588	706
588	852
588	904
588	946
589	432
589	978
589	988
589	994
589	995
589	999
590	321
590	660
590	690
590	826
590	966
590	1000
591	138
591	367
591	689
591	699
591	951
591	972
592	601
592	687
592	976
592	980
592	982
592	995
593	255
593	746
593	867
593	927
593	944
593	967
594	547
594	774
594	869
594	954
594	961
594	969
595	44
595	45
595	758
595	829
595	868
595	944
596	523
596	638
596	769
596	788
596	896
596	972
597	257
597	871
597	880
597	902
597	977
597	998
598	418
598	742
598	909
598	923
598	937
598	960
599	637
599	730
599	890
599	912
599	957
599	1000
600	202
600	425
600	674
600	707
600	717
600	970
601	538
601	559
601	592
601	936
601	993
601	999
602	639
602	787
602	865
602	921
602	940
602	992
603	42
603	193
603	473
603	574
603	626
603	846
604	810
604	877
604	981
604	987
604	992
604	998
605	696
605	751
605	817
605	960
605	986
605	1000
606	22
606	75
606	164
606	739
606	822
606	991
607	180
607	368
607	579
607	629
607	653
607	746
608	32
608	460
608	822
608	897
608	918
608	978
609	32
609	984
609	993
609	995
609	996
609	999
610	192
610	695
610	899
610	922
610	963
610	972
611	158
611	285
611	371
611	681
611	854
611	870
612	945
612	980
612	984
612	994
612	995
612	996
613	231
613	238
613	388
613	588
613	926
613	968
614	278
614	531
614	624
614	870
614	878
614	897
615	366
615	950
615	962
615	975
615	979
615	985
616	801
616	827
616	953
616	966
616	986
616	1000
617	956
617	962
617	975
617	979
617	985
617	995
618	316
618	366
618	767
618	789
618	852
618	967
619	278
619	568
619	858
619	884
619	888
619	989
620	41
620	423
620	984
620	991
620	995
620	996
621	836
621	848
621	864
621	940
621	969
621	992
622	147
622	874
622	932
622	966
622	986
622	1000
623	480
623	678
623	857
623	867
623	934
623	944
624	231
624	614
624	739
624	775
624	860
624	951
625	824
625	910
625	941
625	973
625	974
625	997
626	161
626	603
626	820
626	930
626	951
626	970
627	187
627	660
627	681
627	854
627	986
627	1000
628	779
628	955
628	991
628	993
628	995
628	996
629	173
629	329
629	607
629	905
629	934
629	942
630	816
630	903
630	950
630	962
630	975
630	985
631	925
631	927
631	959
631	976
631	983
631	997
632	772
632	883
632	993
632	994
632	995
632	999
633	401
633	571
633	830
633	937
633	957
633	971
634	150
634	831
634	980
634	991
634	994
634	996
635	28
635	669
635	838
635	887
635	935
635	1000
636	174
636	886
636	963
636	993
636	994
636	999
637	285
637	599
637	861
637	952
637	957
637	971
638	583
638	596
638	920
638	930
638	949
638	972
639	276
639	474
639	602
639	679
639	753
639	760
639	989
640	205
640	211
640	751
640	909
640	953
640	960
640	971
641	895
641	950
641	962
641	965
641	975
641	979
641	985
642	390
642	482
642	533
642	952
642	966
642	971
642	986
643	816
643	818
643	950
643	962
643	976
643	979
643	985
644	428
644	790
644	841
644	858
644	866
644	882
644	921
645	310
645	873
645	905
645	923
645	952
645	986
645	1000
646	203
646	508
646	510
646	881
646	917
646	976
646	988
647	745
647	771
647	883
647	988
647	994
647	995
647	999
648	355
648	863
648	915
648	917
648	941
648	976
648	983
649	800
649	895
649	956
649	961
649	962
649	979
649	985
650	851
650	901
650	945
650	977
650	981
650	987
650	998
651	36
651	396
651	824
651	867
651	868
651	938
651	967
652	525
652	822
652	963
652	982
652	993
652	995
652	999
653	402
653	607
653	681
653	795
653	966
653	971
653	986
654	294
654	405
654	423
654	923
654	988
654	990
654	996
655	224
655	445
655	718
655	737
655	850
655	972
655	997
656	773
656	777
656	815
656	820
656	878
656	897
656	911
657	92
657	524
657	882
657	885
657	915
657	983
657	997
658	540
658	830
658	861
658	909
658	957
658	960
658	986
659	355
659	477
659	575
659	791
659	863
659	882
659	997
660	590
660	627
660	795
660	890
660	912
660	953
660	1000
661	715
661	824
661	844
661	868
661	905
661	927
661	934
662	178
662	671
662	714
662	892
662	924
662	987
662	998
663	170
663	368
663	470
663	789
663	898
663	938
663	944
664	346
664	350
664	537
664	860
664	899
664	965
664	970
665	105
665	221
665	549
665	761
665	822
665	922
665	978
666	710
666	769
666	792
666	815
666	920
666	970
666	972
667	760
667	761
667	807
667	870
667	926
667	962
667	972
668	682
668	955
668	964
668	978
668	988
668	995
668	999
669	102
669	248
669	522
669	635
669	806
669	923
669	1000
670	490
670	561
670	753
670	915
670	949
670	974
670	983
671	662
671	845
671	977
671	981
671	983
671	987
671	998
672	228
672	788
672	881
672	929
672	943
672	973
672	974
673	298
673	344
673	355
673	384
673	508
673	847
673	997
674	600
674	880
674	889
674	919
674	977
674	981
674	998
675	76
675	861
675	912
675	931
675	966
675	971
675	986
676	33
676	54
676	378
676	517
676	723
676	756
676	765
677	770
677	857
677	980
677	984
677	988
677	994
677	995
678	365
678	466
678	570
678	623
678	779
678	814
678	958
679	639
679	769
679	801
679	914
679	948
679	972
679	989
680	370
680	393
680	563
680	954
680	974
680	983
680	997
681	611
681	627
681	653
681	937
681	952
681	953
681	986
682	285
682	462
682	668
682	817
682	932
682	986
682	1000
683	946
683	952
683	963
683	978
683	982
683	993
683	999
684	833
684	864
684	908
684	921
684	928
684	961
684	992
685	392
685	800
685	816
685	956
685	962
685	975
685	985
686	837
686	984
686	990
686	991
686	994
686	996
686	999
687	592
687	741
687	930
687	982
687	990
687	994
687	996
688	351
688	439
688	575
688	929
688	936
688	959
688	974
688	997
689	115
689	468
689	572
689	591
689	789
689	846
689	947
689	989
690	84
690	590
690	864
690	900
690	921
690	961
690	969
690	992
691	747
691	760
691	795
691	878
691	899
691	914
691	951
691	972
692	77
692	198
692	383
692	404
692	876
692	962
692	979
692	985
693	24
693	803
693	861
693	931
693	932
693	937
693	953
693	986
694	322
694	358
694	862
694	913
694	950
694	962
694	975
694	979
695	457
695	473
695	548
695	610
695	706
695	783
695	911
695	984
696	449
696	605
696	830
696	931
696	957
696	966
696	991
696	1000
697	403
697	490
697	767
697	829
697	857
697	868
697	934
697	938
698	123
698	821
698	843
698	909
698	929
698	952
698	971
698	986
699	449
699	456
699	591
699	760
699	761
699	922
699	965
699	968
700	733
700	913
700	942
700	946
700	978
700	991
700	993
700	994
701	397
701	831
701	982
701	986
701	988
701	990
701	991
701	994
702	160
702	943
702	963
702	980
702	991
702	994
702	996
702	999
703	191
703	268
703	736
703	928
703	940
703	961
703	969
703	992
704	295
704	578
704	713
704	928
704	988
704	991
704	993
704	995
705	377
705	434
705	913
705	950
705	962
705	975
705	979
705	985
706	473
706	588
706	695
706	735
706	748
706	935
706	968
706	972
707	34
707	386
707	499
707	600
707	839
707	934
707	951
707	989
708	207
708	333
708	370
708	454
708	863
708	906
708	990
708	997
709	752
709	845
709	877
709	892
709	945
709	981
709	987
709	998
710	517
710	666
710	896
710	916
710	920
710	947
710	970
710	972
711	99
711	366
711	411
711	782
711	879
711	905
711	934
711	967
712	446
712	874
712	932
712	952
712	957
712	971
712	986
712	1000
713	704
713	837
713	903
713	963
713	980
713	994
713	995
713	999
714	110
714	662
714	813
714	901
714	977
714	981
714	987
714	998
715	173
715	661
715	764
715	814
715	898
715	938
715	944
715	958
716	445
716	490
716	819
716	849
716	863
716	906
716	954
716	983
717	162
717	243
717	460
717	600
717	849
717	876
717	918
717	959
718	655
718	910
718	936
718	941
718	974
718	983
718	986
718	997
719	872
719	891
719	936
719	949
719	954
719	959
719	976
719	997
720	289
720	410
720	424
720	522
720	747
720	783
720	935
720	965
721	442
721	587
721	742
721	839
721	860
721	933
721	965
721	989
722	260
722	774
722	864
722	900
722	961
722	969
722	992
722	999
723	406
723	485
723	676
723	747
723	777
723	878
723	904
723	968
724	99
724	470
724	739
724	905
724	927
724	934
724	944
724	967
725	805
725	834
725	978
725	984
725	988
725	990
725	991
725	996
726	350
726	417
726	485
726	747
726	815
726	896
726	920
726	947
727	538
727	823
727	988
727	990
727	993
727	994
727	995
727	996
728	76
728	565
728	828
728	859
728	891
728	917
728	932
728	997
729	252
729	497
729	884
729	888
729	914
729	918
729	947
729	970
730	599
730	912
730	937
730	957
730	971
730	986
730	994
730	1000
731	417
731	762
731	834
731	980
731	984
731	990
731	995
731	999
732	50
732	228
732	796
732	872
732	925
732	941
732	983
732	997
733	700
733	823
733	984
733	988
733	993
733	995
733	996
733	999
734	400
734	760
734	871
734	880
734	889
734	901
734	977
734	987
734	998
735	124
735	144
735	706
735	820
735	839
735	916
735	920
735	922
735	997
736	471
736	703
736	774
736	836
736	869
736	900
736	946
736	961
736	992
737	51
737	300
737	655
737	791
737	844
737	956
737	974
737	983
737	997
738	310
738	349
738	777
738	817
738	830
738	887
738	890
738	931
738	986
739	236
739	356
739	395
739	606
739	624
739	724
739	807
739	918
739	948
740	289
740	294
740	804
740	883
740	939
740	955
740	984
740	990
740	996
741	227
741	687
741	883
741	958
741	963
741	980
741	982
741	993
741	999
742	124
742	517
742	598
742	721
742	794
742	849
742	894
742	970
742	989
743	95
743	425
743	781
743	810
743	902
743	919
743	924
743	987
743	998
744	450
744	489
744	791
744	793
744	910
744	949
744	976
744	996
744	997
745	71
745	118
745	647
745	780
745	844
745	980
745	991
745	993
745	994
746	18
746	139
746	561
746	593
746	607
746	764
746	944
746	958
746	967
747	252
747	691
747	720
747	723
747	726
747	914
747	918
747	951
747	995
748	706
748	892
748	902
748	919
748	945
748	977
748	981
748	987
748	998
749	332
749	513
749	893
749	913
749	950
749	956
749	975
749	979
749	985
750	91
750	535
750	886
750	889
750	955
750	982
750	988
750	993
750	996
751	142
751	501
751	605
751	640
751	836
751	874
751	957
751	960
751	986
752	55
752	464
752	709
752	816
752	853
752	950
752	975
752	979
752	985
753	360
753	494
753	639
753	670
753	792
753	907
753	947
753	970
753	989
754	459
754	462
754	812
754	873
754	874
754	952
754	953
754	957
754	966
755	202
755	337
755	531
755	796
755	815
755	820
755	842
755	869
755	875
756	556
756	583
756	676
756	863
756	878
756	914
756	918
756	926
756	933
757	40
757	235
757	775
757	864
757	908
757	928
757	940
757	961
757	992
758	595
758	835
758	963
758	982
758	984
758	988
758	991
758	995
758	999
759	535
759	888
759	939
759	964
759	984
759	990
759	991
759	993
759	995
760	193
760	468
760	523
760	549
760	639
760	667
760	691
760	699
760	734
761	337
761	386
761	541
761	665
761	667
761	699
761	774
761	965
761	989
762	318
762	731
762	854
762	955
762	982
762	984
762	990
762	994
762	996
763	335
763	358
763	577
763	895
763	950
763	956
763	962
763	979
763	985
764	365
764	476
764	715
764	746
764	767
764	832
764	879
764	898
764	958
765	34
765	494
765	676
765	783
765	870
765	894
765	951
765	967
765	989
766	463
766	586
766	770
766	838
766	923
766	960
766	966
766	986
766	1000
767	429
767	618
767	697
767	764
767	789
767	905
767	934
767	967
767	990
768	783
768	798
768	853
768	862
768	893
768	950
768	956
768	979
768	985
769	382
769	406
769	554
769	596
769	666
769	679
769	786
769	835
769	907
770	581
770	677
770	766
770	834
770	980
770	984
770	990
770	995
770	999
771	172
771	542
771	647
771	823
771	982
771	984
771	991
771	993
771	995
772	81
772	572
772	577
772	632
772	963
772	980
772	988
772	991
772	995
772	996
773	189
773	656
773	885
773	978
773	984
773	990
773	991
773	994
773	995
773	999
774	483
774	594
774	722
774	736
774	761
774	908
774	921
774	928
774	940
774	992
775	498
775	624
775	757
775	787
775	865
775	900
775	940
775	961
775	969
775	992
776	476
776	498
776	840
776	865
776	900
776	908
776	940
776	969
776	991
776	992
777	197
777	435
777	656
777	723
777	738
777	786
777	884
777	899
777	920
777	989
778	166
778	847
778	939
778	955
778	957
778	980
778	982
778	990
778	994
778	995
779	152
779	269
779	309
779	364
779	628
779	678
779	782
779	832
779	927
779	967
780	745
780	823
780	860
780	885
780	964
780	980
780	982
780	988
780	993
780	994
781	467
781	506
781	743
781	855
781	857
781	901
781	919
781	981
781	987
781	998
782	280
782	329
782	385
782	711
782	779
782	868
782	879
782	905
782	938
782	958
783	107
783	540
783	695
783	720
783	765
783	768
783	884
783	911
783	926
783	951
784	297
784	838
784	939
784	955
784	980
784	984
784	988
784	991
784	993
784	994
785	90
785	853
785	854
785	893
785	913
785	950
785	956
785	962
785	975
785	985
786	244
786	499
786	515
786	769
786	777
786	794
786	882
786	884
786	916
786	989
787	602
787	775
787	815
787	864
787	908
787	928
787	940
787	961
787	969
787	992
788	389
788	596
788	672
788	866
788	882
788	915
788	941
788	954
788	974
788	997
789	336
789	470
789	618
789	663
789	689
789	767
789	867
789	927
789	938
789	944
790	56
790	469
790	644
790	844
790	891
790	929
790	959
790	976
790	997
790	999
791	317
791	659
791	737
791	744
791	841
791	891
791	925
791	940
791	941
791	949
791	976
792	25
792	73
792	360
792	448
792	574
792	666
792	753
792	794
792	914
792	926
792	935
793	109
793	176
793	325
793	393
793	539
793	744
793	845
793	866
793	973
793	983
793	997
794	144
794	468
794	742
794	786
794	792
794	796
794	807
794	926
794	966
794	970
794	989
795	501
795	653
795	660
795	691
795	830
795	923
795	932
795	960
795	966
795	971
795	1000
796	283
796	299
796	556
796	732
796	755
796	794
796	815
796	842
796	922
796	926
796	989
797	512
797	963
797	978
797	980
797	988
797	991
797	993
797	994
797	995
797	996
797	999
798	383
798	768
798	848
798	853
798	895
798	913
798	956
798	975
798	979
798	980
798	985
799	169
799	248
799	560
799	843
799	873
799	890
799	909
799	912
799	960
799	966
799	1000
800	132
800	404
800	513
800	649
800	685
800	950
800	956
800	975
800	979
800	985
800	996
801	14
801	115
801	424
801	460
801	523
801	616
801	679
801	875
801	948
801	972
801	989
802	259
802	390
802	838
802	873
802	931
802	933
802	937
802	952
802	971
802	986
802	1000
803	131
803	693
803	813
803	855
803	877
803	892
803	945
803	977
803	981
803	987
803	998
804	212
804	216
804	340
804	419
804	422
804	740
804	984
804	994
804	995
804	996
804	999
805	725
805	845
805	877
805	880
805	889
805	892
805	902
805	977
805	981
805	987
805	998
806	334
806	669
806	826
806	887
806	912
806	931
806	937
806	953
806	986
806	991
806	1000
807	238
807	421
807	585
807	667
807	739
807	794
807	822
807	842
807	852
807	965
807	992
808	127
808	285
808	321
808	586
808	909
808	912
808	937
808	957
808	971
808	984
808	1000
809	455
809	850
809	856
809	882
809	891
809	936
809	943
809	949
809	973
809	994
809	997
810	184
810	604
810	743
810	812
810	845
810	889
810	892
810	924
810	987
810	996
810	998
811	13
811	496
811	543
811	835
811	885
811	964
811	980
811	982
811	994
811	995
811	999
812	427
812	754
812	810
812	871
812	901
812	919
812	945
812	977
812	981
812	987
812	998
813	100
813	262
813	400
813	714
813	803
813	845
813	877
813	945
813	977
813	981
813	987
813	998
814	57
814	163
814	187
814	215
814	488
814	546
814	678
814	715
814	829
814	898
814	958
814	967
815	86
815	276
815	440
815	509
815	548
815	656
815	666
815	726
815	755
815	787
815	796
815	896
816	70
816	630
816	643
816	685
816	752
816	848
816	913
816	956
816	962
816	975
816	976
816	985
817	28
817	555
817	605
817	682
817	738
817	825
817	873
817	896
817	909
817	952
817	960
817	986
818	38
818	394
818	464
818	643
818	848
818	913
818	956
818	962
818	975
818	979
818	982
818	985
819	420
819	539
819	716
819	906
819	925
819	941
819	949
819	974
819	976
819	983
819	994
819	997
820	113
820	194
820	274
820	464
820	626
820	656
820	735
820	755
820	904
820	915
820	968
820	989
821	259
821	698
821	843
821	887
821	923
821	931
821	932
821	937
821	947
821	957
821	986
821	1000
822	572
822	584
822	606
822	608
822	652
822	665
822	807
822	870
822	894
822	918
822	972
822	989
823	727
823	733
823	771
823	780
823	950
823	978
823	980
823	988
823	991
823	994
823	995
823	999
824	364
824	480
824	579
824	625
824	651
824	661
824	829
824	867
824	927
824	938
824	967
824	990
825	121
825	435
825	817
825	874
825	887
825	923
825	931
825	952
825	957
825	971
825	986
825	1000
826	175
826	349
826	590
826	806
826	827
826	861
826	887
826	931
826	937
826	952
826	967
826	986
827	319
827	369
827	521
827	552
827	616
827	826
827	861
827	874
827	957
827	971
827	986
827	1000
828	117
828	232
828	412
828	431
828	728
828	881
828	891
828	915
828	929
828	941
828	974
828	997
829	46
829	336
829	403
829	411
829	595
829	697
829	814
829	824
829	847
829	898
829	958
829	967
830	87
830	142
830	409
830	463
830	479
830	633
830	658
830	696
830	738
830	795
830	909
830	957
830	966
831	497
831	532
831	634
831	701
831	903
831	910
831	978
831	988
831	990
831	991
831	993
831	995
831	999
832	180
832	305
832	764
832	779
832	857
832	867
832	905
832	927
832	934
832	938
832	957
832	958
832	967
833	326
833	505
833	684
833	864
833	869
833	900
833	908
833	921
833	928
833	940
833	961
833	969
833	992
834	245
834	549
834	725
834	731
834	770
834	942
834	946
834	978
834	982
834	984
834	993
834	996
834	999
835	758
835	769
835	811
835	939
835	955
835	978
835	982
835	988
835	990
835	991
835	995
835	996
835	999
836	266
836	438
836	621
836	736
836	751
836	840
836	869
836	908
836	921
836	961
836	964
836	969
836	992
837	85
837	447
837	581
837	686
837	713
837	886
837	963
837	984
837	988
837	990
837	994
837	995
837	999
838	6
838	102
838	555
838	635
838	766
838	784
838	802
838	887
838	932
838	953
838	960
838	986
838	1000
839	373
839	707
839	721
839	735
839	882
839	888
839	907
839	920
839	930
839	935
839	948
839	965
839	989
840	120
840	268
840	776
840	836
840	865
840	869
840	908
840	921
840	940
840	944
840	961
840	969
840	992
841	455
841	469
841	561
841	644
841	791
841	866
841	910
841	915
841	956
841	959
841	976
841	983
841	997
842	388
842	536
842	755
842	796
842	807
842	858
842	894
842	920
842	951
842	965
842	968
842	972
842	982
842	989
843	123
843	153
843	248
843	698
843	799
843	821
843	850
843	931
843	952
843	957
843	960
843	971
843	986
843	1000
844	246
844	298
844	344
844	518
844	661
844	737
844	745
844	790
844	850
844	917
844	959
844	973
844	976
844	997
845	256
845	376
845	529
845	671
845	709
845	793
845	805
845	810
845	813
845	889
845	924
845	977
845	987
845	998
846	75
846	448
846	563
846	603
846	689
846	875
846	878
846	888
846	899
846	916
846	926
846	965
846	970
846	973
847	559
847	673
847	778
847	829
847	963
847	978
847	980
847	982
847	988
847	990
847	993
847	994
847	995
847	996
848	143
848	353
848	481
848	621
848	798
848	816
848	818
848	853
848	862
848	893
848	895
848	913
848	975
848	985
849	27
849	236
849	314
849	337
849	378
849	716
849	717
849	742
849	870
849	904
849	911
849	948
849	970
849	989
850	414
850	428
850	439
850	489
850	655
850	809
850	843
850	844
850	882
850	949
850	954
850	959
850	973
850	974
851	149
851	196
851	650
851	855
851	871
851	877
851	889
851	902
851	924
851	945
851	977
851	987
851	997
851	998
852	33
852	244
852	345
852	456
852	473
852	475
852	588
852	618
852	807
852	860
852	888
852	897
852	907
852	933
852	965
853	196
853	281
853	752
853	768
853	785
853	798
853	848
853	862
853	893
853	913
853	950
853	975
853	979
853	985
853	987
854	479
854	502
854	611
854	627
854	762
854	785
854	874
854	887
854	912
854	923
854	937
854	952
854	960
854	966
854	1000
855	238
855	413
855	781
855	803
855	851
855	877
855	880
855	889
855	902
855	919
855	924
855	945
855	977
855	981
855	998
856	23
856	140
856	246
856	511
856	512
856	809
856	858
856	906
856	925
856	941
856	949
856	973
856	974
856	976
856	997
857	57
857	255
857	306
857	365
857	623
857	677
857	697
857	781
857	832
857	868
857	879
857	898
857	905
857	934
857	944
858	370
858	619
858	644
858	842
858	856
858	859
858	863
858	866
858	881
858	882
858	891
858	959
858	973
858	976
858	997
859	50
859	185
859	262
859	330
859	389
859	728
859	858
859	863
859	917
859	936
859	949
859	954
859	973
859	976
859	997
860	289
860	345
860	515
860	526
860	540
860	624
860	664
860	721
860	780
860	852
860	878
860	968
860	970
860	972
860	989
861	26
861	401
861	502
861	637
861	658
861	675
861	693
861	826
861	827
861	867
861	873
861	952
861	979
861	986
861	1000
862	66
862	353
862	394
862	694
862	768
862	848
862	853
862	895
862	913
862	956
862	962
862	975
862	977
862	979
862	985
863	500
863	648
863	659
863	708
863	716
863	756
863	858
863	859
863	882
863	936
863	943
863	973
863	974
863	983
863	997
864	74
864	352
864	452
864	621
864	684
864	690
864	722
864	757
864	787
864	833
864	865
864	900
864	961
864	969
864	992
865	35
865	253
865	380
865	505
865	584
865	602
865	775
865	776
865	840
865	864
865	869
865	900
865	921
865	928
865	969
865	992
866	494
866	510
866	565
866	644
866	788
866	793
866	841
866	858
866	929
866	931
866	936
866	943
866	949
866	959
866	976
866	983
867	94
867	306
867	327
867	374
867	579
867	593
867	623
867	651
867	789
867	824
867	832
867	861
867	927
867	934
867	944
867	967
868	170
868	426
868	595
868	651
868	661
868	697
868	782
868	857
868	879
868	927
868	934
868	938
868	942
868	944
868	958
868	967
869	171
869	239
869	240
869	486
869	594
869	736
869	755
869	833
869	836
869	840
869	865
869	900
869	940
869	961
869	969
869	992
870	425
870	448
870	611
870	614
870	667
870	765
870	822
870	849
870	897
870	899
870	911
870	918
870	926
870	935
870	968
870	972
871	113
871	597
871	734
871	812
871	851
871	889
871	892
871	901
871	902
871	919
871	924
871	945
871	950
871	977
871	981
871	998
872	3
872	11
872	140
872	391
872	412
872	514
872	719
872	732
872	881
872	899
872	917
872	936
872	943
872	976
872	983
872	997
873	6
873	102
873	158
873	550
873	645
873	754
873	799
873	802
873	817
873	861
873	910
873	953
873	957
873	966
873	986
873	989
874	354
874	533
874	622
874	712
874	751
874	754
874	825
874	827
874	854
874	912
874	923
874	931
874	952
874	960
874	975
874	986
875	186
875	442
875	474
875	517
875	755
875	801
875	846
875	888
875	908
875	911
875	922
875	926
875	948
875	968
875	970
875	989
876	68
876	257
876	283
876	301
876	367
876	494
876	584
876	692
876	717
876	926
876	935
876	951
876	968
876	970
876	972
876	989
877	2
877	604
877	709
877	803
877	805
877	813
877	851
877	855
877	880
877	889
877	892
877	924
877	977
877	981
877	987
877	998
878	15
878	250
878	356
878	572
878	614
878	656
878	691
878	723
878	756
878	846
878	860
878	904
878	914
878	920
878	935
878	995
879	94
879	98
879	170
879	269
879	570
879	711
879	764
879	782
879	857
879	868
879	905
879	938
879	944
879	958
879	967
879	989
880	21
880	506
880	597
880	674
880	734
880	805
880	855
880	877
880	889
880	902
880	919
880	924
880	968
880	977
880	981
880	987
880	998
881	140
881	246
881	291
881	354
881	557
881	575
881	576
881	646
881	672
881	828
881	858
881	872
881	882
881	915
881	973
881	974
881	997
882	317
882	644
882	657
882	659
882	786
882	788
882	809
882	839
882	850
882	858
882	863
882	881
882	917
882	929
882	943
882	974
882	997
883	312
883	324
883	339
883	527
883	632
883	647
883	740
883	741
883	942
883	946
883	955
883	962
883	978
883	984
883	990
883	993
883	999
884	22
884	218
884	416
884	583
884	585
884	619
884	729
884	777
884	783
884	786
884	897
884	914
884	916
884	926
884	948
884	951
884	968
885	145
885	521
885	657
885	773
885	780
885	811
885	939
885	942
885	964
885	970
885	982
885	984
885	990
885	991
885	993
885	995
885	996
886	126
886	189
886	216
886	264
886	338
886	558
886	636
886	750
886	837
886	905
886	942
886	963
886	978
886	984
886	990
886	991
886	999
887	71
887	449
887	553
887	571
887	635
887	738
887	806
887	821
887	825
887	826
887	838
887	854
887	923
887	931
887	961
887	966
887	971
888	273
888	457
888	499
888	619
888	729
888	759
888	839
888	846
888	852
888	875
888	891
888	907
888	930
888	933
888	947
888	968
888	970
889	256
889	543
889	674
889	734
889	750
889	805
889	810
889	845
889	851
889	855
889	871
889	877
889	880
889	945
889	977
889	981
889	987
889	998
890	26
890	410
890	552
890	555
890	599
890	660
890	738
890	799
890	912
890	920
890	931
890	937
890	953
890	957
890	960
890	966
890	986
890	1000
891	199
891	397
891	719
891	728
891	790
891	791
891	809
891	828
891	858
891	888
891	906
891	943
891	954
891	959
891	974
891	976
891	983
891	997
892	409
892	662
892	709
892	748
892	803
892	805
892	810
892	871
892	877
892	901
892	902
892	919
892	924
892	935
892	945
892	977
892	987
892	998
893	79
893	143
893	437
893	537
893	580
893	749
893	768
893	785
893	848
893	853
893	895
893	937
893	950
893	956
893	962
893	975
893	979
893	985
894	138
894	218
894	250
894	356
894	522
894	531
894	742
894	765
894	822
894	842
894	904
894	922
894	933
894	947
894	965
894	978
894	989
894	1000
895	50
895	308
895	342
895	394
895	464
895	514
895	641
895	649
895	763
895	798
895	848
895	862
895	893
895	950
895	962
895	974
895	979
895	985
896	128
896	415
896	461
896	504
896	584
896	587
896	596
896	710
896	726
896	815
896	817
896	897
896	904
896	948
896	951
896	968
896	972
896	989
897	163
897	221
897	324
897	608
897	614
897	656
897	852
897	870
897	884
897	896
897	920
897	933
897	947
897	951
897	965
897	970
897	972
897	975
898	7
898	42
898	57
898	94
898	306
898	368
898	567
898	579
898	663
898	715
898	764
898	814
898	829
898	857
898	934
898	958
898	967
898	993
899	231
899	395
899	435
899	583
899	587
899	610
899	664
899	691
899	777
899	846
899	870
899	872
899	901
899	918
899	933
899	968
899	970
899	989
900	260
900	441
900	566
900	690
900	722
900	736
900	775
900	776
900	833
900	864
900	865
900	869
900	921
900	928
900	940
900	969
900	988
900	992
901	108
901	320
901	582
901	650
901	714
901	734
901	781
901	812
901	871
901	892
901	899
901	919
901	945
901	977
901	981
901	987
901	989
901	998
902	413
902	495
902	525
902	597
902	743
902	748
902	805
902	851
902	855
902	871
902	880
902	892
902	919
902	945
902	973
902	977
902	981
902	987
902	998
903	219
903	241
903	397
903	478
903	525
903	578
903	630
903	713
903	831
903	939
903	946
903	972
903	990
903	991
903	993
903	994
903	995
903	996
903	999
904	79
904	161
904	163
904	314
904	323
904	378
904	588
904	723
904	820
904	849
904	878
904	894
904	896
904	920
904	935
904	968
904	970
904	974
904	1000
905	7
905	316
905	327
905	488
905	570
905	629
905	645
905	661
905	711
905	724
905	767
905	782
905	832
905	857
905	879
905	886
905	934
905	938
905	944
906	168
906	224
906	351
906	354
906	426
906	575
906	708
906	716
906	819
906	856
906	891
906	917
906	936
906	941
906	962
906	972
906	973
906	974
906	997
907	161
907	336
907	382
907	454
907	460
907	503
907	541
907	587
907	753
907	769
907	839
907	852
907	888
907	918
907	930
907	951
907	970
907	972
907	989
908	74
908	141
908	242
908	452
908	483
908	486
908	684
908	757
908	774
908	776
908	787
908	833
908	836
908	840
908	875
908	940
908	961
908	969
908	992
909	127
909	418
909	453
909	486
909	598
909	640
909	658
909	698
909	799
909	808
909	817
909	830
909	923
909	932
909	937
909	953
909	957
909	960
909	990
910	217
910	230
910	288
910	313
910	393
910	518
910	625
910	718
910	744
910	831
910	841
910	873
910	925
910	929
910	943
910	949
910	959
910	973
910	976
910	983
911	51
911	115
911	151
911	154
911	435
911	485
911	574
911	656
911	695
911	783
911	849
911	870
911	875
911	914
911	933
911	940
911	948
911	968
911	970
911	972
912	169
912	599
912	660
912	675
912	730
912	799
912	806
912	808
912	854
912	874
912	890
912	930
912	932
912	947
912	952
912	960
912	966
912	971
912	986
912	1000
913	66
913	385
913	573
913	694
913	700
913	705
913	749
913	785
913	798
913	816
913	818
913	848
913	853
913	862
913	950
913	956
913	975
913	979
913	985
913	994
914	101
914	275
914	461
914	548
914	679
914	691
914	729
914	747
914	756
914	792
914	878
914	884
914	911
914	930
914	947
914	965
914	970
914	972
914	989
914	993
915	112
915	270
915	454
915	500
915	503
915	526
915	648
915	657
915	670
915	788
915	820
915	828
915	841
915	881
915	936
915	941
915	943
915	973
915	974
915	997
916	62
916	172
916	243
916	318
916	425
916	460
916	503
916	710
916	735
916	786
916	846
916	884
916	920
916	930
916	933
916	948
916	965
916	968
916	970
916	980
916	989
917	92
917	97
917	225
917	490
917	508
917	646
917	648
917	728
917	844
917	859
917	872
917	882
917	906
917	924
917	954
917	959
917	973
917	976
917	983
917	992
917	997
918	60
918	226
918	440
918	484
918	549
918	608
918	717
918	729
918	739
918	747
918	756
918	822
918	870
918	899
918	907
918	926
918	930
918	951
918	968
918	970
918	994
919	456
919	472
919	495
919	582
919	674
919	743
919	748
919	781
919	812
919	855
919	871
919	880
919	892
919	901
919	902
919	924
919	945
919	981
919	987
919	992
919	998
920	107
920	208
920	363
920	367
920	585
920	638
920	666
920	710
920	726
920	735
920	777
920	839
920	842
920	878
920	890
920	897
920	904
920	916
920	965
920	989
920	998
921	64
921	452
921	476
921	483
921	528
921	602
921	644
921	684
921	690
921	774
921	833
921	836
921	840
921	865
921	900
921	928
921	941
921	961
921	969
921	980
921	992
922	33
922	48
922	105
922	144
922	208
922	350
922	433
922	469
922	540
922	556
922	610
922	665
922	699
922	735
922	796
922	875
922	894
922	933
922	947
922	948
922	972
922	992
923	432
923	482
923	507
923	598
923	645
923	654
923	669
923	766
923	795
923	821
923	825
923	854
923	874
923	887
923	909
923	932
923	937
923	953
923	971
923	986
923	997
923	1000
924	20
924	119
924	461
924	519
924	662
924	743
924	810
924	845
924	851
924	855
924	871
924	877
924	880
924	892
924	917
924	919
924	945
924	977
924	981
924	987
924	998
924	999
925	114
925	116
925	168
925	325
925	454
925	472
925	508
925	524
925	526
925	550
925	573
925	631
925	732
925	791
925	819
925	856
925	910
925	943
925	974
925	976
925	983
925	997
926	22
926	299
926	613
926	667
926	756
926	783
926	792
926	794
926	796
926	846
926	870
926	875
926	876
926	884
926	918
926	930
926	933
926	935
926	965
926	970
926	991
926	992
927	29
927	302
927	303
927	316
927	327
927	364
927	429
927	436
927	470
927	546
927	593
927	631
927	661
927	724
927	779
927	789
927	824
927	832
927	867
927	868
927	944
927	967
928	80
928	240
928	307
928	343
928	444
928	498
928	566
928	684
928	703
928	704
928	757
928	774
928	787
928	833
928	865
928	900
928	921
928	940
928	957
928	961
928	969
928	992
928	997
929	4
929	87
929	137
929	279
929	291
929	298
929	354
929	428
929	508
929	524
929	672
929	688
929	698
929	790
929	828
929	866
929	882
929	910
929	963
929	973
929	974
929	983
929	997
930	67
930	89
930	164
930	197
930	373
930	503
930	509
930	626
930	638
930	687
930	839
930	888
930	907
930	912
930	914
930	916
930	918
930	926
930	947
930	948
930	951
930	972
930	989
931	147
931	294
931	319
931	371
931	675
931	693
931	696
931	738
931	802
931	806
931	821
931	825
931	826
931	843
931	866
931	874
931	887
931	890
931	932
931	937
931	953
931	986
931	1000
932	326
932	371
932	444
932	479
932	484
932	553
932	622
932	682
932	693
932	712
932	728
932	795
932	821
932	838
932	909
932	912
932	923
932	931
932	952
932	953
932	960
932	966
932	1000
933	172
933	257
933	312
933	360
933	499
933	523
933	721
933	756
933	802
933	852
933	888
933	894
933	897
933	899
933	911
933	916
933	922
933	926
933	947
933	965
933	970
933	972
933	988
933	989
934	46
934	134
934	269
934	368
934	429
934	570
934	623
934	629
934	661
934	697
934	707
934	711
934	724
934	767
934	832
934	857
934	867
934	868
934	898
934	905
934	943
934	944
934	958
934	967
935	62
935	73
935	134
935	276
935	345
935	442
935	572
935	574
935	583
935	585
935	587
935	635
935	706
935	720
935	792
935	839
935	870
935	876
935	878
935	892
935	904
935	926
935	948
935	968
936	92
936	100
936	112
936	136
936	183
936	375
936	601
936	688
936	718
936	719
936	809
936	859
936	863
936	866
936	872
936	906
936	915
936	941
936	954
936	959
936	971
936	973
936	974
936	983
937	121
937	147
937	369
937	598
937	633
937	681
937	693
937	730
937	802
937	806
937	808
937	821
937	826
937	854
937	890
937	893
937	909
937	923
937	931
937	951
937	952
937	960
937	966
937	986
937	1000
938	11
938	42
938	98
938	261
938	280
938	311
938	314
938	329
938	366
938	403
938	546
938	579
938	651
938	663
938	697
938	715
938	782
938	789
938	824
938	832
938	868
938	879
938	905
938	967
938	971
939	63
939	381
939	416
939	492
939	527
939	740
939	759
939	778
939	784
939	835
939	885
939	903
939	942
939	946
939	949
939	964
939	971
939	980
939	984
939	988
939	991
939	993
939	994
939	995
939	996
939	999
940	167
940	266
940	307
940	441
940	471
940	547
940	602
940	621
940	703
940	757
940	774
940	775
940	776
940	787
940	791
940	833
940	840
940	869
940	900
940	908
940	911
940	928
940	961
940	969
940	971
940	992
941	17
941	96
941	112
941	135
941	179
941	183
941	490
941	520
941	625
941	648
941	718
941	732
941	788
941	791
941	819
941	828
941	856
941	906
941	915
941	921
941	936
941	954
941	955
941	959
941	973
941	997
942	117
942	182
942	387
942	629
942	700
942	834
942	868
942	883
942	885
942	886
942	939
942	944
942	955
942	963
942	964
942	978
942	980
942	982
942	984
942	988
942	990
942	991
942	994
942	995
942	996
942	999
943	85
943	89
943	148
943	258
943	428
943	510
943	511
943	523
943	672
943	702
943	809
943	863
943	866
943	872
943	882
943	891
943	910
943	915
943	925
943	934
943	949
943	954
943	973
943	974
943	976
943	983
943	997
944	99
944	201
944	215
944	303
944	374
944	443
944	488
944	546
944	593
944	595
944	623
944	663
944	715
944	724
944	746
944	789
944	840
944	857
944	867
944	868
944	879
944	905
944	927
944	934
944	942
944	958
944	964
945	65
945	69
945	247
945	305
945	359
945	467
945	519
945	543
945	612
945	650
945	709
945	748
945	803
945	812
945	813
945	851
945	855
945	871
945	889
945	892
945	901
945	902
945	919
945	924
945	981
945	986
945	987
945	998
946	81
946	136
946	271
946	379
946	465
946	493
946	551
946	569
946	588
946	683
946	700
946	736
946	834
946	883
946	903
946	939
946	964
946	978
946	980
946	982
946	988
946	990
946	991
946	993
946	994
946	995
946	996
946	999
947	48
947	296
947	301
947	378
947	421
947	494
947	541
947	554
947	557
947	568
947	689
947	710
947	726
947	729
947	753
947	821
947	888
947	894
947	897
947	912
947	914
947	922
947	930
947	933
947	951
947	968
947	972
947	1000
948	213
948	226
948	296
948	364
948	382
948	388
948	456
948	474
948	541
948	571
948	574
948	679
948	739
948	801
948	839
948	849
948	875
948	884
948	896
948	911
948	916
948	922
948	930
948	935
948	965
948	968
948	988
948	989
949	61
949	109
949	217
949	262
949	298
949	511
949	518
949	520
949	638
949	670
949	719
949	744
949	791
949	809
949	819
949	850
949	856
949	859
949	866
949	910
949	939
949	943
949	959
949	973
949	974
949	976
949	983
949	995
950	59
950	96
950	146
950	335
950	342
950	392
950	514
950	537
950	615
950	630
950	641
950	643
950	694
950	705
950	749
950	752
950	763
950	768
950	785
950	800
950	823
950	853
950	871
950	893
950	895
950	913
950	956
950	979
950	984
951	27
951	243
951	424
951	531
951	536
951	556
951	585
951	591
951	624
951	626
951	691
951	707
951	747
951	765
951	783
951	842
951	876
951	884
951	896
951	897
951	907
951	918
951	930
951	937
951	947
951	965
951	974
951	975
951	989
952	225
952	371
952	418
952	459
952	463
952	637
952	642
952	645
952	681
952	683
952	698
952	712
952	754
952	802
952	817
952	825
952	826
952	843
952	854
952	861
952	874
952	912
952	932
952	937
952	957
952	960
952	971
952	995
952	1000
953	310
953	319
953	321
953	402
953	418
953	451
953	534
953	552
953	586
953	616
953	640
953	660
953	681
953	693
953	754
953	806
953	838
953	873
953	890
953	909
953	923
953	931
953	932
953	957
953	966
953	980
953	983
953	986
953	999
953	1000
954	3
954	135
954	137
954	179
954	270
954	288
954	333
954	396
954	412
954	563
954	594
954	680
954	716
954	719
954	788
954	850
954	859
954	891
954	917
954	936
954	941
954	943
954	959
954	973
954	974
954	976
954	983
954	997
954	998
954	999
955	125
955	492
955	528
955	545
955	577
955	628
955	668
955	740
955	750
955	762
955	778
955	784
955	835
955	883
955	941
955	942
955	963
955	964
955	978
955	980
955	982
955	984
955	988
955	990
955	991
955	993
955	995
955	996
955	999
955	1000
956	2
956	19
956	38
956	52
956	70
956	83
956	181
956	437
956	573
956	617
956	649
956	685
956	737
956	749
956	763
956	768
956	785
956	798
956	800
956	816
956	818
956	841
956	862
956	893
956	913
956	950
956	962
956	975
956	979
956	985
957	169
957	398
957	482
957	484
957	502
957	553
957	599
957	633
957	637
957	658
957	696
957	712
957	730
957	751
957	754
957	778
957	808
957	821
957	825
957	827
957	830
957	832
957	843
957	873
957	890
957	909
957	928
957	952
957	953
957	986
957	1000
958	7
958	18
958	72
958	152
958	199
958	255
958	261
958	302
958	304
958	311
958	323
958	365
958	411
958	443
958	480
958	678
958	715
958	741
958	746
958	764
958	782
958	814
958	829
958	832
958	868
958	879
958	898
958	934
958	944
958	967
958	993
959	25
959	288
959	291
959	300
959	342
959	391
959	434
959	477
959	565
959	575
959	576
959	631
959	688
959	717
959	719
959	790
959	841
959	844
959	850
959	858
959	866
959	891
959	910
959	917
959	936
959	941
959	949
959	954
959	974
959	976
959	983
959	987
959	997
960	153
960	158
960	293
960	349
960	373
960	446
960	507
960	534
960	598
960	605
960	640
960	658
960	751
960	766
960	795
960	799
960	817
960	838
960	843
960	854
960	874
960	890
960	909
960	912
960	932
960	937
960	952
960	965
960	966
960	971
960	986
960	988
960	1000
961	10
961	30
961	64
961	80
961	84
961	239
961	263
961	414
961	486
961	498
961	505
961	594
961	649
961	684
961	690
961	703
961	722
961	736
961	757
961	775
961	787
961	833
961	836
961	840
961	864
961	869
961	887
961	908
961	921
961	928
961	940
961	969
961	992
962	19
962	200
962	281
962	332
962	339
962	383
962	385
962	437
962	481
962	514
962	615
962	617
962	630
962	641
962	643
962	649
962	667
962	685
962	692
962	694
962	705
962	763
962	785
962	816
962	818
962	862
962	883
962	893
962	895
962	906
962	956
962	975
962	979
962	985
963	82
963	125
963	206
963	210
963	278
963	324
963	417
963	530
963	610
963	636
963	652
963	683
963	702
963	713
963	741
963	758
963	772
963	797
963	837
963	847
963	886
963	929
963	942
963	955
963	964
963	978
963	982
963	984
963	988
963	990
963	993
963	994
963	995
963	996
963	999
964	39
964	156
964	241
964	277
964	286
964	287
964	292
964	322
964	430
964	497
964	668
964	759
964	780
964	811
964	836
964	885
964	939
964	942
964	944
964	946
964	955
964	963
964	978
964	982
964	984
964	986
964	988
964	990
964	991
964	993
964	994
964	995
964	996
964	998
964	999
965	154
965	218
965	226
965	252
965	296
965	421
965	442
965	468
965	501
965	556
965	641
965	664
965	699
965	720
965	721
965	761
965	807
965	839
965	842
965	846
965	852
965	894
965	897
965	914
965	916
965	920
965	926
965	933
965	948
965	951
965	960
965	970
965	972
965	989
965	999
966	204
966	293
966	334
966	363
966	398
966	419
966	449
966	451
966	484
966	590
966	616
966	622
966	642
966	653
966	675
966	696
966	754
966	766
966	794
966	795
966	799
966	830
966	854
966	873
966	887
966	890
966	912
966	932
966	937
966	953
966	960
966	971
966	983
966	986
966	1000
967	29
967	98
967	180
967	187
967	201
967	259
967	304
967	311
967	374
967	403
967	470
967	480
967	567
967	593
967	618
967	651
967	711
967	724
967	746
967	765
967	767
967	779
967	814
967	824
967	826
967	829
967	832
967	867
967	868
967	879
967	898
967	927
967	934
967	938
967	958
967	997
968	15
968	36
968	68
968	130
968	265
968	314
968	323
968	346
968	574
968	583
968	613
968	699
968	706
968	723
968	820
968	842
968	860
968	870
968	875
968	876
968	880
968	884
968	888
968	896
968	899
968	904
968	911
968	916
968	918
968	935
968	947
968	948
968	970
968	972
968	974
968	988
969	10
969	171
969	177
969	242
969	253
969	343
969	347
969	436
969	441
969	444
969	471
969	547
969	566
969	594
969	621
969	690
969	703
969	722
969	775
969	776
969	787
969	833
969	836
969	840
969	864
969	865
969	869
969	900
969	908
969	921
969	928
969	940
969	961
969	970
969	976
969	992
969	996
970	208
970	388
970	421
970	540
970	548
970	557
970	582
970	600
970	626
970	664
970	666
970	710
970	729
970	742
970	753
970	794
970	846
970	849
970	860
970	875
970	876
970	885
970	888
970	897
970	899
970	904
970	907
970	911
970	914
970	916
970	918
970	926
970	933
970	965
970	968
970	969
970	989
970	997
971	24
971	49
971	88
971	127
971	153
971	293
971	319
971	419
971	432
971	451
971	501
971	507
971	550
971	586
971	633
971	637
971	640
971	642
971	653
971	675
971	698
971	712
971	730
971	795
971	802
971	808
971	825
971	827
971	843
971	887
971	912
971	923
971	936
971	938
971	939
971	940
971	952
971	960
971	966
971	986
971	1000
972	34
972	73
972	164
972	197
972	213
972	344
972	346
972	499
972	515
972	587
972	591
972	596
972	610
972	638
972	655
972	666
972	667
972	679
972	691
972	706
972	710
972	801
972	822
972	842
972	860
972	870
972	876
972	896
972	897
972	903
972	906
972	907
972	911
972	914
972	922
972	930
972	933
972	947
972	965
972	968
972	989
973	17
973	114
973	116
973	155
973	199
973	225
973	288
973	317
973	333
973	384
973	391
973	426
973	516
973	539
973	576
973	625
973	672
973	793
973	809
973	844
973	846
973	850
973	856
973	858
973	859
973	863
973	881
973	902
973	906
973	910
973	915
973	917
973	929
973	936
973	941
973	943
973	949
973	954
973	976
973	981
973	985
973	997
974	4
974	56
974	109
974	157
974	234
974	420
974	455
974	469
974	489
974	520
974	526
974	625
974	670
974	672
974	680
974	688
974	718
974	737
974	788
974	819
974	828
974	850
974	856
974	863
974	881
974	882
974	891
974	895
974	904
974	906
974	915
974	925
974	929
974	936
974	943
974	949
974	951
974	954
974	959
974	968
974	981
974	997
975	8
975	83
975	90
975	132
975	146
975	200
975	308
975	331
975	332
975	339
975	358
975	377
975	392
975	481
975	513
975	573
975	580
975	615
975	617
975	630
975	641
975	685
975	694
975	705
975	749
975	752
975	785
975	798
975	800
975	816
975	818
975	848
975	853
975	862
975	874
975	893
975	897
975	913
975	951
975	956
975	962
975	979
975	985
975	989
976	5
976	85
976	159
976	176
976	179
976	195
976	230
976	234
976	258
976	279
976	375
976	389
976	396
976	414
976	445
976	475
976	511
976	592
976	631
976	643
976	646
976	648
976	719
976	744
976	790
976	791
976	816
976	819
976	841
976	844
976	856
976	858
976	859
976	866
976	872
976	891
976	910
976	917
976	925
976	943
976	949
976	954
976	959
976	969
976	973
976	987
976	997
977	12
977	69
977	93
977	106
977	108
977	119
977	122
977	133
977	149
977	165
977	184
977	237
977	280
977	328
977	341
977	357
977	359
977	472
977	477
977	519
977	543
977	597
977	650
977	671
977	674
977	714
977	734
977	748
977	803
977	805
977	812
977	813
977	845
977	851
977	855
977	862
977	871
977	877
977	880
977	889
977	892
977	901
977	902
977	924
977	979
977	981
977	987
977	998
978	31
978	58
978	71
978	126
978	190
978	284
978	379
978	408
978	430
978	532
978	554
978	559
978	569
978	578
978	581
978	589
978	608
978	665
978	668
978	683
978	700
978	725
978	773
978	797
978	823
978	831
978	834
978	835
978	847
978	883
978	886
978	894
978	942
978	946
978	955
978	963
978	964
978	980
978	982
978	984
978	988
978	991
978	993
978	994
978	995
978	996
978	999
978	1000
979	52
979	55
979	66
979	132
979	143
979	154
979	198
979	200
979	281
979	331
979	335
979	358
979	361
979	377
979	385
979	404
979	408
979	437
979	464
979	481
979	545
979	573
979	580
979	585
979	615
979	617
979	641
979	643
979	649
979	692
979	694
979	705
979	749
979	752
979	763
979	768
979	798
979	800
979	818
979	853
979	861
979	862
979	893
979	895
979	913
979	950
979	956
979	962
979	975
979	977
979	985
980	1
980	43
980	117
980	188
980	210
980	227
980	408
980	416
980	465
980	466
980	496
980	505
980	530
980	535
980	562
980	564
980	592
980	612
980	634
980	677
980	702
980	713
980	731
980	741
980	745
980	770
980	772
980	778
980	780
980	784
980	797
980	798
980	811
980	823
980	847
980	916
980	921
980	939
980	942
980	946
980	953
980	955
980	978
980	982
980	984
980	988
980	990
980	993
980	994
980	996
980	999
981	29
981	63
981	65
981	95
981	104
981	111
981	178
981	214
981	223
981	237
981	320
981	328
981	341
981	352
981	359
981	372
981	376
981	400
981	427
981	467
981	472
981	495
981	519
981	529
981	560
981	582
981	604
981	650
981	671
981	674
981	709
981	714
981	748
981	781
981	803
981	805
981	812
981	813
981	855
981	871
981	877
981	880
981	889
981	901
981	902
981	919
981	924
981	945
981	973
981	974
981	977
981	984
981	998
982	9
982	16
982	39
982	43
982	60
982	82
982	135
982	185
982	284
982	312
982	313
982	348
982	387
982	406
982	458
982	493
982	496
982	525
982	532
982	538
982	592
982	652
982	683
982	687
982	701
982	741
982	750
982	758
982	762
982	771
982	778
982	780
982	811
982	818
982	834
982	835
982	842
982	847
982	885
982	942
982	946
982	955
982	963
982	964
982	978
982	980
982	984
982	988
982	990
982	991
982	993
982	994
982	996
982	999
983	3
983	4
983	37
983	76
983	89
983	183
983	191
983	207
983	249
983	300
983	317
983	325
983	348
983	370
983	375
983	420
983	434
983	445
983	450
983	500
983	512
983	516
983	561
983	576
983	631
983	648
983	657
983	670
983	671
983	680
983	716
983	718
983	732
983	737
983	793
983	819
983	841
983	863
983	866
983	872
983	891
983	910
983	917
983	925
983	929
983	936
983	943
983	949
983	953
983	954
983	959
983	966
983	991
983	994
983	997
984	9
984	13
984	23
984	47
984	54
984	106
984	129
984	219
984	254
984	271
984	423
984	466
984	491
984	525
984	538
984	551
984	564
984	609
984	612
984	620
984	677
984	686
984	695
984	725
984	731
984	733
984	740
984	758
984	759
984	762
984	770
984	771
984	773
984	784
984	804
984	808
984	834
984	837
984	883
984	885
984	886
984	939
984	942
984	950
984	955
984	963
984	964
984	978
984	980
984	981
984	982
984	988
984	990
984	991
984	993
984	995
984	996
985	2
985	8
985	19
985	38
985	52
985	70
985	77
985	96
985	146
985	196
985	198
985	281
985	290
985	308
985	332
985	335
985	339
985	342
985	353
985	361
985	377
985	394
985	506
985	513
985	514
985	537
985	573
985	615
985	617
985	630
985	641
985	643
985	649
985	685
985	692
985	705
985	749
985	752
985	763
985	768
985	785
985	798
985	800
985	816
985	818
985	848
985	853
985	862
985	893
985	895
985	913
985	956
985	962
985	973
985	975
985	979
985	995
985	999
986	49
986	326
986	369
986	398
986	401
986	402
986	463
986	533
986	534
986	553
986	555
986	571
986	605
986	616
986	622
986	627
986	642
986	645
986	653
986	658
986	675
986	681
986	682
986	693
986	698
986	701
986	712
986	718
986	730
986	738
986	751
986	766
986	802
986	806
986	817
986	821
986	825
986	826
986	827
986	838
986	843
986	861
986	873
986	874
986	890
986	912
986	923
986	931
986	937
986	945
986	953
986	957
986	960
986	964
986	966
986	971
986	994
986	998
986	1000
987	12
987	93
987	104
987	111
987	122
987	133
987	165
987	211
987	214
987	222
987	223
987	247
987	320
987	328
987	341
987	352
987	357
987	372
987	376
987	409
987	413
987	427
987	529
987	560
987	582
987	604
987	650
987	662
987	671
987	709
987	714
987	734
987	743
987	748
987	781
987	803
987	805
987	810
987	812
987	813
987	845
987	851
987	853
987	877
987	880
987	889
987	892
987	901
987	902
987	919
987	924
987	945
987	959
987	976
987	977
987	997
987	998
987	999
987	1000
988	31
988	91
988	204
988	275
988	290
988	297
988	324
988	397
988	405
988	491
988	496
988	497
988	532
988	545
988	558
988	559
988	581
988	589
988	646
988	647
988	654
988	668
988	677
988	701
988	704
988	725
988	727
988	733
988	750
988	758
988	772
988	780
988	784
988	797
988	823
988	831
988	835
988	837
988	847
988	900
988	933
988	939
988	942
988	946
988	948
988	955
988	960
988	963
988	964
988	968
988	978
988	980
988	982
988	984
988	991
988	993
988	994
988	995
988	996
988	999
989	86
989	128
989	130
989	134
989	194
989	195
989	213
989	216
989	244
989	265
989	283
989	356
989	362
989	367
989	410
989	433
989	457
989	473
989	509
989	548
989	554
989	584
989	619
989	639
989	679
989	689
989	707
989	721
989	742
989	753
989	761
989	765
989	777
989	786
989	794
989	796
989	801
989	820
989	822
989	839
989	842
989	849
989	860
989	873
989	875
989	876
989	879
989	894
989	896
989	899
989	901
989	907
989	914
989	916
989	920
989	930
989	933
989	948
989	951
989	965
989	970
989	972
989	975
990	39
990	41
990	58
990	103
990	126
990	181
990	206
990	220
990	228
990	277
990	286
990	290
990	362
990	379
990	381
990	399
990	465
990	466
990	478
990	487
990	491
990	492
990	527
990	535
990	542
990	551
990	559
990	654
990	686
990	687
990	701
990	708
990	725
990	727
990	731
990	740
990	759
990	762
990	767
990	770
990	773
990	778
990	824
990	831
990	835
990	837
990	847
990	883
990	885
990	886
990	903
990	909
990	942
990	946
990	955
990	963
990	964
990	980
990	982
990	984
990	991
990	994
990	995
990	996
990	999
991	1
991	13
991	16
991	43
991	47
991	103
991	145
991	206
991	212
991	264
991	282
991	284
991	287
991	312
991	315
991	318
991	330
991	338
991	380
991	458
991	465
991	478
991	491
991	521
991	577
991	581
991	606
991	620
991	628
991	634
991	686
991	696
991	700
991	701
991	702
991	704
991	725
991	745
991	758
991	759
991	771
991	772
991	773
991	776
991	784
991	797
991	806
991	823
991	831
991	835
991	885
991	886
991	903
991	926
991	939
991	942
991	946
991	955
991	964
991	978
991	982
991	983
991	984
991	988
991	990
991	994
991	995
991	996
991	999
992	10
992	30
992	35
992	40
992	64
992	74
992	80
992	84
992	120
992	141
992	151
992	167
992	171
992	177
992	191
992	239
992	240
992	242
992	253
992	260
992	266
992	268
992	307
992	343
992	347
992	436
992	438
992	441
992	444
992	452
992	471
992	476
992	483
992	486
992	498
992	505
992	528
992	547
992	566
992	602
992	604
992	621
992	684
992	690
992	703
992	722
992	736
992	757
992	774
992	775
992	776
992	787
992	807
992	833
992	836
992	840
992	864
992	865
992	869
992	900
992	908
992	917
992	919
992	921
992	922
992	926
992	928
992	940
992	961
992	969
993	14
993	21
993	31
993	53
993	63
993	67
993	129
993	174
993	188
993	204
993	210
993	219
993	267
993	286
993	295
993	318
993	340
993	399
993	422
993	430
993	458
993	536
993	544
993	558
993	562
993	564
993	569
993	578
993	601
993	609
993	628
993	632
993	636
993	652
993	683
993	700
993	704
993	727
993	733
993	741
993	745
993	750
993	759
993	771
993	780
993	784
993	797
993	831
993	834
993	847
993	883
993	885
993	898
993	903
993	914
993	939
993	946
993	955
993	958
993	963
993	964
993	978
993	980
993	982
993	984
993	988
993	994
993	995
993	996
993	998
993	999
994	9
994	118
994	150
994	160
994	185
994	188
994	282
994	315
994	338
994	340
994	387
994	399
994	416
994	423
994	430
994	478
994	487
994	521
994	530
994	535
994	562
994	569
994	577
994	589
994	612
994	632
994	634
994	636
994	647
994	677
994	686
994	687
994	700
994	701
994	702
994	713
994	727
994	730
994	745
994	762
994	773
994	778
994	780
994	784
994	797
994	804
994	809
994	811
994	819
994	823
994	837
994	847
994	903
994	913
994	918
994	939
994	942
994	946
994	963
994	964
994	978
994	980
994	982
994	983
994	986
994	988
994	990
994	991
994	993
994	995
994	999
995	150
995	156
995	166
995	174
995	182
995	190
995	227
995	254
995	264
995	271
995	295
995	297
995	322
995	338
995	381
995	399
995	422
995	447
995	493
995	530
995	532
995	544
995	589
995	592
995	609
995	612
995	617
995	620
995	628
995	632
995	647
995	652
995	668
995	677
995	704
995	713
995	727
995	731
995	733
995	747
995	758
995	759
995	770
995	771
995	772
995	773
995	778
995	797
995	804
995	811
995	823
995	831
995	835
995	837
995	847
995	878
995	885
995	903
995	939
995	942
995	946
995	949
995	952
995	955
995	963
995	964
995	978
995	984
995	985
995	988
995	990
995	991
995	993
995	994
995	996
995	998
995	999
996	16
996	23
996	53
996	75
996	81
996	166
996	182
996	189
996	209
996	212
996	245
996	282
996	286
996	292
996	295
996	315
996	355
996	380
996	381
996	408
996	417
996	420
996	447
996	458
996	487
996	491
996	492
996	521
996	524
996	527
996	542
996	544
996	545
996	551
996	558
996	564
996	569
996	578
996	609
996	612
996	620
996	628
996	634
996	654
996	686
996	687
996	702
996	725
996	727
996	733
996	740
996	744
996	750
996	762
996	772
996	797
996	800
996	804
996	810
996	834
996	835
996	847
996	885
996	903
996	939
996	942
996	946
996	955
996	963
996	964
996	969
996	978
996	980
996	982
996	984
996	988
996	990
996	991
996	993
996	995
996	999
997	11
997	17
997	25
997	51
997	61
997	97
997	116
997	137
997	155
997	157
997	159
997	176
997	209
997	224
997	249
997	272
997	279
997	291
997	313
997	325
997	330
997	333
997	344
997	348
997	351
997	431
997	450
997	455
997	475
997	489
997	510
997	511
997	512
997	518
997	520
997	526
997	563
997	565
997	625
997	631
997	655
997	657
997	659
997	673
997	680
997	688
997	708
997	718
997	719
997	728
997	732
997	735
997	737
997	744
997	788
997	790
997	793
997	809
997	819
997	828
997	841
997	844
997	851
997	856
997	858
997	859
997	863
997	872
997	881
997	882
997	891
997	906
997	915
997	917
997	923
997	925
997	928
997	929
997	941
997	943
997	954
997	959
997	967
997	970
997	973
997	974
997	976
997	983
997	987
997	998
998	12
998	20
998	65
998	69
998	93
998	95
998	100
998	104
998	106
998	108
998	110
998	111
998	119
998	122
998	133
998	149
998	165
998	178
998	184
998	190
998	211
998	214
998	222
998	223
998	235
998	237
998	247
998	256
998	320
998	328
998	341
998	352
998	357
998	359
998	372
998	376
998	400
998	409
998	413
998	427
998	467
998	472
998	492
998	495
998	506
998	519
998	529
998	543
998	560
998	582
998	597
998	604
998	650
998	662
998	671
998	674
998	709
998	714
998	734
998	743
998	748
998	781
998	803
998	805
998	810
998	812
998	813
998	845
998	851
998	855
998	871
998	877
998	880
998	889
998	892
998	901
998	902
998	919
998	920
998	924
998	945
998	954
998	964
998	977
998	981
998	986
998	987
998	993
998	995
998	997
999	1
999	41
999	53
999	54
999	60
999	91
999	103
999	125
999	145
999	156
999	181
999	209
999	220
999	267
999	275
999	282
999	284
999	290
999	294
999	297
999	315
999	322
999	379
999	387
999	422
999	433
999	458
999	466
999	478
999	493
999	497
999	527
999	530
999	542
999	551
999	564
999	577
999	581
999	589
999	601
999	609
999	632
999	636
999	647
999	652
999	668
999	683
999	686
999	702
999	713
999	722
999	731
999	733
999	741
999	758
999	770
999	773
999	790
999	797
999	804
999	811
999	823
999	831
999	834
999	835
999	837
999	883
999	886
999	903
999	924
999	939
999	942
999	946
999	953
999	954
999	955
999	963
999	964
999	965
999	978
999	980
999	982
999	985
999	987
999	988
999	990
999	991
999	993
999	994
999	995
999	996
999	1000
1000	6
1000	26
1000	28
1000	49
1000	78
1000	87
1000	121
1000	123
1000	131
1000	142
1000	175
1000	229
1000	233
1000	258
1000	263
1000	293
1000	310
1000	321
1000	326
1000	334
1000	349
1000	390
1000	398
1000	401
1000	402
1000	407
1000	419
1000	432
1000	446
1000	451
1000	453
1000	459
1000	479
1000	482
1000	484
1000	487
1000	501
1000	502
1000	507
1000	534
1000	550
1000	552
1000	553
1000	555
1000	586
1000	590
1000	599
1000	605
1000	616
1000	622
1000	627
1000	635
1000	645
1000	660
1000	669
1000	682
1000	696
1000	712
1000	730
1000	766
1000	795
1000	799
1000	802
1000	806
1000	808
1000	821
1000	825
1000	827
1000	838
1000	843
1000	854
1000	861
1000	890
1000	894
1000	904
1000	912
1000	923
1000	931
1000	932
1000	937
1000	947
1000	952
1000	953
1000	955
1000	957
1000	960
1000	966
1000	971
1000	978
1000	986
1000	987
1000	999
