1	899
1	904
1	984
2	479
2	990
2	992
3	933
3	993
3	998
4	798
4	819
4	988
5	778
5	899
5	986
6	296
6	979
6	999
7	712
7	830
7	907
8	533
8	584
8	994
9	207
9	472
9	972
10	993
10	997
10	998
11	881
11	974
11	983
12	481
12	993
12	997
13	822
13	902
13	965
14	330
14	799
14	941
15	961
15	995
15	999
16	498
16	614
16	982
17	913
17	993
17	998
18	356
18	556
18	973
19	930
19	966
19	972
20	339
20	973
20	980
21	933
21	950
21	982
22	103
22	887
22	947
23	705
23	968
23	991
24	77
24	818
24	919
25	930
25	970
25	994
26	223
26	905
26	947
27	560
27	624
27	837
28	874
28	991
28	999
29	942
29	987
29	1000
30	340
30	871
30	954
31	408
31	743
31	996
32	858
32	867
32	971
33	710
33	916
33	927
34	659
34	799
34	1000
35	900
35	994
35	999
36	823
36	982
36	992
37	317
37	952
37	1000
38	208
38	704
38	730
39	100
39	870
39	962
40	436
40	569
40	979
41	969
41	992
41	998
42	167
42	764
42	954
43	695
43	943
43	986
44	818
44	951
44	965
45	960
45	975
45	987
46	945
46	993
46	995
47	609
47	828
47	988
48	878
48	940
48	976
49	849
49	957
49	996
50	904
50	956
50	994
51	427
51	914
51	955
52	841
52	945
52	947
53	137
53	470
53	950
54	320
54	956
54	994
55	262
55	776
55	976
56	665
56	894
56	989
57	738
57	966
57	984
58	730
58	939
58	1000
59	548
59	579
59	962
60	460
60	906
60	978
61	311
61	462
61	820
62	258
62	612
62	999
63	918
63	984
63	996
64	662
64	994
64	995
65	875
65	914
65	1000
66	586
66	833
66	996
67	298
67	619
67	961
68	565
68	927
68	984
69	83
69	952
69	986
70	300
70	843
70	996
71	962
71	981
71	982
72	993
72	997
72	998
73	320
73	994
73	1000
74	598
74	601
74	718
75	845
75	923
75	996
76	820
76	992
76	994
77	24
77	265
77	965
78	163
78	865
78	975
79	224
79	937
79	958
80	479
80	918
80	996
81	993
81	997
81	998
82	857
82	967
82	1000
83	69
83	837
83	872
84	919
84	990
84	992
85	391
85	961
85	967
86	292
86	816
86	994
87	990
87	992
87	1000
88	740
88	868
88	935
89	974
89	976
89	1000
90	938
90	985
90	990
91	788
91	976
91	983
92	222
92	589
92	996
93	806
93	981
93	990
94	629
94	641
94	998
95	260
95	343
95	905
96	423
96	833
96	896
97	836
97	840
97	996
98	273
98	332
98	641
99	880
99	981
99	992
100	39
100	943
100	978
101	993
101	997
101	998
102	749
102	750
102	971
103	22
103	722
103	1000
104	603
104	669
104	856
105	622
105	964
105	995
106	921
106	962
106	1000
107	680
107	735
107	839
108	743
108	882
108	990
109	708
109	828
109	988
110	884
110	964
110	980
111	429
111	569
111	975
112	475
112	798
112	960
113	220
113	875
113	905
114	229
114	484
114	868
115	955
115	993
115	998
116	817
116	951
116	976
117	390
117	958
117	999
118	903
118	972
118	994
119	767
119	770
119	994
120	801
120	813
120	941
121	857
121	970
121	978
122	837
122	981
122	985
123	861
123	977
123	997
124	826
124	883
124	952
125	804
125	934
125	989
126	736
126	984
126	1000
127	929
127	965
127	993
128	870
128	997
128	998
129	880
129	940
129	976
130	982
130	985
130	990
131	962
131	978
131	1000
132	291
132	910
132	1000
133	660
133	889
133	986
134	617
134	665
134	907
135	162
135	930
135	966
136	877
136	997
136	998
137	53
137	506
137	657
138	432
138	997
138	998
139	910
139	962
139	975
140	686
140	989
140	996
141	753
141	892
141	946
142	939
142	945
142	999
143	795
143	841
143	914
144	837
144	923
144	996
145	661
145	997
145	998
146	610
146	970
146	987
147	921
147	961
147	964
148	190
148	921
148	980
149	154
149	859
149	940
150	950
150	981
150	999
151	325
151	404
151	786
152	510
152	891
152	941
153	950
153	980
153	992
154	149
154	993
154	998
155	297
155	650
155	959
156	479
156	879
156	954
157	967
157	977
157	987
158	982
158	985
158	986
159	765
159	875
159	960
160	993
160	997
160	998
161	396
161	883
161	926
162	135
162	694
162	972
163	78
163	759
163	986
164	283
164	855
164	867
165	939
165	987
165	1000
166	939
166	942
166	952
167	42
167	993
167	997
168	709
168	916
168	955
169	977
169	985
169	990
170	940
170	974
170	983
171	765
171	990
171	992
172	908
172	981
172	992
173	924
173	957
173	959
174	426
174	830
174	996
175	813
175	949
175	976
176	323
176	918
176	996
177	827
177	981
177	985
178	953
178	970
178	978
179	761
179	940
179	983
180	780
180	945
180	999
181	599
181	982
181	990
182	303
182	400
182	972
183	872
183	918
183	996
184	817
184	960
184	988
185	778
185	883
185	970
186	416
186	673
186	987
187	924
187	947
187	991
188	974
188	976
188	983
189	527
189	760
189	803
190	148
190	357
190	995
191	993
191	997
191	998
192	863
192	886
192	957
193	244
193	555
193	922
194	430
194	706
194	816
195	525
195	798
195	938
196	563
196	586
196	996
197	854
197	914
197	992
198	801
198	851
198	960
199	646
199	779
199	996
200	855
200	989
200	994
201	570
201	609
201	872
202	993
202	997
202	998
203	894
203	956
203	972
204	953
204	983
204	1000
205	833
205	872
205	996
206	439
206	633
206	989
207	9
207	864
207	907
208	38
208	956
208	968
209	747
209	818
209	887
210	508
210	888
210	982
211	534
211	588
211	996
212	789
212	864
212	911
213	631
213	840
213	896
214	767
214	803
214	861
215	927
215	938
215	948
216	846
216	987
216	1000
217	776
217	997
217	998
218	567
218	830
218	933
219	391
219	939
219	987
220	113
220	298
220	989
221	970
221	974
221	987
222	92
222	540
222	989
223	26
223	932
223	952
224	79
224	612
224	944
225	703
225	993
225	998
226	398
226	996
226	998
227	983
227	997
227	998
228	608
228	951
228	987
229	114
229	917
229	968
230	958
230	970
230	1000
231	945
231	967
231	980
232	451
232	829
232	995
233	335
233	856
233	965
234	556
234	953
234	962
235	632
235	713
235	858
236	993
236	997
236	998
237	438
237	488
237	955
238	245
238	852
238	943
239	734
239	852
239	1000
240	906
240	974
240	976
241	709
241	788
241	1000
242	304
242	871
242	999
243	442
243	957
243	988
244	193
244	904
244	934
245	238
245	978
245	986
246	993
246	997
246	998
247	734
247	962
247	970
248	730
248	956
248	994
249	765
249	985
249	992
250	290
250	394
250	920
251	663
251	920
251	972
252	871
252	925
252	981
253	534
253	849
253	923
254	799
254	975
254	1000
255	779
255	843
255	990
256	537
256	557
256	940
257	881
257	970
257	983
258	62
258	792
258	959
259	692
259	967
259	996
260	95
260	959
260	963
261	646
261	942
261	987
262	55
262	681
262	974
263	885
263	901
263	953
264	811
264	878
264	981
265	77
265	737
265	932
266	870
266	927
266	983
267	919
267	954
267	990
268	918
268	928
268	944
269	832
269	860
269	932
270	960
270	978
270	987
271	692
271	775
271	996
272	442
272	977
272	991
273	98
273	648
273	947
274	904
274	920
274	958
275	510
275	995
275	996
276	294
276	438
276	959
277	963
277	997
277	998
278	909
278	997
278	998
279	507
279	698
279	734
280	501
280	978
280	1000
281	933
281	954
281	992
282	452
282	953
282	975
283	164
283	756
283	830
284	519
284	924
284	991
285	609
285	923
285	996
286	553
286	997
286	998
287	487
287	775
287	777
287	996
288	586
288	587
288	877
288	996
289	737
289	884
289	953
289	1000
290	250
290	734
290	867
290	907
291	132
291	660
291	970
291	1000
292	86
292	660
292	978
292	1000
293	807
293	948
293	997
293	998
294	276
294	977
294	991
294	999
295	701
295	919
295	985
295	992
296	6
296	514
296	746
296	974
297	155
297	936
297	941
297	988
298	67
298	220
298	946
298	988
299	695
299	832
299	958
299	999
300	70
300	918
300	988
300	996
301	333
301	846
301	989
301	994
302	653
302	766
302	923
302	996
303	182
303	613
303	658
303	966
304	242
304	676
304	873
304	990
305	953
305	959
305	986
305	987
306	714
306	961
306	974
306	983
307	870
307	953
307	974
307	983
308	456
308	993
308	997
308	998
309	886
309	964
309	989
309	991
310	647
310	924
310	980
310	999
311	61
311	926
311	982
311	990
312	827
312	928
312	990
312	992
313	783
313	906
313	978
313	987
314	919
314	940
314	976
314	983
315	718
315	800
315	971
315	994
316	937
316	953
316	966
316	972
317	37
317	566
317	996
317	1000
318	825
318	880
318	911
318	959
319	706
319	777
319	945
319	971
320	54
320	73
320	467
320	934
321	898
321	993
321	997
321	998
322	833
322	911
322	918
322	996
323	176
323	362
323	896
323	996
324	855
324	969
324	972
324	994
325	151
325	872
325	918
325	996
326	852
326	909
326	975
326	986
327	739
327	835
327	867
327	971
328	378
328	668
328	922
328	927
329	363
329	974
329	976
329	983
330	14
330	739
330	868
330	984
331	739
331	816
331	908
331	992
332	98
332	430
332	869
332	930
333	301
333	956
333	966
333	989
334	441
334	565
334	990
334	992
335	233
335	755
335	882
335	999
336	713
336	761
336	793
336	968
337	635
337	945
337	951
337	995
338	469
338	592
338	942
338	978
339	20
339	461
339	486
339	773
340	30
340	758
340	863
340	976
341	547
341	935
341	981
341	982
342	538
342	813
342	925
342	974
343	95
343	506
343	930
343	957
344	540
344	791
344	849
344	996
345	348
345	925
345	954
345	985
346	791
346	849
346	985
346	996
347	957
347	980
347	987
347	995
348	345
348	870
348	976
348	983
349	679
349	763
349	952
349	980
350	717
350	943
350	962
350	977
351	572
351	719
351	810
351	971
352	380
352	712
352	970
352	996
353	681
353	976
353	983
353	990
354	952
354	960
354	975
354	1000
355	932
355	943
355	992
355	1000
356	18
356	847
356	929
356	997
357	190
357	834
357	964
357	995
358	378
358	428
358	674
358	854
359	757
359	890
359	997
359	998
360	434
360	864
360	916
360	989
361	537
361	974
361	983
361	986
362	323
362	931
362	963
362	998
363	329
363	504
363	964
363	979
364	373
364	936
364	988
364	993
365	777
365	867
365	877
365	971
366	881
366	949
366	983
366	998
367	708
367	891
367	905
367	988
368	670
368	713
368	807
368	994
369	682
369	951
369	958
369	965
370	610
370	661
370	852
370	865
371	631
371	946
371	988
371	992
372	431
372	639
372	643
372	815
373	364
373	741
373	938
373	955
374	899
374	932
374	953
374	1000
375	401
375	746
375	905
375	988
376	886
376	905
376	944
376	995
377	650
377	793
377	958
377	967
378	328
378	358
378	914
378	975
379	925
379	968
379	979
379	995
380	352
380	789
380	923
380	996
381	866
381	889
381	952
381	987
382	791
382	885
382	978
382	1000
383	739
383	747
383	937
383	971
384	469
384	705
384	926
384	1000
385	454
385	663
385	983
385	994
386	425
386	536
386	711
386	984
387	649
387	687
387	823
387	958
388	754
388	936
388	951
388	972
389	687
389	966
389	971
389	994
390	117
390	713
390	771
390	983
391	85
391	219
391	781
391	959
392	885
392	902
392	906
392	932
393	793
393	886
393	969
393	977
394	250
394	789
394	967
394	999
395	769
395	893
395	921
395	959
396	161
396	939
396	954
396	1000
397	529
397	979
397	991
397	999
398	226
398	836
398	853
398	996
399	706
399	749
399	867
399	980
400	182
400	494
400	986
400	1000
401	375
401	532
401	891
401	902
402	969
402	993
402	997
402	998
403	818
403	853
403	955
403	981
404	151
404	692
404	923
404	996
405	673
405	863
405	901
405	986
406	408
406	672
406	923
406	996
407	695
407	894
407	950
407	990
408	31
408	406
408	664
408	871
409	754
409	817
409	892
409	965
410	798
410	962
410	987
410	1000
411	519
411	526
411	921
411	995
412	446
412	485
412	925
412	990
413	948
413	993
413	997
413	998
414	724
414	969
414	997
414	998
415	910
415	974
415	975
415	1000
416	186
416	610
416	932
416	996
417	711
417	854
417	946
417	965
418	722
418	928
418	939
418	1000
419	442
419	722
419	953
419	986
420	549
420	905
420	955
420	960
421	764
421	783
421	997
421	998
422	693
422	729
422	887
422	975
423	96
423	925
423	985
423	990
424	657
424	958
424	989
424	999
425	386
425	839
425	928
425	988
426	174
426	433
426	918
426	950
427	51
427	938
427	943
427	984
428	358
428	802
428	958
428	980
429	111
429	993
429	997
429	998
430	194
430	332
430	716
430	994
431	372
431	916
431	947
431	984
432	138
432	883
432	901
432	962
433	426
433	567
433	840
433	934
434	360
434	907
434	937
434	966
435	824
435	941
435	986
435	1000
436	40
436	753
436	944
436	967
437	580
437	770
437	907
437	972
438	237
438	276
438	545
438	980
439	206
439	804
439	966
439	994
440	698
440	887
440	960
440	991
441	334
441	671
441	786
441	935
442	243
442	272
442	419
442	832
443	575
443	958
443	990
443	992
444	817
444	974
444	976
444	983
445	699
445	831
445	903
445	955
446	412
446	828
446	982
446	990
447	515
447	906
447	910
447	987
448	627
448	991
448	995
448	999
449	771
449	790
449	987
449	1000
450	531
450	799
450	824
450	932
451	232
451	835
451	875
451	977
452	282
452	633
452	908
452	989
453	639
453	952
453	959
453	975
454	385
454	644
454	908
454	989
455	702
455	840
455	927
455	960
456	308
456	853
456	874
456	951
457	600
457	808
457	933
457	990
458	594
458	919
458	982
458	992
459	470
459	901
459	957
459	968
459	999
460	60
460	921
460	944
460	961
460	995
461	339
461	801
461	839
461	980
461	984
462	61
462	868
462	875
462	902
462	984
463	534
463	646
463	923
463	996
463	999
464	602
464	862
464	937
464	971
464	989
465	676
465	854
465	891
465	914
465	960
466	969
466	980
466	993
466	997
466	998
467	320
467	585
467	719
467	814
467	920
468	845
468	934
468	945
468	964
468	995
469	338
469	384
469	942
469	971
469	1000
470	53
470	459
470	618
470	980
470	999
471	653
471	696
471	840
471	996
471	998
472	9
472	889
472	915
472	956
472	989
473	850
473	978
473	986
473	987
473	999
474	948
474	971
474	993
474	997
474	998
475	112
475	776
475	940
475	949
475	983
476	853
476	905
476	965
476	984
476	993
477	514
477	864
477	944
477	961
477	968
478	850
478	926
478	942
478	976
478	978
479	2
479	80
479	156
479	840
479	996
480	939
480	948
480	963
480	997
480	998
481	12
481	610
481	693
481	910
481	1000
482	911
482	912
482	958
482	967
482	973
483	758
483	974
483	976
483	983
483	1000
484	114
484	940
484	946
484	947
484	988
485	412
485	813
485	974
485	976
485	983
486	339
486	540
486	726
486	767
486	938
487	287
487	836
487	923
487	978
487	996
488	237
488	818
488	868
488	875
488	974
489	673
489	890
489	970
489	978
489	987
490	703
490	786
490	837
490	879
490	996
491	618
491	836
491	895
491	990
491	992
492	826
492	865
492	946
492	953
492	978
493	751
493	864
493	915
493	988
493	994
494	400
494	911
494	932
494	970
494	1000
495	706
495	877
495	963
495	997
495	998
496	731
496	741
496	902
496	984
496	988
497	761
497	957
497	962
497	977
497	980
498	16
498	729
498	818
498	828
498	947
499	654
499	847
499	883
499	975
499	1000
500	806
500	866
500	892
500	941
500	960
501	280
501	556
501	968
501	979
501	999
502	682
502	736
502	839
502	927
502	967
503	520
503	731
503	907
503	989
503	993
504	363
504	685
504	952
504	957
504	979
505	773
505	819
505	905
505	967
505	988
506	137
506	343
506	746
506	860
506	984
507	279
507	645
507	970
507	986
507	1000
508	210
508	809
508	895
508	990
508	992
509	807
509	940
509	959
509	973
509	980
510	152
510	275
510	791
510	872
510	996
511	526
511	634
511	964
511	966
511	967
512	567
512	699
512	915
512	972
512	989
513	697
513	834
513	900
513	912
513	989
514	296
514	477
514	937
514	957
514	979
515	447
515	541
515	970
515	978
515	987
516	525
516	944
516	945
516	973
516	999
517	655
517	799
517	953
517	987
517	1000
518	829
518	866
518	936
518	955
518	965
519	284
519	411
519	655
519	943
519	977
520	503
520	937
520	956
520	966
520	984
521	963
521	972
521	993
521	997
521	998
522	598
522	962
522	975
522	986
522	987
523	716
523	949
523	974
523	975
523	976
524	864
524	912
524	934
524	983
524	994
525	195
525	516
525	603
525	951
525	984
526	411
526	511
526	919
526	959
526	979
527	189
527	530
527	991
527	994
527	999
528	800
528	956
528	971
528	981
528	989
529	397
529	790
529	986
529	987
529	1000
530	527
530	794
530	957
530	985
530	991
531	450
531	600
531	863
531	976
531	983
532	401
532	936
532	947
532	986
532	988
533	8
533	827
533	954
533	985
533	992
534	211
534	253
534	463
534	830
534	966
535	679
535	950
535	982
535	985
535	990
536	386
536	810
536	894
536	971
536	994
537	256
537	361
537	881
537	896
537	976
538	342
538	733
538	849
538	974
538	976
539	925
539	950
539	987
539	990
539	992
540	222
540	344
540	486
540	786
540	996
541	515
541	583
541	854
541	874
541	941
542	730
542	738
542	900
542	971
542	999
543	861
543	925
543	985
543	990
543	992
544	814
544	984
544	993
544	997
544	998
545	438
545	746
545	952
545	961
545	967
546	745
546	844
546	949
546	974
546	983
547	341
547	933
547	950
547	975
547	992
548	59
548	799
548	966
548	986
548	1000
549	420
549	844
549	973
549	995
549	999
550	788
550	843
550	888
550	982
550	992
551	909
551	949
551	993
551	997
551	998
552	969
552	982
552	985
552	990
552	992
553	286
553	832
553	880
553	977
553	999
554	613
554	715
554	732
554	880
554	991
555	193
555	630
555	735
555	936
555	984
556	18
556	234
556	501
556	959
556	991
557	256
557	906
557	949
557	974
557	983
558	680
558	769
558	800
558	886
558	991
559	561
559	755
559	787
559	914
559	995
560	27
560	656
560	704
560	791
560	849
561	559
561	768
561	917
561	928
561	964
562	667
562	829
562	958
562	973
562	995
563	196
563	725
563	830
563	872
563	996
564	666
564	733
564	955
564	984
564	988
565	68
565	334
565	631
565	922
565	936
566	317
566	782
566	942
566	978
566	986
567	218
567	433
567	512
567	896
567	996
568	950
568	954
568	985
568	990
568	997
569	40
569	111
569	826
569	926
569	1000
570	201
570	838
570	953
570	973
570	995
570	999
571	597
571	795
571	870
571	881
571	949
571	974
572	351
572	917
572	921
572	958
572	977
572	999
573	709
573	831
573	949
573	976
573	979
573	983
574	728
574	971
574	972
574	989
574	994
574	999
575	443
575	695
575	924
575	982
575	985
575	990
576	626
576	888
576	919
576	971
576	981
576	992
577	661
577	705
577	883
577	901
577	932
577	954
578	692
578	756
578	786
578	918
578	973
578	996
579	59
579	975
579	986
579	987
579	988
579	992
580	437
580	930
580	937
580	981
580	989
580	994
581	859
581	935
581	954
581	981
581	985
581	992
582	790
582	824
582	911
582	953
582	970
582	987
583	541
583	659
583	887
583	936
583	941
583	960
584	8
584	778
584	796
584	804
584	900
584	989
585	467
585	966
585	971
585	989
585	994
585	996
586	66
586	196
586	288
586	833
586	982
586	996
587	288
587	725
587	775
587	837
587	961
587	996
588	211
588	651
588	981
588	985
588	990
588	992
589	92
589	712
589	748
589	817
589	872
589	896
590	671
590	846
590	933
590	935
590	981
590	992
591	609
591	820
591	833
591	918
591	974
591	996
592	338
592	907
592	920
592	934
592	971
592	972
593	628
593	856
593	887
593	922
593	951
593	988
594	458
594	743
594	895
594	933
594	987
594	992
595	779
595	838
595	925
595	935
595	985
595	990
596	772
596	880
596	884
596	973
596	983
596	999
597	571
597	893
597	963
597	993
597	997
597	998
598	74
598	522
598	721
598	858
598	971
598	994
599	181
599	909
599	925
599	981
599	990
599	992
600	457
600	531
600	949
600	974
600	976
600	983
601	74
601	860
601	880
601	961
601	991
601	999
602	464
602	638
602	781
602	930
602	956
602	994
603	104
603	525
603	648
603	784
603	893
603	951
604	634
604	930
604	979
604	980
604	995
604	999
605	931
605	945
605	969
605	993
605	997
605	998
606	863
606	904
606	940
606	949
606	955
606	983
607	712
607	793
607	838
607	991
607	995
607	998
608	228
608	670
608	672
608	693
608	939
608	975
609	47
609	201
609	285
609	591
609	879
609	896
610	146
610	370
610	416
610	481
610	970
610	995
611	760
611	791
611	837
611	849
611	896
611	996
612	62
612	224
612	680
612	924
612	967
612	991
613	303
613	554
613	727
613	796
613	923
613	971
614	16
614	623
614	666
614	872
614	947
614	988
615	683
615	856
615	933
615	935
615	985
615	992
616	781
616	860
616	968
616	980
616	995
616	996
617	134
617	749
617	898
617	963
617	993
617	998
618	470
618	491
618	651
618	809
618	950
618	992
619	67
619	884
619	886
619	913
619	937
619	957
620	861
620	876
620	964
620	967
620	977
620	995
621	754
621	839
621	955
621	962
621	965
621	988
622	105
622	778
622	885
622	953
622	975
622	987
623	614
623	828
623	866
623	892
623	914
623	991
624	27
624	772
624	882
624	968
624	991
624	995
625	781
625	898
625	969
625	993
625	997
625	998
626	576
626	941
626	982
626	985
626	992
626	996
627	448
627	843
627	871
627	950
627	981
627	982
628	593
628	697
628	720
628	956
628	972
628	989
629	94
629	718
629	867
629	930
629	954
629	994
630	555
630	639
630	962
630	975
630	987
630	1000
631	213
631	371
631	565
631	666
631	926
631	984
632	235
632	713
632	761
632	827
632	980
632	999
633	206
633	452
633	915
633	930
633	934
633	943
634	511
634	604
634	911
634	945
634	986
634	999
635	337
635	886
635	895
635	973
635	980
635	991
636	750
636	811
636	933
636	954
636	981
636	992
637	808
637	878
637	967
637	982
637	985
637	992
638	602
638	762
638	934
638	956
638	994
638	996
639	372
639	453
639	630
639	790
639	846
639	927
640	847
640	910
640	970
640	975
640	986
640	1000
641	94
641	98
641	937
641	980
641	989
641	994
642	890
642	948
642	957
642	993
642	997
642	998
643	372
643	820
643	899
643	914
643	922
643	960
644	454
644	717
644	906
644	932
644	962
644	1000
645	507
645	880
645	924
645	957
645	977
645	999
646	199
646	261
646	463
646	918
646	923
646	996
647	310
647	718
647	728
647	777
647	907
647	989
648	273
648	603
648	892
648	914
648	970
648	984
649	387
649	898
649	931
649	948
649	969
649	993
649	997
650	155
650	377
650	726
650	815
650	851
650	941
650	988
651	588
651	618
651	724
651	871
651	888
651	977
651	990
652	831
652	907
652	934
652	937
652	972
652	985
652	989
653	302
653	471
653	664
653	836
653	872
653	873
653	996
654	499
654	801
654	939
654	962
654	978
654	987
654	1000
655	517
655	519
655	860
655	961
655	964
655	995
655	999
656	560
656	821
656	863
656	940
656	949
656	974
656	977
657	137
657	424
657	780
657	789
657	900
657	957
657	991
658	303
658	831
658	855
658	900
658	930
658	946
658	972
659	34
659	583
659	883
659	926
659	975
659	986
659	987
660	133
660	291
660	292
660	947
660	952
660	987
660	1000
661	145
661	370
661	577
661	758
661	943
661	987
661	1000
662	64
662	763
662	774
662	928
662	973
662	975
662	977
663	251
663	385
663	738
663	797
663	825
663	904
663	989
664	408
664	653
664	775
664	830
664	857
664	918
664	996
665	56
665	134
665	730
665	966
665	971
665	986
665	994
666	564
666	614
666	631
666	905
666	941
666	985
666	988
667	562
667	717
667	722
667	850
667	939
667	986
667	992
668	328
668	710
668	856
668	872
668	941
668	984
668	988
669	104
669	682
669	798
669	841
669	917
669	936
669	995
670	368
670	608
670	901
670	928
670	957
670	979
670	995
671	441
671	590
671	809
671	851
671	981
671	985
671	992
672	406
672	608
672	865
672	943
672	952
672	964
672	1000
673	186
673	405
673	489
673	943
673	952
673	977
673	1000
674	358
674	817
674	839
674	851
674	899
674	963
674	993
675	714
675	870
675	948
675	949
675	974
675	976
675	983
676	304
676	465
676	683
676	954
676	981
676	982
676	989
677	798
677	869
677	963
677	969
677	993
677	997
677	998
678	719
678	751
678	810
678	900
678	971
678	981
678	994
679	349
679	535
679	882
679	961
679	968
679	991
679	995
680	107
680	558
680	612
680	776
680	959
680	973
680	999
681	262
681	353
681	859
681	950
681	966
681	976
681	983
682	369
682	502
682	669
682	773
682	794
682	914
682	995
683	615
683	676
683	871
683	884
683	933
683	954
683	982
684	694
684	855
684	920
684	934
684	956
684	972
684	999
685	504
685	732
685	780
685	797
685	844
685	961
685	968
686	140
686	704
686	724
686	775
686	824
686	833
686	996
687	387
687	389
687	831
687	917
687	977
687	991
687	999
688	876
688	940
688	963
688	979
688	993
688	997
688	998
689	755
689	825
689	886
689	894
689	924
689	980
689	991
689	995
690	802
690	893
690	929
690	969
690	990
690	993
690	997
690	998
691	850
691	857
691	885
691	943
691	962
691	976
691	978
691	1000
692	259
692	271
692	404
692	578
692	701
692	923
692	973
692	996
693	422
693	481
693	608
693	962
693	975
693	978
693	980
693	985
694	162
694	684
694	720
694	912
694	930
694	953
694	966
694	994
695	43
695	299
695	407
695	575
695	981
695	982
695	985
695	992
696	471
696	704
696	797
696	826
696	836
696	879
696	923
696	996
697	513
697	628
697	858
697	885
697	915
697	934
697	972
697	995
698	279
698	440
698	815
698	874
698	902
698	927
698	984
698	988
699	445
699	512
699	800
699	869
699	894
699	900
699	918
699	994
700	829
700	840
700	921
700	958
700	961
700	977
700	995
700	999
701	295
701	692
701	740
701	743
701	792
701	981
701	982
701	985
702	455
702	853
702	856
702	922
702	944
702	946
702	947
702	965
703	225
703	490
703	744
703	781
703	884
703	964
703	979
703	999
704	38
704	560
704	686
704	696
704	756
704	872
704	896
704	990
705	23
705	384
705	577
705	778
705	808
705	826
705	942
705	987
706	194
706	319
706	399
706	495
706	925
706	930
706	956
706	971
707	823
707	846
707	905
707	943
707	970
707	978
707	986
707	1000
708	109
708	367
708	717
708	866
708	875
708	899
708	922
708	938
709	168
709	241
709	573
709	940
709	974
709	976
709	983
709	998
710	33
710	668
710	905
710	916
710	922
710	941
710	984
710	1000
711	386
711	417
711	810
711	854
711	947
711	960
711	965
711	996
712	7
712	352
712	589
712	607
712	725
712	796
712	836
712	849
713	235
713	336
713	368
713	390
713	632
713	838
713	861
713	935
714	306
714	675
714	745
714	863
714	934
714	949
714	977
714	983
715	554
715	882
715	958
715	959
715	961
715	980
715	993
715	999
716	430
716	523
716	789
716	821
716	859
716	870
716	949
716	983
717	350
717	644
717	667
717	708
717	790
717	962
717	978
717	1000
718	74
718	315
718	629
718	647
718	855
718	908
718	916
718	966
719	351
719	467
719	678
719	761
719	894
719	900
719	987
719	994
720	628
720	694
720	749
720	900
720	934
720	972
720	987
720	990
721	598
721	728
721	900
721	915
721	920
721	927
721	972
721	975
722	103
722	418
722	419
722	667
722	845
722	932
722	943
722	969
723	943
723	957
723	961
723	968
723	977
723	979
723	980
723	995
724	414
724	651
724	686
724	895
724	935
724	954
724	981
724	982
725	563
725	587
725	712
725	849
725	872
725	923
725	957
725	996
726	486
726	650
726	825
726	874
726	938
726	955
726	960
726	988
727	613
727	777
727	804
727	890
727	903
727	937
727	989
727	994
728	574
728	647
728	721
728	796
728	858
728	966
728	989
728	996
729	422
729	498
729	778
729	889
729	942
729	975
729	991
729	1000
730	38
730	58
730	248
730	542
730	665
730	738
730	864
730	966
730	979
731	496
731	503
731	855
731	894
731	908
731	915
731	951
731	972
731	994
732	554
732	685
732	819
732	845
732	913
732	959
732	968
732	979
732	991
733	538
733	564
733	745
733	788
733	863
733	907
733	974
733	976
733	983
734	239
734	247
734	279
734	290
734	910
734	970
734	975
734	986
734	1000
735	107
735	555
735	815
735	817
735	839
735	895
735	930
735	984
735	988
736	126
736	502
736	851
736	853
736	865
736	868
736	882
736	946
736	965
737	265
737	289
737	885
737	942
737	952
737	970
737	986
737	993
737	1000
738	57
738	542
738	663
738	730
738	937
738	956
738	989
738	990
738	994
739	327
739	330
739	331
739	383
739	843
739	858
739	956
739	971
739	989
740	88
740	701
740	791
740	811
740	842
740	954
740	982
740	990
740	992
741	373
741	496
741	759
741	892
741	902
741	914
741	951
741	955
741	973
742	835
742	857
742	865
742	901
742	906
742	932
742	939
742	998
742	1000
743	31
743	108
743	594
743	701
743	842
743	873
743	933
743	937
743	990
744	703
744	748
744	803
744	822
744	860
744	898
744	968
744	980
744	991
745	546
745	714
745	733
745	859
745	913
745	940
745	974
745	983
745	999
746	296
746	375
746	506
746	545
746	782
746	794
746	891
746	995
746	999
747	209
747	383
747	815
747	853
747	938
747	951
747	960
747	988
747	999
748	589
748	744
748	756
748	791
748	793
748	837
748	879
748	918
748	996
749	102
749	399
749	617
749	720
749	903
749	904
749	937
749	961
749	994
750	102
750	636
750	769
750	782
750	789
750	822
750	913
750	945
750	995
751	493
751	678
751	770
751	934
751	935
751	956
751	972
751	979
751	994
752	753
752	755
752	845
752	899
752	945
752	958
752	968
752	977
752	979
753	141
753	436
753	752
753	815
753	819
753	874
753	927
753	947
753	960
754	388
754	409
754	621
754	915
754	938
754	951
754	961
754	965
754	988
755	335
755	559
755	689
755	752
755	879
755	924
755	991
755	995
755	998
756	283
756	578
756	704
756	748
756	833
756	849
756	962
756	965
756	996
757	359
757	851
757	877
757	948
757	963
757	969
757	982
757	993
757	997
758	340
758	483
758	661
758	788
758	813
758	870
758	976
758	983
758	991
759	163
759	741
759	814
759	909
759	929
759	948
759	993
759	997
759	998
760	189
760	611
760	844
760	944
760	964
760	967
760	968
760	991
760	999
761	179
761	336
761	497
761	632
761	719
761	787
761	977
761	979
761	999
762	638
762	903
762	908
762	915
762	950
762	952
762	966
762	989
762	994
763	349
763	662
763	771
763	789
763	947
763	958
763	977
763	990
763	991
764	42
764	421
764	779
764	843
764	953
764	981
764	985
764	990
764	992
765	159
765	171
765	249
765	863
765	895
765	935
765	950
765	990
765	992
766	302
766	808
766	827
766	886
766	919
766	954
766	981
766	982
766	990
766	992
767	119
767	214
767	486
767	891
767	899
767	922
767	927
767	936
767	984
767	988
768	561
768	812
768	834
768	890
768	893
768	897
768	948
768	993
768	998
768	1000
769	395
769	558
769	750
769	792
769	814
769	880
769	928
769	951
769	979
769	999
770	119
770	437
770	751
770	855
770	912
770	920
770	959
770	971
770	985
770	989
771	390
771	449
771	763
771	880
771	882
771	945
771	958
771	964
771	965
771	995
772	596
772	624
772	802
772	886
772	912
772	920
772	967
772	973
772	979
772	999
773	339
773	505
773	682
773	779
773	851
773	905
773	917
773	946
773	965
773	988
774	662
774	782
774	784
774	844
774	885
774	913
774	958
774	973
774	995
774	999
775	271
775	287
775	587
775	664
775	686
775	857
775	879
775	886
775	896
775	996
776	55
776	217
776	475
776	680
776	795
776	821
776	859
776	863
776	940
776	974
777	287
777	319
777	365
777	647
777	727
777	904
777	915
777	966
777	968
777	994
778	5
778	185
778	584
778	622
778	705
778	729
778	846
778	896
778	986
778	1000
779	199
779	255
779	595
779	764
779	773
779	806
779	954
779	982
779	985
779	992
780	180
780	657
780	685
780	818
780	844
780	945
780	960
780	980
780	991
780	999
781	391
781	602
781	616
781	625
781	703
781	944
781	957
781	979
781	991
781	995
782	566
782	746
782	750
782	774
782	882
782	884
782	917
782	980
782	982
782	999
783	313
783	421
783	876
783	877
783	897
783	963
783	969
783	993
783	997
783	998
784	603
784	774
784	801
784	819
784	887
784	916
784	936
784	955
784	965
784	991
785	869
785	876
785	885
785	948
785	963
785	969
785	992
785	993
785	997
785	998
786	151
786	441
786	490
786	540
786	578
786	836
786	837
786	849
786	896
786	929
787	559
787	761
787	910
787	928
787	944
787	945
787	948
787	958
787	961
787	995
788	91
788	241
788	550
788	733
788	758
788	795
788	941
788	949
788	976
788	983
789	212
789	380
789	394
789	657
789	716
789	750
789	763
789	964
789	973
789	995
790	449
790	529
790	582
790	639
790	717
790	880
790	895
790	906
790	953
790	978
790	986
791	344
791	346
791	382
791	510
791	560
791	611
791	740
791	748
791	830
791	836
791	996
792	258
792	701
792	769
792	802
792	849
792	911
792	928
792	959
792	967
792	977
792	999
793	336
793	377
793	393
793	607
793	748
793	822
793	829
793	874
793	959
793	961
793	967
794	530
794	682
794	746
794	819
794	823
794	838
794	845
794	958
794	964
794	991
794	995
795	143
795	571
795	776
795	788
795	848
795	870
795	940
795	949
795	974
795	976
795	983
796	584
796	613
796	712
796	728
796	816
796	830
796	858
796	908
796	966
796	989
796	994
797	663
797	685
797	696
797	900
797	915
797	920
797	930
797	956
797	966
797	989
797	994
798	4
798	112
798	195
798	410
798	669
798	677
798	841
798	905
798	946
798	958
798	988
799	14
799	34
799	254
799	450
799	517
799	548
799	878
799	952
799	970
799	975
799	986
800	315
800	528
800	558
800	699
800	864
800	908
800	912
800	920
800	989
800	991
800	994
801	120
801	198
801	461
801	654
801	784
801	882
801	899
801	941
801	951
801	965
801	988
802	428
802	690
802	772
802	792
802	921
802	933
802	968
802	973
802	991
802	998
802	999
803	189
803	214
803	744
803	841
803	913
803	957
803	960
803	973
803	980
803	987
803	995
804	125
804	439
804	584
804	727
804	822
804	850
804	904
804	908
804	937
804	989
804	994
805	895
805	909
805	929
805	931
805	948
805	963
805	969
805	991
805	993
805	997
805	998
806	93
806	500
806	779
806	883
806	933
806	935
806	950
806	981
806	985
806	990
806	992
807	293
807	368
807	509
807	924
807	957
807	967
807	968
807	979
807	991
807	995
807	996
808	457
808	637
808	705
808	766
808	842
808	878
808	889
808	919
808	981
808	990
808	992
809	508
809	618
809	671
809	853
809	873
809	878
809	903
809	982
809	985
809	990
809	992
810	351
810	536
810	678
810	711
810	816
810	864
810	907
810	934
810	956
810	970
810	989
811	264
811	636
811	740
811	873
811	878
811	888
811	934
811	972
811	982
811	985
811	992
812	768
812	869
812	877
812	929
812	947
812	963
812	969
812	971
812	993
812	997
812	998
813	120
813	175
813	342
813	485
813	758
813	821
813	881
813	896
813	940
813	949
813	983
814	467
814	544
814	759
814	769
814	897
814	929
814	931
814	948
814	969
814	993
814	997
814	998
815	372
815	650
815	698
815	735
815	747
815	753
815	868
815	871
815	887
815	947
815	988
815	993
816	86
816	194
816	331
816	796
816	810
816	892
816	903
816	908
816	912
816	913
816	971
816	972
817	116
817	184
817	409
817	444
817	589
817	674
817	735
817	818
817	891
817	947
817	951
817	959
818	24
818	44
818	209
818	403
818	488
818	498
818	780
818	817
818	841
818	858
818	941
818	962
819	4
819	505
819	732
819	753
819	784
819	794
819	866
819	868
819	922
819	959
819	984
819	988
820	61
820	76
820	591
820	643
820	842
820	888
820	925
820	933
820	935
820	982
820	985
820	993
821	656
821	716
821	776
821	813
821	881
821	940
821	949
821	974
821	976
821	983
821	988
821	995
822	13
822	744
822	750
822	793
822	804
822	882
822	919
822	973
822	980
822	991
822	995
822	999
823	36
823	387
823	707
823	794
823	829
823	903
823	944
823	967
823	979
823	980
823	995
823	999
824	435
824	450
824	582
824	686
824	883
824	901
824	910
824	917
824	978
824	986
824	991
824	1000
825	318
825	663
825	689
825	726
825	880
825	957
825	958
825	959
825	967
825	979
825	996
825	999
826	124
826	492
826	569
826	696
826	705
826	846
826	962
826	970
826	982
826	986
826	987
826	1000
827	177
827	312
827	533
827	632
827	766
827	837
827	908
827	950
827	981
827	982
827	990
827	992
828	47
828	109
828	446
828	498
828	623
828	841
828	887
828	916
828	955
828	963
828	965
828	984
828	996
829	232
829	518
829	562
829	700
829	793
829	823
829	928
829	958
829	961
829	964
829	973
829	980
829	985
830	7
830	174
830	218
830	283
830	534
830	563
830	664
830	791
830	796
830	833
830	842
830	896
830	996
831	445
831	573
831	652
831	658
831	687
831	864
831	904
831	937
831	956
831	971
831	972
831	989
831	994
832	269
832	299
832	442
832	553
832	845
832	860
832	884
832	928
832	933
832	964
832	977
832	997
832	999
833	66
833	96
833	205
833	322
833	586
833	591
833	686
833	756
833	830
833	840
833	916
833	996
833	997
834	357
834	513
834	768
834	848
834	877
834	909
834	931
834	963
834	969
834	993
834	997
834	998
834	1000
835	327
835	451
835	742
835	880
835	950
835	959
835	964
835	968
835	979
835	980
835	991
835	995
835	999
836	97
836	398
836	487
836	491
836	653
836	696
836	712
836	786
836	791
836	843
836	879
836	918
836	996
837	27
837	83
837	122
837	144
837	490
837	587
837	611
837	748
837	786
837	827
837	879
837	923
837	996
838	570
838	595
838	607
838	713
838	794
838	903
838	924
838	961
838	967
838	977
838	991
838	995
838	999
839	107
839	425
839	461
839	502
839	621
839	674
839	735
839	874
839	938
839	960
839	965
839	980
839	987
840	97
840	213
840	433
840	455
840	471
840	479
840	700
840	833
840	849
840	879
840	896
840	969
840	996
841	52
841	143
841	669
841	798
841	803
841	818
841	828
841	902
841	946
841	947
841	951
841	958
841	984
842	740
842	743
842	808
842	820
842	830
842	856
842	935
842	950
842	952
842	981
842	982
842	985
842	990
842	992
843	70
843	255
843	550
843	627
843	739
843	764
843	836
843	895
843	933
843	954
843	981
843	982
843	985
843	992
844	546
844	549
844	685
844	760
844	774
844	780
844	874
844	914
844	921
844	957
844	973
844	977
844	979
844	991
845	75
845	468
845	722
845	732
845	752
845	794
845	832
845	913
845	917
845	921
845	922
845	958
845	979
845	999
846	216
846	301
846	590
846	639
846	707
846	778
846	826
846	889
846	942
846	962
846	971
846	975
846	987
846	1000
847	356
847	499
847	640
847	869
847	876
847	909
847	929
847	931
847	938
847	948
847	963
847	993
847	997
847	998
848	795
848	834
848	852
848	893
848	897
848	898
848	909
848	948
848	963
848	969
848	990
848	993
848	997
848	998
849	49
849	253
849	344
849	346
849	538
849	560
849	611
849	712
849	725
849	756
849	786
849	792
849	840
849	896
849	941
850	473
850	478
850	667
850	691
850	804
850	881
850	901
850	926
850	943
850	952
850	953
850	962
850	975
850	997
850	1000
851	198
851	650
851	671
851	674
851	736
851	757
851	773
851	869
851	892
851	902
851	916
851	951
851	960
851	984
851	988
852	238
852	239
852	326
852	370
852	848
852	885
852	887
852	889
852	923
852	942
852	975
852	978
852	986
852	987
852	1000
853	398
853	403
853	456
853	476
853	702
853	736
853	747
853	809
853	854
853	899
853	905
853	938
853	947
853	978
853	988
854	197
854	358
854	417
854	465
854	541
854	711
854	853
854	866
854	868
854	889
854	922
854	946
854	948
854	984
854	985
855	164
855	200
855	324
855	658
855	684
855	718
855	731
855	770
855	868
855	904
855	908
855	920
855	936
855	978
855	989
856	104
856	233
856	593
856	615
856	668
856	702
856	842
856	868
856	874
856	892
856	916
856	922
856	936
856	961
856	984
857	82
857	121
857	664
857	691
857	742
857	775
857	865
857	885
857	942
857	943
857	952
857	962
857	964
857	986
857	987
858	32
858	235
858	598
858	697
858	728
858	739
858	796
858	818
858	894
858	908
858	934
858	966
858	967
858	989
858	994
859	149
859	581
859	681
859	716
859	745
859	776
859	863
859	870
859	881
859	940
859	949
859	974
859	981
859	983
859	986
860	269
860	506
860	601
860	616
860	655
860	744
860	832
860	920
860	944
860	949
860	957
860	959
860	978
860	991
860	995
860	999
861	123
861	214
861	543
861	620
861	713
861	913
861	928
861	936
861	959
861	961
861	964
861	968
861	991
861	993
861	995
861	999
862	464
862	874
862	876
862	890
862	897
862	898
862	909
862	929
862	931
862	963
862	969
862	976
862	981
862	993
862	997
862	998
863	192
863	340
863	405
863	531
863	606
863	656
863	714
863	733
863	765
863	776
863	859
863	910
863	940
863	974
863	976
863	983
864	207
864	212
864	360
864	477
864	493
864	524
864	730
864	800
864	810
864	831
864	937
864	966
864	972
864	984
864	989
864	994
865	78
865	370
865	492
865	672
865	736
865	742
865	857
865	878
865	889
865	900
865	932
865	962
865	970
865	978
865	986
865	1000
866	381
866	500
866	518
866	623
866	708
866	819
866	854
866	874
866	938
866	946
866	951
866	965
866	984
866	988
866	994
866	995
867	32
867	164
867	290
867	327
867	365
867	399
867	629
867	904
867	907
867	912
867	965
867	972
867	978
867	989
867	994
867	1000
868	88
868	114
868	330
868	462
868	488
868	736
868	815
868	819
868	854
868	855
868	856
868	905
868	941
868	947
868	965
868	993
869	332
869	677
869	699
869	785
869	812
869	847
869	851
869	876
869	877
869	893
869	931
869	963
869	969
869	993
869	997
869	998
870	39
870	128
870	266
870	307
870	348
870	571
870	675
870	716
870	758
870	795
870	859
870	881
870	888
870	949
870	974
870	976
870	983
871	30
871	242
871	252
871	408
871	627
871	651
871	683
871	815
871	895
871	935
871	954
871	981
871	982
871	985
871	990
871	992
871	995
872	83
872	183
872	201
872	205
872	325
872	510
872	563
872	589
872	614
872	653
872	668
872	704
872	725
872	879
872	940
872	978
872	996
873	304
873	653
873	743
873	809
873	811
873	895
873	919
873	925
873	933
873	950
873	954
873	981
873	985
873	990
873	991
873	992
873	999
874	28
874	456
874	541
874	698
874	726
874	753
874	793
874	839
874	844
874	856
874	862
874	866
874	927
874	946
874	955
874	960
874	965
875	65
875	113
875	159
875	451
875	462
875	488
875	708
875	887
875	891
875	936
875	938
875	965
875	966
875	984
875	988
875	991
875	995
876	620
876	688
876	783
876	785
876	847
876	862
876	869
876	893
876	909
876	911
876	948
876	951
876	969
876	973
876	993
876	997
876	998
877	136
877	288
877	365
877	495
877	757
877	783
877	812
877	834
877	869
877	929
877	931
877	938
877	963
877	969
877	993
877	997
877	998
878	48
878	264
878	637
878	799
878	808
878	809
878	811
878	865
878	895
878	919
878	925
878	933
878	950
878	981
878	985
878	986
878	990
879	156
879	490
879	609
879	696
879	748
879	755
879	775
879	836
879	837
879	840
879	872
879	918
879	923
879	965
879	976
879	989
879	996
880	99
880	129
880	318
880	553
880	554
880	596
880	601
880	645
880	769
880	771
880	790
880	825
880	835
880	921
880	936
880	968
880	973
880	999
881	11
881	257
881	366
881	537
881	571
881	813
881	821
881	850
881	859
881	870
881	940
881	942
881	949
881	955
881	960
881	974
881	976
881	983
882	108
882	335
882	624
882	679
882	715
882	736
882	771
882	782
882	801
882	822
882	929
882	944
882	964
882	968
882	973
882	980
882	995
882	999
883	124
883	161
883	185
883	432
883	499
883	577
883	659
883	806
883	824
883	893
883	901
883	942
883	953
883	968
883	970
883	986
883	987
883	998
884	110
884	289
884	596
884	619
884	683
884	703
884	782
884	832
884	886
884	921
884	930
884	945
884	961
884	968
884	979
884	991
884	995
884	999
885	263
885	382
885	392
885	622
885	691
885	697
885	737
885	774
885	785
885	852
885	857
885	932
885	939
885	943
885	952
885	953
885	970
885	972
886	192
886	309
886	376
886	393
886	558
886	619
886	635
886	689
886	766
886	772
886	775
886	884
886	921
886	928
886	945
886	974
886	979
886	995
887	22
887	209
887	422
887	440
887	583
887	593
887	784
887	815
887	828
887	852
887	875
887	892
887	922
887	936
887	947
887	951
887	988
887	999
888	210
888	550
888	576
888	651
888	811
888	820
888	870
888	895
888	909
888	935
888	943
888	950
888	981
888	982
888	985
888	990
888	992
888	994
889	133
889	381
889	472
889	729
889	808
889	846
889	852
889	854
889	865
889	952
889	953
889	962
889	970
889	975
889	978
889	986
889	987
889	1000
890	359
890	489
890	642
890	727
890	768
890	862
890	897
890	898
890	929
890	931
890	948
890	963
890	969
890	977
890	993
890	994
890	997
890	998
891	152
891	367
891	401
891	465
891	746
891	767
891	817
891	875
891	910
891	913
891	914
891	916
891	946
891	955
891	960
891	978
891	984
891	988
892	141
892	409
892	500
892	623
892	648
892	741
892	816
892	851
892	856
892	887
892	916
892	927
892	936
892	951
892	955
892	960
892	993
892	994
893	395
893	597
893	603
893	690
893	768
893	848
893	869
893	876
893	883
893	897
893	898
893	929
893	931
893	945
893	948
893	969
893	993
893	997
893	998
894	56
894	203
894	407
894	536
894	689
894	699
894	719
894	731
894	858
894	900
894	903
894	904
894	912
894	933
894	944
894	956
894	971
894	989
894	994
895	491
895	508
895	594
895	635
895	724
895	735
895	765
895	790
895	805
895	843
895	871
895	873
895	878
895	888
895	950
895	954
895	982
895	985
895	992
896	96
896	213
896	323
896	537
896	567
896	589
896	609
896	611
896	704
896	775
896	778
896	786
896	813
896	830
896	840
896	849
896	923
896	980
896	996
897	768
897	783
897	814
897	848
897	862
897	890
897	893
897	898
897	909
897	931
897	948
897	963
897	969
897	971
897	972
897	980
897	993
897	997
897	998
898	321
898	617
898	625
898	649
898	744
898	848
898	862
898	890
898	893
898	897
898	931
898	937
898	948
898	963
898	969
898	978
898	993
898	997
898	998
899	1
899	5
899	374
899	643
899	674
899	708
899	752
899	767
899	801
899	853
899	902
899	922
899	927
899	936
899	938
899	955
899	960
899	970
899	984
900	35
900	513
900	542
900	584
900	657
900	658
900	678
900	699
900	719
900	720
900	721
900	797
900	865
900	894
900	920
900	965
900	971
900	976
900	994
901	263
901	405
901	432
901	459
901	577
901	670
901	742
901	824
901	850
901	883
901	910
901	930
901	942
901	953
901	956
901	962
901	970
901	987
901	1000
902	13
902	392
902	401
902	462
902	496
902	698
902	741
902	841
902	851
902	899
902	925
902	936
902	941
902	947
902	951
902	955
902	968
902	988
902	989
903	118
903	445
903	727
903	749
903	762
903	809
903	816
903	823
903	838
903	894
903	908
903	915
903	937
903	956
903	966
903	971
903	989
903	994
903	1000
904	1
904	50
904	244
904	274
904	606
904	663
904	749
904	777
904	804
904	831
904	855
904	867
904	894
904	912
904	934
904	957
904	989
904	994
904	997
905	26
905	95
905	113
905	367
905	375
905	376
905	420
905	476
905	505
905	666
905	707
905	710
905	773
905	798
905	853
905	868
905	946
905	955
905	984
905	997
906	60
906	240
906	313
906	392
906	447
906	557
906	644
906	742
906	790
906	910
906	926
906	942
906	952
906	953
906	964
906	970
906	978
906	986
906	992
906	1000
907	7
907	134
907	207
907	290
907	434
907	437
907	503
907	592
907	647
907	652
907	733
907	810
907	867
907	915
907	920
907	921
907	956
907	979
907	989
907	994
908	172
908	331
908	452
908	454
908	718
908	731
908	762
908	796
908	800
908	804
908	816
908	827
908	855
908	858
908	903
908	952
908	988
908	989
908	994
908	995
909	278
909	326
909	551
909	599
909	759
909	805
909	834
909	847
909	848
909	862
909	876
909	888
909	897
909	929
909	963
909	964
909	969
909	993
909	997
909	998
910	132
910	139
910	415
910	447
910	481
910	640
910	734
910	787
910	824
910	863
910	891
910	901
910	906
910	920
910	943
910	970
910	975
910	986
910	987
910	1000
911	212
911	318
911	322
911	482
911	494
911	582
911	634
911	792
911	876
911	917
911	924
911	961
911	964
911	967
911	973
911	977
911	979
911	991
911	995
911	999
912	482
912	513
912	524
912	694
912	770
912	772
912	800
912	816
912	867
912	894
912	904
912	915
912	920
912	930
912	934
912	944
912	966
912	972
912	989
912	991
912	994
913	17
913	619
913	732
913	745
913	750
913	774
913	803
913	816
913	845
913	861
913	891
913	944
913	945
913	957
913	960
913	967
913	973
913	977
913	979
913	980
913	999
914	51
914	65
914	143
914	197
914	378
914	465
914	559
914	623
914	643
914	648
914	682
914	741
914	844
914	891
914	916
914	929
914	946
914	951
914	955
914	965
914	984
915	472
915	493
915	512
915	633
915	697
915	721
915	731
915	754
915	762
915	777
915	797
915	903
915	907
915	912
915	937
915	947
915	960
915	966
915	967
915	972
915	994
916	33
916	168
916	360
916	431
916	710
916	718
916	784
916	828
916	833
916	851
916	856
916	891
916	892
916	914
916	922
916	932
916	936
916	946
916	951
916	960
916	965
916	984
917	229
917	561
917	572
917	669
917	687
917	773
917	782
917	824
917	845
917	911
917	931
917	944
917	958
917	959
917	964
917	967
917	975
917	977
917	979
917	991
917	995
917	999
918	63
918	80
918	176
918	183
918	268
918	300
918	322
918	325
918	426
918	578
918	591
918	646
918	664
918	699
918	748
918	836
918	879
918	923
918	939
918	961
918	987
918	996
919	24
919	84
919	267
919	295
919	314
919	458
919	526
919	576
919	766
919	808
919	822
919	873
919	878
919	925
919	933
919	935
919	950
919	954
919	982
919	985
919	990
919	992
920	250
920	251
920	274
920	467
920	592
920	684
920	721
920	770
920	772
920	797
920	800
920	855
920	860
920	900
920	907
920	910
920	912
920	956
920	972
920	977
920	989
920	994
921	106
921	147
921	148
921	395
921	411
921	460
921	572
921	700
921	802
921	844
921	845
921	880
921	884
921	886
921	907
921	963
921	964
921	965
921	968
921	973
921	995
921	999
922	193
922	328
922	565
922	593
922	643
922	702
922	708
922	710
922	767
922	819
922	845
922	854
922	856
922	887
922	899
922	916
922	931
922	945
922	946
922	947
922	960
922	982
922	983
923	75
923	144
923	253
923	285
923	302
923	380
923	404
923	406
923	463
923	487
923	613
923	646
923	692
923	696
923	725
923	837
923	852
923	879
923	896
923	918
923	941
923	957
923	991
924	173
924	187
924	284
924	310
924	575
924	612
924	645
924	689
924	755
924	807
924	838
924	911
924	944
924	945
924	961
924	963
924	967
924	979
924	980
924	994
924	995
924	998
924	999
925	252
925	342
925	345
925	379
925	412
925	423
925	539
925	543
925	595
925	599
925	706
925	820
925	873
925	878
925	902
925	919
925	935
925	950
925	981
925	982
925	985
925	990
925	992
926	161
926	311
926	384
926	478
926	569
926	631
926	659
926	850
926	906
926	932
926	939
926	943
926	952
926	953
926	962
926	970
926	974
926	975
926	978
926	986
926	987
926	996
926	1000
927	33
927	68
927	215
927	266
927	328
927	455
927	502
927	639
927	698
927	721
927	753
927	767
927	874
927	892
927	899
927	938
927	946
927	951
927	955
927	964
927	965
927	984
927	988
928	268
928	312
928	418
928	425
928	561
928	662
928	670
928	769
928	787
928	792
928	829
928	832
928	861
928	886
928	935
928	937
928	945
928	958
928	961
928	967
928	980
928	991
928	995
928	999
929	127
929	356
929	690
929	759
929	786
929	805
929	812
929	814
929	847
929	862
929	877
929	882
929	890
929	893
929	909
929	914
929	931
929	948
929	963
929	969
929	986
929	993
929	997
929	998
930	19
930	25
930	135
930	332
930	343
930	580
930	602
930	604
930	629
930	633
930	658
930	694
930	706
930	735
930	797
930	884
930	901
930	912
930	934
930	937
930	956
930	966
930	972
930	989
930	994
931	362
931	605
931	649
931	805
931	814
931	834
931	847
931	862
931	869
931	877
931	890
931	893
931	897
931	898
931	917
931	922
931	929
931	942
931	948
931	963
931	969
931	979
931	993
931	994
931	997
932	223
932	265
932	269
932	355
932	374
932	392
932	416
932	450
932	494
932	577
932	644
932	722
932	742
932	865
932	885
932	916
932	926
932	939
932	942
932	944
932	952
932	956
932	986
932	987
932	988
933	3
933	21
933	218
933	281
933	457
933	547
933	590
933	594
933	615
933	636
933	683
933	743
933	802
933	806
933	820
933	832
933	843
933	873
933	878
933	894
933	919
933	935
933	954
933	981
933	982
933	990
933	992
934	125
934	244
934	320
934	433
934	468
934	524
934	592
934	633
934	638
934	652
934	684
934	697
934	714
934	720
934	751
934	810
934	811
934	858
934	904
934	912
934	930
934	971
934	972
934	988
934	989
934	994
934	999
935	88
935	341
935	441
935	581
935	590
935	595
935	615
935	713
935	724
935	751
935	765
935	806
935	820
935	842
935	871
935	888
935	919
935	925
935	928
935	933
935	950
935	954
935	981
935	982
935	989
935	992
935	999
936	297
936	364
936	388
936	518
936	532
936	555
936	565
936	583
936	669
936	767
936	784
936	855
936	856
936	861
936	875
936	880
936	887
936	892
936	899
936	902
936	916
936	941
936	951
936	955
936	978
936	984
936	999
937	79
937	316
937	383
937	434
937	464
937	514
937	520
937	580
937	619
937	641
937	652
937	727
937	738
937	743
937	749
937	804
937	831
937	864
937	898
937	903
937	915
937	928
937	930
937	956
937	966
937	971
937	989
937	994
938	90
938	195
938	215
938	373
938	427
938	486
938	708
938	726
938	747
938	754
938	839
938	847
938	853
938	866
938	875
938	877
938	899
938	927
938	941
938	942
938	946
938	947
938	948
938	955
938	960
938	980
938	984
938	988
939	58
939	142
939	165
939	166
939	219
939	396
939	418
939	480
939	608
939	654
939	667
939	742
939	885
939	918
939	926
939	932
939	942
939	943
939	952
939	953
939	970
939	975
939	978
939	986
939	987
939	990
939	996
939	1000
940	48
940	129
940	149
940	170
940	179
940	256
940	314
940	475
940	484
940	509
940	606
940	656
940	688
940	709
940	745
940	776
940	795
940	813
940	821
940	859
940	863
940	872
940	881
940	949
940	968
940	974
940	976
940	983
940	999
941	14
941	120
941	152
941	297
941	435
941	500
941	541
941	583
941	626
941	650
941	666
941	668
941	710
941	788
941	801
941	818
941	849
941	868
941	902
941	923
941	936
941	938
941	946
941	951
941	960
941	965
941	984
941	988
941	1000
942	29
942	166
942	261
942	338
942	469
942	478
942	566
942	705
942	729
942	737
942	846
942	852
942	857
942	881
942	883
942	901
942	906
942	931
942	932
942	938
942	939
942	943
942	946
942	952
942	970
942	976
942	978
942	986
942	996
942	1000
943	43
943	100
943	238
943	350
943	355
943	427
943	519
943	633
943	661
943	672
943	673
943	691
943	707
943	722
943	723
943	850
943	857
943	885
943	888
943	910
943	926
943	939
943	942
943	952
943	953
943	962
943	975
943	978
943	986
943	991
943	1000
944	224
944	268
944	376
944	436
944	460
944	477
944	516
944	702
944	760
944	781
944	787
944	823
944	860
944	882
944	894
944	912
944	913
944	917
944	924
944	932
944	945
944	955
944	964
944	967
944	973
944	977
944	979
944	991
944	994
944	995
944	999
945	46
945	52
945	142
945	180
945	231
945	319
945	337
945	468
945	516
945	605
945	634
945	750
945	752
945	771
945	780
945	787
945	884
945	886
945	893
945	913
945	922
945	924
945	928
945	944
945	955
945	967
945	973
945	977
945	979
945	991
945	999
946	141
946	298
946	371
946	417
946	484
946	492
946	658
946	702
946	736
946	773
946	798
946	841
946	854
946	866
946	874
946	891
946	905
946	914
946	916
946	922
946	927
946	938
946	941
946	942
946	947
946	949
946	954
946	984
946	988
946	996
946	998
947	22
947	26
947	52
947	187
947	273
947	431
947	484
947	498
947	532
947	614
947	660
947	702
947	711
947	753
947	763
947	812
947	815
947	817
947	841
947	853
947	868
947	887
947	902
947	915
947	922
947	938
947	946
947	955
947	960
947	973
947	984
947	988
948	215
948	293
948	413
948	474
948	480
948	642
948	649
948	675
948	757
948	759
948	768
948	785
948	787
948	805
948	814
948	847
948	848
948	854
948	876
948	890
948	893
948	897
948	898
948	929
948	931
948	938
948	963
948	969
948	993
948	994
948	997
948	998
949	175
949	366
949	475
949	523
949	546
949	551
949	557
949	571
949	573
949	600
949	606
949	656
949	675
949	714
949	716
949	788
949	795
949	813
949	821
949	859
949	860
949	870
949	881
949	940
949	946
949	956
949	957
949	974
949	976
949	983
949	992
949	998
950	21
950	53
950	150
950	153
950	407
950	426
950	535
950	539
950	547
950	568
950	618
950	627
950	681
950	762
950	765
950	806
950	827
950	835
950	842
950	873
950	878
950	888
950	895
950	919
950	925
950	935
950	954
950	968
950	981
950	985
950	990
950	992
950	997
951	44
951	116
951	228
951	337
951	369
951	388
951	456
951	525
951	593
951	603
951	731
951	741
951	747
951	754
951	769
951	801
951	817
951	841
951	851
951	866
951	876
951	887
951	892
951	902
951	914
951	916
951	927
951	936
951	941
951	960
951	972
951	984
951	986
951	988
952	37
952	69
952	124
952	166
952	223
952	349
952	354
952	381
952	453
952	504
952	545
952	660
952	672
952	673
952	737
952	762
952	799
952	842
952	850
952	857
952	885
952	889
952	906
952	908
952	926
952	932
952	939
952	942
952	943
952	953
952	970
952	978
952	998
952	1000
953	178
953	204
953	234
953	263
953	282
953	289
953	305
953	307
953	316
953	374
953	419
953	492
953	517
953	570
953	582
953	622
953	694
953	764
953	790
953	850
953	883
953	885
953	889
953	901
953	906
953	926
953	939
953	943
953	952
953	970
953	975
953	978
953	997
953	1000
954	30
954	42
954	156
954	267
954	281
954	345
954	396
954	533
954	568
954	577
954	581
954	629
954	636
954	676
954	683
954	724
954	740
954	766
954	779
954	843
954	871
954	873
954	895
954	919
954	933
954	935
954	946
954	950
954	956
954	982
954	985
954	990
954	992
954	998
955	51
955	115
955	168
955	237
955	373
955	403
955	420
955	445
955	518
955	564
955	606
955	621
955	726
955	741
955	784
955	828
955	874
955	881
955	891
955	892
955	899
955	902
955	905
955	914
955	927
955	936
955	938
955	944
955	945
955	947
955	960
955	965
955	973
955	984
955	988
956	50
956	54
956	203
956	208
956	248
956	333
956	472
956	520
956	528
956	602
956	628
956	638
956	684
956	706
956	738
956	739
956	751
956	797
956	810
956	831
956	894
956	901
956	903
956	907
956	920
956	930
956	932
956	937
956	949
956	954
956	968
956	971
956	981
956	989
956	994
956	995
957	49
957	173
957	192
957	243
957	343
957	347
957	459
957	497
957	504
957	514
957	530
957	619
957	642
957	645
957	657
957	670
957	723
957	725
957	781
957	803
957	807
957	825
957	844
957	860
957	904
957	913
957	923
957	949
957	958
957	959
957	961
957	968
957	980
957	981
957	991
957	999
958	79
958	117
958	230
958	274
958	299
958	369
958	377
958	387
958	424
958	428
958	443
958	482
958	562
958	572
958	700
958	715
958	752
958	763
958	771
958	774
958	787
958	794
958	798
958	825
958	829
958	841
958	845
958	917
958	928
958	957
958	961
958	973
958	990
958	991
958	994
958	995
958	999
959	155
959	173
959	258
959	260
959	276
959	305
959	318
959	391
959	395
959	453
959	509
959	526
959	556
959	680
959	715
959	732
959	770
959	792
959	793
959	817
959	819
959	825
959	835
959	860
959	861
959	917
959	957
959	967
959	968
959	973
959	977
959	980
959	991
959	993
959	995
959	997
959	999
960	45
960	112
960	159
960	184
960	198
960	270
960	354
960	420
960	440
960	455
960	465
960	500
960	583
960	643
960	711
960	726
960	747
960	753
960	780
960	803
960	839
960	851
960	874
960	881
960	891
960	892
960	899
960	913
960	915
960	916
960	922
960	938
960	941
960	947
960	951
960	955
960	965
960	984
961	15
961	67
961	85
961	147
961	306
961	460
961	477
961	545
961	587
961	601
961	655
961	679
961	685
961	700
961	715
961	723
961	749
961	754
961	787
961	793
961	829
961	838
961	856
961	861
961	884
961	911
961	918
961	924
961	928
961	957
961	958
961	968
961	977
961	979
961	991
961	993
961	995
961	999
962	39
962	59
962	71
962	106
962	131
962	139
962	234
962	247
962	350
962	410
962	432
962	497
962	522
962	621
962	630
962	644
962	654
962	691
962	693
962	717
962	756
962	818
962	826
962	846
962	850
962	857
962	865
962	889
962	901
962	926
962	943
962	972
962	978
962	979
962	981
962	986
962	987
962	1000
963	260
963	277
963	362
963	480
963	495
963	521
963	597
963	617
963	674
963	677
963	688
963	757
963	783
963	785
963	805
963	812
963	828
963	834
963	847
963	848
963	862
963	869
963	877
963	890
963	897
963	898
963	909
963	921
963	924
963	929
963	931
963	948
963	969
963	980
963	993
963	994
963	997
963	998
963	1000
964	105
964	110
964	147
964	309
964	357
964	363
964	468
964	511
964	561
964	620
964	655
964	672
964	703
964	760
964	771
964	789
964	794
964	829
964	832
964	835
964	857
964	861
964	882
964	906
964	909
964	911
964	917
964	921
964	927
964	944
964	967
964	970
964	973
964	978
964	979
964	980
964	991
964	995
964	997
965	13
965	44
965	77
965	127
965	233
965	369
965	409
965	417
965	476
965	518
965	621
965	702
965	711
965	736
965	754
965	756
965	771
965	773
965	784
965	801
965	828
965	839
965	866
965	867
965	868
965	874
965	875
965	879
965	900
965	914
965	916
965	921
965	927
965	941
965	955
965	960
965	984
965	988
965	1000
966	19
966	57
966	135
966	303
966	316
966	333
966	389
966	434
966	439
966	511
966	520
966	534
966	548
966	585
966	665
966	681
966	694
966	718
966	728
966	730
966	762
966	777
966	796
966	797
966	858
966	864
966	875
966	903
966	912
966	915
966	930
966	937
966	971
966	972
966	986
966	989
966	994
966	995
966	996
967	82
967	85
967	157
967	231
967	259
967	377
967	394
967	436
967	482
967	502
967	505
967	511
967	545
967	612
967	620
967	637
967	760
967	772
967	792
967	793
967	807
967	823
967	825
967	838
967	858
967	911
967	913
967	915
967	917
967	924
967	928
967	944
967	945
967	959
967	964
967	977
967	982
967	991
967	995
967	999
968	23
968	208
968	229
968	336
968	379
968	459
968	477
968	501
968	616
968	624
968	679
968	685
968	723
968	732
968	744
968	752
968	760
968	777
968	802
968	807
968	835
968	861
968	880
968	882
968	883
968	884
968	902
968	921
968	940
968	950
968	956
968	957
968	959
968	961
968	972
968	979
968	980
968	991
968	995
968	999
969	41
969	324
969	393
969	402
969	414
969	466
969	552
969	605
969	625
969	649
969	677
969	690
969	722
969	757
969	783
969	785
969	805
969	812
969	814
969	834
969	840
969	848
969	862
969	869
969	876
969	877
969	890
969	893
969	897
969	898
969	909
969	929
969	931
969	948
969	963
969	979
969	983
969	984
969	993
969	995
969	997
969	998
970	25
970	121
970	146
970	178
970	185
970	221
970	230
970	247
970	257
970	291
970	352
970	489
970	494
970	507
970	515
970	582
970	610
970	640
970	648
970	707
970	734
970	737
970	799
970	810
970	826
970	865
970	883
970	885
970	889
970	899
970	901
970	906
970	910
970	926
970	939
970	942
970	952
970	953
970	964
970	971
970	975
970	986
970	987
970	1000
971	32
971	102
971	315
971	319
971	327
971	351
971	365
971	383
971	389
971	464
971	469
971	474
971	528
971	536
971	542
971	574
971	576
971	585
971	592
971	598
971	613
971	665
971	678
971	706
971	739
971	770
971	812
971	816
971	831
971	846
971	894
971	897
971	900
971	903
971	934
971	937
971	956
971	966
971	970
971	972
971	987
971	989
971	994
971	995
972	9
972	19
972	118
972	162
972	182
972	203
972	251
972	316
972	324
972	388
972	437
972	512
972	521
972	574
972	592
972	628
972	652
972	658
972	684
972	697
972	720
972	721
972	731
972	751
972	811
972	816
972	831
972	864
972	867
972	885
972	897
972	912
972	915
972	920
972	930
972	934
972	951
972	962
972	966
972	968
972	971
972	984
972	989
972	994
973	18
973	20
973	482
973	509
973	516
973	549
973	562
973	570
973	578
973	596
973	635
973	662
973	680
973	692
973	741
973	772
973	774
973	789
973	802
973	803
973	822
973	829
973	844
973	876
973	880
973	882
973	911
973	913
973	921
973	944
973	945
973	947
973	955
973	958
973	959
973	964
973	975
973	977
973	979
973	980
973	988
973	991
973	995
973	997
973	999
974	11
974	89
974	170
974	188
974	221
974	240
974	262
974	296
974	306
974	307
974	329
974	342
974	361
974	415
974	444
974	483
974	485
974	488
974	523
974	538
974	546
974	557
974	571
974	591
974	600
974	656
974	675
974	709
974	733
974	745
974	776
974	795
974	821
974	859
974	863
974	870
974	881
974	886
974	926
974	940
974	949
974	976
974	979
974	983
974	987
975	45
975	78
975	111
975	139
975	254
975	282
975	326
975	354
975	378
975	415
975	422
975	453
975	499
975	522
975	523
975	547
975	579
975	608
975	622
975	630
975	640
975	659
975	662
975	693
975	721
975	729
975	734
975	799
975	846
975	850
975	852
975	889
975	910
975	917
975	926
975	939
975	943
975	953
975	970
975	973
975	978
975	986
975	987
975	991
975	997
975	1000
976	48
976	55
976	89
976	91
976	116
976	129
976	175
976	188
976	240
976	314
976	329
976	340
976	348
976	353
976	444
976	478
976	483
976	485
976	523
976	531
976	537
976	538
976	573
976	600
976	675
976	681
976	691
976	709
976	733
976	758
976	788
976	795
976	821
976	862
976	863
976	870
976	879
976	881
976	900
976	940
976	942
976	949
976	974
976	983
976	997
976	1000
977	123
977	157
977	169
977	272
977	294
977	350
977	393
977	451
977	497
977	519
977	553
977	572
977	620
977	645
977	651
977	656
977	662
977	673
977	687
977	700
977	714
977	723
977	752
977	761
977	763
977	792
977	832
977	838
977	844
977	890
977	911
977	913
977	917
977	920
977	944
977	945
977	959
977	961
977	967
977	973
977	979
977	980
977	989
977	991
977	995
977	999
978	60
978	100
978	121
978	131
978	178
978	245
978	270
978	280
978	292
978	313
978	338
978	382
978	473
978	478
978	487
978	489
978	492
978	515
978	566
978	654
978	691
978	693
978	707
978	717
978	790
978	824
978	852
978	853
978	855
978	860
978	865
978	867
978	872
978	889
978	891
978	898
978	906
978	926
978	936
978	939
978	942
978	943
978	952
978	953
978	962
978	964
978	975
978	987
978	1000
979	6
979	40
979	363
979	379
979	397
979	501
979	504
979	514
979	526
979	573
979	604
979	670
979	688
979	703
979	723
979	730
979	732
979	751
979	752
979	761
979	769
979	772
979	781
979	807
979	823
979	825
979	835
979	844
979	845
979	884
979	886
979	907
979	911
979	913
979	917
979	924
979	931
979	944
979	945
979	961
979	962
979	964
979	968
979	969
979	973
979	974
979	977
979	985
979	991
979	995
980	20
980	110
980	148
980	153
980	231
980	310
980	347
980	349
980	399
980	428
980	438
980	461
980	466
980	470
980	497
980	509
980	604
980	616
980	632
980	635
980	641
980	689
980	693
980	715
980	723
980	744
980	780
980	782
980	803
980	822
980	823
980	829
980	835
980	839
980	882
980	896
980	897
980	913
980	924
980	928
980	938
980	957
980	959
980	963
980	964
980	968
980	973
980	977
980	991
980	995
980	999
981	71
981	93
981	99
981	122
981	150
981	172
981	177
981	252
981	264
981	341
981	403
981	528
981	576
981	580
981	581
981	588
981	590
981	599
981	627
981	636
981	671
981	676
981	678
981	695
981	701
981	724
981	764
981	766
981	806
981	808
981	827
981	842
981	843
981	859
981	862
981	871
981	873
981	878
981	888
981	925
981	933
981	935
981	950
981	956
981	957
981	962
981	982
981	985
981	986
981	990
981	991
981	992
982	16
982	21
982	36
982	71
982	130
982	158
982	181
982	210
982	311
982	341
982	446
982	458
982	535
982	550
982	552
982	575
982	586
982	626
982	627
982	637
982	676
982	683
982	695
982	701
982	724
982	740
982	757
982	766
982	779
982	782
982	809
982	811
982	820
982	826
982	827
982	842
982	843
982	871
982	888
982	895
982	919
982	922
982	925
982	933
982	935
982	954
982	967
982	981
982	985
982	988
982	990
982	992
982	993
982	997
983	11
983	91
983	170
983	179
983	188
983	204
983	227
983	257
983	266
983	306
983	307
983	314
983	329
983	348
983	353
983	361
983	366
983	385
983	390
983	444
983	475
983	483
983	485
983	524
983	531
983	546
983	557
983	573
983	596
983	600
983	606
983	675
983	681
983	709
983	714
983	716
983	733
983	745
983	758
983	788
983	795
983	813
983	821
983	859
983	863
983	870
983	881
983	922
983	940
983	949
983	969
983	974
983	976
983	990
983	995
983	997
984	1
984	57
984	63
984	68
984	126
984	330
984	386
984	427
984	431
984	461
984	462
984	476
984	496
984	506
984	520
984	525
984	544
984	555
984	564
984	631
984	648
984	668
984	698
984	710
984	735
984	767
984	819
984	828
984	841
984	851
984	854
984	856
984	864
984	866
984	875
984	891
984	899
984	905
984	914
984	916
984	927
984	936
984	938
984	941
984	946
984	947
984	951
984	955
984	960
984	965
984	969
984	972
984	987
984	988
984	990
984	1000
985	90
985	122
985	130
985	158
985	169
985	177
985	249
985	295
985	345
985	346
985	423
985	530
985	533
985	535
985	543
985	552
985	568
985	575
985	581
985	588
985	595
985	615
985	626
985	637
985	652
985	666
985	671
985	693
985	695
985	701
985	764
985	770
985	779
985	806
985	809
985	811
985	820
985	829
985	842
985	843
985	854
985	871
985	873
985	878
985	888
985	895
985	919
985	925
985	950
985	954
985	979
985	981
985	982
985	990
985	992
985	994
985	999
985	1000
986	5
986	43
986	69
986	133
986	158
986	163
986	245
986	305
986	326
986	361
986	400
986	405
986	419
986	435
986	473
986	507
986	522
986	529
986	532
986	548
986	566
986	579
986	634
986	640
986	659
986	665
986	667
986	707
986	734
986	737
986	778
986	790
986	799
986	824
986	826
986	852
986	857
986	859
986	865
986	878
986	883
986	889
986	906
986	910
986	926
986	929
986	932
986	939
986	942
986	943
986	951
986	962
986	966
986	970
986	975
986	981
986	987
986	990
986	1000
987	29
987	45
987	146
987	157
987	165
987	186
987	216
987	219
987	221
987	228
987	261
987	270
987	305
987	313
987	347
987	381
987	410
987	447
987	449
987	473
987	489
987	515
987	517
987	522
987	529
987	539
987	579
987	582
987	594
987	622
987	630
987	654
987	659
987	660
987	661
987	705
987	719
987	720
987	803
987	826
987	839
987	846
987	852
987	857
987	883
987	889
987	901
987	910
987	918
987	926
987	932
987	939
987	962
987	970
987	971
987	974
987	975
987	978
987	984
987	986
987	1000
988	4
988	47
988	109
988	184
988	243
988	297
988	298
988	300
988	364
988	367
988	371
988	375
988	425
988	484
988	493
988	496
988	505
988	532
988	564
988	579
988	593
988	614
988	621
988	650
988	666
988	668
988	698
988	726
988	735
988	747
988	754
988	767
988	773
988	798
988	801
988	815
988	819
988	821
988	851
988	853
988	866
988	875
988	887
988	891
988	902
988	908
988	927
988	932
988	934
988	938
988	941
988	946
988	947
988	951
988	955
988	965
988	973
988	982
988	984
988	989
988	998
989	56
989	125
989	140
989	200
989	206
989	220
989	222
989	301
989	309
989	333
989	360
989	424
989	452
989	454
989	464
989	472
989	503
989	512
989	513
989	528
989	574
989	580
989	584
989	585
989	628
989	641
989	647
989	652
989	663
989	676
989	727
989	728
989	738
989	739
989	762
989	770
989	796
989	797
989	800
989	804
989	810
989	831
989	855
989	858
989	864
989	867
989	879
989	894
989	902
989	903
989	904
989	907
989	908
989	912
989	920
989	930
989	934
989	935
989	937
989	956
989	966
989	971
989	972
989	977
989	988
989	990
989	992
990	2
990	84
990	87
990	90
990	93
990	108
990	130
990	169
990	171
990	181
990	255
990	267
990	304
990	311
990	312
990	334
990	353
990	407
990	412
990	423
990	443
990	446
990	457
990	491
990	508
990	535
990	539
990	543
990	552
990	568
990	575
990	588
990	595
990	599
990	651
990	690
990	704
990	720
990	738
990	740
990	743
990	763
990	764
990	765
990	766
990	806
990	808
990	809
990	827
990	842
990	848
990	871
990	873
990	878
990	888
990	919
990	925
990	933
990	939
990	950
990	954
990	958
990	981
990	982
990	983
990	984
990	985
990	986
990	989
990	992
990	997
991	23
991	28
991	187
991	272
991	284
991	294
991	309
991	397
991	440
991	448
991	527
991	530
991	554
991	556
991	558
991	601
991	607
991	612
991	623
991	624
991	635
991	657
991	679
991	687
991	689
991	729
991	732
991	744
991	755
991	758
991	760
991	763
991	780
991	781
991	784
991	794
991	800
991	802
991	805
991	807
991	822
991	824
991	835
991	838
991	844
991	860
991	861
991	873
991	875
991	884
991	911
991	912
991	917
991	923
991	928
991	943
991	944
991	945
991	957
991	958
991	959
991	961
991	964
991	967
991	968
991	973
991	975
991	977
991	979
991	980
991	981
991	995
992	2
992	36
992	41
992	76
992	84
992	87
992	99
992	153
992	171
992	172
992	197
992	249
992	281
992	295
992	312
992	331
992	334
992	355
992	371
992	443
992	458
992	491
992	508
992	533
992	539
992	543
992	547
992	550
992	552
992	576
992	579
992	581
992	588
992	590
992	594
992	599
992	615
992	618
992	626
992	636
992	637
992	667
992	671
992	695
992	740
992	764
992	765
992	766
992	779
992	785
992	806
992	808
992	809
992	811
992	827
992	842
992	843
992	871
992	873
992	888
992	895
992	906
992	919
992	925
992	933
992	935
992	949
992	950
992	954
992	981
992	982
992	985
992	989
992	990
992	995
992	997
992	998
992	999
993	3
993	10
993	12
993	17
993	46
993	72
993	81
993	101
993	115
993	127
993	154
993	160
993	167
993	191
993	202
993	225
993	236
993	246
993	308
993	321
993	364
993	402
993	413
993	429
993	466
993	474
993	476
993	503
993	521
993	544
993	551
993	597
993	605
993	617
993	625
993	642
993	649
993	674
993	677
993	688
993	690
993	715
993	737
993	757
993	759
993	768
993	783
993	785
993	805
993	812
993	814
993	815
993	820
993	834
993	847
993	848
993	861
993	862
993	868
993	869
993	876
993	877
993	890
993	892
993	893
993	897
993	898
993	909
993	929
993	931
993	948
993	959
993	961
993	963
993	969
993	982
993	997
993	998
994	8
994	25
994	35
994	50
994	54
994	64
994	73
994	76
994	86
994	118
994	119
994	200
994	248
994	301
994	315
994	324
994	368
994	385
994	389
994	430
994	439
994	493
994	524
994	527
994	536
994	574
994	580
994	585
994	598
994	602
994	629
994	638
994	641
994	665
994	678
994	694
994	699
994	719
994	727
994	731
994	738
994	749
994	751
994	762
994	777
994	796
994	797
994	800
994	804
994	831
994	858
994	864
994	866
994	867
994	888
994	890
994	892
994	894
994	900
994	903
994	904
994	907
994	908
994	912
994	915
994	920
994	924
994	930
994	931
994	934
994	937
994	944
994	948
994	956
994	958
994	963
994	966
994	971
994	972
994	985
994	998
995	15
995	46
995	64
995	105
995	190
995	232
995	275
995	337
995	347
995	357
995	376
995	379
995	411
995	448
995	460
995	468
995	549
995	559
995	562
995	570
995	604
995	607
995	610
995	616
995	620
995	624
995	655
995	669
995	670
995	679
995	682
995	689
995	697
995	700
995	723
995	746
995	750
995	755
995	771
995	774
995	781
995	787
995	789
995	794
995	803
995	807
995	821
995	822
995	823
995	835
995	838
995	860
995	861
995	866
995	871
995	875
995	882
995	884
995	886
995	908
995	911
995	917
995	921
995	924
995	928
995	944
995	956
995	958
995	959
995	961
995	964
995	966
995	967
995	968
995	969
995	971
995	973
995	977
995	979
995	980
995	983
995	991
995	992
995	998
995	999
996	31
996	49
996	63
996	66
996	70
996	75
996	80
996	92
996	97
996	140
996	144
996	174
996	176
996	183
996	196
996	199
996	205
996	211
996	226
996	259
996	271
996	275
996	285
996	287
996	288
996	300
996	302
996	317
996	322
996	323
996	325
996	344
996	346
996	352
996	380
996	398
996	404
996	406
996	416
996	463
996	471
996	479
996	487
996	490
996	510
996	540
996	563
996	567
996	578
996	585
996	586
996	587
996	591
996	611
996	616
996	626
996	638
996	646
996	653
996	664
996	686
996	692
996	696
996	711
996	725
996	728
996	748
996	756
996	775
996	791
996	807
996	825
996	828
996	830
996	833
996	836
996	837
996	840
996	872
996	879
996	896
996	918
996	926
996	939
996	942
996	946
996	966
996	1000
997	10
997	12
997	72
997	81
997	101
997	123
997	128
997	136
997	138
997	145
997	160
997	167
997	191
997	202
997	217
997	227
997	236
997	246
997	277
997	278
997	286
997	293
997	308
997	321
997	356
997	359
997	402
997	413
997	414
997	421
997	429
997	466
997	474
997	480
997	495
997	521
997	544
997	551
997	568
997	597
997	605
997	625
997	642
997	649
997	677
997	688
997	690
997	757
997	759
997	783
997	785
997	805
997	812
997	814
997	832
997	833
997	834
997	847
997	848
997	850
997	862
997	869
997	876
997	877
997	890
997	893
997	897
997	898
997	904
997	905
997	909
997	929
997	931
997	948
997	950
997	953
997	959
997	963
997	964
997	969
997	973
997	975
997	976
997	982
997	983
997	990
997	992
997	993
997	998
998	3
998	10
998	17
998	41
998	72
998	81
998	94
998	101
998	115
998	128
998	136
998	138
998	145
998	154
998	160
998	191
998	202
998	217
998	225
998	226
998	227
998	236
998	246
998	277
998	278
998	286
998	293
998	308
998	321
998	359
998	362
998	366
998	402
998	413
998	414
998	421
998	429
998	466
998	471
998	474
998	480
998	495
998	521
998	544
998	551
998	597
998	605
998	607
998	617
998	625
998	642
998	677
998	688
998	690
998	709
998	742
998	755
998	759
998	768
998	783
998	785
998	802
998	805
998	812
998	814
998	834
998	847
998	848
998	862
998	869
998	876
998	877
998	883
998	890
998	893
998	897
998	898
998	909
998	924
998	929
998	946
998	948
998	949
998	952
998	954
998	963
998	969
998	988
998	992
998	993
998	994
998	995
998	997
999	6
999	15
999	28
999	35
999	62
999	117
999	142
999	150
999	180
999	242
999	294
999	299
999	310
999	335
999	394
999	397
999	424
999	448
999	459
999	463
999	470
999	473
999	501
999	516
999	527
999	542
999	549
999	553
999	570
999	572
999	574
999	596
999	601
999	604
999	632
999	634
999	645
999	655
999	680
999	684
999	687
999	700
999	703
999	715
999	745
999	746
999	747
999	760
999	761
999	769
999	772
999	774
999	780
999	782
999	792
999	802
999	822
999	823
999	825
999	832
999	835
999	838
999	845
999	860
999	861
999	873
999	880
999	882
999	884
999	887
999	911
999	913
999	917
999	921
999	924
999	928
999	934
999	935
999	936
999	940
999	944
999	945
999	957
999	958
999	959
999	961
999	967
999	968
999	973
999	977
999	980
999	985
999	992
999	995
999	1000
1000	29
1000	34
1000	37
1000	58
1000	65
1000	73
1000	82
1000	87
1000	89
1000	103
1000	106
1000	126
1000	131
1000	132
1000	165
1000	204
1000	216
1000	230
1000	239
1000	241
1000	254
1000	280
1000	289
1000	291
1000	292
1000	317
1000	354
1000	355
1000	374
1000	382
1000	384
1000	396
1000	400
1000	410
1000	415
1000	418
1000	435
1000	449
1000	469
1000	481
1000	483
1000	494
1000	499
1000	507
1000	517
1000	529
1000	548
1000	569
1000	630
1000	640
1000	644
1000	654
1000	660
1000	661
1000	672
1000	673
1000	691
1000	707
1000	710
1000	717
1000	729
1000	734
1000	737
1000	742
1000	768
1000	778
1000	824
1000	826
1000	834
1000	846
1000	850
1000	852
1000	865
1000	867
1000	889
1000	901
1000	903
1000	906
1000	910
1000	926
1000	939
1000	941
1000	942
1000	943
1000	952
1000	953
1000	962
1000	963
1000	965
1000	970
1000	975
1000	976
1000	978
1000	984
1000	985
1000	986
1000	987
1000	996
1000	999
