1	766
1	936
1	945
2	929
2	966
2	977
3	969
3	994
3	999
4	843
4	857
4	997
5	897
5	944
5	981
6	765
6	952
6	989
7	416
7	973
7	997
8	158
8	843
8	902
9	582
9	815
9	998
10	909
10	964
10	999
11	753
11	966
11	985
12	927
12	984
12	985
13	80
13	712
13	974
14	243
14	796
14	919
15	594
15	950
15	998
16	917
16	988
16	991
17	957
17	977
17	985
18	264
18	545
18	591
19	463
19	787
19	985
20	900
20	959
20	987
21	892
21	965
21	981
22	977
22	984
22	985
23	737
23	878
23	986
24	731
24	845
24	881
25	515
25	970
25	990
26	839
26	980
26	998
27	910
27	970
27	972
28	884
28	988
28	991
29	632
29	684
29	1000
30	930
30	933
30	1000
31	942
31	970
31	982
32	62
32	996
32	997
33	940
33	969
33	999
34	125
34	946
34	991
35	708
35	732
35	945
36	883
36	932
36	945
37	969
37	990
37	999
38	88
38	983
38	985
39	921
39	955
39	999
40	939
40	967
40	988
41	712
41	950
41	974
42	575
42	915
42	997
43	798
43	959
43	967
44	963
44	996
44	997
45	823
45	904
45	991
46	876
46	929
46	966
47	960
47	986
47	993
48	902
48	979
48	998
49	701
49	934
49	968
50	665
50	678
50	935
51	327
51	570
51	842
52	845
52	971
52	979
53	484
53	535
53	918
54	317
54	894
54	992
55	400
55	900
55	959
56	772
56	974
56	976
57	612
57	627
57	954
58	63
58	938
58	996
59	175
59	932
59	945
60	931
60	979
60	981
61	99
61	783
61	962
62	32
62	887
62	899
63	58
63	862
63	978
64	195
64	845
64	906
65	990
65	994
65	999
66	140
66	967
66	987
67	937
67	995
67	1000
68	938
68	947
68	996
69	658
69	748
69	929
70	694
70	799
70	974
71	590
71	605
71	975
72	423
72	817
72	925
73	802
73	860
73	968
74	972
74	973
74	982
75	889
75	996
75	997
76	124
76	668
76	795
77	868
77	934
77	970
78	677
78	996
78	997
79	809
79	865
79	958
80	13
80	628
80	974
81	938
81	947
81	949
82	754
82	947
82	996
83	857
83	938
83	963
84	101
84	965
84	981
85	336
85	954
85	997
86	106
86	939
86	988
87	116
87	915
87	997
88	38
88	642
88	916
89	292
89	819
89	935
90	273
90	720
90	950
91	615
91	910
91	968
92	646
92	734
92	903
93	329
93	341
93	696
94	337
94	804
94	824
95	848
95	964
95	999
96	194
96	496
96	719
97	778
97	938
97	996
98	716
98	791
98	976
99	61
99	973
99	993
100	864
100	946
100	991
101	84
101	813
101	926
102	929
102	966
102	983
103	987
103	988
103	991
104	794
104	932
104	951
105	901
105	987
105	991
106	86
106	987
106	991
107	917
107	988
107	991
108	955
108	992
108	994
109	113
109	979
109	998
110	172
110	569
110	824
111	962
111	990
111	994
112	847
112	971
112	998
113	109
113	467
113	621
114	346
114	428
114	924
115	933
115	995
115	1000
116	87
116	995
116	1000
117	713
117	896
117	983
118	811
118	990
118	999
119	242
119	440
119	984
120	819
120	974
120	976
121	383
121	959
121	987
122	347
122	996
122	997
123	625
123	778
123	785
124	76
124	892
124	961
125	34
125	949
125	996
126	927
126	977
126	983
127	653
127	897
127	993
128	238
128	857
128	954
129	781
129	941
129	944
130	562
130	948
130	995
131	457
131	905
131	975
132	907
132	915
132	963
133	864
133	987
133	988
134	748
134	935
134	976
135	137
135	343
135	910
136	846
136	971
136	998
137	135
137	452
137	714
138	277
138	942
138	973
139	491
139	952
139	989
140	66
140	674
140	854
141	620
141	879
141	907
142	503
142	586
142	1000
143	962
143	990
143	994
144	857
144	862
144	997
145	738
145	995
145	1000
146	322
146	643
146	937
147	396
147	894
147	986
148	762
148	920
148	999
149	970
149	972
149	982
150	283
150	468
150	975
151	644
151	987
151	991
152	729
152	975
152	978
153	977
153	994
153	999
154	931
154	977
154	984
155	413
155	981
155	993
156	762
156	942
156	973
157	641
157	981
157	986
158	8
158	902
158	974
159	914
159	917
159	985
160	441
160	771
160	968
161	627
161	915
161	920
162	927
162	984
162	1000
163	842
163	974
163	976
164	534
164	951
164	979
165	874
165	973
165	995
166	926
166	951
166	980
167	773
167	936
167	978
168	877
168	994
168	999
169	847
169	967
169	988
170	245
170	644
170	965
171	615
171	694
171	974
172	110
172	969
172	999
173	817
173	925
173	978
174	305
174	362
174	976
175	59
175	228
175	956
176	715
176	850
176	927
177	781
177	993
177	998
178	515
178	973
178	982
179	872
179	977
179	985
180	891
180	931
180	983
181	946
181	987
181	988
182	898
182	998
182	999
183	910
183	942
183	970
184	514
184	718
184	893
185	535
185	552
185	992
186	668
186	918
186	993
187	808
187	947
187	996
188	534
188	944
188	998
189	398
189	646
189	1000
190	865
190	902
190	978
191	955
191	990
191	994
192	469
192	865
192	875
193	502
193	806
193	974
194	96
194	719
194	956
195	64
195	796
195	998
196	893
196	947
196	997
197	926
197	965
197	986
198	730
198	927
198	985
199	670
199	851
199	933
200	650
200	952
200	982
201	861
201	963
201	997
202	815
202	903
202	921
203	955
203	990
203	999
204	806
204	951
204	961
205	821
205	907
205	996
206	656
206	785
206	997
207	805
207	884
207	988
208	370
208	759
208	998
209	960
209	970
209	973
210	432
210	881
210	979
211	918
211	992
211	998
212	665
212	994
212	999
213	728
213	769
213	982
214	405
214	925
214	975
215	898
215	990
215	994
216	909
216	955
216	999
217	814
217	950
217	974
218	616
218	992
218	1000
219	827
219	990
219	994
220	377
220	917
220	991
221	740
221	761
221	996
222	847
222	960
222	992
223	800
223	891
223	961
224	714
224	808
224	879
225	795
225	862
225	915
226	935
226	953
226	976
227	530
227	843
227	979
228	175
228	958
228	975
229	924
229	943
229	995
230	957
230	983
230	984
231	987
231	988
231	991
232	820
232	960
232	992
233	493
233	954
233	997
234	525
234	652
234	836
235	964
235	994
235	999
236	939
236	987
236	988
237	703
237	980
237	992
238	128
238	913
238	963
239	802
239	968
239	973
240	697
240	943
240	995
241	962
241	969
241	990
242	119
242	983
242	984
243	14
243	430
243	976
244	446
244	866
244	979
245	170
245	355
245	951
246	926
246	951
246	961
247	418
247	928
247	1000
248	923
248	995
248	1000
249	797
249	861
249	997
250	813
250	951
250	981
251	446
251	992
251	998
252	653
252	834
252	971
253	546
253	951
253	981
254	506
254	758
254	935
255	574
255	910
255	973
256	965
256	981
256	998
257	977
257	983
257	985
258	798
258	988
258	991
259	977
259	984
259	985
260	802
260	860
260	916
261	910
261	970
261	982
261	1000
262	712
262	842
262	974
262	976
263	822
263	911
263	971
263	979
264	18
264	953
264	976
264	983
265	809
265	832
265	932
265	975
266	911
266	971
266	986
266	994
267	538
267	791
267	974
267	976
268	916
268	920
268	940
268	964
269	616
269	870
269	933
269	948
270	881
270	892
270	979
270	992
271	548
271	914
271	929
271	984
272	290
272	622
272	950
272	976
273	90
273	305
273	842
273	866
274	462
274	930
274	962
274	1000
275	744
275	931
275	977
275	993
276	404
276	756
276	912
276	993
277	138
277	959
277	968
277	982
278	408
278	726
278	741
278	1000
279	778
279	938
279	996
279	997
280	306
280	429
280	883
280	989
281	613
281	652
281	708
281	957
282	770
282	873
282	928
282	1000
283	150
283	740
283	841
283	958
284	926
284	979
284	993
284	998
285	835
285	990
285	994
285	999
286	783
286	824
286	919
286	961
287	946
287	959
287	967
287	991
288	609
288	734
288	895
288	992
289	775
289	914
289	957
289	985
290	272
290	718
290	866
290	953
291	742
291	931
291	983
291	984
292	89
292	935
292	953
292	976
293	829
293	915
293	954
293	997
294	855
294	938
294	946
294	996
295	330
295	552
295	568
295	992
296	930
296	933
296	995
296	1000
297	907
297	913
297	995
297	997
298	396
298	819
298	820
298	998
299	767
299	930
299	995
299	1000
300	689
300	842
300	935
300	976
301	880
301	894
301	948
301	960
302	495
302	959
302	987
302	991
303	311
303	691
303	889
303	997
304	729
304	883
304	936
304	989
305	174
305	273
305	700
305	961
306	280
306	925
306	962
306	978
307	795
307	933
307	993
307	998
308	935
308	953
308	974
308	976
309	370
309	447
309	614
309	980
310	441
310	660
310	686
310	849
311	303
311	753
311	859
311	985
312	437
312	816
312	873
312	961
313	577
313	953
313	974
313	976
314	646
314	734
314	756
314	944
315	770
315	876
315	924
315	995
316	917
316	946
316	987
316	991
317	54
317	919
317	960
317	992
318	516
318	766
318	790
318	956
319	966
319	977
319	984
319	985
320	642
320	728
320	972
320	982
321	692
321	951
321	981
321	998
322	146
322	698
322	968
322	972
323	971
323	981
323	986
323	993
324	880
324	916
324	972
324	982
325	352
325	471
325	937
325	1000
326	515
326	723
326	928
326	1000
327	51
327	949
327	963
327	996
328	347
328	637
328	887
328	996
329	93
329	907
329	996
329	997
330	295
330	895
330	988
330	998
331	857
331	930
331	937
331	948
332	838
332	907
332	915
332	997
333	704
333	936
333	978
333	989
334	378
334	888
334	928
334	1000
335	927
335	952
335	975
335	989
336	85
336	561
336	971
336	979
337	94
337	378
337	912
337	993
338	932
338	936
338	945
338	978
339	895
339	919
339	971
339	990
340	741
340	925
340	958
340	978
341	93
341	826
341	996
341	997
342	927
342	977
342	983
342	984
343	135
343	908
343	972
343	982
344	581
344	809
344	952
344	989
345	835
345	931
345	966
345	984
346	114
346	780
346	886
346	977
347	122
347	328
347	476
347	681
348	744
348	931
348	983
348	985
349	941
349	964
349	990
349	999
350	906
350	960
350	992
350	998
351	699
351	905
351	986
351	998
352	325
352	924
352	943
352	1000
353	831
353	885
353	983
353	984
354	873
354	882
354	924
354	995
355	245
355	919
355	961
355	992
356	957
356	974
356	977
356	983
357	496
357	712
357	867
357	974
358	940
358	962
358	969
358	999
359	967
359	987
359	988
359	991
360	436
360	639
360	915
360	949
361	653
361	965
361	986
361	998
362	174
362	804
362	880
362	903
363	886
363	896
363	977
363	984
364	901
364	946
364	959
364	991
365	751
365	966
365	977
365	984
366	860
366	968
366	973
366	982
367	520
367	623
367	963
367	997
368	772
368	935
368	950
368	976
369	917
369	987
369	988
369	991
370	208
370	309
370	945
370	986
371	716
371	968
371	972
371	973
372	387
372	764
372	882
372	1000
373	563
373	707
373	799
373	989
374	546
374	808
374	996
374	997
375	410
375	962
375	994
375	999
376	767
376	937
376	960
376	1000
377	220
377	967
377	988
377	991
378	334
378	337
378	995
378	1000
379	890
379	955
379	994
379	999
380	692
380	817
380	958
380	989
381	788
381	959
381	987
381	988
382	671
382	813
382	886
382	998
383	121
383	883
383	946
383	967
384	803
384	826
384	945
384	989
385	940
385	990
385	994
385	999
386	820
386	881
386	971
386	993
387	372
387	927
387	933
387	995
388	662
388	725
388	826
388	975
389	787
389	957
389	977
389	983
390	957
390	966
390	977
390	983
391	816
391	892
391	905
391	960
392	481
392	990
392	994
392	999
393	699
393	912
393	993
393	998
394	818
394	877
394	990
394	999
395	749
395	816
395	869
395	998
396	147
396	298
396	903
396	986
397	844
397	921
397	940
397	999
398	189
398	445
398	684
398	995
399	656
399	719
399	975
399	989
400	55
400	856
400	922
400	962
401	852
401	882
401	937
401	1000
402	730
402	896
402	983
402	984
403	909
403	941
403	994
403	999
404	276
404	897
404	906
404	992
405	214
405	902
405	958
405	989
406	597
406	796
406	911
406	986
407	924
407	928
407	937
407	1000
408	278
408	563
408	630
408	978
409	725
409	908
409	970
409	982
410	375
410	589
410	889
410	949
411	581
411	921
411	994
411	999
412	801
412	937
412	939
412	987
413	155
413	516
413	902
413	936
414	694
414	872
414	957
414	984
415	884
415	967
415	988
415	991
416	7
416	639
416	947
416	997
417	760
417	909
417	969
417	990
418	247
418	670
418	924
418	1000
419	538
419	716
419	928
419	953
420	578
420	940
420	994
420	999
421	690
421	981
421	992
421	998
422	589
422	814
422	867
422	974
423	72
423	664
423	945
423	978
424	870
424	909
424	962
424	994
425	561
425	806
425	961
425	998
426	864
426	939
426	985
426	991
427	728
427	860
427	970
427	982
428	114
428	661
428	933
428	1000
429	280
429	685
429	812
429	932
430	243
430	524
430	694
430	953
431	527
431	544
431	972
431	973
432	210
432	879
432	926
432	961
433	609
433	725
433	975
433	982
434	743
434	831
434	966
434	985
435	775
435	859
435	957
435	983
435	985
436	360
436	473
436	558
436	949
436	996
437	312
437	813
437	906
437	951
437	971
438	631
438	968
438	972
438	973
438	982
439	703
439	894
439	926
439	932
439	998
440	119
440	657
440	806
440	986
440	998
441	160
441	310
441	889
441	963
441	996
442	488
442	777
442	967
442	987
442	991
443	621
443	934
443	968
443	970
443	973
444	728
444	968
444	972
444	973
444	982
445	398
445	693
445	943
445	995
445	1000
446	244
446	251
446	880
446	971
446	979
447	309
447	878
447	907
447	981
447	993
448	686
448	754
448	963
448	996
448	999
449	704
449	945
449	956
449	958
449	975
450	788
450	796
450	900
450	946
450	987
451	725
451	908
451	973
451	982
451	998
452	137
452	575
452	913
452	996
452	997
453	583
453	596
453	711
453	713
453	985
454	902
454	932
454	936
454	956
454	989
455	935
455	950
455	959
455	974
455	976
456	803
456	854
456	904
456	967
456	987
457	131
457	782
457	807
457	958
457	989
458	575
458	964
458	990
458	994
458	999
459	962
459	981
459	990
459	994
459	999
460	638
460	776
460	966
460	984
460	985
461	846
461	951
461	965
461	992
461	998
462	274
462	715
462	923
462	933
462	1000
463	19
463	726
463	952
463	975
463	978
464	483
464	561
464	755
464	979
464	986
465	851
465	952
465	975
465	978
465	989
466	514
466	700
466	867
466	950
466	953
467	113
467	824
467	961
467	981
467	993
468	150
468	469
468	790
468	860
468	978
469	192
469	468
469	958
469	978
469	989
470	502
470	842
470	953
470	963
470	974
471	325
471	738
471	943
471	948
471	1000
472	721
472	901
472	964
472	994
472	999
473	436
473	761
473	857
473	947
473	996
474	587
474	722
474	923
474	995
474	1000
475	888
475	923
475	943
475	995
475	1000
476	347
476	662
476	928
476	947
476	954
477	952
477	956
477	958
477	975
477	1000
478	682
478	710
478	905
478	981
478	992
479	727
479	921
479	990
479	994
479	999
480	962
480	969
480	990
480	994
480	999
481	392
481	830
481	920
481	994
481	999
482	716
482	935
482	953
482	974
482	976
483	464
483	944
483	992
483	993
483	998
484	53
484	811
484	856
484	994
484	999
485	904
485	967
485	987
485	988
485	991
486	723
486	873
486	923
486	995
486	1000
487	855
487	879
487	884
487	949
487	997
488	442
488	823
488	946
488	988
488	991
489	733
489	899
489	947
489	996
489	997
490	913
490	923
490	928
490	995
490	1000
491	139
491	936
491	952
491	956
491	989
492	720
492	745
492	772
492	974
492	976
493	233
493	717
493	767
493	949
493	997
494	826
494	841
494	875
494	936
494	956
495	302
495	959
495	967
495	987
495	988
496	96
496	357
496	766
496	902
496	975
497	711
497	878
497	880
497	903
497	986
498	678
498	935
498	950
498	974
498	976
499	961
499	965
499	981
499	985
499	998
500	582
500	796
500	906
500	960
500	965
501	714
501	907
501	947
501	963
501	997
502	193
502	470
502	950
502	953
502	976
503	142
503	871
503	902
503	930
503	1000
504	785
504	892
504	893
504	899
504	947
505	637
505	691
505	907
505	996
505	997
506	254
506	731
506	866
506	867
506	976
507	799
507	865
507	956
507	958
507	989
508	752
508	885
508	990
508	994
508	999
509	752
509	921
509	922
509	933
509	999
510	911
510	919
510	971
510	986
510	993
511	812
511	886
511	977
511	983
511	984
512	584
512	874
512	955
512	962
512	999
513	747
513	942
513	968
513	973
513	982
514	184
514	466
514	772
514	976
514	994
515	25
515	178
515	326
515	916
515	970
516	318
516	413
516	569
516	782
516	945
517	684
517	924
517	975
517	995
517	1000
518	533
518	830
518	964
518	990
518	999
519	718
519	950
519	953
519	974
519	976
520	367
520	875
520	883
520	978
520	989
521	833
521	908
521	934
521	970
521	973
522	607
522	852
522	888
522	995
522	1000
523	853
523	928
523	948
523	995
523	1000
524	430
524	819
524	950
524	953
524	976
525	234
525	614
525	814
525	842
525	866
526	663
526	917
526	939
526	988
526	991
527	431
527	600
527	941
527	994
527	999
528	792
528	933
528	948
528	995
528	1000
529	679
529	771
529	970
529	972
529	982
530	227
530	891
530	918
530	941
530	998
531	655
531	672
531	945
531	958
531	989
532	646
532	795
532	863
532	894
532	971
533	518
533	921
533	969
533	990
533	999
534	164
534	188
534	961
534	992
534	993
535	53
535	185
535	789
535	800
535	918
536	663
536	823
536	828
536	884
536	987
537	761
537	887
537	893
537	963
537	996
538	267
538	419
538	791
538	866
538	950
539	591
539	603
539	779
539	950
539	953
540	559
540	613
540	852
540	931
540	984
541	667
541	840
541	846
541	995
541	1000
542	717
542	820
542	906
542	980
542	981
543	824
543	979
543	986
543	992
543	993
544	431
544	555
544	698
544	725
544	982
545	18
545	788
545	939
545	987
545	988
546	253
546	374
546	944
546	965
546	986
547	695
547	817
547	875
547	975
547	980
548	271
548	711
548	842
548	966
548	985
549	711
549	885
549	931
549	977
549	984
550	923
550	948
550	994
550	995
550	1000
551	555
551	652
551	966
551	977
551	983
552	185
552	295
552	561
552	845
552	894
553	564
553	612
553	683
553	947
553	949
553	954
554	756
554	891
554	894
554	912
554	940
554	986
555	544
555	551
555	916
555	972
555	973
555	982
556	572
556	723
556	767
556	840
556	995
556	1000
557	602
557	914
557	927
557	931
557	984
557	985
558	436
558	739
558	808
558	843
558	855
558	997
559	540
559	560
559	859
559	929
559	966
559	983
560	559
560	658
560	790
560	872
560	984
560	985
561	336
561	425
561	464
561	552
561	878
561	963
562	130
562	658
562	885
562	929
562	931
562	984
563	373
563	408
563	647
563	932
563	978
563	989
564	553
564	838
564	889
564	903
564	915
564	949
565	571
565	792
565	937
565	948
565	995
565	1000
566	862
566	887
566	907
566	913
566	954
566	997
567	624
567	920
567	964
567	982
567	990
567	999
568	295
568	922
568	955
568	990
568	994
568	999
569	110
569	516
569	626
569	912
569	918
569	986
570	51
570	718
570	720
570	757
570	819
570	950
571	565
571	846
571	869
571	891
571	892
571	971
572	556
572	895
572	979
572	980
572	992
572	993
573	645
573	868
573	970
573	972
573	975
573	982
574	255
574	934
574	942
574	970
574	977
574	982
575	42
575	452
575	458
575	733
575	740
575	996
576	655
576	794
576	817
576	958
576	975
576	989
577	313
577	922
577	955
577	962
577	969
577	994
578	420
578	844
578	941
578	964
578	994
578	999
579	822
579	870
579	928
579	943
579	995
579	1000
580	858
580	863
580	892
580	980
580	992
580	993
581	344
581	411
581	799
581	958
581	975
581	989
582	9
582	500
582	892
582	986
582	998
582	1000
583	453
583	858
583	895
583	979
583	980
583	993
584	512
584	939
584	940
584	969
584	990
584	994
585	697
585	924
585	930
585	937
585	943
585	1000
586	142
586	693
586	736
586	743
586	943
586	1000
587	474
587	871
587	923
587	980
587	995
587	1000
588	726
588	732
588	858
588	956
588	978
588	989
589	410
589	422
589	623
589	761
589	938
589	997
590	71
590	778
590	862
590	913
590	947
590	968
591	18
591	539
591	779
591	815
591	950
591	976
592	619
592	661
592	693
592	738
592	882
592	1000
593	904
593	946
593	959
593	987
593	988
593	994
594	15
594	834
594	913
594	980
594	986
594	993
595	898
595	964
595	969
595	990
595	994
595	999
596	453
596	835
596	872
596	977
596	985
596	996
597	406
597	960
597	979
597	981
597	996
597	998
598	777
598	967
598	987
598	988
598	991
598	999
599	708
599	803
599	826
599	875
599	958
599	978
600	527
600	922
600	953
600	969
600	990
600	994
601	800
601	806
601	863
601	881
601	980
601	993
602	557
602	811
602	909
602	964
602	994
602	999
603	539
603	758
603	779
603	814
603	953
603	974
604	701
604	908
604	934
604	972
604	982
604	986
605	71
605	638
605	825
605	914
605	966
605	985
606	781
606	804
606	911
606	986
606	993
606	998
607	522
607	628
607	749
607	834
607	944
607	980
608	663
608	763
608	798
608	917
608	967
608	991
609	288
609	433
609	763
609	934
609	972
609	982
610	862
610	869
610	918
610	960
610	965
610	993
611	901
611	948
611	959
611	987
611	988
611	991
612	57
612	553
612	648
612	670
612	808
612	996
613	281
613	540
613	742
613	807
613	929
613	966
614	309
614	525
614	758
614	953
614	974
614	976
615	91
615	171
615	866
615	867
615	953
615	974
616	218
616	269
616	792
616	930
616	995
616	1000
617	680
617	845
617	957
617	966
617	983
617	985
618	678
618	745
618	828
618	917
618	988
618	991
619	592
619	924
619	930
619	978
619	995
619	1000
620	141
620	714
620	830
620	910
620	949
620	997
621	113
621	443
621	869
621	961
621	981
621	992
622	272
622	814
622	935
622	974
622	976
622	999
623	367
623	589
623	899
623	963
623	996
623	997
624	567
624	920
624	941
624	974
624	990
624	999
625	123
625	855
625	887
625	938
625	996
625	997
626	569
626	687
626	846
626	858
626	979
626	998
627	57
627	161
627	662
627	921
627	954
627	996
628	80
628	607
628	796
628	880
628	905
628	911
628	992
629	651
629	690
629	797
629	829
629	849
629	947
629	954
630	408
630	672
630	741
630	865
630	958
630	975
630	978
631	438
631	934
631	968
631	970
631	972
631	973
631	981
632	29
632	850
632	882
632	897
632	930
632	995
632	1000
633	659
633	822
633	840
633	930
633	937
633	943
633	995
634	780
634	885
634	886
634	931
634	982
634	983
634	984
635	920
635	921
635	955
635	962
635	970
635	994
635	999
636	770
636	852
636	870
636	871
636	900
636	924
636	1000
637	328
637	505
637	829
637	938
637	996
637	997
637	1000
638	460
638	605
638	658
638	812
638	886
638	966
638	983
639	360
639	416
639	761
639	887
639	947
639	949
639	997
640	764
640	770
640	882
640	923
640	952
640	995
640	1000
641	157
641	906
641	960
641	979
641	981
641	992
641	993
642	88
642	320
642	853
642	874
642	968
642	972
642	982
643	146
643	971
643	980
643	981
643	986
643	992
643	993
644	151
644	170
644	784
644	946
644	967
644	987
644	988
645	573
645	868
645	908
645	916
645	968
645	972
645	973
646	92
646	189
646	314
646	532
646	846
646	951
646	998
647	563
647	782
647	898
647	945
647	958
647	975
647	978
648	612
648	821
648	861
648	889
648	938
648	954
648	958
649	846
649	897
649	903
649	912
649	960
649	965
649	971
650	200
650	747
650	934
650	968
650	970
650	972
650	973
651	629
651	910
651	916
651	942
651	972
651	973
651	982
652	234
652	281
652	551
652	657
652	835
652	983
652	984
653	127
653	252
653	361
653	858
653	897
653	986
653	993
654	829
654	853
654	874
654	916
654	968
654	970
654	982
655	531
655	576
655	790
655	809
655	832
655	925
655	975
656	206
656	399
656	759
656	865
656	945
656	956
656	975
657	440
657	652
657	897
657	905
657	918
657	980
657	986
658	69
658	560
658	562
658	638
658	812
658	899
658	984
659	633
659	689
659	758
659	779
659	935
659	950
659	976
660	310
660	855
660	913
660	963
660	979
660	996
660	997
661	428
661	592
661	840
661	930
661	948
661	995
661	1000
662	388
662	476
662	627
662	830
662	862
662	913
662	963
663	526
663	536
663	608
663	687
663	904
663	967
663	991
664	423
664	685
664	826
664	956
664	958
664	978
664	989
665	50
665	212
665	962
665	969
665	990
665	994
665	999
666	847
666	944
666	957
666	965
666	979
666	981
666	998
667	541
667	757
667	878
667	888
667	933
667	995
667	1000
668	76
668	186
668	858
668	972
668	981
668	993
668	998
669	723
669	840
669	849
669	937
669	948
669	995
669	1000
670	199
670	418
670	612
670	697
670	870
670	995
670	1000
671	382
671	820
671	881
671	911
671	982
671	993
671	998
672	531
672	630
672	865
672	887
672	936
672	958
672	989
673	876
673	931
673	935
673	977
673	983
673	984
673	985
674	140
674	810
674	904
674	967
674	987
674	988
674	991
675	900
675	901
675	904
675	917
675	987
675	988
675	991
676	739
676	906
676	940
676	964
676	969
676	994
676	999
677	78
677	764
677	850
677	870
677	923
677	937
677	948
678	50
678	498
678	618
678	866
678	867
678	953
678	974
679	529
679	719
679	883
679	936
679	952
679	956
679	989
680	617
680	821
680	827
680	831
680	885
680	896
680	929
681	347
681	754
681	879
681	887
681	915
681	996
681	997
682	478
682	781
682	845
682	895
682	951
682	976
682	979
683	553
683	897
683	911
683	960
683	961
683	980
683	981
684	29
684	398
684	517
684	728
684	882
684	995
684	1000
685	429
685	664
685	695
685	765
685	826
685	944
685	978
685	989
686	310
686	448
686	778
686	849
686	873
686	954
686	996
686	997
687	626
687	663
687	801
687	900
687	946
687	987
687	988
687	991
688	746
688	888
688	906
688	924
688	928
688	933
688	995
688	1000
689	300
689	659
689	718
689	876
689	935
689	953
689	974
689	976
690	421
690	629
690	855
690	879
690	887
690	893
690	996
690	997
691	303
691	505
691	879
691	899
691	949
691	954
691	996
691	997
692	321
692	380
692	800
692	824
692	971
692	979
692	981
692	993
693	445
693	586
693	592
693	722
693	767
693	928
693	943
693	995
694	70
694	171
694	414
694	430
694	935
694	953
694	974
694	976
695	547
695	685
695	759
695	790
695	803
695	841
695	989
695	998
696	93
696	823
696	900
696	939
696	946
696	959
696	987
696	991
697	240
697	585
697	670
697	870
697	924
697	928
697	948
697	1000
698	322
698	544
698	762
698	868
698	908
698	967
698	970
698	973
699	351
699	393
699	705
699	813
699	820
699	939
699	944
699	960
700	305
700	466
700	706
700	720
700	772
700	867
700	974
700	976
701	49
701	604
701	853
701	868
701	968
701	973
701	982
701	998
702	729
702	817
702	848
702	902
702	932
702	945
702	978
702	989
703	237
703	439
703	878
703	918
703	971
703	979
703	980
703	992
704	333
704	449
704	768
704	881
704	936
704	958
704	975
704	989
705	699
705	795
705	800
705	858
705	957
705	971
705	980
705	998
706	700
706	864
706	901
706	917
706	939
706	967
706	988
706	991
707	373
707	741
707	746
707	765
707	832
707	925
707	932
707	989
708	35
708	281
708	599
708	768
708	925
708	932
708	956
708	978
709	908
709	910
709	934
709	968
709	970
709	972
709	973
709	982
710	478
710	816
710	839
710	940
710	944
710	961
710	971
710	979
711	453
711	497
711	548
711	549
711	914
711	927
711	977
711	984
712	13
712	41
712	262
712	357
712	889
712	950
712	974
712	976
713	117
713	453
713	859
713	911
713	927
713	929
713	957
713	984
714	137
714	224
714	501
714	620
714	949
714	980
714	996
714	997
715	176
715	462
715	871
715	882
715	933
715	948
715	991
715	1000
716	98
716	371
716	419
716	482
716	758
716	867
716	950
716	976
717	493
717	542
717	797
717	887
717	899
717	947
717	963
717	996
718	184
718	290
718	519
718	570
718	689
718	953
718	963
718	976
719	96
719	194
719	399
719	679
719	958
719	978
719	989
719	996
720	90
720	492
720	570
720	700
720	842
720	935
720	953
720	997
721	472
721	818
721	941
721	962
721	990
721	991
721	994
721	999
722	474
722	693
722	770
722	857
722	888
722	923
722	948
722	1000
723	326
723	486
723	556
723	669
723	736
723	822
723	866
723	1000
724	746
724	789
724	873
724	923
724	928
724	948
724	995
724	1000
725	388
725	409
725	433
725	451
725	544
725	934
725	968
725	970
725	973
726	278
726	463
726	588
726	733
726	799
726	809
726	875
726	932
726	952
727	479
727	811
727	818
727	909
727	955
727	969
727	980
727	990
727	999
728	213
728	320
728	427
728	444
728	684
728	853
728	942
728	970
728	982
729	152
729	304
729	702
729	794
729	854
729	925
729	956
729	975
729	978
730	198
730	402
730	748
730	793
730	896
730	966
730	977
730	983
730	985
731	24
731	506
731	734
731	813
731	905
731	919
731	951
731	993
731	998
732	35
732	588
732	790
732	865
732	956
732	958
732	978
732	989
732	993
733	489
733	575
733	726
733	862
733	913
733	915
733	954
733	963
733	997
734	92
734	288
734	314
734	731
734	791
734	839
734	903
734	906
734	979
735	861
735	862
735	915
735	938
735	947
735	949
735	954
735	961
735	996
736	586
736	723
736	738
736	742
736	764
736	850
736	882
736	933
736	995
737	23
737	804
737	878
737	960
737	971
737	980
737	981
737	992
737	998
738	145
738	471
738	592
738	736
738	930
738	937
738	959
738	995
738	1000
739	558
739	676
739	922
739	941
739	955
739	962
739	969
739	994
739	999
740	221
740	283
740	575
740	829
740	843
740	938
740	949
740	996
740	997
741	278
741	340
741	630
741	707
741	799
741	865
741	925
741	956
741	971
742	291
742	613
742	736
742	914
742	957
742	966
742	977
742	984
742	985
743	434
743	586
743	757
743	840
743	870
743	924
743	930
743	995
743	1000
744	275
744	348
744	776
744	886
744	900
744	957
744	977
744	983
744	984
745	492
745	618
745	798
745	884
745	939
745	946
745	967
745	988
745	991
746	688
746	707
746	724
746	873
746	928
746	930
746	943
746	995
746	1000
747	513
747	650
747	860
747	942
747	968
747	970
747	972
747	980
747	982
748	69
748	134
748	730
748	886
748	914
748	927
748	929
748	966
748	984
749	395
749	607
749	863
749	880
749	881
749	971
749	979
749	980
749	993
750	856
750	877
750	895
750	909
750	940
750	964
750	969
750	990
750	999
751	365
751	920
751	921
751	955
751	962
751	964
751	990
751	994
751	999
752	508
752	509
752	856
752	898
752	962
752	969
752	989
752	994
752	999
753	11
753	311
753	780
753	807
753	876
753	883
753	914
753	966
753	984
754	82
754	448
754	681
754	808
754	854
754	861
754	907
754	996
754	997
755	464
755	783
755	911
755	919
755	944
755	971
755	981
755	986
755	998
756	276
756	314
756	554
756	864
756	878
756	881
756	891
756	979
756	981
757	570
757	667
757	743
757	852
757	873
757	933
757	943
757	948
757	995
758	254
758	603
758	614
758	659
758	716
758	779
758	935
758	953
758	974
759	208
759	656
759	695
759	765
759	794
759	883
759	902
759	936
759	978
759	989
760	417
760	828
760	901
760	939
760	946
760	959
760	967
760	987
760	988
760	991
761	221
761	473
761	537
761	589
761	639
761	830
761	938
761	944
761	954
761	997
762	148
762	156
762	698
762	763
762	874
762	908
762	934
762	942
762	970
762	972
763	608
763	609
763	762
763	833
763	908
763	910
763	934
763	968
763	972
763	982
764	372
764	640
764	677
764	736
764	923
764	937
764	938
764	948
764	995
764	1000
765	6
765	685
765	707
765	759
765	817
765	832
765	840
765	841
765	925
765	952
766	1
766	318
766	496
766	897
766	925
766	932
766	936
766	952
766	978
766	989
767	299
767	376
767	493
767	556
767	693
767	770
767	822
767	924
767	930
767	1000
768	704
768	708
768	773
768	782
768	902
768	932
768	945
768	956
768	969
768	989
769	213
769	833
769	868
769	874
769	916
769	934
769	968
769	970
769	973
769	998
770	282
770	315
770	636
770	640
770	722
770	767
770	853
770	871
770	937
770	995
771	160
771	529
771	786
771	860
771	942
771	968
771	970
771	972
771	973
771	1000
772	56
772	368
772	492
772	514
772	700
772	819
772	935
772	942
772	974
772	976
773	167
773	768
773	809
773	851
773	952
773	956
773	975
773	976
773	978
773	989
774	856
774	920
774	921
774	940
774	964
774	969
774	970
774	990
774	994
774	999
775	289
775	435
775	780
775	836
775	859
775	886
775	893
775	927
775	957
775	984
776	460
776	744
776	835
776	876
776	914
776	929
776	957
776	968
776	983
776	985
777	442
777	598
777	784
777	798
777	901
777	966
777	967
777	987
777	988
777	991
778	97
778	123
778	279
778	590
778	686
778	785
778	830
778	855
778	993
778	997
779	539
779	591
779	603
779	659
779	758
779	791
779	866
779	917
779	950
779	974
780	346
780	634
780	753
780	775
780	787
780	971
780	977
780	983
780	984
780	985
781	129
781	177
781	606
781	682
781	892
781	904
781	919
781	986
781	993
781	998
782	457
782	516
782	647
782	768
782	841
782	883
782	932
782	958
782	989
782	991
783	61
783	286
783	755
783	797
783	891
783	894
783	961
783	971
783	979
783	998
784	644
784	777
784	864
784	900
784	939
784	956
784	959
784	967
784	987
784	988
785	123
785	206
785	504
785	778
785	830
785	862
785	899
785	907
785	954
785	981
785	996
786	771
786	874
786	908
786	910
786	934
786	942
786	970
786	972
786	973
786	982
786	999
787	19
787	389
787	780
787	797
787	927
787	929
787	931
787	966
787	977
787	984
787	985
788	381
788	450
788	545
788	837
788	854
788	898
788	917
788	959
788	967
788	987
788	991
789	535
789	724
789	795
789	863
789	905
789	906
789	960
789	971
789	980
789	992
789	998
790	318
790	468
790	560
790	655
790	695
790	732
790	925
790	936
790	952
790	975
790	989
791	98
791	267
791	538
791	734
791	779
791	814
791	819
791	866
791	950
791	974
791	976
792	528
792	565
792	616
792	888
792	933
792	937
792	943
792	948
792	984
792	995
792	1000
793	730
793	844
793	877
793	890
793	909
793	941
793	955
793	969
793	990
793	994
793	999
794	104
794	576
794	729
794	759
794	925
794	931
794	945
794	952
794	958
794	975
794	989
795	76
795	225
795	307
795	532
795	705
795	789
795	816
795	858
795	944
795	980
795	981
796	14
796	195
796	406
796	450
796	500
796	628
796	912
796	960
796	986
796	993
796	998
797	249
797	629
797	717
797	783
797	787
797	821
797	857
797	889
797	938
797	996
797	997
798	43
798	258
798	608
798	745
798	777
798	810
798	854
798	939
798	959
798	981
798	988
799	70
799	373
799	507
799	581
799	726
799	741
799	809
799	865
799	932
799	945
799	975
800	223
800	535
800	601
800	692
800	705
800	912
800	961
800	971
800	986
800	993
800	995
801	412
801	687
801	805
801	914
801	917
801	939
801	959
801	967
801	987
801	988
801	991
802	73
802	239
802	260
802	868
802	889
802	942
802	968
802	970
802	972
802	973
802	982
803	384
803	456
803	599
803	695
803	826
803	875
803	925
803	936
803	952
803	975
803	978
804	94
804	362
804	606
804	737
804	813
804	881
804	929
804	960
804	967
804	971
804	992
805	207
805	801
805	823
805	882
805	900
805	917
805	946
805	959
805	987
805	988
805	991
806	193
806	204
806	425
806	440
806	601
806	911
806	944
806	965
806	980
806	986
806	992
806	993
807	457
807	613
807	753
807	827
807	831
807	836
807	896
807	957
807	966
807	977
807	984
807	985
808	187
808	224
808	374
808	558
808	612
808	754
808	811
808	855
808	913
808	949
808	963
808	996
809	79
809	265
809	344
809	655
809	726
809	773
809	799
809	958
809	961
809	975
809	978
809	989
810	674
810	798
810	864
810	900
810	901
810	939
810	951
810	959
810	967
810	987
810	988
810	991
811	118
811	484
811	602
811	727
811	808
811	898
811	922
811	955
811	969
811	990
811	994
811	999
812	429
812	511
812	638
812	658
812	859
812	876
812	929
812	957
812	977
812	983
812	984
812	985
813	101
813	250
813	382
813	437
813	699
813	731
813	804
813	875
813	905
813	980
813	986
813	998
814	217
814	422
814	525
814	603
814	622
814	791
814	842
814	867
814	871
814	935
814	950
814	974
815	9
815	202
815	591
815	890
815	922
815	940
815	941
815	964
815	969
815	990
815	994
815	999
816	312
816	391
816	395
816	710
816	795
816	919
816	977
816	981
816	986
816	992
816	993
816	998
817	72
817	173
817	380
817	547
817	576
817	702
817	765
817	851
817	902
817	934
817	975
817	989
818	394
818	721
818	727
818	848
818	890
818	898
818	922
818	940
818	946
818	969
818	990
818	999
819	89
819	120
819	298
819	524
819	570
819	772
819	791
819	867
819	935
819	950
819	974
819	976
820	232
820	298
820	386
820	542
820	671
820	699
820	832
820	891
820	892
820	961
820	981
820	992
821	205
821	648
821	680
821	797
821	849
821	861
821	879
821	915
821	938
821	949
821	996
821	997
822	263
822	579
822	633
822	723
822	767
822	850
822	870
822	871
822	933
822	943
822	948
822	1000
823	45
823	488
823	536
823	696
823	805
823	939
823	946
823	959
823	970
823	987
823	988
823	991
824	94
824	110
824	286
824	467
824	543
824	692
824	906
824	961
824	978
824	979
824	986
824	998
825	605
825	836
825	849
825	872
825	876
825	886
825	929
825	957
825	966
825	977
825	983
825	985
826	341
826	384
826	388
826	494
826	599
826	664
826	685
826	803
826	851
826	925
826	936
826	978
827	219
827	680
827	807
827	831
827	886
827	896
827	924
827	927
827	931
827	957
827	977
827	983
827	985
828	536
828	618
828	760
828	837
828	864
828	884
828	906
828	946
828	959
828	967
828	987
828	988
828	991
829	293
829	629
829	637
829	654
829	740
829	838
829	861
829	907
829	915
829	947
829	963
829	996
829	997
830	481
830	518
830	620
830	662
830	761
830	778
830	785
830	879
830	907
830	913
830	954
830	963
830	997
831	353
831	434
831	680
831	807
831	827
831	872
831	876
831	885
831	896
831	927
831	932
831	983
831	985
832	265
832	655
832	707
832	765
832	820
832	851
832	925
832	932
832	945
832	952
832	956
832	975
832	978
833	521
833	763
833	769
833	868
833	910
833	934
833	958
833	968
833	970
833	972
833	973
833	982
833	987
834	252
834	594
834	607
834	845
834	863
834	926
834	960
834	961
834	980
834	986
834	992
834	993
834	998
835	285
835	345
835	596
835	652
835	776
835	914
835	922
835	957
835	966
835	977
835	983
835	984
835	985
836	234
836	775
836	807
836	825
836	876
836	923
836	927
836	957
836	977
836	983
836	984
836	985
836	986
837	788
837	828
837	884
837	888
837	901
837	904
837	939
837	946
837	959
837	967
837	987
837	988
837	991
838	332
838	564
838	829
838	855
838	893
838	899
838	915
838	918
838	938
838	949
838	954
838	996
838	997
839	26
839	710
839	734
839	847
839	892
839	895
839	951
839	961
839	965
839	972
839	980
839	981
839	993
839	998
840	541
840	556
840	633
840	661
840	669
840	743
840	765
840	871
840	888
840	923
840	928
840	933
840	995
840	1000
841	283
841	494
841	695
841	765
841	782
841	851
841	875
841	883
841	942
841	952
841	956
841	975
841	978
841	989
842	51
842	163
842	262
842	273
842	300
842	470
842	525
842	548
842	720
842	814
842	950
842	953
842	974
842	976
843	4
843	8
843	227
843	558
843	740
843	849
843	862
843	893
843	907
843	947
843	949
843	963
843	996
843	997
844	397
844	578
844	793
844	848
844	888
844	921
844	922
844	941
844	955
844	964
844	969
844	990
844	994
844	999
845	24
845	52
845	64
845	552
845	617
845	682
845	834
845	847
845	863
845	918
845	979
845	992
845	993
845	998
846	136
846	461
846	541
846	571
846	626
846	646
846	649
846	869
846	891
846	894
846	897
846	960
846	980
846	992
847	112
847	169
847	222
847	666
847	839
847	845
847	892
847	961
847	967
847	979
847	980
847	981
847	986
847	993
848	95
848	702
848	818
848	844
848	909
848	920
848	921
848	962
848	964
848	969
848	989
848	990
848	994
848	999
849	310
849	629
849	669
849	686
849	821
849	825
849	843
849	857
849	861
849	887
849	949
849	963
849	996
849	997
850	176
850	632
850	677
850	736
850	822
850	873
850	888
850	921
850	933
850	937
850	943
850	995
850	999
850	1000
851	199
851	465
851	773
851	817
851	826
851	832
851	841
851	875
851	883
851	902
851	936
851	956
851	975
851	978
852	401
852	522
852	540
852	636
852	757
852	873
852	882
852	924
852	930
852	937
852	943
852	948
852	995
852	1000
853	523
853	642
853	654
853	701
853	728
853	770
853	916
853	934
853	942
853	968
853	970
853	972
853	973
853	982
854	140
854	456
854	729
854	754
854	788
854	798
854	864
854	901
854	917
854	939
854	959
854	967
854	987
854	988
854	991
855	294
855	487
855	558
855	625
855	660
855	690
855	778
855	808
855	838
855	893
855	930
855	949
855	954
855	996
855	997
856	400
856	484
856	750
856	752
856	774
856	898
856	922
856	940
856	941
856	962
856	964
856	969
856	994
856	995
856	999
857	4
857	83
857	128
857	144
857	331
857	473
857	722
857	797
857	849
857	861
857	879
857	954
857	963
857	996
857	997
858	580
858	583
858	588
858	626
858	653
858	668
858	705
858	795
858	918
858	919
858	926
858	965
858	992
858	993
858	995
859	311
859	435
859	559
859	713
859	775
859	812
859	865
859	872
859	886
859	896
859	931
859	977
859	983
859	984
859	985
860	73
860	260
860	366
860	427
860	468
860	747
860	771
860	908
860	916
860	942
860	968
860	970
860	972
860	973
860	982
861	201
861	249
861	648
861	735
861	754
861	821
861	829
861	849
861	857
861	879
861	912
861	913
861	947
861	954
861	996
861	997
862	63
862	144
862	225
862	566
862	590
862	610
862	662
862	733
862	735
862	785
862	843
862	893
862	907
862	963
862	996
862	997
863	532
863	580
863	601
863	749
863	789
863	834
863	845
863	903
863	905
863	926
863	933
863	951
863	961
863	981
863	985
863	992
864	100
864	133
864	426
864	706
864	756
864	784
864	810
864	828
864	854
864	939
864	946
864	959
864	967
864	987
864	988
864	991
865	79
865	190
865	192
865	507
865	630
865	656
865	672
865	732
865	741
865	799
865	859
865	945
865	952
865	975
865	989
865	998
866	244
866	273
866	290
866	506
866	525
866	538
866	615
866	678
866	723
866	779
866	791
866	867
866	950
866	953
866	974
866	976
867	357
867	422
867	466
867	506
867	615
867	678
867	700
867	716
867	814
867	819
867	866
867	950
867	953
867	954
867	974
867	976
868	77
868	573
868	645
868	698
868	701
868	769
868	802
868	833
868	916
868	942
868	965
868	968
868	970
868	972
868	973
868	982
869	395
869	571
869	610
869	621
869	846
869	878
869	895
869	903
869	905
869	907
869	925
869	926
869	979
869	981
869	992
869	998
870	269
870	424
870	579
870	636
870	670
870	677
870	697
870	743
870	822
870	871
870	888
870	928
870	943
870	948
870	995
870	1000
871	503
871	587
871	636
871	715
871	770
871	814
871	822
871	840
871	870
871	873
871	930
871	933
871	943
871	948
871	961
871	1000
872	179
872	414
872	560
872	596
872	825
872	831
872	859
872	874
872	885
872	896
872	927
872	929
872	966
872	977
872	983
872	991
873	282
873	312
873	354
873	486
873	686
873	724
873	746
873	757
873	850
873	852
873	871
873	928
873	933
873	943
873	948
873	995
873	1000
874	165
874	512
874	642
874	654
874	762
874	769
874	786
874	872
874	908
874	916
874	934
874	942
874	968
874	970
874	972
874	973
874	982
875	192
875	494
875	520
875	547
875	599
875	726
875	803
875	813
875	841
875	851
875	932
875	945
875	952
875	956
875	975
875	978
875	995
876	46
876	315
876	673
876	689
876	753
876	776
876	812
876	825
876	831
876	836
876	885
876	914
876	929
876	966
876	983
876	984
876	985
877	168
877	394
877	750
877	793
877	890
877	920
877	940
877	941
877	955
877	958
877	962
877	964
877	969
877	979
877	990
877	994
877	999
878	23
878	447
878	497
878	561
878	667
878	703
878	737
878	756
878	869
878	903
878	926
878	936
878	960
878	980
878	981
878	986
878	998
879	141
879	224
879	432
879	487
879	681
879	690
879	691
879	821
879	830
879	857
879	861
879	899
879	907
879	949
879	963
879	996
879	997
880	301
880	324
880	362
880	446
880	497
880	628
880	749
880	891
880	903
880	906
880	911
880	926
880	949
880	960
880	965
880	981
880	992
881	24
881	210
881	270
881	386
881	601
881	671
881	704
881	749
881	756
881	804
881	891
881	906
881	912
881	919
881	980
881	986
881	993
882	354
882	372
882	401
882	592
882	632
882	640
882	684
882	715
882	736
882	805
882	852
882	923
882	924
882	930
882	948
882	995
882	1000
883	36
883	280
883	304
883	383
883	520
883	679
883	753
883	759
883	782
883	841
883	851
883	925
883	936
883	945
883	952
883	956
883	975
884	28
884	207
884	415
884	487
884	536
884	745
884	828
884	837
884	900
884	917
884	939
884	946
884	959
884	967
884	987
884	988
884	991
885	353
885	508
885	549
885	562
885	634
885	680
885	831
885	872
885	876
885	896
885	927
885	956
885	957
885	966
885	977
885	983
885	985
886	346
886	363
886	382
886	511
886	634
886	638
886	744
886	748
886	775
886	825
886	827
886	859
886	931
886	957
886	966
886	977
886	984
886	985
887	62
887	328
887	537
887	566
887	625
887	639
887	672
887	681
887	690
887	717
887	849
887	889
887	913
887	938
887	949
887	963
887	996
887	997
888	334
888	475
888	522
888	667
888	688
888	722
888	792
888	837
888	840
888	844
888	850
888	870
888	923
888	924
888	937
888	943
888	995
888	1000
889	75
889	303
889	410
889	441
889	564
889	648
889	712
889	797
889	802
889	887
889	913
889	938
889	947
889	949
889	954
889	963
889	996
889	997
890	379
890	793
890	815
890	818
890	877
890	908
890	920
890	921
890	940
890	941
890	953
890	955
890	962
890	964
890	969
890	990
890	994
890	999
891	180
891	223
891	530
891	554
891	571
891	756
891	783
891	820
891	846
891	880
891	881
891	911
891	944
891	965
891	980
891	986
891	993
891	998
892	21
892	124
892	270
892	391
892	504
892	571
892	580
892	582
892	781
892	820
892	839
892	847
892	951
892	965
892	971
892	992
892	993
892	997
892	998
893	184
893	196
893	504
893	537
893	690
893	775
893	838
893	843
893	855
893	862
893	899
893	913
893	915
893	938
893	949
893	954
893	963
893	996
893	997
894	54
894	147
894	301
894	439
894	532
894	552
894	554
894	783
894	846
894	926
894	951
894	965
894	980
894	986
894	987
894	992
894	993
894	995
894	998
895	288
895	330
895	339
895	572
895	583
895	682
895	750
895	839
895	869
895	897
895	918
895	937
895	960
895	965
895	971
895	980
895	986
895	992
895	998
896	117
896	363
896	402
896	680
896	730
896	807
896	827
896	831
896	859
896	872
896	885
896	909
896	929
896	931
896	957
896	983
896	984
896	985
896	990
897	5
897	127
897	404
897	632
897	649
897	653
897	657
897	683
897	766
897	846
897	895
897	905
897	906
897	944
897	960
897	965
897	980
897	992
897	993
897	998
898	182
898	215
898	595
898	647
898	752
898	788
898	811
898	818
898	856
898	909
898	921
898	922
898	940
898	941
898	955
898	962
898	964
898	969
898	990
898	994
899	62
899	489
899	504
899	623
899	658
899	691
899	717
899	785
899	838
899	879
899	893
899	913
899	938
899	947
899	949
899	954
899	963
899	974
899	996
899	997
900	20
900	55
900	450
900	636
900	675
900	687
900	696
900	744
900	784
900	805
900	810
900	884
900	901
900	904
900	917
900	939
900	967
900	987
900	988
900	991
901	105
901	364
901	472
901	611
901	675
901	706
901	760
901	777
901	810
901	837
901	854
901	900
901	904
901	923
901	939
901	946
901	967
901	987
901	988
901	991
902	8
902	48
902	158
902	190
902	405
902	413
902	454
902	496
902	503
902	702
902	759
902	768
902	817
902	851
902	936
902	952
902	956
902	975
902	978
902	989
903	92
903	202
903	362
903	396
903	497
903	564
903	649
903	734
903	863
903	869
903	878
903	880
903	905
903	919
903	960
903	979
903	980
903	981
903	992
903	993
903	998
904	45
904	456
904	485
904	593
904	663
904	674
904	675
904	781
904	837
904	900
904	901
904	917
904	939
904	941
904	946
904	959
904	967
904	970
904	987
904	988
904	991
905	131
905	351
905	391
905	478
905	628
905	657
905	731
905	789
905	813
905	863
905	869
905	897
905	903
905	934
905	951
905	965
905	980
905	981
905	986
905	993
905	998
906	64
906	350
906	404
906	437
906	500
906	542
906	641
906	676
906	688
906	734
906	789
906	824
906	828
906	880
906	881
906	897
906	918
906	926
906	944
906	971
906	979
907	132
907	141
907	205
907	297
907	329
907	332
907	447
907	501
907	505
907	566
907	754
907	785
907	829
907	830
907	843
907	862
907	869
907	879
907	913
907	949
907	996
907	997
908	343
908	409
908	451
908	521
908	604
908	645
908	698
908	709
908	762
908	763
908	786
908	860
908	874
908	890
908	910
908	916
908	942
908	963
908	968
908	970
908	972
908	982
909	10
909	216
909	403
909	417
909	424
909	602
909	727
909	750
909	793
909	848
909	896
909	898
909	920
909	921
909	941
909	955
909	964
909	969
909	982
909	990
909	994
909	999
910	27
910	91
910	135
910	183
910	255
910	261
910	620
910	651
910	709
910	763
910	786
910	833
910	908
910	916
910	923
910	934
910	942
910	968
910	970
910	972
910	973
910	982
911	263
911	266
911	406
911	510
911	606
911	628
911	671
911	683
911	713
911	755
911	806
911	880
911	891
911	912
911	918
911	926
911	960
911	973
911	979
911	992
911	993
911	998
912	276
912	337
912	393
912	554
912	569
912	649
912	796
912	800
912	861
912	881
912	911
912	919
912	944
912	945
912	951
912	960
912	961
912	965
912	971
912	980
912	986
912	998
913	238
913	297
913	452
913	490
913	566
913	590
913	594
913	660
913	662
913	733
913	808
913	830
913	861
913	887
913	889
913	893
913	899
913	907
913	938
913	947
913	996
913	997
914	159
914	271
914	289
914	557
914	605
914	711
914	742
914	748
914	753
914	776
914	801
914	835
914	876
914	927
914	930
914	931
914	957
914	966
914	977
914	983
914	984
914	985
915	42
915	87
915	132
915	161
915	225
915	293
915	332
915	360
915	564
915	681
915	733
915	735
915	821
915	829
915	838
915	893
915	925
915	954
915	963
915	979
915	994
915	996
915	997
916	88
916	260
916	268
916	324
916	515
916	555
916	645
916	651
916	654
916	769
916	853
916	860
916	868
916	874
916	908
916	910
916	942
916	968
916	970
916	972
916	973
916	982
916	996
917	16
917	107
917	159
917	220
917	316
917	369
917	526
917	608
917	618
917	675
917	706
917	779
917	788
917	801
917	805
917	854
917	884
917	900
917	904
917	959
917	987
917	988
917	991
918	53
918	186
918	211
918	530
918	535
918	569
918	610
918	657
918	703
918	838
918	845
918	858
918	895
918	906
918	911
918	944
918	951
918	954
918	965
918	972
918	981
918	986
918	992
918	993
919	14
919	286
919	317
919	339
919	355
919	510
919	731
919	755
919	781
919	816
919	858
919	881
919	903
919	912
919	935
919	951
919	961
919	971
919	980
919	981
919	992
919	993
919	997
919	998
920	148
920	161
920	268
920	481
920	567
920	624
920	635
920	751
920	774
920	848
920	877
920	890
920	909
920	922
920	940
920	941
920	955
920	962
920	964
920	969
920	986
920	990
920	994
920	999
921	39
921	202
921	397
921	411
921	479
921	509
921	533
921	627
921	635
921	751
921	774
921	844
921	848
921	850
921	890
921	898
921	909
921	922
921	941
921	955
921	962
921	964
921	990
921	994
922	400
922	509
922	568
922	577
922	600
922	739
922	811
922	815
922	818
922	835
922	844
922	856
922	898
922	920
922	921
922	940
922	941
922	945
922	955
922	962
922	964
922	969
922	990
922	994
922	999
923	248
923	462
923	474
923	475
923	486
923	490
923	550
923	587
923	640
923	677
923	722
923	724
923	764
923	836
923	840
923	882
923	888
923	901
923	910
923	924
923	928
923	933
923	937
923	943
923	995
923	1000
924	114
924	229
924	315
924	352
924	354
924	407
924	418
924	517
924	585
924	619
924	636
924	688
924	697
924	743
924	767
924	827
924	852
924	882
924	888
924	923
924	928
924	943
924	948
924	981
924	995
924	1000
925	72
925	173
925	214
925	306
925	340
925	655
925	707
925	708
925	729
925	741
925	765
925	766
925	790
925	794
925	803
925	826
925	832
925	869
925	883
925	915
925	947
925	952
925	956
925	958
925	975
925	978
925	989
926	101
926	166
926	197
926	246
926	284
926	432
926	439
926	834
926	858
926	863
926	869
926	878
926	880
926	894
926	906
926	911
926	943
926	951
926	961
926	965
926	971
926	979
926	980
926	986
926	988
926	992
926	993
927	12
927	126
927	162
927	176
927	198
927	335
927	342
927	387
927	557
927	711
927	713
927	748
927	775
927	787
927	827
927	831
927	836
927	872
927	885
927	914
927	929
927	931
927	957
927	966
927	977
927	983
927	985
928	247
928	282
928	326
928	334
928	407
928	419
928	476
928	490
928	523
928	579
928	688
928	693
928	697
928	724
928	746
928	840
928	870
928	873
928	923
928	924
928	930
928	933
928	937
928	948
928	991
928	995
928	1000
929	2
929	46
929	69
929	102
929	271
929	559
929	562
929	613
929	680
929	713
929	748
929	776
929	787
929	804
929	812
929	825
929	872
929	876
929	896
929	927
929	931
929	956
929	957
929	977
929	983
929	984
929	985
930	30
930	274
930	296
930	299
930	331
930	503
930	585
930	616
930	619
930	632
930	633
930	661
930	738
930	743
930	746
930	767
930	852
930	855
930	871
930	882
930	914
930	928
930	933
930	935
930	937
930	948
930	995
930	1000
931	60
931	154
931	180
931	275
931	291
931	345
931	348
931	540
931	549
931	557
931	562
931	634
931	673
931	787
931	794
931	827
931	859
931	886
931	896
931	914
931	927
931	929
931	957
931	966
931	967
931	983
931	984
931	985
932	36
932	59
932	104
932	265
932	338
932	429
932	439
932	454
932	563
932	702
932	707
932	708
932	726
932	766
932	768
932	782
932	799
932	831
932	832
932	875
932	945
932	952
932	956
932	958
932	974
932	975
932	978
932	989
933	30
933	115
933	199
933	269
933	296
933	307
933	387
933	428
933	462
933	509
933	528
933	667
933	688
933	715
933	736
933	757
933	792
933	822
933	840
933	850
933	863
933	871
933	873
933	923
933	928
933	930
933	937
933	1000
934	49
934	77
934	443
934	521
934	574
934	604
934	609
934	631
934	650
934	709
934	725
934	762
934	763
934	769
934	786
934	817
934	833
934	853
934	874
934	905
934	910
934	942
934	947
934	968
934	970
934	972
934	973
934	982
935	50
935	89
935	134
935	226
935	254
935	292
935	300
935	308
935	368
935	455
935	482
935	498
935	622
935	659
935	673
935	689
935	694
935	720
935	758
935	772
935	814
935	819
935	919
935	930
935	950
935	953
935	974
935	976
936	1
936	167
936	304
936	333
936	338
936	413
936	454
936	491
936	494
936	672
936	679
936	704
936	759
936	766
936	790
936	803
936	826
936	851
936	878
936	883
936	902
936	945
936	952
936	956
936	958
936	960
936	989
936	992
937	67
937	146
937	325
937	331
937	376
937	401
937	407
937	412
937	565
937	585
937	633
937	669
937	677
937	738
937	764
937	770
937	792
937	850
937	852
937	888
937	895
937	923
937	928
937	930
937	933
937	943
937	949
937	995
937	1000
938	58
938	68
938	81
938	83
938	97
938	279
938	294
938	589
938	625
938	637
938	648
938	735
938	740
938	761
938	764
938	797
938	821
938	838
938	887
938	889
938	893
938	899
938	913
938	947
938	963
938	964
938	996
938	997
938	1000
939	40
939	86
939	236
939	412
939	426
939	526
939	545
939	584
939	696
939	699
939	706
939	745
939	760
939	784
939	798
939	801
939	810
939	823
939	837
939	854
939	864
939	884
939	900
939	901
939	904
939	946
939	959
939	987
939	999
940	33
940	268
940	358
940	385
940	397
940	420
940	554
940	584
940	676
940	710
940	750
940	774
940	815
940	818
940	856
940	877
940	890
940	898
940	920
940	922
940	941
940	951
940	955
940	962
940	964
940	969
940	990
940	994
940	999
941	129
941	349
941	403
941	527
941	530
941	578
941	624
941	721
941	739
941	793
941	815
941	844
941	856
941	877
941	890
941	898
941	904
941	909
941	920
941	921
941	922
941	940
941	955
941	962
941	964
941	969
941	990
941	994
941	999
942	31
942	138
942	156
942	183
942	513
942	574
942	651
942	728
942	747
942	762
942	771
942	772
942	786
942	802
942	841
942	853
942	860
942	868
942	874
942	908
942	910
942	916
942	934
942	968
942	970
942	972
942	973
942	982
942	993
943	229
943	240
943	352
943	445
943	471
943	475
943	579
943	585
943	586
943	633
943	693
943	746
943	757
943	792
943	822
943	850
943	852
943	870
943	871
943	873
943	888
943	923
943	924
943	926
943	937
943	948
943	990
943	994
943	995
943	1000
944	5
944	129
944	188
944	314
944	483
944	546
944	607
944	666
944	685
944	699
944	710
944	755
944	761
944	795
944	806
944	891
944	897
944	906
944	912
944	918
944	951
944	961
944	965
944	971
944	979
944	980
944	981
944	988
944	992
944	993
944	998
945	1
945	35
945	36
945	59
945	338
945	370
945	384
945	423
945	449
945	516
945	531
945	647
945	656
945	702
945	768
945	794
945	799
945	832
945	865
945	875
945	883
945	912
945	922
945	932
945	936
945	952
945	956
945	958
945	975
945	978
945	989
946	34
946	100
946	181
946	287
946	294
946	316
946	364
946	383
946	450
946	488
946	593
946	644
946	687
946	696
946	745
946	760
946	805
946	818
946	823
946	828
946	837
946	864
946	884
946	901
946	904
946	939
946	959
946	967
946	987
946	988
946	991
946	998
947	68
947	81
947	82
947	187
947	196
947	416
947	473
947	476
947	489
947	501
947	504
947	553
947	590
947	629
947	639
947	717
947	735
947	829
947	843
947	861
947	889
947	899
947	913
947	925
947	934
947	938
947	949
947	954
947	960
947	963
947	996
947	997
948	130
948	269
948	301
948	331
948	471
948	523
948	528
948	550
948	565
948	611
948	661
948	669
948	677
948	697
948	715
948	722
948	724
948	757
948	764
948	792
948	822
948	852
948	870
948	871
948	873
948	882
948	924
948	928
948	930
948	943
948	984
948	995
948	1000
949	81
949	125
949	327
949	360
949	410
949	436
949	487
949	493
949	553
949	564
949	620
949	639
949	691
949	714
949	735
949	740
949	808
949	821
949	838
949	843
949	849
949	855
949	879
949	880
949	887
949	889
949	893
949	899
949	907
949	937
949	947
949	964
949	997
950	15
950	41
950	90
950	217
950	272
950	368
950	455
950	466
950	498
950	502
950	519
950	524
950	538
950	539
950	570
950	591
950	659
950	712
950	716
950	779
950	791
950	814
950	819
950	842
950	866
950	867
950	935
950	953
950	966
950	974
950	976
950	992
950	996
951	104
951	164
951	166
951	204
951	245
951	246
951	250
951	253
951	321
951	437
951	461
951	646
951	682
951	731
951	810
951	839
951	863
951	892
951	894
951	905
951	912
951	918
951	919
951	926
951	940
951	944
951	960
951	961
951	965
951	971
951	979
951	992
951	993
951	998
952	6
952	139
952	200
952	335
952	344
952	463
952	465
952	477
952	491
952	640
952	679
952	726
952	765
952	766
952	773
952	790
952	794
952	803
952	832
952	841
952	865
952	875
952	883
952	902
952	925
952	932
952	936
952	945
952	956
952	958
952	969
952	975
952	978
952	989
953	226
953	264
953	290
953	292
953	308
953	313
953	419
953	430
953	466
953	470
953	482
953	502
953	519
953	524
953	539
953	600
953	603
953	614
953	615
953	678
953	689
953	694
953	718
953	720
953	758
953	842
953	866
953	867
953	890
953	935
953	950
953	973
953	974
953	999
954	57
954	85
954	128
954	233
954	293
954	476
954	553
954	566
954	627
954	629
954	648
954	686
954	691
954	733
954	735
954	761
954	785
954	830
954	838
954	855
954	857
954	861
954	867
954	889
954	893
954	899
954	915
954	918
954	947
954	963
954	980
954	982
954	996
954	997
955	39
955	108
955	191
955	203
955	216
955	379
955	512
955	568
955	577
955	635
955	727
955	739
955	751
955	793
955	811
955	844
955	877
955	890
955	898
955	909
955	920
955	921
955	922
955	940
955	941
955	962
955	964
955	966
955	969
955	983
955	987
955	990
955	994
955	999
956	175
956	194
956	318
956	449
956	454
956	477
956	491
956	494
956	507
956	588
956	656
956	664
956	679
956	708
956	729
956	732
956	741
956	768
956	773
956	784
956	832
956	841
956	851
956	875
956	883
956	885
956	902
956	925
956	929
956	932
956	936
956	945
956	952
956	975
956	978
956	989
957	17
957	230
957	281
957	289
957	356
957	389
957	390
957	414
957	435
957	617
957	666
957	705
957	713
957	742
957	744
957	775
957	776
957	807
957	812
957	825
957	827
957	835
957	836
957	885
957	886
957	896
957	914
957	927
957	929
957	931
957	966
957	977
957	983
957	985
957	994
957	999
958	79
958	228
958	283
958	340
958	380
958	405
958	449
958	457
958	469
958	477
958	507
958	531
958	576
958	581
958	599
958	630
958	647
958	648
958	664
958	672
958	704
958	719
958	732
958	782
958	794
958	809
958	833
958	877
958	925
958	932
958	936
958	945
958	952
958	975
958	978
958	989
959	20
959	43
959	55
959	121
959	277
959	287
959	302
959	364
959	381
959	455
959	495
959	593
959	611
959	696
959	738
959	760
959	784
959	788
959	798
959	801
959	805
959	810
959	823
959	828
959	837
959	854
959	864
959	884
959	904
959	917
959	939
959	946
959	967
959	979
959	987
959	988
959	991
960	47
960	209
960	222
960	232
960	301
960	317
960	350
960	376
960	391
960	500
960	597
960	610
960	641
960	649
960	683
960	699
960	737
960	789
960	796
960	804
960	834
960	846
960	878
960	880
960	895
960	897
960	903
960	911
960	912
960	936
960	947
960	951
960	979
960	980
960	992
960	993
960	998
961	124
961	204
961	223
961	246
961	286
961	305
961	312
961	355
961	425
961	432
961	467
961	499
961	534
961	621
961	683
961	710
961	735
961	783
961	800
961	809
961	820
961	824
961	834
961	839
961	847
961	863
961	871
961	912
961	919
961	926
961	944
961	951
961	965
961	980
961	992
961	993
961	998
962	61
962	111
962	143
962	241
962	274
962	306
962	358
962	375
962	400
962	424
962	459
962	480
962	512
962	577
962	635
962	665
962	721
962	739
962	751
962	752
962	848
962	856
962	877
962	890
962	898
962	920
962	921
962	922
962	940
962	941
962	955
962	964
962	969
962	990
962	993
962	994
962	999
963	44
963	83
963	132
963	201
963	238
963	327
963	367
963	441
963	448
963	470
963	501
963	537
963	561
963	623
963	660
963	662
963	717
963	718
963	733
963	808
963	829
963	830
963	843
963	849
963	857
963	862
963	879
963	887
963	889
963	893
963	899
963	908
963	915
963	938
963	947
963	954
963	996
963	997
964	10
964	95
964	235
964	268
964	349
964	458
964	472
964	518
964	567
964	578
964	595
964	602
964	676
964	750
964	751
964	774
964	815
964	844
964	848
964	856
964	877
964	890
964	898
964	909
964	920
964	921
964	922
964	938
964	940
964	941
964	949
964	955
964	962
964	969
964	971
964	990
964	991
964	994
964	999
965	21
965	84
965	170
965	197
965	256
965	361
965	461
965	499
965	500
965	546
965	610
965	649
965	666
965	806
965	839
965	858
965	868
965	880
965	891
965	892
965	894
965	895
965	897
965	905
965	912
965	918
965	926
965	944
965	951
965	961
965	971
965	979
965	980
965	981
965	984
965	986
965	989
965	992
965	993
965	997
966	2
966	11
966	46
966	102
966	319
966	345
966	365
966	390
966	434
966	460
966	548
966	551
966	559
966	605
966	613
966	617
966	638
966	730
966	742
966	748
966	753
966	777
966	787
966	807
966	825
966	835
966	872
966	876
966	885
966	886
966	914
966	927
966	931
966	950
966	955
966	957
966	971
966	983
966	984
966	985
967	40
967	43
967	66
967	169
967	287
967	359
967	377
967	383
967	415
967	442
967	456
967	485
967	495
967	598
967	608
967	644
967	663
967	674
967	698
967	706
967	745
967	760
967	777
967	784
967	788
967	801
967	804
967	810
967	828
967	837
967	847
967	854
967	864
967	884
967	900
967	901
967	904
967	931
967	946
967	959
967	987
967	988
967	991
968	49
968	73
968	91
968	160
968	239
968	277
968	322
968	366
968	371
968	438
968	443
968	444
968	513
968	590
968	631
968	642
968	645
968	650
968	654
968	701
968	709
968	725
968	747
968	763
968	769
968	771
968	776
968	802
968	833
968	853
968	860
968	868
968	874
968	908
968	910
968	916
968	934
968	942
968	970
968	972
968	973
968	982
968	989
968	993
969	3
969	33
969	37
969	172
969	241
969	358
969	417
969	480
969	533
969	577
969	584
969	595
969	600
969	665
969	676
969	727
969	739
969	750
969	752
969	768
969	774
969	793
969	811
969	815
969	818
969	844
969	848
969	856
969	877
969	890
969	898
969	909
969	920
969	922
969	940
969	941
969	952
969	955
969	962
969	964
969	976
969	984
969	990
969	994
969	995
969	999
970	25
970	27
970	31
970	77
970	149
970	183
970	209
970	261
970	409
970	427
970	443
970	515
970	521
970	529
970	573
970	574
970	631
970	635
970	650
970	654
970	698
970	709
970	725
970	728
970	747
970	762
970	769
970	771
970	774
970	786
970	802
970	823
970	833
970	853
970	860
970	868
970	874
970	904
970	908
970	910
970	916
970	934
970	942
970	968
970	972
970	973
970	982
971	52
971	112
971	136
971	252
971	263
971	266
971	323
971	336
971	339
971	386
971	437
971	446
971	510
971	532
971	571
971	643
971	649
971	692
971	703
971	705
971	710
971	737
971	741
971	749
971	755
971	780
971	783
971	789
971	800
971	804
971	892
971	895
971	906
971	912
971	919
971	926
971	944
971	951
971	964
971	965
971	966
971	979
971	981
971	986
971	992
971	993
971	998
972	27
972	74
972	149
972	320
972	322
972	324
972	343
972	371
972	431
972	438
972	444
972	529
972	555
972	573
972	604
972	609
972	631
972	642
972	645
972	650
972	651
972	668
972	709
972	747
972	762
972	763
972	771
972	786
972	802
972	833
972	839
972	853
972	860
972	868
972	874
972	908
972	910
972	916
972	918
972	934
972	942
972	968
972	970
972	973
972	975
972	982
972	988
973	7
973	74
973	99
973	138
973	156
973	165
973	178
973	209
973	239
973	255
973	366
973	371
973	431
973	438
973	443
973	444
973	451
973	513
973	521
973	555
973	631
973	645
973	650
973	651
973	698
973	701
973	709
973	725
973	769
973	771
973	786
973	802
973	833
973	853
973	860
973	868
973	874
973	910
973	911
973	916
973	934
973	942
973	953
973	968
973	970
973	972
973	982
973	994
974	13
974	41
974	56
974	70
974	80
974	120
974	158
974	163
974	171
974	193
974	217
974	262
974	267
974	308
974	313
974	356
974	357
974	422
974	455
974	470
974	482
974	492
974	498
974	519
974	603
974	614
974	615
974	622
974	624
974	678
974	689
974	694
974	700
974	712
974	758
974	772
974	779
974	791
974	814
974	819
974	842
974	866
974	867
974	899
974	932
974	935
974	950
974	953
974	976
975	71
975	131
975	150
975	152
975	214
975	228
975	265
975	335
975	388
975	399
975	433
975	449
975	463
975	465
975	477
975	496
975	517
975	547
975	573
975	576
975	581
975	630
975	647
975	655
975	656
975	704
975	729
975	773
975	790
975	794
975	799
975	803
975	809
975	817
975	832
975	841
975	851
975	865
975	875
975	883
975	902
975	925
975	932
975	945
975	952
975	956
975	958
975	972
975	978
975	989
976	56
976	98
976	120
976	134
976	163
976	174
976	226
976	243
976	262
976	264
976	267
976	272
976	292
976	300
976	308
976	313
976	368
976	455
976	482
976	492
976	498
976	502
976	506
976	514
976	519
976	524
976	591
976	614
976	622
976	659
976	682
976	689
976	694
976	700
976	712
976	716
976	718
976	772
976	773
976	791
976	819
976	842
976	866
976	867
976	935
976	950
976	969
976	974
976	986
976	997
977	2
977	17
977	22
977	126
977	153
977	154
977	179
977	257
977	259
977	275
977	319
977	342
977	346
977	356
977	363
977	365
977	389
977	390
977	511
977	549
977	551
977	574
977	596
977	673
977	711
977	730
977	742
977	744
977	780
977	787
977	807
977	812
977	816
977	825
977	827
977	835
977	836
977	859
977	872
977	885
977	886
977	914
977	927
977	929
977	957
977	983
977	984
977	985
977	986
977	992
978	63
978	152
978	167
978	173
978	190
978	306
978	333
978	338
978	340
978	408
978	423
978	463
978	465
978	468
978	469
978	520
978	563
978	588
978	599
978	619
978	630
978	647
978	664
978	685
978	702
978	708
978	719
978	729
978	732
978	759
978	766
978	773
978	803
978	809
978	824
978	826
978	832
978	841
978	851
978	875
978	902
978	925
978	932
978	945
978	952
978	956
978	958
978	975
978	983
978	987
978	989
979	48
979	52
979	60
979	109
979	164
979	210
979	227
979	244
979	263
979	270
979	284
979	336
979	446
979	464
979	543
979	572
979	583
979	597
979	626
979	641
979	660
979	666
979	682
979	692
979	703
979	710
979	734
979	749
979	756
979	783
979	824
979	845
979	847
979	869
979	877
979	903
979	906
979	911
979	915
979	926
979	944
979	951
979	959
979	960
979	965
979	971
979	981
979	983
979	986
979	993
979	998
980	26
980	166
980	237
980	309
980	542
980	547
980	572
980	580
980	583
980	587
980	594
980	601
980	607
980	643
980	657
980	683
980	703
980	705
980	714
980	727
980	737
980	747
980	749
980	789
980	795
980	806
980	813
980	834
980	839
980	846
980	847
980	878
980	881
980	891
980	894
980	895
980	897
980	903
980	905
980	912
980	919
980	926
980	944
980	954
980	960
980	961
980	965
980	981
980	986
980	992
980	993
980	998
981	5
981	21
981	60
981	84
981	155
981	157
981	250
981	253
981	256
981	321
981	323
981	421
981	447
981	459
981	467
981	478
981	499
981	542
981	597
981	621
981	631
981	641
981	643
981	666
981	668
981	683
981	692
981	737
981	755
981	756
981	785
981	795
981	798
981	816
981	820
981	839
981	847
981	863
981	869
981	878
981	880
981	903
981	905
981	918
981	919
981	924
981	944
981	965
981	971
981	979
981	980
981	986
981	992
981	998
982	31
982	74
982	149
982	178
982	200
982	213
982	261
982	277
982	320
982	324
982	343
982	366
982	409
982	427
982	433
982	438
982	444
982	451
982	513
982	529
982	544
982	555
982	567
982	573
982	574
982	604
982	609
982	634
982	642
982	651
982	654
982	671
982	701
982	709
982	728
982	747
982	763
982	786
982	802
982	833
982	853
982	860
982	868
982	874
982	908
982	909
982	910
982	916
982	934
982	942
982	954
982	968
982	970
982	972
982	973
983	38
983	102
983	117
983	126
983	180
983	230
983	242
983	257
983	264
983	291
983	342
983	348
983	353
983	356
983	389
983	390
983	402
983	435
983	511
983	551
983	559
983	617
983	634
983	638
983	652
983	673
983	730
983	744
983	776
983	780
983	812
983	825
983	827
983	831
983	835
983	836
983	859
983	872
983	876
983	885
983	896
983	914
983	927
983	929
983	931
983	955
983	957
983	966
983	977
983	978
983	979
983	984
983	985
983	991
983	997
984	12
984	22
984	119
984	154
984	162
984	230
984	242
984	259
984	271
984	291
984	319
984	342
984	345
984	353
984	363
984	365
984	402
984	414
984	460
984	511
984	540
984	549
984	557
984	560
984	562
984	634
984	652
984	658
984	673
984	711
984	713
984	742
984	744
984	748
984	753
984	775
984	780
984	787
984	792
984	807
984	812
984	835
984	836
984	859
984	876
984	886
984	896
984	914
984	929
984	931
984	948
984	965
984	966
984	969
984	977
984	983
984	985
984	990
985	11
985	12
985	17
985	19
985	22
985	38
985	159
985	179
985	198
985	257
985	259
985	289
985	311
985	319
985	348
985	426
985	434
985	435
985	453
985	460
985	499
985	548
985	557
985	560
985	596
985	605
985	617
985	673
985	730
985	742
985	776
985	780
985	787
985	807
985	812
985	825
985	827
985	831
985	835
985	836
985	859
985	863
985	876
985	885
985	886
985	896
985	914
985	927
985	929
985	931
985	957
985	966
985	977
985	983
985	984
985	986
985	990
985	1000
986	23
986	47
986	147
986	157
986	197
986	266
986	323
986	351
986	361
986	370
986	396
986	406
986	440
986	464
986	497
986	510
986	543
986	546
986	554
986	569
986	582
986	594
986	604
986	606
986	643
986	653
986	657
986	755
986	781
986	796
986	800
986	806
986	813
986	816
986	824
986	834
986	836
986	847
986	878
986	881
986	891
986	894
986	895
986	905
986	912
986	918
986	920
986	926
986	965
986	971
986	976
986	977
986	979
986	980
986	981
986	985
986	992
986	993
986	998
987	20
987	66
987	103
987	105
987	106
987	121
987	133
987	151
987	181
987	231
987	236
987	302
987	316
987	359
987	369
987	381
987	412
987	442
987	450
987	456
987	485
987	495
987	536
987	545
987	593
987	598
987	611
987	644
987	674
987	675
987	687
987	696
987	760
987	777
987	784
987	788
987	801
987	805
987	810
987	823
987	828
987	833
987	837
987	854
987	864
987	884
987	894
987	900
987	901
987	904
987	917
987	939
987	946
987	955
987	959
987	967
987	978
987	988
987	991
987	996
987	997
988	16
988	28
988	40
988	86
988	103
988	107
988	133
988	169
988	181
988	207
988	231
988	236
988	258
988	330
988	359
988	369
988	377
988	381
988	415
988	485
988	488
988	495
988	526
988	545
988	593
988	598
988	611
988	618
988	644
988	674
988	675
988	687
988	706
988	745
988	760
988	777
988	784
988	798
988	801
988	805
988	810
988	823
988	828
988	837
988	854
988	864
988	884
988	900
988	901
988	904
988	917
988	926
988	944
988	946
988	959
988	967
988	972
988	987
988	991
988	992
988	999
989	6
989	139
989	280
989	304
989	333
989	335
989	344
989	373
989	380
989	384
989	399
989	405
989	454
989	457
989	465
989	469
989	491
989	507
989	520
989	531
989	563
989	576
989	581
989	588
989	664
989	672
989	679
989	685
989	695
989	702
989	704
989	707
989	719
989	732
989	752
989	759
989	766
989	768
989	773
989	782
989	790
989	794
989	809
989	817
989	841
989	848
989	865
989	902
989	925
989	932
989	936
989	945
989	952
989	956
989	958
989	965
989	968
989	975
989	978
989	993
989	997
990	25
990	37
990	65
990	111
990	118
990	143
990	191
990	203
990	215
990	219
990	241
990	285
990	339
990	349
990	385
990	392
990	394
990	417
990	458
990	459
990	479
990	480
990	508
990	518
990	533
990	567
990	568
990	584
990	595
990	600
990	624
990	665
990	721
990	727
990	750
990	751
990	774
990	793
990	811
990	815
990	818
990	844
990	848
990	877
990	890
990	896
990	898
990	909
990	920
990	921
990	922
990	940
990	941
990	943
990	955
990	962
990	964
990	969
990	984
990	985
990	994
990	997
990	999
991	16
991	28
991	34
991	45
991	100
991	103
991	105
991	106
991	107
991	151
991	220
991	231
991	258
991	287
991	302
991	316
991	359
991	364
991	369
991	377
991	415
991	426
991	442
991	485
991	488
991	526
991	598
991	608
991	611
991	618
991	663
991	674
991	675
991	687
991	696
991	706
991	715
991	721
991	745
991	760
991	777
991	782
991	788
991	801
991	805
991	810
991	823
991	828
991	837
991	854
991	864
991	872
991	884
991	900
991	901
991	904
991	917
991	928
991	946
991	959
991	964
991	967
991	983
991	987
991	988
992	54
992	108
992	185
992	211
992	218
992	222
992	232
992	237
992	251
992	270
992	288
992	295
992	317
992	350
992	355
992	404
992	421
992	461
992	478
992	483
992	534
992	543
992	572
992	580
992	621
992	628
992	641
992	643
992	703
992	737
992	789
992	804
992	806
992	816
992	820
992	834
992	845
992	846
992	858
992	863
992	869
992	880
992	892
992	894
992	895
992	897
992	903
992	911
992	918
992	919
992	926
992	936
992	944
992	950
992	951
992	960
992	961
992	965
992	971
992	977
992	980
992	981
992	986
992	988
992	993
992	996
992	998
993	47
993	99
993	127
993	155
993	177
993	186
993	275
993	276
993	284
993	307
993	323
993	337
993	386
993	393
993	447
993	467
993	483
993	510
993	534
993	543
993	572
993	580
993	583
993	594
993	601
993	606
993	610
993	641
993	643
993	653
993	668
993	671
993	692
993	731
993	732
993	749
993	778
993	781
993	796
993	800
993	806
993	816
993	834
993	839
993	845
993	847
993	858
993	881
993	891
993	892
993	894
993	897
993	903
993	905
993	911
993	918
993	919
993	926
993	942
993	944
993	951
993	960
993	961
993	962
993	965
993	968
993	971
993	979
993	980
993	986
993	989
993	992
993	998
994	3
994	65
994	108
994	111
994	143
994	153
994	168
994	191
994	212
994	215
994	219
994	235
994	266
994	285
994	375
994	379
994	385
994	392
994	403
994	411
994	420
994	424
994	458
994	459
994	472
994	479
994	480
994	481
994	484
994	508
994	514
994	527
994	550
994	568
994	577
994	578
994	584
994	593
994	595
994	600
994	602
994	635
994	665
994	676
994	721
994	739
994	751
994	752
994	774
994	793
994	811
994	815
994	844
994	848
994	856
994	877
994	890
994	898
994	909
994	915
994	920
994	921
994	922
994	940
994	941
994	943
994	955
994	957
994	962
994	964
994	969
994	973
994	990
994	999
995	67
995	115
995	116
995	130
995	145
995	165
995	229
995	240
995	248
995	296
995	297
995	299
995	315
995	354
995	378
995	387
995	398
995	445
995	474
995	475
995	486
995	490
995	517
995	522
995	523
995	528
995	541
995	550
995	556
995	565
995	579
995	587
995	616
995	619
995	632
995	633
995	640
995	661
995	667
995	669
995	670
995	684
995	688
995	693
995	724
995	736
995	738
995	743
995	746
995	757
995	764
995	770
995	792
995	800
995	840
995	850
995	852
995	856
995	858
995	870
995	873
995	875
995	882
995	888
995	894
995	923
995	924
995	928
995	930
995	937
995	943
995	948
995	969
995	1000
996	32
996	44
996	58
996	68
996	75
996	78
996	82
996	97
996	122
996	125
996	187
996	205
996	221
996	279
996	294
996	327
996	328
996	329
996	341
996	374
996	436
996	441
996	448
996	452
996	473
996	489
996	505
996	537
996	575
996	596
996	597
996	612
996	623
996	625
996	627
996	637
996	660
996	681
996	686
996	690
996	691
996	714
996	717
996	719
996	735
996	740
996	754
996	785
996	797
996	808
996	821
996	829
996	838
996	843
996	849
996	855
996	857
996	861
996	862
996	879
996	887
996	889
996	893
996	899
996	907
996	913
996	915
996	916
996	938
996	947
996	950
996	954
996	963
996	987
996	992
996	997
996	998
997	4
997	7
997	32
997	42
997	44
997	75
997	78
997	85
997	87
997	122
997	144
997	196
997	201
997	206
997	233
997	249
997	279
997	293
997	297
997	303
997	329
997	332
997	341
997	367
997	374
997	416
997	452
997	487
997	489
997	493
997	501
997	505
997	558
997	566
997	589
997	620
997	623
997	625
997	637
997	639
997	660
997	681
997	686
997	690
997	691
997	714
997	720
997	733
997	740
997	754
997	761
997	778
997	797
997	821
997	829
997	830
997	838
997	843
997	849
997	855
997	857
997	861
997	862
997	879
997	887
997	889
997	892
997	893
997	899
997	907
997	913
997	915
997	919
997	938
997	947
997	949
997	954
997	963
997	965
997	976
997	983
997	987
997	989
997	990
997	996
998	9
998	15
998	26
998	48
998	109
998	112
998	136
998	177
998	182
998	188
998	195
998	208
998	211
998	251
998	256
998	284
998	298
998	307
998	321
998	330
998	350
998	351
998	361
998	382
998	393
998	395
998	421
998	425
998	439
998	440
998	451
998	461
998	483
998	499
998	530
998	582
998	597
998	606
998	626
998	646
998	666
998	668
998	671
998	695
998	701
998	705
998	731
998	737
998	755
998	769
998	781
998	783
998	789
998	796
998	813
998	816
998	824
998	834
998	839
998	845
998	865
998	869
998	878
998	891
998	892
998	894
998	895
998	897
998	903
998	905
998	911
998	912
998	919
998	944
998	946
998	951
998	960
998	961
998	971
998	979
998	980
998	981
998	986
998	992
998	993
998	996
999	3
999	10
999	33
999	37
999	39
999	65
999	95
999	118
999	148
999	153
999	168
999	172
999	182
999	203
999	212
999	216
999	235
999	285
999	349
999	358
999	375
999	379
999	385
999	392
999	394
999	397
999	403
999	411
999	420
999	448
999	458
999	459
999	472
999	479
999	480
999	481
999	484
999	508
999	509
999	512
999	518
999	527
999	533
999	567
999	568
999	578
999	595
999	598
999	602
999	622
999	624
999	635
999	665
999	676
999	721
999	727
999	739
999	750
999	751
999	752
999	774
999	786
999	793
999	811
999	815
999	818
999	844
999	848
999	850
999	856
999	877
999	890
999	909
999	920
999	922
999	939
999	940
999	941
999	953
999	955
999	957
999	962
999	964
999	969
999	988
999	990
999	994
1000	29
1000	30
1000	67
1000	115
1000	116
1000	142
1000	145
1000	162
1000	189
1000	218
1000	247
1000	248
1000	261
1000	274
1000	278
1000	282
1000	296
1000	299
1000	325
1000	326
1000	334
1000	352
1000	372
1000	376
1000	378
1000	401
1000	407
1000	418
1000	428
1000	445
1000	462
1000	471
1000	474
1000	475
1000	477
1000	486
1000	490
1000	503
1000	517
1000	522
1000	523
1000	528
1000	541
1000	550
1000	556
1000	565
1000	579
1000	582
1000	585
1000	586
1000	587
1000	592
1000	616
1000	619
1000	632
1000	636
1000	637
1000	640
1000	661
1000	667
1000	669
1000	670
1000	684
1000	688
1000	697
1000	715
1000	722
1000	723
1000	724
1000	738
1000	743
1000	746
1000	764
1000	767
1000	771
1000	792
1000	822
1000	840
1000	850
1000	852
1000	870
1000	871
1000	873
1000	882
1000	888
1000	923
1000	924
1000	928
1000	930
1000	933
1000	937
1000	938
1000	943
1000	948
1000	985
1000	995
