1	659
1	891
1	969
2	604
2	980
2	990
3	62
3	929
3	1000
4	894
4	913
4	926
5	528
5	897
5	957
6	843
6	853
6	987
7	104
7	811
7	956
8	37
8	930
8	985
9	938
9	981
9	997
10	354
10	720
10	910
11	887
11	939
11	987
12	913
12	930
12	950
13	317
13	934
13	989
14	662
14	897
14	1000
15	21
15	168
15	973
16	440
16	733
16	977
17	598
17	831
17	900
18	959
18	983
18	991
19	664
19	985
19	992
20	425
20	940
20	962
21	15
21	805
21	957
22	700
22	985
22	987
23	978
23	979
23	990
24	786
24	794
24	947
25	864
25	982
25	983
26	172
26	970
26	997
27	245
27	773
27	990
28	587
28	605
28	963
29	889
29	965
29	972
30	867
30	975
30	1000
31	925
31	984
31	999
32	501
32	540
32	999
33	637
33	895
33	942
34	888
34	975
34	997
35	444
35	927
35	996
36	134
36	605
36	945
37	8
37	178
37	837
38	919
38	982
38	991
39	940
39	957
39	1000
40	947
40	967
40	999
41	736
41	881
41	920
42	978
42	980
42	990
43	295
43	957
43	975
44	685
44	923
44	990
45	536
45	554
45	867
46	971
46	984
46	999
47	267
47	682
47	830
48	915
48	973
48	994
49	236
49	439
49	913
50	614
50	856
50	912
51	955
51	983
51	991
52	785
52	827
52	994
53	524
53	693
53	803
54	198
54	976
54	989
55	663
55	969
55	993
56	323
56	821
56	894
57	91
57	480
57	896
58	922
58	960
58	989
59	715
59	951
59	952
60	760
60	832
60	929
61	936
61	984
61	999
62	3
62	807
62	987
63	747
63	886
63	936
64	701
64	967
64	999
65	645
65	822
65	949
66	860
66	933
66	985
67	867
67	973
67	997
68	800
68	819
68	937
69	339
69	973
69	1000
70	653
70	774
70	990
71	921
71	977
71	1000
72	978
72	980
72	990
73	644
73	668
73	989
74	741
74	954
74	995
75	931
75	986
75	996
76	898
76	971
76	999
77	628
77	970
77	994
78	890
78	918
78	922
79	815
79	985
79	998
80	359
80	536
80	956
81	600
81	929
81	997
82	824
82	983
82	991
83	867
83	974
83	1000
84	249
84	925
84	999
85	778
85	937
85	999
86	980
86	982
86	991
87	562
87	952
87	995
88	859
88	876
88	986
89	803
89	972
89	994
90	971
90	984
90	999
91	57
91	717
91	946
92	986
92	996
92	998
93	852
93	981
93	996
94	530
94	920
94	976
95	961
95	984
95	999
96	814
96	914
96	999
97	141
97	407
97	987
98	175
98	843
98	964
99	840
99	985
99	998
100	633
100	968
100	979
101	605
101	900
101	993
102	264
102	890
102	960
103	806
103	969
103	993
104	7
104	756
104	981
105	694
105	955
105	982
106	941
106	985
106	992
107	792
107	802
107	1000
108	981
108	985
108	998
109	624
109	898
109	947
110	724
110	870
110	943
111	632
111	726
111	820
112	924
112	965
112	972
113	610
113	880
113	979
114	476
114	586
114	669
115	349
115	879
115	974
116	828
116	928
116	958
117	704
117	900
117	993
118	955
118	983
118	991
119	729
119	856
119	903
120	352
120	777
120	990
121	365
121	742
121	889
122	791
122	988
122	995
123	844
123	985
123	998
124	654
124	810
124	997
125	519
125	909
125	989
126	391
126	918
126	993
127	203
127	981
127	996
128	733
128	975
128	997
129	216
129	826
129	982
130	368
130	923
130	979
131	323
131	831
131	843
132	334
132	966
132	979
133	581
133	856
133	916
134	36
134	945
134	987
135	962
135	997
135	1000
136	888
136	974
136	997
137	759
137	987
137	998
138	672
138	974
138	997
139	736
139	976
139	989
140	768
140	810
140	956
141	97
141	926
141	945
142	638
142	851
142	995
143	691
143	929
143	973
144	911
144	961
144	971
145	750
145	944
145	999
146	864
146	955
146	959
147	952
147	970
147	995
148	217
148	390
148	939
149	979
149	980
149	990
150	554
150	848
150	997
151	912
151	994
151	995
152	892
152	992
152	998
153	280
153	964
153	993
154	775
154	973
154	997
155	678
155	958
155	989
156	887
156	935
156	940
157	345
157	884
157	996
158	594
158	996
158	998
159	923
159	942
159	978
160	939
160	964
160	993
161	924
161	971
161	999
162	183
162	718
162	949
163	904
163	983
163	991
164	825
164	981
164	998
165	958
165	988
165	995
166	773
166	981
166	996
167	290
167	837
167	987
168	15
168	733
168	977
169	676
169	716
169	973
170	978
170	980
170	990
171	871
171	917
171	928
172	26
172	940
172	1000
173	981
173	985
173	998
174	860
174	992
174	998
175	98
175	787
175	820
176	731
176	996
176	998
177	506
177	552
177	677
178	37
178	963
178	987
179	845
179	870
179	993
180	242
180	460
180	998
181	970
181	994
181	995
182	331
182	781
182	968
183	162
183	966
183	978
184	673
184	868
184	920
185	709
185	918
185	989
186	959
186	982
186	991
187	787
187	834
187	870
188	189
188	253
188	726
189	188
189	809
189	930
190	465
190	970
190	995
191	882
191	950
191	993
192	393
192	886
192	999
193	966
193	968
193	979
194	746
194	890
194	1000
195	780
195	868
195	989
196	266
196	660
196	994
197	962
197	973
197	1000
198	54
198	797
198	934
199	364
199	486
199	997
200	333
200	995
200	1000
201	985
201	992
201	998
202	858
202	978
202	990
203	127
203	996
203	998
204	958
204	994
204	995
205	853
205	950
205	987
206	904
206	982
206	983
207	810
207	956
207	962
208	930
208	969
208	987
209	323
209	866
209	993
210	972
210	984
210	999
211	863
211	898
211	1000
212	762
212	851
212	963
213	685
213	980
213	990
214	931
214	981
214	986
215	918
215	960
215	976
216	129
216	904
216	970
217	148
217	889
217	993
218	792
218	997
218	1000
219	781
219	949
219	990
220	854
220	949
220	978
221	669
221	770
221	838
222	647
222	775
222	1000
223	717
223	757
223	862
224	719
224	997
224	1000
225	844
225	981
225	998
226	529
226	950
226	993
227	517
227	740
227	903
228	640
228	826
228	983
229	819
229	966
229	980
230	644
230	795
230	934
231	639
231	795
231	989
232	931
232	985
232	998
233	965
233	967
233	999
234	860
234	972
234	999
235	529
235	801
235	993
236	49
236	366
236	930
237	687
237	966
237	968
238	703
238	807
238	882
239	796
239	887
239	1000
240	955
240	996
240	998
241	992
241	996
241	998
242	180
242	975
242	1000
243	651
243	869
243	994
244	778
244	879
244	974
245	27
245	791
245	994
246	905
246	965
246	999
247	628
247	862
247	946
248	443
248	826
248	831
249	84
249	946
249	995
250	366
250	943
250	945
251	837
251	894
251	926
252	719
252	802
252	956
253	188
253	678
253	809
254	774
254	978
254	979
255	628
255	652
255	710
256	607
256	812
256	997
257	736
257	901
257	982
258	811
258	864
258	991
259	845
259	913
259	993
260	868
260	960
260	976
261	353
261	436
261	443
262	885
262	983
262	991
263	891
263	963
263	987
264	102
264	976
264	989
265	908
265	961
265	976
266	196
266	595
266	999
267	47
267	590
267	957
268	854
268	978
268	992
269	836
269	987
269	993
270	986
270	992
270	996
271	649
271	932
271	960
272	879
272	899
272	957
273	294
273	763
273	993
274	287
274	686
274	812
275	461
275	681
275	995
276	953
276	968
276	980
277	954
277	985
277	998
278	968
278	979
278	980
279	374
279	546
279	995
280	153
280	988
280	994
281	299
281	447
281	997
282	284
282	623
282	920
282	989
283	338
283	986
283	996
283	998
284	282
284	868
284	908
284	976
285	928
285	970
285	994
285	995
286	302
286	805
286	919
286	991
287	274
287	300
287	977
287	997
288	936
288	972
288	984
288	999
289	906
289	911
289	951
289	994
290	167
290	801
290	939
290	987
291	464
291	602
291	770
291	890
292	680
292	794
292	810
292	940
293	955
293	959
293	982
293	983
294	273
294	721
294	943
294	993
295	43
295	349
295	425
295	977
296	929
296	935
296	956
296	971
297	857
297	923
297	980
297	990
298	929
298	957
298	971
298	1000
299	281
299	981
299	985
299	986
300	287
300	798
300	981
300	998
301	805
301	919
301	973
301	991
302	286
302	869
302	951
302	952
303	961
303	967
303	984
303	999
304	367
304	755
304	895
304	912
305	815
305	966
305	968
305	980
306	409
306	858
306	942
306	953
307	543
307	896
307	905
307	994
308	943
308	962
308	997
308	1000
309	860
309	933
309	985
309	986
310	532
310	971
310	984
310	999
311	920
311	950
311	960
311	989
312	946
312	948
312	951
312	970
313	904
313	907
313	959
313	983
314	398
314	419
314	659
314	727
315	524
315	571
315	910
315	952
316	939
316	978
316	980
316	990
317	13
317	517
317	903
317	939
318	372
318	725
318	862
318	999
319	543
319	912
319	952
319	984
320	862
320	896
320	946
320	993
321	742
321	899
321	977
321	1000
322	772
322	876
322	981
322	985
323	56
323	131
323	209
323	598
324	955
324	982
324	983
324	991
325	931
325	938
325	996
325	998
326	355
326	575
326	693
326	994
327	924
327	961
327	965
327	999
328	931
328	986
328	996
328	998
329	649
329	736
329	737
329	989
330	956
330	962
330	975
330	997
331	182
331	692
331	932
331	979
332	642
332	861
332	955
332	991
333	200
333	615
333	935
333	992
334	132
334	878
334	980
334	990
335	486
335	580
335	888
335	935
336	508
336	901
336	983
336	991
337	925
337	971
337	984
337	999
338	283
338	547
338	853
338	939
339	69
339	554
339	677
339	932
340	931
340	941
340	996
340	998
341	797
341	849
341	934
341	960
342	937
342	966
342	978
342	990
343	365
343	661
343	899
343	973
344	531
344	881
344	934
344	960
345	157
345	941
345	992
345	996
346	861
346	919
346	982
346	983
347	784
347	884
347	986
347	992
348	520
348	547
348	806
348	981
349	115
349	295
349	832
349	975
350	622
350	920
350	976
350	989
351	460
351	663
351	762
351	963
352	120
352	708
352	893
352	993
353	261
353	473
353	969
353	993
354	10
354	370
354	912
354	995
355	326
355	940
355	988
355	995
356	565
356	950
356	969
356	993
357	901
357	955
357	982
357	991
358	608
358	772
358	987
358	993
359	80
359	580
359	838
359	935
360	952
360	954
360	988
360	995
361	549
361	717
361	791
361	988
362	948
362	951
362	954
362	995
363	686
363	775
363	920
363	974
364	199
364	691
364	974
364	997
365	121
365	343
365	935
365	1000
366	236
366	250
366	866
366	963
367	304
367	924
367	984
367	999
368	130
368	782
368	953
368	980
369	587
369	721
369	893
369	926
370	354
370	869
370	948
370	995
371	919
371	982
371	983
371	991
372	318
372	971
372	972
372	999
373	874
373	959
373	982
373	991
374	279
374	935
374	940
374	962
375	701
375	889
375	972
375	999
376	937
376	949
376	976
376	978
377	428
377	952
377	979
377	980
378	936
378	965
378	990
378	999
379	704
379	820
379	891
379	1000
380	958
380	970
380	994
380	995
381	545
381	820
381	963
381	987
382	454
382	739
382	988
382	994
383	764
383	981
383	992
383	998
384	854
384	911
384	968
384	990
385	594
385	948
385	952
385	988
386	830
386	887
386	977
386	997
387	462
387	748
387	963
387	993
388	552
388	975
388	977
388	997
389	768
389	794
389	848
389	957
390	148
390	605
390	684
390	987
391	126
391	945
391	969
391	987
392	904
392	982
392	983
392	991
393	192
393	954
393	970
393	995
394	799
394	922
394	960
394	987
395	931
395	933
395	996
395	998
396	544
396	966
396	978
396	980
397	405
397	824
397	983
397	991
398	314
398	524
398	790
398	1000
399	754
399	818
399	909
399	989
400	910
400	937
400	968
400	978
401	448
401	564
401	606
401	848
402	531
402	734
402	932
402	976
403	679
403	937
403	949
403	980
404	479
404	491
404	930
404	964
405	397
405	959
405	983
405	991
406	846
406	936
406	971
406	999
407	97
407	706
407	822
407	953
408	967
408	971
408	984
408	999
409	306
409	783
409	977
409	997
410	703
410	843
410	870
410	969
411	639
411	780
411	932
411	934
412	781
412	865
412	882
412	990
413	535
413	556
413	949
413	980
414	776
414	886
414	936
414	961
415	971
415	972
415	984
415	999
416	709
416	890
416	934
416	960
417	622
417	934
417	989
417	990
418	754
418	770
418	793
418	989
419	314
419	440
419	888
419	974
420	655
420	891
420	939
420	950
421	476
421	737
421	838
421	989
422	467
422	604
422	937
422	968
423	713
423	756
423	981
423	992
424	699
424	965
424	984
424	999
425	20
425	295
425	672
425	855
426	836
426	943
426	950
426	969
427	932
427	934
427	976
427	989
428	377
428	937
428	978
428	980
429	905
429	916
429	958
429	994
430	917
430	946
430	954
430	995
431	876
431	992
431	996
431	998
432	708
432	986
432	992
432	996
433	924
433	967
433	984
433	999
434	949
434	968
434	979
434	980
435	680
435	790
435	947
435	956
436	261
436	926
436	931
436	987
437	720
437	916
437	994
437	995
438	818
438	890
438	908
438	989
439	49
439	726
439	894
439	969
440	16
440	419
440	974
440	997
441	877
441	918
441	920
441	976
442	662
442	729
442	762
442	989
443	248
443	261
443	538
443	964
443	987
444	35
444	460
444	758
444	940
444	997
445	778
445	911
445	967
445	984
445	999
446	830
446	875
446	974
446	975
446	1000
447	281
447	597
447	844
447	977
447	997
448	401
448	686
448	842
448	874
448	888
449	902
449	961
449	965
449	984
449	999
450	466
450	767
450	868
450	877
450	909
451	857
451	954
451	988
451	994
451	995
452	805
452	959
452	975
452	983
452	991
453	815
453	896
453	981
453	986
453	992
454	382
454	919
454	946
454	952
454	994
455	554
455	666
455	768
455	875
455	1000
456	901
456	955
456	959
456	982
456	991
457	569
457	911
457	924
457	977
457	999
458	838
458	947
458	975
458	984
458	1000
459	707
459	917
459	948
459	970
459	995
460	180
460	351
460	444
460	899
460	974
461	275
461	917
461	978
461	988
461	995
462	387
462	470
462	882
462	966
462	993
463	543
463	658
463	871
463	916
463	952
464	291
464	693
464	946
464	954
464	994
465	190
465	717
465	871
465	951
465	970
466	450
466	849
466	908
466	932
466	989
467	422
467	953
467	966
467	980
467	990
468	714
468	933
468	992
468	996
468	998
469	855
469	927
469	985
469	991
469	998
470	462
470	620
470	926
470	930
470	969
471	703
471	801
471	866
471	969
471	993
472	807
472	939
472	987
472	993
472	995
473	353
473	556
473	806
473	950
473	964
474	673
474	737
474	918
474	976
474	989
475	890
475	942
475	968
475	978
475	990
476	114
476	421
476	881
476	932
476	989
477	494
477	673
477	710
477	736
477	921
478	499
478	803
478	856
478	952
478	954
479	404
479	762
479	936
479	964
479	993
480	57
480	868
480	903
480	918
480	922
481	527
481	985
481	986
481	992
481	996
482	878
482	915
482	953
482	980
482	990
483	832
483	839
483	852
483	867
483	997
484	656
484	722
484	981
484	986
484	996
485	841
485	936
485	944
485	972
485	999
486	199
486	335
486	852
486	929
486	975
487	792
487	892
487	941
487	985
487	996
488	520
488	542
488	845
488	919
488	993
489	721
489	837
489	882
489	945
489	963
490	872
490	986
490	992
490	996
490	998
491	404
491	854
491	880
491	923
491	980
492	545
492	591
492	704
492	900
492	926
493	925
493	944
493	965
493	967
493	999
494	477
494	533
494	797
494	960
494	976
495	644
495	737
495	849
495	918
495	976
496	560
496	859
496	917
496	938
496	996
497	865
497	936
497	944
497	961
497	999
498	540
498	855
498	959
498	983
498	991
499	478
499	803
499	847
499	948
499	988
500	627
500	820
500	950
500	963
500	987
501	32
501	924
501	965
501	984
501	999
502	669
502	825
502	909
502	922
502	976
503	883
503	931
503	959
503	986
503	996
504	813
504	911
504	961
504	965
504	999
505	853
505	950
505	960
505	987
505	993
506	177
506	676
506	869
506	947
506	962
507	808
507	961
507	972
507	979
507	999
508	336
508	900
508	955
508	982
508	991
509	560
509	948
509	981
509	986
509	998
510	885
510	919
510	955
510	982
510	983
511	636
511	985
511	986
511	996
511	998
512	589
512	684
512	750
512	831
512	943
513	904
513	949
513	982
513	983
513	991
514	919
514	959
514	982
514	983
514	991
515	678
515	877
515	880
515	903
515	989
516	694
516	805
516	826
516	907
516	983
517	227
517	317
517	747
517	918
517	960
518	654
518	756
518	815
518	938
518	998
519	125
519	922
519	960
519	969
519	989
520	348
520	488
520	723
520	945
520	969
521	937
521	979
521	980
521	990
521	991
522	779
522	841
522	972
522	984
522	999
523	902
523	971
523	972
523	984
523	999
524	53
524	315
524	398
524	711
524	905
525	769
525	933
525	941
525	996
525	998
526	767
526	940
526	948
526	970
526	988
527	481
527	660
527	847
527	946
527	995
528	5
528	650
528	899
528	997
528	1000
529	226
529	235
529	604
529	893
529	969
530	94
530	903
530	909
530	989
530	994
531	344
531	402
531	818
531	960
531	989
532	310
532	757
532	794
532	897
532	1000
533	494
533	639
533	699
533	918
533	922
534	930
534	943
534	963
534	964
534	993
535	413
535	683
535	880
535	953
535	979
536	45
536	80
536	962
536	997
536	1000
537	874
537	937
537	959
537	982
537	991
538	443
538	700
538	913
538	969
538	993
539	878
539	942
539	966
539	968
539	990
540	32
540	498
540	690
540	955
540	982
541	657
541	907
541	955
541	982
541	983
542	488
542	619
542	900
542	987
542	993
543	307
543	319
543	463
543	917
543	994
544	396
544	614
544	819
544	979
544	990
545	381
545	492
545	820
545	942
545	945
546	279
546	566
546	741
546	804
546	995
547	338
547	348
547	963
547	969
547	987
548	732
548	807
548	943
548	950
548	993
549	361
549	586
549	988
549	994
549	995
550	849
550	922
550	932
550	934
550	976
551	747
551	903
551	932
551	960
551	999
552	177
552	388
552	813
552	957
552	973
552	1000
553	812
553	973
553	974
553	975
553	997
553	1000
554	45
554	150
554	339
554	455
554	819
554	957
555	795
555	922
555	934
555	976
555	989
555	994
556	413
556	473
556	732
556	950
556	964
556	987
557	873
557	923
557	937
557	978
557	988
557	990
558	938
558	941
558	981
558	985
558	986
558	996
559	601
559	816
559	839
559	941
559	996
559	998
560	496
560	509
560	846
560	985
560	992
560	996
561	845
561	851
561	861
561	939
561	963
561	987
562	87
562	738
562	856
562	952
562	988
562	995
563	931
563	941
563	985
563	992
563	996
563	998
564	401
564	671
564	879
564	956
564	975
564	977
565	356
565	821
565	876
565	943
565	969
565	993
566	546
566	917
566	951
566	977
566	994
566	995
567	902
567	915
567	917
567	946
567	948
567	988
568	600
568	830
568	832
568	929
568	945
568	962
569	457
569	965
569	967
569	972
569	991
569	999
570	894
570	901
570	919
570	959
570	982
570	991
571	315
571	648
571	895
571	912
571	915
571	988
572	864
572	955
572	976
572	982
572	983
572	991
573	580
573	931
573	986
573	992
573	996
573	998
574	826
574	955
574	982
574	983
574	991
574	996
575	326
575	675
575	928
575	970
575	994
575	995
576	925
576	949
576	965
576	971
576	984
576	999
577	790
577	810
577	842
577	977
577	982
577	1000
578	885
578	959
578	982
578	983
578	991
578	994
579	812
579	911
579	967
579	971
579	984
579	999
580	335
580	359
580	573
580	680
580	947
580	975
581	133
581	871
581	948
581	958
581	994
581	995
582	825
582	840
582	883
582	927
582	986
582	998
583	624
583	641
583	832
583	879
583	973
583	997
584	703
584	893
584	930
584	959
584	987
584	993
585	739
585	869
585	871
585	958
585	977
585	988
586	114
586	549
586	917
586	948
586	951
586	994
587	28
587	369
587	704
587	930
587	943
587	969
588	902
588	914
588	944
588	961
588	984
588	999
589	512
589	820
589	882
589	891
589	939
589	993
590	267
590	733
590	888
590	973
590	997
590	1000
591	492
591	695
591	721
591	853
591	904
591	987
592	722
592	885
592	938
592	959
592	982
592	983
593	884
593	941
593	992
593	996
593	998
593	1000
594	158
594	385
594	931
594	981
594	986
594	998
595	266
595	766
595	789
595	835
595	967
595	999
596	784
596	865
596	944
596	961
596	965
596	999
597	447
597	671
597	672
597	887
597	973
597	974
598	17
598	323
598	851
598	913
598	969
598	987
599	816
599	865
599	902
599	972
599	984
599	999
600	81
600	568
600	683
600	765
600	997
600	1000
601	559
601	764
601	855
601	985
601	992
601	998
602	291
602	809
602	868
602	920
602	960
602	989
603	784
603	876
603	980
603	981
603	996
603	998
604	2
604	422
604	529
604	857
604	878
604	979
605	28
605	36
605	101
605	390
605	724
605	987
606	401
606	624
606	957
606	973
606	975
606	997
607	256
607	611
607	634
607	645
607	773
607	942
608	358
608	620
608	759
608	762
608	820
608	909
609	678
609	718
609	872
609	938
609	996
609	998
610	113
610	756
610	938
610	992
610	996
610	998
611	607
611	640
611	937
611	953
611	979
611	980
612	631
612	640
612	722
612	874
612	982
612	991
613	739
613	767
613	951
613	988
613	994
613	995
614	50
614	544
614	741
614	906
614	910
614	928
615	333
615	641
615	698
615	913
615	956
615	974
616	850
616	914
616	942
616	979
616	980
616	990
617	691
617	698
617	929
617	948
617	977
617	1000
618	655
618	724
618	726
618	963
618	993
618	996
619	542
619	836
619	837
619	866
619	900
619	950
620	470
620	608
620	763
620	894
620	963
620	987
621	694
621	757
621	867
621	929
621	975
621	997
622	350
622	417
622	918
622	920
622	976
622	989
623	282
623	876
623	938
623	981
623	985
623	986
623	998
624	109
624	583
624	606
624	947
624	974
624	977
624	999
625	684
625	787
625	900
625	942
625	945
625	964
625	969
626	674
626	806
626	831
626	926
626	945
626	964
626	987
627	500
627	752
627	919
627	959
627	982
627	983
627	991
628	77
628	247
628	255
628	895
628	952
628	953
628	995
629	682
629	716
629	812
629	890
629	962
629	974
629	1000
630	854
630	934
630	942
630	953
630	978
630	979
630	990
631	612
631	885
631	897
631	959
631	982
631	983
631	991
632	111
632	833
632	872
632	985
632	986
632	996
632	998
633	100
633	652
633	741
633	895
633	988
633	994
633	995
634	607
634	637
634	937
634	966
634	978
634	980
634	990
635	715
635	764
635	771
635	879
635	947
635	977
635	1000
636	511
636	728
636	883
636	892
636	979
636	992
636	998
637	33
637	634
637	653
637	730
637	858
637	945
637	953
638	142
638	896
638	916
638	953
638	954
638	988
638	994
639	231
639	411
639	533
639	702
639	799
639	934
639	976
640	228
640	611
640	612
640	864
640	959
640	982
640	991
641	583
641	615
641	677
641	689
641	838
641	997
641	1000
642	332
642	847
642	869
642	916
642	946
642	948
642	958
643	844
643	884
643	892
643	947
643	985
643	996
643	998
644	73
644	230
644	495
644	799
644	849
644	909
644	989
645	65
645	607
645	782
645	949
645	966
645	979
645	980
646	657
646	885
646	955
646	959
646	982
646	983
646	991
647	222
647	897
647	898
647	962
647	973
647	997
647	1000
648	571
648	862
648	869
648	910
648	916
648	958
648	994
649	271
649	329
649	678
649	868
649	881
649	903
649	976
650	528
650	861
650	864
650	901
650	959
650	982
650	991
651	243
651	791
651	832
651	912
651	954
651	994
651	995
652	255
652	633
652	862
652	906
652	928
652	988
652	994
653	70
653	637
653	696
653	917
653	966
653	979
653	990
654	124
654	518
654	753
654	796
654	897
654	973
654	997
655	420
655	618
655	834
655	843
655	845
655	989
655	993
656	484
656	713
656	916
656	927
656	933
656	941
656	992
657	541
657	646
657	901
657	904
657	976
657	983
657	991
658	463
658	804
658	823
658	928
658	974
658	994
658	995
659	1
659	314
659	820
659	866
659	930
659	943
659	963
660	196
660	527
660	720
660	922
660	958
660	988
660	995
661	343
661	671
661	857
661	899
661	940
661	974
661	1000
662	14
662	442
662	770
662	909
662	922
662	960
662	989
663	55
663	351
663	684
663	695
663	943
663	969
663	987
664	19
664	875
664	876
664	883
664	992
664	996
664	998
665	761
665	858
665	923
665	966
665	968
665	978
665	990
666	455
666	819
666	850
666	949
666	968
666	978
666	979
667	796
667	810
667	858
667	935
667	956
667	977
667	1000
668	73
668	799
668	803
668	868
668	932
668	934
668	989
669	114
669	221
669	502
669	754
669	877
669	922
669	960
670	883
670	912
670	981
670	985
670	986
670	992
670	996
671	564
671	597
671	661
671	680
671	888
671	899
671	993
672	138
672	425
672	597
672	758
672	898
672	926
672	977
673	184
673	474
673	477
673	710
673	809
673	884
673	989
674	626
674	759
674	831
674	843
674	845
674	969
674	987
675	575
675	807
675	821
675	836
675	853
675	943
675	993
676	169
676	506
676	813
676	862
676	863
676	962
676	1000
677	177
677	339
677	641
677	719
677	779
677	973
677	977
678	155
678	253
678	515
678	609
678	649
678	976
678	989
679	403
679	873
679	923
679	978
679	979
679	980
679	990
680	292
680	435
680	580
680	671
680	794
680	933
680	997
681	275
681	761
681	770
681	946
681	951
681	954
681	995
682	47
682	629
682	719
682	899
682	935
682	975
682	977
683	535
683	600
683	698
683	848
683	957
683	974
683	997
684	390
684	512
684	625
684	663
684	801
684	834
684	964
684	987
685	44
685	213
685	687
685	892
685	953
685	966
685	979
685	980
686	274
686	363
686	448
686	688
686	832
686	921
686	977
686	1000
687	237
687	685
687	758
687	949
687	968
687	979
687	980
687	990
688	686
688	869
688	951
688	952
688	958
688	988
688	994
688	995
689	641
689	698
689	817
689	842
689	906
689	962
689	997
689	1000
690	540
690	874
690	907
690	929
690	955
690	982
690	983
690	991
691	143
691	364
691	617
691	899
691	975
691	988
691	997
691	1000
692	331
692	781
692	923
692	949
692	953
692	978
692	980
692	990
693	53
693	326
693	464
693	785
693	905
693	907
693	988
693	994
694	105
694	516
694	621
694	826
694	861
694	901
694	955
694	991
695	591
695	663
695	801
695	836
695	843
695	913
695	964
695	987
696	653
696	858
696	923
696	966
696	968
696	978
696	979
696	980
697	807
697	821
697	853
697	893
697	926
697	943
697	945
697	991
698	615
698	617
698	683
698	689
698	727
698	806
698	947
698	977
699	424
699	533
699	808
699	902
699	961
699	967
699	984
699	999
700	22
700	538
700	787
700	834
700	882
700	885
700	926
700	964
701	64
701	375
701	828
701	967
701	971
701	972
701	984
701	999
702	639
702	765
702	793
702	797
702	890
702	909
702	932
702	989
703	238
703	410
703	471
703	584
703	842
703	894
703	930
703	964
704	117
704	379
704	492
704	587
704	836
704	926
704	970
704	993
705	800
705	854
705	862
705	916
705	928
705	970
705	988
705	994
706	407
706	755
706	923
706	953
706	978
706	979
706	980
706	990
707	459
707	896
707	916
707	951
707	962
707	988
707	994
707	995
708	352
708	432
708	927
708	938
708	981
708	986
708	992
708	998
709	185
709	416
709	881
709	890
709	903
709	908
709	934
709	980
710	255
710	477
710	673
710	729
710	780
710	818
710	868
710	920
711	524
711	791
711	946
711	951
711	954
711	994
711	995
711	996
712	902
712	911
712	914
712	944
712	956
712	965
712	984
712	999
713	423
713	656
713	840
713	871
713	933
713	986
713	996
713	998
714	468
714	728
714	933
714	975
714	985
714	986
714	992
714	998
715	59
715	635
715	783
715	898
715	973
715	974
715	997
715	1000
716	169
716	629
716	783
716	795
716	813
716	897
716	935
716	974
717	91
717	223
717	361
717	465
717	828
717	882
717	928
717	988
718	162
718	609
718	811
718	931
718	981
718	985
718	986
718	992
719	224
719	252
719	677
719	682
719	721
719	753
719	897
719	1000
720	10
720	437
720	660
720	895
720	915
720	928
720	988
720	995
721	294
721	369
721	489
721	591
721	719
721	836
721	945
721	987
722	484
722	592
722	612
722	861
722	907
722	982
722	983
722	991
723	520
723	895
723	946
723	951
723	970
723	988
723	994
723	995
724	110
724	605
724	618
724	882
724	926
724	930
724	964
724	965
725	318
725	786
725	886
725	924
725	961
725	965
725	984
725	999
726	111
726	188
726	439
726	618
726	821
726	926
726	950
726	993
727	314
727	698
727	931
727	947
727	956
727	973
727	997
727	1000
728	636
728	714
728	815
728	844
728	941
728	981
728	986
728	998
729	119
729	442
729	710
729	793
729	868
729	881
729	932
729	976
730	637
730	829
730	850
730	942
730	953
730	976
730	979
730	990
731	176
731	796
731	840
731	860
731	938
731	985
731	986
731	992
731	998
732	548
732	556
732	882
732	939
732	950
732	969
732	987
732	993
732	999
733	16
733	128
733	168
733	590
733	935
733	940
733	947
733	954
733	997
734	402
734	815
734	839
734	927
734	938
734	941
734	981
734	985
734	992
735	855
735	883
735	927
735	933
735	985
735	986
735	992
735	995
735	998
736	41
736	139
736	257
736	329
736	477
736	747
736	754
736	932
736	976
737	329
737	421
737	474
737	495
737	770
737	849
737	890
737	918
737	976
738	562
738	785
738	800
738	877
738	905
738	946
738	948
738	958
738	995
739	382
739	585
739	613
739	789
739	800
739	895
739	948
739	970
739	988
740	227
740	877
740	903
740	908
740	920
740	934
740	976
740	989
740	999
741	74
741	546
741	614
741	633
741	905
741	946
741	970
741	994
741	995
742	121
742	321
742	790
742	813
742	914
742	921
742	956
742	977
742	1000
743	776
743	778
743	840
743	841
743	944
743	967
743	971
743	984
743	999
744	942
744	949
744	953
744	966
744	968
744	978
744	979
744	980
744	990
745	751
745	892
745	933
745	981
745	985
745	986
745	992
745	996
745	998
746	194
746	795
746	797
746	908
746	918
746	932
746	943
746	960
746	989
747	63
747	517
747	551
747	736
747	877
747	922
747	960
747	976
747	989
748	387
748	836
748	843
748	913
748	926
748	945
748	969
748	987
748	993
749	788
749	850
749	873
749	937
749	942
749	953
749	978
749	989
749	990
750	145
750	512
750	776
750	924
750	944
750	967
750	971
750	984
750	999
751	745
751	902
751	911
751	914
751	944
751	961
751	972
751	984
751	999
752	627
752	830
752	874
752	904
752	955
752	959
752	982
752	983
752	991
753	654
753	719
753	838
753	869
753	879
753	929
753	940
753	957
753	997
754	399
754	418
754	669
754	736
754	809
754	903
754	918
754	960
754	973
754	989
755	304
755	706
755	785
755	847
755	896
755	906
755	916
755	952
755	958
755	994
756	104
756	423
756	518
756	610
756	884
756	903
756	938
756	981
756	986
756	992
757	223
757	532
757	621
757	775
757	786
757	921
757	935
757	962
757	974
757	997
758	444
758	672
758	687
758	771
758	812
758	898
758	929
758	973
758	997
758	1000
759	137
759	608
759	674
759	834
759	866
759	893
759	930
759	964
759	993
759	994
760	60
760	835
760	889
760	902
760	914
760	965
760	967
760	972
760	984
760	999
761	665
761	681
761	896
761	905
761	915
761	916
761	948
761	954
761	988
761	994
762	212
762	351
762	442
762	479
762	608
762	891
762	926
762	930
762	987
762	993
763	273
763	620
763	806
763	821
763	851
763	886
763	894
763	900
763	939
763	969
764	383
764	601
764	635
764	938
764	941
764	981
764	985
764	986
764	996
764	998
765	600
765	702
765	768
765	863
765	898
765	921
765	935
765	957
765	997
765	1000
766	595
766	814
766	914
766	925
766	936
766	961
766	965
766	972
766	984
766	992
767	450
767	526
767	613
767	871
767	906
767	928
767	952
767	958
767	988
767	995
768	140
768	389
768	455
768	765
768	859
768	863
768	947
768	975
768	997
768	1000
769	525
769	798
769	825
769	840
769	859
769	901
769	941
769	992
769	996
769	998
770	221
770	291
770	418
770	662
770	681
770	737
770	890
770	920
770	934
770	976
771	635
771	758
771	794
771	887
771	888
771	940
771	962
771	977
771	980
771	997
772	322
772	358
772	811
772	825
772	859
772	884
772	933
772	985
772	992
772	998
773	27
773	166
773	607
773	923
773	942
773	953
773	968
773	978
773	979
773	990
774	70
774	254
774	788
774	850
774	854
774	857
774	873
774	944
774	978
774	979
775	154
775	222
775	363
775	757
775	813
775	875
775	956
775	957
775	974
775	995
776	414
776	743
776	750
776	902
776	911
776	924
776	936
776	965
776	975
776	999
777	120
777	801
777	837
777	870
777	891
777	913
777	926
777	974
777	987
777	993
778	85
778	244
778	445
778	743
778	924
778	944
778	961
778	967
778	971
778	999
779	522
779	677
779	886
779	914
779	925
779	944
779	967
779	972
779	984
779	999
780	195
780	411
780	710
780	793
780	849
780	909
780	918
780	960
780	979
780	989
781	182
781	219
781	412
781	692
781	857
781	942
781	966
781	968
781	974
781	990
782	368
782	645
782	850
782	873
782	878
782	953
782	966
782	979
782	980
782	999
783	409
783	715
783	716
783	863
783	875
783	877
783	887
783	898
783	956
783	997
783	1000
784	347
784	596
784	603
784	815
784	892
784	931
784	933
784	986
784	992
784	996
784	998
785	52
785	693
785	738
785	755
785	916
785	928
785	948
785	952
785	954
785	992
785	998
786	24
786	725
786	757
786	790
786	947
786	956
786	957
786	974
786	975
786	997
786	1000
787	175
787	187
787	625
787	700
787	801
787	893
787	894
787	929
787	939
787	964
787	969
788	749
788	774
788	942
788	949
788	953
788	966
788	968
788	978
788	979
788	985
788	990
789	595
789	739
789	865
789	886
789	919
789	925
789	965
789	971
789	972
789	984
789	999
790	398
790	435
790	577
790	742
790	786
790	867
790	940
790	962
790	978
790	997
790	1000
791	122
791	245
791	361
791	651
791	711
791	863
791	916
791	946
791	954
791	958
791	995
792	107
792	218
792	487
792	808
792	897
792	940
792	974
792	975
792	977
792	997
792	1000
793	418
793	702
793	729
793	780
793	818
793	846
793	908
793	918
793	920
793	960
793	976
794	24
794	292
794	389
794	532
794	680
794	771
794	830
794	925
794	940
794	947
794	1000
795	230
795	231
795	555
795	716
795	746
795	799
795	849
795	877
795	908
795	973
795	976
796	239
796	654
796	667
796	731
796	899
796	921
796	929
796	947
796	956
796	974
796	975
797	198
797	341
797	494
797	702
797	746
797	909
797	918
797	934
797	960
797	988
797	989
798	300
798	769
798	833
798	933
798	941
798	945
798	981
798	985
798	992
798	996
798	998
799	394
799	639
799	644
799	668
799	795
799	881
799	903
799	934
799	941
799	976
799	997
800	68
800	705
800	738
800	739
800	804
800	906
800	952
800	954
800	970
800	994
800	995
801	235
801	290
801	471
801	684
801	695
801	777
801	787
801	853
801	926
801	963
801	977
802	107
802	252
802	812
802	820
802	842
802	921
802	962
802	975
802	977
802	997
802	1000
803	53
803	89
803	478
803	499
803	668
803	917
803	946
803	948
803	952
803	958
803	988
804	546
804	658
804	800
804	910
804	951
804	954
804	958
804	970
804	987
804	988
804	995
805	21
805	286
805	301
805	452
805	516
805	907
805	919
805	955
805	959
805	982
805	983
805	991
806	103
806	348
806	473
806	626
806	698
806	763
806	807
806	836
806	900
806	939
806	964
806	969
807	62
807	238
807	472
807	548
807	675
807	697
807	806
807	878
807	930
807	950
807	963
807	993
808	507
808	699
808	792
808	841
808	886
808	925
808	965
808	967
808	971
808	972
808	984
808	999
809	189
809	253
809	602
809	673
809	754
809	890
809	898
809	920
809	932
809	960
809	976
809	989
810	124
810	140
810	207
810	292
810	577
810	667
810	885
810	897
810	940
810	947
810	962
810	975
811	7
811	258
811	718
811	772
811	816
811	844
811	927
811	981
811	986
811	992
811	996
811	998
812	256
812	274
812	553
812	579
812	629
812	758
812	802
812	962
812	975
812	977
812	997
812	1000
813	504
813	552
813	676
813	716
813	742
813	775
813	921
813	956
813	957
813	962
813	974
813	1000
814	96
814	766
814	914
814	924
814	925
814	961
814	967
814	971
814	972
814	983
814	984
814	999
815	79
815	305
815	453
815	518
815	728
815	734
815	784
815	884
815	933
815	985
815	992
815	998
816	559
816	599
816	811
816	833
816	859
816	892
816	938
816	941
816	985
816	986
816	992
816	996
817	689
817	838
817	875
817	940
817	952
817	956
817	974
817	975
817	977
817	994
817	997
817	1000
818	399
818	438
818	531
818	710
818	793
818	888
818	903
818	908
818	932
818	960
818	976
818	989
819	68
819	229
819	544
819	554
819	666
819	822
819	937
819	942
819	949
819	978
819	979
819	990
820	111
820	175
820	379
820	381
820	500
820	545
820	589
820	608
820	659
820	802
820	913
820	993
821	56
821	565
821	675
821	697
821	726
821	763
821	926
821	945
821	963
821	987
821	993
821	995
822	65
822	407
822	819
822	880
822	937
822	949
822	953
822	966
822	968
822	978
822	990
822	998
823	658
823	827
823	856
823	862
823	893
823	895
823	906
823	948
823	958
823	970
823	994
823	995
824	82
824	397
824	826
824	904
824	907
824	919
824	955
824	959
824	982
824	983
824	991
824	1000
825	164
825	502
825	582
825	769
825	772
825	840
825	981
825	985
825	986
825	992
825	996
825	998
826	129
826	228
826	248
826	516
826	574
826	694
826	824
826	861
826	904
826	907
826	955
826	983
827	52
827	823
827	828
827	852
827	856
827	905
827	928
827	954
827	965
827	988
827	994
827	995
828	116
828	701
828	717
828	827
828	847
828	915
828	951
828	954
828	958
828	970
828	994
828	995
829	730
829	853
829	878
829	923
829	942
829	953
829	966
829	968
829	978
829	979
829	980
829	990
830	47
830	386
830	446
830	568
830	752
830	794
830	863
830	929
830	935
830	947
830	973
830	977
830	997
831	17
831	131
831	248
831	512
831	626
831	674
831	845
831	851
831	866
831	893
831	945
831	950
831	1000
832	60
832	349
832	483
832	568
832	583
832	651
832	686
832	899
832	962
832	975
832	977
832	997
832	1000
833	632
833	798
833	816
833	859
833	884
833	927
833	941
833	972
833	981
833	986
833	992
833	996
833	998
834	187
834	655
834	684
834	700
834	759
834	887
834	921
834	939
834	950
834	963
834	964
834	987
834	993
835	595
835	760
835	841
835	911
835	914
835	944
835	961
835	965
835	967
835	971
835	972
835	984
835	999
836	269
836	426
836	619
836	675
836	695
836	704
836	721
836	748
836	806
836	837
836	926
836	945
836	980
837	37
837	167
837	251
837	489
837	619
837	777
837	836
837	851
837	939
837	950
837	963
837	988
837	993
838	221
838	359
838	421
838	458
838	641
838	753
838	817
838	957
838	973
838	975
838	977
838	997
838	1000
839	483
839	559
839	734
839	844
839	860
839	872
839	883
839	884
839	892
839	927
839	983
839	985
839	986
839	996
840	99
840	582
840	713
840	731
840	743
840	769
840	825
840	844
840	933
840	941
840	985
840	992
840	996
840	998
841	485
841	522
841	743
841	808
841	835
841	865
841	889
841	911
841	936
841	942
841	944
841	961
841	972
841	999
842	448
842	577
842	689
842	703
842	802
842	875
842	895
842	898
842	929
842	935
842	962
842	973
842	977
842	997
843	6
843	98
843	131
843	410
843	655
843	674
843	695
843	748
843	853
843	913
843	943
843	963
843	981
843	987
844	123
844	225
844	447
844	643
844	728
844	811
844	839
844	840
844	883
844	923
844	986
844	992
844	996
844	998
845	179
845	259
845	488
845	561
845	655
845	674
845	831
845	882
845	891
845	945
845	963
845	986
845	988
845	993
846	406
846	560
846	793
846	865
846	911
846	925
846	936
846	944
846	961
846	965
846	967
846	972
846	984
846	999
847	499
847	527
847	642
847	755
847	828
847	906
847	910
847	916
847	952
847	958
847	964
847	988
847	994
847	995
848	150
848	389
848	401
848	683
848	935
848	947
848	957
848	973
848	974
848	975
848	977
848	997
848	998
848	1000
849	341
849	466
849	495
849	550
849	644
849	737
849	780
849	795
849	877
849	881
849	903
849	922
849	974
849	976
850	616
850	666
850	730
850	749
850	774
850	782
850	873
850	878
850	880
850	937
850	942
850	950
850	966
850	978
851	142
851	212
851	561
851	598
851	763
851	831
851	837
851	870
851	891
851	900
851	930
851	945
851	964
851	986
852	93
852	483
852	486
852	827
852	875
852	899
852	921
852	929
852	956
852	957
852	973
852	974
852	977
852	1000
853	6
853	205
853	338
853	505
853	591
853	675
853	697
853	801
853	829
853	843
853	939
853	950
853	987
853	998
854	220
854	268
854	384
854	491
854	630
854	705
854	774
854	923
854	942
854	949
854	953
854	978
854	979
854	980
854	990
855	425
855	469
855	498
855	601
855	735
855	859
855	872
855	883
855	892
855	938
855	981
855	985
855	986
855	996
855	998
856	50
856	119
856	133
856	478
856	562
856	823
856	827
856	869
856	912
856	915
856	948
856	958
856	970
856	988
856	991
857	297
857	451
857	604
857	661
857	774
857	781
857	880
857	923
857	942
857	949
857	966
857	968
857	979
857	980
857	990
858	202
858	306
858	637
858	665
858	667
858	696
858	878
858	880
858	907
858	937
858	949
858	966
858	968
858	979
858	980
859	88
859	496
859	768
859	769
859	772
859	816
859	833
859	855
859	883
859	927
859	931
859	981
859	986
859	996
859	998
860	66
860	174
860	234
860	309
860	731
860	839
860	931
860	933
860	938
860	941
860	975
860	981
860	992
860	996
860	998
861	332
861	346
861	561
861	650
861	694
861	722
861	826
861	874
861	901
861	904
861	955
861	959
861	982
861	983
861	991
862	223
862	247
862	318
862	320
862	648
862	652
862	676
862	705
862	823
862	912
862	954
862	958
862	988
862	994
862	995
863	211
863	676
863	765
863	768
863	783
863	791
863	830
863	933
863	940
863	947
863	956
863	973
863	974
863	975
863	1000
864	25
864	146
864	258
864	572
864	640
864	650
864	885
864	906
864	907
864	919
864	955
864	959
864	964
864	982
864	983
864	991
865	412
865	497
865	596
865	599
865	789
865	841
865	846
865	889
865	924
865	936
865	961
865	965
865	971
865	972
865	984
865	999
866	209
866	366
866	471
866	619
866	659
866	759
866	831
866	870
866	893
866	894
866	926
866	930
866	939
866	963
866	964
866	975
867	30
867	45
867	67
867	83
867	483
867	621
867	790
867	921
867	929
867	957
867	962
867	974
867	982
867	995
867	997
867	1000
868	184
868	195
868	260
868	284
868	450
868	480
868	602
868	649
868	668
868	710
868	729
868	881
868	909
868	960
868	972
868	989
869	243
869	302
869	370
869	506
869	585
869	642
869	648
869	688
869	753
869	856
869	910
869	917
869	951
869	970
869	994
869	995
870	110
870	179
870	187
870	410
870	777
870	851
870	866
870	882
870	913
870	943
870	945
870	950
870	951
870	963
870	964
870	993
871	171
871	463
871	465
871	581
871	585
871	713
871	767
871	905
871	906
871	916
871	952
871	964
871	970
871	988
871	994
871	995
872	490
872	609
872	632
872	839
872	855
872	884
872	892
872	927
872	931
872	967
872	984
872	985
872	986
872	992
872	996
872	998
873	557
873	679
873	749
873	774
873	782
873	850
873	878
873	899
873	937
873	953
873	966
873	968
873	978
873	979
873	980
873	990
874	373
874	448
874	537
874	612
874	690
874	752
874	861
874	885
874	901
874	907
874	919
874	955
874	959
874	982
874	983
874	991
875	446
875	455
875	664
875	775
875	783
875	817
875	842
875	852
875	879
875	899
875	940
875	947
875	957
875	977
875	997
875	1000
876	88
876	322
876	431
876	565
876	603
876	623
876	664
876	883
876	927
876	933
876	938
876	981
876	989
876	992
876	996
876	998
877	441
877	450
877	515
877	669
877	738
877	740
877	747
877	783
877	795
877	849
877	881
877	903
877	932
877	960
877	976
877	989
878	334
878	482
878	539
878	604
878	782
878	807
878	829
878	850
878	858
878	873
878	937
878	949
878	962
878	968
878	978
878	979
878	990
879	115
879	244
879	272
879	564
879	583
879	635
879	753
879	875
879	902
879	921
879	956
879	974
879	975
879	977
879	986
879	997
879	1000
880	113
880	491
880	515
880	535
880	822
880	850
880	857
880	858
880	937
880	949
880	953
880	966
880	968
880	978
880	979
880	980
880	990
881	41
881	344
881	476
881	649
881	709
881	729
881	799
881	849
881	868
881	877
881	920
881	922
881	934
881	940
881	976
881	989
881	994
882	191
882	238
882	412
882	462
882	489
882	589
882	700
882	717
882	724
882	732
882	845
882	870
882	913
882	943
882	964
882	969
882	993
883	503
883	582
883	636
883	664
883	670
883	735
883	839
883	844
883	855
883	859
883	876
883	927
883	963
883	985
883	992
883	996
883	998
884	157
884	347
884	593
884	643
884	673
884	756
884	772
884	815
884	833
884	839
884	872
884	927
884	981
884	985
884	992
884	996
884	997
884	998
885	262
885	510
885	578
885	592
885	631
885	646
885	700
885	810
885	864
885	874
885	901
885	907
885	919
885	955
885	959
885	982
885	983
885	991
886	63
886	192
886	414
886	725
886	763
886	779
886	789
886	808
886	914
886	925
886	936
886	941
886	944
886	961
886	965
886	967
886	971
886	999
887	11
887	156
887	239
887	386
887	597
887	771
887	783
887	834
887	888
887	898
887	935
887	940
887	947
887	973
887	974
887	977
887	997
887	1000
888	34
888	136
888	335
888	419
888	448
888	590
888	671
888	771
888	818
888	887
888	897
888	921
888	935
888	956
888	957
888	975
888	977
888	997
889	29
889	121
889	217
889	375
889	760
889	841
889	865
889	911
889	914
889	924
889	925
889	936
889	961
889	967
889	971
889	972
889	984
889	999
890	78
890	102
890	194
890	291
890	416
890	438
890	475
890	629
890	702
890	709
890	737
890	770
890	809
890	908
890	922
890	932
890	976
890	989
891	1
891	263
891	379
891	420
891	589
891	762
891	777
891	845
891	851
891	893
891	930
891	943
891	950
891	962
891	969
891	987
891	993
891	998
892	152
892	487
892	636
892	643
892	685
892	745
892	784
892	816
892	839
892	855
892	872
892	913
892	931
892	938
892	981
892	985
892	992
892	998
893	352
893	369
893	529
893	584
893	697
893	759
893	787
893	823
893	831
893	866
893	891
893	930
893	939
893	950
893	957
893	963
893	969
893	993
894	4
894	56
894	251
894	439
894	570
894	620
894	703
894	763
894	787
894	866
894	900
894	939
894	950
894	963
894	964
894	969
894	987
894	992
894	993
895	33
895	304
895	571
895	628
895	633
895	720
895	723
895	739
895	823
895	842
895	896
895	906
895	915
895	917
895	948
895	970
895	988
895	994
895	995
896	57
896	307
896	320
896	453
896	638
896	707
896	755
896	761
896	895
896	915
896	924
896	946
896	951
896	952
896	954
896	970
896	988
896	994
896	995
897	5
897	14
897	532
897	631
897	647
897	654
897	716
897	719
897	792
897	810
897	888
897	898
897	929
897	935
897	940
897	973
897	975
897	977
897	997
898	76
898	109
898	211
898	647
898	672
898	715
898	758
898	765
898	783
898	809
898	842
898	887
898	897
898	956
898	957
898	962
898	973
898	975
898	997
898	1000
899	272
899	321
899	343
899	460
899	528
899	661
899	671
899	682
899	691
899	796
899	832
899	852
899	873
899	875
899	921
899	962
899	973
899	981
899	997
899	1000
900	17
900	101
900	117
900	492
900	508
900	542
900	619
900	625
900	763
900	806
900	851
900	894
900	926
900	930
900	939
900	945
900	964
900	969
900	972
900	993
901	257
901	336
901	357
901	456
901	570
901	650
901	657
901	694
901	769
901	861
901	874
901	885
901	904
901	907
901	916
901	919
901	955
901	959
901	982
901	991
902	449
902	523
902	567
902	588
902	599
902	699
902	712
902	751
902	760
902	776
902	879
902	914
902	924
902	925
902	944
902	961
902	965
902	967
902	971
902	999
903	119
903	227
903	317
903	480
903	515
903	530
903	551
903	649
903	709
903	740
903	754
903	756
903	799
903	818
903	849
903	877
903	932
903	960
903	967
903	976
904	163
904	206
904	216
904	313
904	392
904	513
904	591
904	657
904	752
904	824
904	826
904	861
904	901
904	907
904	955
904	959
904	982
904	983
904	987
904	991
905	246
905	307
905	429
905	524
905	693
905	738
905	741
905	761
905	827
905	871
905	910
905	915
905	946
905	948
905	951
905	954
905	970
905	986
905	988
905	995
906	289
906	614
906	652
906	689
906	755
906	767
906	800
906	823
906	847
906	864
906	871
906	895
906	910
906	915
906	928
906	958
906	970
906	988
906	994
906	995
907	313
907	516
907	541
907	690
907	693
907	722
907	805
907	824
907	826
907	858
907	864
907	874
907	885
907	901
907	904
907	919
907	959
907	982
907	983
907	991
908	265
908	284
908	438
908	466
908	709
908	740
908	746
908	793
908	795
908	818
908	890
908	909
908	920
908	922
908	932
908	934
908	960
908	976
908	989
908	997
908	998
909	125
909	399
909	450
909	502
909	530
909	608
909	644
909	662
909	702
909	780
909	797
909	868
909	908
909	918
909	920
909	932
909	934
909	944
909	960
909	976
909	989
910	10
910	315
910	400
910	614
910	648
910	804
910	847
910	869
910	905
910	906
910	912
910	917
910	946
910	948
910	951
910	954
910	959
910	970
910	976
910	994
910	995
911	144
911	289
911	384
911	445
911	457
911	504
911	579
911	712
911	751
911	776
911	835
911	841
911	846
911	889
911	944
911	965
911	967
911	971
911	972
911	984
911	999
912	50
912	151
912	304
912	319
912	354
912	571
912	651
912	670
912	856
912	862
912	910
912	946
912	948
912	951
912	952
912	954
912	958
912	970
912	985
912	988
912	994
912	995
913	4
913	12
913	49
913	259
913	538
913	598
913	615
913	695
913	748
913	777
913	820
913	843
913	870
913	882
913	892
913	936
913	943
913	945
913	950
913	964
913	987
913	993
914	96
914	588
914	616
914	712
914	742
914	751
914	760
914	766
914	779
914	814
914	835
914	886
914	889
914	902
914	924
914	936
914	961
914	967
914	971
914	972
914	984
914	999
915	48
915	482
915	567
915	571
915	720
915	761
915	828
915	856
915	895
915	896
915	905
915	906
915	917
915	928
915	946
915	948
915	952
915	954
915	988
915	989
915	994
915	995
916	133
916	429
916	437
916	463
916	638
916	642
916	648
916	656
916	705
916	707
916	755
916	761
916	785
916	791
916	847
916	871
916	901
916	948
916	951
916	954
916	970
916	988
916	994
917	171
917	430
917	459
917	461
917	496
917	543
917	566
917	567
917	586
917	653
917	803
917	869
917	895
917	910
917	915
917	951
917	952
917	954
917	958
917	970
917	988
917	994
917	995
918	78
918	126
918	185
918	215
918	441
918	474
918	480
918	495
918	517
918	533
918	622
918	737
918	746
918	754
918	780
918	793
918	797
918	909
918	932
918	976
918	989
918	993
918	996
919	38
919	286
919	301
919	346
919	371
919	454
919	488
919	510
919	514
919	570
919	627
919	789
919	805
919	824
919	864
919	874
919	885
919	901
919	907
919	955
919	959
919	982
919	983
919	991
920	41
920	94
920	184
920	282
920	311
920	350
920	363
920	441
920	602
920	622
920	710
920	740
920	770
920	793
920	809
920	881
920	908
920	909
920	922
920	932
920	938
920	946
920	960
920	989
921	71
921	477
921	686
921	742
921	757
921	765
921	796
921	802
921	813
921	834
921	852
921	867
921	879
921	888
921	899
921	935
921	947
921	956
921	957
921	973
921	975
921	977
921	997
921	1000
922	58
922	78
922	394
922	480
922	502
922	519
922	533
922	550
922	555
922	660
922	662
922	669
922	747
922	849
922	881
922	890
922	908
922	920
922	932
922	934
922	946
922	976
922	989
922	1000
923	44
923	130
923	159
923	297
923	491
923	557
923	665
923	679
923	692
923	696
923	706
923	773
923	829
923	844
923	854
923	857
923	928
923	942
923	949
923	953
923	966
923	968
923	978
923	980
923	990
924	112
924	161
924	327
924	367
924	433
924	457
924	501
924	725
924	750
924	776
924	778
924	814
924	865
924	889
924	896
924	902
924	914
924	925
924	941
924	944
924	965
924	967
924	971
924	972
924	999
925	31
925	84
925	337
925	493
925	576
925	766
925	779
925	789
925	794
925	808
925	814
925	846
925	886
925	889
925	902
925	924
925	936
925	961
925	965
925	967
925	971
925	972
925	987
925	997
925	999
926	4
926	141
926	251
926	369
926	436
926	470
926	492
926	626
926	672
926	697
926	700
926	704
926	724
926	726
926	748
926	762
926	777
926	801
926	821
926	836
926	866
926	900
926	943
926	961
926	964
926	986
927	35
927	469
927	582
927	656
927	708
927	734
927	735
927	811
927	833
927	839
927	859
927	872
927	876
927	883
927	884
927	931
927	933
927	935
927	938
927	941
927	969
927	981
927	986
927	996
927	998
927	1000
928	116
928	171
928	285
928	575
928	614
928	652
928	658
928	705
928	717
928	720
928	767
928	785
928	827
928	906
928	915
928	923
928	946
928	948
928	954
928	958
928	960
928	964
928	970
928	988
928	994
928	995
929	3
929	60
929	81
929	143
929	296
929	298
929	486
929	568
929	617
929	621
929	690
929	753
929	758
929	787
929	796
929	830
929	842
929	852
929	867
929	897
929	956
929	957
929	973
929	974
929	984
929	1000
930	8
930	12
930	189
930	208
930	236
930	404
930	470
930	534
930	584
930	587
930	659
930	703
930	724
930	759
930	762
930	807
930	851
930	866
930	891
930	893
930	900
930	934
930	939
930	943
930	964
930	971
930	987
931	75
931	214
931	232
931	325
931	328
931	340
931	395
931	436
931	503
931	563
931	573
931	594
931	718
931	727
931	784
931	859
931	860
931	872
931	892
931	927
931	938
931	978
931	981
931	986
931	992
931	996
931	998
932	271
932	331
932	339
932	402
932	411
932	427
932	466
932	476
932	550
932	551
932	668
932	702
932	729
932	736
932	746
932	809
932	818
932	877
932	890
932	903
932	908
932	909
932	918
932	920
932	922
932	934
932	976
932	979
933	66
933	309
933	395
933	468
933	525
933	656
933	680
933	713
933	714
933	735
933	745
933	772
933	784
933	798
933	815
933	840
933	860
933	863
933	876
933	927
933	938
933	968
933	981
933	985
933	986
933	992
933	996
933	998
934	13
934	198
934	230
934	341
934	344
934	411
934	416
934	417
934	427
934	550
934	555
934	630
934	639
934	668
934	709
934	740
934	770
934	797
934	799
934	881
934	908
934	909
934	922
934	930
934	932
934	960
934	969
934	976
935	156
935	296
935	333
935	335
935	359
935	365
935	374
935	667
935	682
935	716
935	733
935	757
935	765
935	830
935	842
935	848
935	887
935	888
935	897
935	921
935	927
935	955
935	962
935	974
935	975
935	977
935	983
935	1000
936	61
936	63
936	288
936	378
936	406
936	414
936	479
936	485
936	497
936	766
936	776
936	841
936	846
936	865
936	886
936	889
936	913
936	914
936	925
936	944
936	961
936	965
936	967
936	968
936	971
936	972
936	984
936	999
937	68
937	85
937	342
937	376
937	400
937	403
937	422
937	428
937	521
937	537
937	557
937	611
937	634
937	749
937	819
937	822
937	850
937	858
937	873
937	878
937	880
937	953
937	956
937	966
937	968
937	978
937	979
937	990
938	9
938	325
938	496
938	518
938	558
938	592
938	609
938	610
938	623
938	708
938	731
938	734
938	756
938	764
938	816
938	855
938	860
938	876
938	892
938	920
938	927
938	931
938	933
938	971
938	985
938	986
938	992
938	996
938	998
939	11
939	148
939	160
939	290
939	316
939	317
939	338
939	420
939	472
939	561
939	589
939	732
939	763
939	787
939	806
939	834
939	837
939	853
939	866
939	893
939	894
939	900
939	930
939	945
939	950
939	960
939	963
939	969
939	993
940	20
940	39
940	156
940	172
940	292
940	355
940	374
940	444
940	526
940	661
940	733
940	753
940	771
940	790
940	792
940	794
940	810
940	817
940	863
940	875
940	881
940	887
940	897
940	956
940	962
940	973
940	975
940	997
940	1000
941	106
941	340
941	345
941	487
941	525
941	558
941	559
941	563
941	593
941	656
941	728
941	734
941	764
941	769
941	798
941	799
941	816
941	833
941	840
941	860
941	886
941	924
941	927
941	981
941	985
941	986
941	992
941	996
941	998
942	33
942	159
942	306
942	475
942	539
942	545
942	607
942	616
942	625
942	630
942	730
942	744
942	749
942	773
942	781
942	788
942	819
942	829
942	841
942	850
942	854
942	857
942	923
942	949
942	953
942	966
942	968
942	978
942	979
942	990
943	110
943	250
943	294
943	308
943	426
943	512
943	534
943	548
943	565
943	587
943	659
943	663
943	675
943	697
943	746
943	843
943	870
943	882
943	891
943	913
943	926
943	930
943	945
943	950
943	963
943	964
943	967
943	969
943	987
943	993
944	145
944	485
944	493
944	497
944	588
944	596
944	712
944	743
944	750
944	751
944	774
944	778
944	779
944	835
944	841
944	846
944	886
944	902
944	909
944	911
944	924
944	936
944	951
944	961
944	965
944	967
944	971
944	972
944	984
944	999
945	36
945	134
945	141
945	250
945	391
945	489
945	520
945	545
945	568
945	625
945	626
945	637
945	697
945	721
945	748
945	798
945	821
945	831
945	836
945	845
945	851
945	870
945	900
945	913
945	939
945	943
945	963
945	964
945	969
945	987
946	91
946	247
946	249
946	312
946	320
946	430
946	454
946	464
946	527
946	567
946	642
946	681
946	711
946	723
946	738
946	741
946	791
946	803
946	896
946	905
946	910
946	912
946	915
946	920
946	922
946	928
946	958
946	988
946	994
946	995
946	998
947	24
947	40
947	109
947	435
947	458
947	506
947	580
947	624
947	635
947	643
947	698
947	727
947	733
947	768
947	786
947	794
947	796
947	810
947	830
947	848
947	863
947	875
947	887
947	921
947	957
947	973
947	975
947	977
947	987
947	997
947	1000
948	312
948	362
948	370
948	385
948	459
948	499
948	509
948	526
948	567
948	581
948	586
948	617
948	642
948	738
948	739
948	761
948	785
948	803
948	823
948	856
948	895
948	905
948	910
948	912
948	915
948	916
948	928
948	951
948	954
948	988
948	994
948	1000
949	65
949	162
949	219
949	220
949	376
949	403
949	413
949	434
949	513
949	576
949	645
949	666
949	687
949	692
949	744
949	788
949	819
949	822
949	854
949	857
949	858
949	878
949	880
949	923
949	942
949	966
949	968
949	978
949	979
949	980
949	984
949	990
950	12
950	191
950	205
950	226
950	311
950	356
950	420
950	426
950	473
950	500
950	505
950	548
950	556
950	619
950	726
950	732
950	807
950	831
950	834
950	837
950	850
950	853
950	870
950	891
950	893
950	894
950	913
950	939
950	943
950	963
950	964
950	987
950	988
951	59
951	289
951	302
951	312
951	362
951	465
951	566
951	586
951	613
951	681
951	688
951	707
951	711
951	723
951	804
951	828
951	869
951	870
951	896
951	905
951	910
951	912
951	916
951	917
951	944
951	948
951	952
951	954
951	958
951	984
951	988
951	994
951	995
952	59
952	87
952	147
952	302
952	315
952	319
952	360
952	377
952	385
952	454
952	463
952	478
952	562
952	628
952	688
952	755
952	767
952	785
952	800
952	803
952	817
952	847
952	871
952	896
952	912
952	915
952	917
952	951
952	958
952	970
952	988
952	989
952	993
952	995
953	276
953	306
953	368
953	407
953	467
953	482
953	535
953	611
953	628
953	630
953	637
953	638
953	685
953	692
953	706
953	730
953	744
953	749
953	773
953	782
953	788
953	822
953	829
953	854
953	873
953	880
953	923
953	937
953	942
953	966
953	968
953	978
953	980
953	990
953	999
954	74
954	277
954	360
954	362
954	393
954	430
954	451
954	464
954	478
954	638
954	651
954	681
954	711
954	733
954	761
954	785
954	791
954	800
954	804
954	827
954	828
954	862
954	896
954	905
954	910
954	912
954	915
954	916
954	917
954	928
954	948
954	951
954	957
954	958
954	970
954	994
955	51
955	105
955	118
955	146
955	240
955	293
955	324
955	332
955	357
955	456
955	508
955	510
955	540
955	541
955	572
955	574
955	646
955	690
955	694
955	752
955	805
955	824
955	826
955	861
955	864
955	874
955	885
955	901
955	904
955	919
955	935
955	959
955	982
955	983
955	991
955	999
956	7
956	80
956	140
956	207
956	252
956	296
956	330
956	435
956	564
956	615
956	667
956	712
956	727
956	742
956	775
956	783
956	786
956	796
956	813
956	817
956	852
956	863
956	879
956	888
956	898
956	921
956	929
956	937
956	940
956	957
956	962
956	973
956	974
956	977
956	997
956	1000
957	5
957	21
957	39
957	43
957	267
957	272
957	298
957	389
957	552
957	554
957	606
957	683
957	753
957	765
957	775
957	786
957	813
957	838
957	848
957	852
957	867
957	875
957	888
957	893
957	898
957	921
957	929
957	947
957	954
957	956
957	965
957	973
957	975
957	977
957	997
957	1000
958	116
958	155
958	165
958	204
958	380
958	429
958	581
958	585
958	642
958	648
958	660
958	688
958	738
958	755
958	767
958	791
958	803
958	804
958	823
958	828
958	847
958	856
958	862
958	906
958	912
958	917
958	928
958	946
958	951
958	952
958	954
958	970
958	982
958	986
958	988
958	995
958	997
959	18
959	146
959	186
959	293
959	313
959	373
959	405
959	452
959	456
959	498
959	503
959	514
959	537
959	570
959	578
959	584
959	592
959	627
959	631
959	640
959	646
959	650
959	752
959	805
959	824
959	861
959	864
959	874
959	885
959	901
959	904
959	907
959	910
959	919
959	955
959	982
959	983
959	991
960	58
960	102
960	215
960	260
960	271
960	311
960	341
960	344
960	394
960	416
960	494
960	505
960	517
960	519
960	531
960	551
960	602
960	662
960	669
960	746
960	747
960	754
960	780
960	793
960	797
960	809
960	818
960	868
960	877
960	903
960	908
960	909
960	920
960	928
960	934
960	939
960	976
960	995
961	95
961	144
961	265
961	303
961	327
961	414
961	449
961	497
961	504
961	507
961	588
961	596
961	699
961	725
961	751
961	766
961	778
961	814
961	835
961	841
961	846
961	865
961	886
961	889
961	902
961	914
961	925
961	926
961	936
961	944
961	965
961	967
961	971
961	972
961	984
961	987
961	991
961	999
962	20
962	135
962	197
962	207
962	308
962	330
962	374
962	506
962	536
962	568
962	629
962	647
962	676
962	689
962	707
962	757
962	771
962	790
962	802
962	810
962	812
962	813
962	832
962	842
962	867
962	878
962	891
962	898
962	899
962	935
962	940
962	956
962	973
962	974
962	977
962	988
962	997
962	1000
963	28
963	178
963	212
963	263
963	351
963	366
963	381
963	387
963	489
963	500
963	534
963	547
963	561
963	618
963	620
963	659
963	801
963	807
963	821
963	834
963	837
963	843
963	845
963	866
963	870
963	883
963	893
963	894
963	939
963	943
963	945
963	950
963	964
963	967
963	969
963	985
963	987
963	989
963	993
964	98
964	153
964	160
964	404
964	443
964	473
964	479
964	534
964	556
964	625
964	626
964	684
964	695
964	700
964	703
964	724
964	759
964	787
964	806
964	834
964	847
964	851
964	864
964	866
964	870
964	871
964	882
964	894
964	900
964	913
964	926
964	928
964	930
964	943
964	945
964	950
964	963
964	969
964	993
965	29
965	112
965	233
965	246
965	327
965	378
965	424
965	449
965	493
965	501
965	504
965	569
965	576
965	596
965	712
965	724
965	725
965	760
965	766
965	776
965	789
965	808
965	827
965	835
965	846
965	865
965	886
965	902
965	911
965	924
965	925
965	936
965	944
965	957
965	961
965	967
965	971
965	972
965	984
965	992
965	999
966	132
966	183
966	193
966	229
966	237
966	305
966	342
966	396
966	462
966	467
966	539
966	634
966	645
966	653
966	665
966	685
966	696
966	744
966	781
966	782
966	788
966	822
966	829
966	850
966	857
966	858
966	873
966	880
966	923
966	937
966	942
966	949
966	953
966	968
966	978
966	979
966	980
966	982
966	985
966	990
966	1000
967	40
967	64
967	233
967	303
967	408
967	433
967	445
967	493
967	569
967	579
967	595
967	699
967	701
967	743
967	750
967	760
967	778
967	779
967	808
967	814
967	835
967	846
967	872
967	886
967	889
967	902
967	903
967	911
967	914
967	924
967	925
967	936
967	943
967	944
967	961
967	963
967	965
967	971
967	984
967	997
967	999
968	100
968	182
968	193
968	237
968	276
968	278
968	305
968	384
968	400
968	422
968	434
968	475
968	539
968	665
968	666
968	687
968	696
968	744
968	773
968	781
968	788
968	822
968	829
968	857
968	858
968	873
968	878
968	880
968	923
968	933
968	936
968	937
968	942
968	949
968	953
968	966
968	977
968	978
968	979
968	980
968	983
968	990
969	1
969	55
969	103
969	208
969	353
969	356
969	391
969	410
969	426
969	439
969	470
969	471
969	519
969	520
969	529
969	538
969	547
969	565
969	587
969	598
969	625
969	663
969	674
969	732
969	748
969	763
969	787
969	806
969	882
969	891
969	893
969	894
969	900
969	927
969	934
969	939
969	943
969	945
969	963
969	964
969	974
969	993
970	26
970	77
970	147
970	181
970	190
970	216
970	285
970	312
970	380
970	393
970	459
970	465
970	526
970	575
970	704
970	705
970	723
970	739
970	741
970	800
970	804
970	823
970	828
970	856
970	869
970	871
970	895
970	896
970	905
970	906
970	910
970	912
970	916
970	917
970	928
970	952
970	954
970	958
970	993
970	994
970	995
970	996
971	46
971	76
971	90
971	144
971	161
971	296
971	298
971	310
971	337
971	372
971	406
971	408
971	415
971	523
971	576
971	579
971	701
971	743
971	750
971	778
971	789
971	808
971	814
971	835
971	865
971	886
971	889
971	902
971	911
971	914
971	924
971	925
971	930
971	936
971	938
971	944
971	961
971	965
971	967
971	972
971	984
971	996
971	999
972	29
972	89
972	112
972	210
972	234
972	288
972	372
972	375
972	415
972	485
972	507
972	522
972	523
972	569
972	599
972	701
972	751
972	760
972	766
972	779
972	789
972	808
972	814
972	833
972	835
972	841
972	846
972	865
972	868
972	889
972	900
972	911
972	914
972	924
972	925
972	936
972	944
972	961
972	965
972	971
972	981
972	984
972	999
973	15
973	48
973	67
973	69
973	143
973	154
973	169
973	197
973	301
973	343
973	552
973	553
973	583
973	590
973	597
973	606
973	647
973	654
973	677
973	715
973	727
973	754
973	758
973	795
973	830
973	838
973	842
973	848
973	852
973	863
973	887
973	897
973	898
973	899
973	921
973	929
973	940
973	947
973	956
973	957
973	962
973	975
973	997
973	1000
974	83
974	115
974	136
974	138
974	244
974	363
974	364
974	419
974	440
974	446
974	460
974	553
974	597
974	615
974	624
974	629
974	658
974	661
974	683
974	715
974	716
974	757
974	775
974	777
974	781
974	786
974	792
974	796
974	813
974	817
974	848
974	849
974	852
974	863
974	867
974	879
974	887
974	929
974	935
974	956
974	962
974	969
974	975
974	977
974	997
974	1000
975	30
975	34
975	43
975	128
975	242
975	330
975	349
975	388
975	446
975	452
975	458
975	486
975	553
975	564
975	580
975	606
975	621
975	682
975	691
975	714
975	768
975	776
975	786
975	792
975	796
975	802
975	810
975	812
975	817
975	832
975	838
975	848
975	860
975	863
975	866
975	879
975	888
975	897
975	898
975	921
975	935
975	940
975	947
975	957
975	973
975	974
975	977
975	997
975	1000
976	54
976	94
976	139
976	215
976	260
976	264
976	265
976	284
976	350
976	376
976	402
976	427
976	441
976	474
976	494
976	495
976	502
976	550
976	555
976	572
976	622
976	639
976	649
976	657
976	678
976	729
976	730
976	736
976	737
976	740
976	747
976	770
976	793
976	795
976	799
976	809
976	818
976	849
976	877
976	881
976	890
976	903
976	908
976	909
976	910
976	918
976	922
976	932
976	934
976	960
976	989
977	16
977	71
977	168
977	287
977	295
977	321
977	386
977	388
977	409
977	447
977	457
977	564
977	566
977	577
977	585
977	617
977	624
977	635
977	667
977	672
977	677
977	682
977	686
977	698
977	742
977	771
977	792
977	801
977	802
977	812
977	817
977	830
977	832
977	838
977	842
977	848
977	852
977	875
977	879
977	887
977	888
977	897
977	921
977	935
977	947
977	956
977	957
977	962
977	968
977	974
977	975
977	997
977	1000
978	23
978	42
978	72
978	159
978	170
978	183
978	202
978	220
978	254
978	268
978	316
978	342
978	376
978	396
978	400
978	428
978	461
978	475
978	557
978	630
978	634
978	665
978	666
978	679
978	692
978	696
978	706
978	744
978	749
978	773
978	774
978	788
978	790
978	819
978	822
978	829
978	850
978	854
978	873
978	878
978	880
978	923
978	931
978	937
978	942
978	949
978	953
978	966
978	968
978	979
978	980
978	981
978	990
978	998
979	23
979	100
979	113
979	130
979	132
979	149
979	193
979	254
979	278
979	331
979	377
979	434
979	507
979	521
979	535
979	544
979	604
979	611
979	616
979	630
979	636
979	645
979	653
979	666
979	679
979	685
979	687
979	696
979	706
979	730
979	744
979	773
979	774
979	780
979	782
979	788
979	819
979	829
979	854
979	857
979	858
979	873
979	878
979	880
979	932
979	937
979	942
979	949
979	966
979	968
979	978
979	980
979	990
979	991
980	2
980	42
980	72
980	86
980	149
980	170
980	213
980	229
980	276
980	278
980	297
980	305
980	316
980	334
980	368
980	377
980	396
980	403
980	413
980	428
980	434
980	467
980	482
980	491
980	521
980	603
980	611
980	616
980	634
980	645
980	679
980	685
980	687
980	692
980	696
980	706
980	709
980	744
980	771
980	782
980	829
980	836
980	854
980	857
980	858
980	873
980	880
980	923
980	949
980	953
980	966
980	968
980	978
980	979
980	990
981	9
981	93
981	104
981	108
981	127
981	164
981	166
981	173
981	214
981	225
981	299
981	300
981	322
981	348
981	383
981	423
981	453
981	484
981	509
981	558
981	594
981	603
981	623
981	670
981	708
981	718
981	728
981	734
981	745
981	756
981	764
981	798
981	811
981	825
981	833
981	843
981	855
981	859
981	860
981	876
981	884
981	892
981	899
981	927
981	931
981	933
981	941
981	972
981	978
981	985
981	986
981	992
981	996
981	998
981	1000
982	25
982	38
982	86
982	105
982	129
982	186
982	206
982	257
982	293
982	324
982	346
982	357
982	371
982	373
982	392
982	456
982	508
982	510
982	513
982	514
982	537
982	540
982	541
982	570
982	572
982	574
982	577
982	578
982	592
982	612
982	627
982	631
982	640
982	646
982	650
982	690
982	722
982	752
982	805
982	824
982	861
982	864
982	867
982	874
982	885
982	901
982	904
982	907
982	919
982	955
982	958
982	959
982	966
982	983
982	990
982	991
983	18
983	25
983	51
983	82
983	118
983	163
983	206
983	228
983	262
983	293
983	313
983	324
983	336
983	346
983	371
983	392
983	397
983	405
983	452
983	498
983	510
983	513
983	514
983	516
983	541
983	572
983	574
983	578
983	592
983	627
983	631
983	646
983	657
983	690
983	722
983	752
983	805
983	814
983	824
983	826
983	839
983	861
983	864
983	874
983	885
983	904
983	907
983	919
983	935
983	955
983	959
983	968
983	982
983	987
983	991
983	996
984	31
984	46
984	61
984	90
984	95
984	210
984	288
984	303
984	310
984	319
984	337
984	367
984	408
984	415
984	424
984	433
984	445
984	449
984	458
984	501
984	522
984	523
984	576
984	579
984	588
984	599
984	699
984	701
984	712
984	725
984	743
984	750
984	751
984	760
984	766
984	779
984	789
984	808
984	814
984	835
984	846
984	865
984	872
984	889
984	911
984	914
984	929
984	936
984	944
984	949
984	951
984	961
984	965
984	967
984	971
984	972
984	999
985	8
985	19
985	22
985	66
985	79
985	99
985	106
985	108
985	123
985	173
985	201
985	232
985	277
985	299
985	309
985	322
985	469
985	481
985	487
985	511
985	558
985	560
985	563
985	601
985	623
985	632
985	643
985	670
985	714
985	718
985	731
985	734
985	735
985	745
985	764
985	772
985	788
985	798
985	815
985	816
985	825
985	839
985	840
985	855
985	872
985	883
985	884
985	892
985	912
985	933
985	938
985	941
985	963
985	966
985	981
985	986
985	992
985	996
985	998
986	75
986	88
986	92
986	214
986	270
986	283
986	299
986	309
986	328
986	347
986	432
986	453
986	481
986	484
986	490
986	503
986	509
986	511
986	558
986	573
986	582
986	594
986	623
986	632
986	670
986	708
986	713
986	714
986	718
986	728
986	731
986	735
986	745
986	756
986	764
986	784
986	811
986	816
986	825
986	833
986	839
986	844
986	845
986	851
986	855
986	859
986	872
986	879
986	905
986	926
986	927
986	931
986	933
986	938
986	941
986	958
986	981
986	985
986	992
986	996
986	998
987	6
987	11
987	22
987	62
987	97
987	134
987	137
987	167
987	178
987	205
987	208
987	263
987	269
987	290
987	358
987	381
987	390
987	391
987	394
987	436
987	443
987	472
987	500
987	505
987	542
987	547
987	556
987	561
987	584
987	591
987	598
987	605
987	620
987	626
987	663
987	674
987	684
987	695
987	721
987	732
987	748
987	762
987	777
987	804
987	821
987	834
987	843
987	853
987	891
987	894
987	904
987	913
987	925
987	930
987	943
987	945
987	947
987	950
987	961
987	963
987	983
987	993
988	122
988	165
988	280
988	355
988	360
988	361
988	382
988	385
988	451
988	461
988	499
988	526
988	549
988	557
988	562
988	567
988	571
988	585
988	613
988	633
988	638
988	652
988	660
988	688
988	691
988	693
988	705
988	707
988	717
988	720
988	723
988	739
988	761
988	767
988	797
988	803
988	804
988	827
988	837
988	845
988	847
988	856
988	862
988	871
988	895
988	896
988	905
988	906
988	912
988	915
988	916
988	917
988	928
988	946
988	948
988	950
988	951
988	952
988	958
988	962
988	994
988	995
989	13
989	54
989	58
989	73
989	125
989	139
989	155
989	185
989	195
989	231
989	264
989	282
989	311
989	329
989	350
989	399
989	417
989	418
989	421
989	427
989	438
989	442
989	466
989	474
989	476
989	515
989	519
989	530
989	531
989	555
989	602
989	622
989	644
989	655
989	662
989	668
989	673
989	678
989	702
989	740
989	746
989	747
989	749
989	754
989	780
989	797
989	809
989	818
989	868
989	876
989	877
989	881
989	890
989	908
989	909
989	915
989	918
989	920
989	922
989	952
989	963
989	976
989	996
990	2
990	23
990	27
990	42
990	44
990	70
990	72
990	120
990	149
990	170
990	202
990	213
990	219
990	297
990	316
990	334
990	342
990	378
990	384
990	412
990	417
990	467
990	475
990	482
990	521
990	539
990	544
990	557
990	616
990	630
990	634
990	653
990	665
990	679
990	687
990	692
990	706
990	730
990	744
990	749
990	773
990	781
990	788
990	819
990	822
990	829
990	854
990	857
990	873
990	878
990	880
990	923
990	937
990	942
990	949
990	953
990	966
990	968
990	978
990	979
990	980
990	982
990	995
990	996
991	18
991	38
991	51
991	82
991	86
991	118
991	163
991	186
991	258
991	262
991	286
991	301
991	324
991	332
991	336
991	357
991	371
991	373
991	392
991	397
991	405
991	452
991	456
991	469
991	498
991	508
991	513
991	514
991	521
991	537
991	569
991	570
991	572
991	574
991	578
991	612
991	627
991	631
991	640
991	646
991	650
991	657
991	690
991	694
991	697
991	722
991	752
991	805
991	824
991	856
991	861
991	864
991	874
991	885
991	901
991	904
991	907
991	919
991	955
991	959
991	961
991	979
991	982
991	983
992	19
992	106
992	152
992	174
992	201
992	241
992	268
992	270
992	333
992	345
992	347
992	383
992	423
992	431
992	432
992	453
992	468
992	481
992	490
992	560
992	563
992	573
992	593
992	601
992	610
992	636
992	656
992	664
992	670
992	708
992	714
992	718
992	731
992	734
992	735
992	745
992	756
992	766
992	769
992	772
992	784
992	785
992	798
992	811
992	815
992	816
992	825
992	833
992	840
992	844
992	860
992	872
992	876
992	883
992	884
992	892
992	894
992	931
992	933
992	938
992	941
992	965
992	981
992	985
992	986
992	996
992	997
992	998
993	55
993	101
993	103
993	117
993	126
993	153
993	160
993	179
993	191
993	209
993	217
993	226
993	235
993	259
993	269
993	273
993	294
993	320
993	352
993	353
993	356
993	358
993	387
993	462
993	471
993	472
993	479
993	488
993	505
993	534
993	538
993	542
993	548
993	565
993	584
993	589
993	618
993	655
993	671
993	675
993	704
993	726
993	732
993	748
993	759
993	762
993	777
993	807
993	820
993	821
993	834
993	837
993	845
993	870
993	882
993	891
993	893
993	894
993	900
993	913
993	918
993	939
993	943
993	952
993	963
993	964
993	969
993	970
993	987
993	994
993	999
994	48
994	52
994	77
994	89
994	151
994	181
994	196
994	204
994	243
994	245
994	280
994	285
994	289
994	307
994	326
994	380
994	382
994	429
994	437
994	451
994	454
994	464
994	530
994	543
994	549
994	555
994	566
994	575
994	578
994	581
994	586
994	613
994	633
994	638
994	648
994	651
994	652
994	658
994	688
994	693
994	705
994	707
994	711
994	723
994	741
994	755
994	759
994	761
994	800
994	817
994	823
994	827
994	828
994	847
994	862
994	869
994	871
994	881
994	895
994	896
994	906
994	910
994	912
994	915
994	916
994	917
994	928
994	946
994	948
994	951
994	954
994	970
994	988
994	993
994	995
995	74
995	87
995	122
995	142
995	147
995	151
995	165
995	181
995	190
995	200
995	204
995	249
995	275
995	279
995	285
995	354
995	355
995	360
995	362
995	370
995	380
995	393
995	430
995	437
995	451
995	459
995	461
995	472
995	527
995	546
995	549
995	562
995	566
995	575
995	581
995	613
995	628
995	633
995	651
995	658
995	660
995	681
995	688
995	707
995	711
995	720
995	723
995	735
995	738
995	741
995	767
995	775
995	791
995	800
995	804
995	821
995	823
995	827
995	828
995	847
995	862
995	867
995	869
995	871
995	895
995	896
995	905
995	906
995	910
995	912
995	915
995	917
995	928
995	946
995	951
995	952
995	958
995	960
995	970
995	988
995	990
995	994
996	35
996	75
996	92
996	93
996	127
996	157
996	158
996	166
996	176
996	203
996	240
996	241
996	270
996	283
996	325
996	328
996	340
996	345
996	395
996	431
996	432
996	468
996	481
996	484
996	487
996	490
996	496
996	503
996	511
996	525
996	558
996	559
996	560
996	563
996	573
996	574
996	593
996	603
996	609
996	610
996	618
996	632
996	643
996	664
996	670
996	711
996	713
996	745
996	764
996	769
996	784
996	798
996	811
996	816
996	825
996	833
996	839
996	840
996	844
996	855
996	859
996	860
996	872
996	876
996	883
996	884
996	918
996	927
996	931
996	933
996	938
996	941
996	970
996	971
996	981
996	983
996	985
996	986
996	989
996	990
996	992
996	998
997	9
997	26
997	34
997	67
997	81
997	124
997	128
997	135
997	136
997	138
997	150
997	154
997	199
997	218
997	224
997	256
997	281
997	287
997	308
997	330
997	364
997	386
997	388
997	409
997	440
997	444
997	447
997	483
997	528
997	536
997	553
997	583
997	590
997	600
997	606
997	621
997	641
997	647
997	654
997	680
997	683
997	689
997	691
997	715
997	727
997	733
997	753
997	757
997	758
997	765
997	768
997	771
997	783
997	786
997	790
997	792
997	799
997	802
997	812
997	817
997	830
997	832
997	838
997	842
997	848
997	867
997	875
997	879
997	884
997	887
997	888
997	897
997	898
997	899
997	908
997	921
997	925
997	940
997	947
997	956
997	957
997	958
997	962
997	967
997	973
997	974
997	975
997	977
997	992
997	999
997	1000
998	79
998	92
998	99
998	108
998	123
998	137
998	152
998	158
998	164
998	173
998	174
998	176
998	180
998	201
998	203
998	225
998	232
998	240
998	241
998	277
998	283
998	300
998	325
998	328
998	340
998	383
998	395
998	431
998	468
998	469
998	490
998	509
998	511
998	518
998	525
998	559
998	563
998	573
998	582
998	593
998	594
998	601
998	603
998	609
998	610
998	623
998	632
998	636
998	643
998	664
998	708
998	713
998	714
998	728
998	731
998	735
998	745
998	764
998	769
998	772
998	784
998	785
998	798
998	811
998	815
998	822
998	825
998	833
998	840
998	844
998	848
998	853
998	855
998	859
998	860
998	872
998	876
998	883
998	884
998	891
998	892
998	908
998	927
998	931
998	933
998	938
998	941
998	946
998	978
998	981
998	985
998	986
998	992
998	996
999	31
999	32
999	40
999	46
999	61
999	64
999	76
999	84
999	85
999	90
999	95
999	96
999	145
999	161
999	192
999	210
999	233
999	234
999	246
999	266
999	288
999	303
999	310
999	318
999	327
999	337
999	367
999	372
999	375
999	378
999	406
999	408
999	415
999	424
999	433
999	445
999	449
999	457
999	485
999	493
999	497
999	501
999	504
999	507
999	522
999	523
999	551
999	569
999	576
999	579
999	588
999	595
999	596
999	599
999	624
999	699
999	701
999	712
999	725
999	732
999	740
999	743
999	750
999	751
999	760
999	776
999	778
999	779
999	782
999	789
999	808
999	814
999	835
999	841
999	846
999	865
999	886
999	889
999	902
999	911
999	914
999	924
999	925
999	936
999	944
999	953
999	955
999	961
999	965
999	967
999	971
999	972
999	984
999	993
999	997
1000	3
1000	14
1000	30
1000	39
1000	69
1000	71
1000	83
1000	107
1000	135
1000	172
1000	194
1000	197
1000	200
1000	211
1000	218
1000	222
1000	224
1000	239
1000	242
1000	298
1000	308
1000	321
1000	365
1000	379
1000	398
1000	446
1000	455
1000	458
1000	528
1000	532
1000	536
1000	552
1000	553
1000	577
1000	590
1000	593
1000	600
1000	617
1000	629
1000	635
1000	641
1000	647
1000	661
1000	667
1000	676
1000	686
1000	689
1000	691
1000	715
1000	719
1000	727
1000	742
1000	758
1000	765
1000	768
1000	783
1000	786
1000	790
1000	792
1000	794
1000	802
1000	812
1000	813
1000	817
1000	824
1000	831
1000	832
1000	838
1000	848
1000	852
1000	863
1000	867
1000	875
1000	879
1000	887
1000	898
1000	899
1000	921
1000	922
1000	927
1000	929
1000	935
1000	940
1000	947
1000	948
1000	956
1000	957
1000	962
1000	966
1000	973
1000	974
1000	975
1000	977
1000	981
1000	997
