1	259
1	831
1	911
2	713
2	760
2	920
3	989
3	998
3	1000
4	949
4	992
4	997
5	661
5	958
5	968
6	131
6	492
6	978
7	896
7	994
7	995
8	292
8	984
8	989
9	459
9	972
9	996
10	700
10	895
10	980
11	933
11	969
11	975
12	647
12	911
12	933
13	90
13	925
13	979
14	338
14	541
14	724
15	390
15	683
15	871
16	704
16	815
16	823
17	531
17	898
17	998
18	333
18	885
18	992
19	110
19	810
19	868
20	781
20	865
20	988
21	128
21	961
21	987
22	979
22	994
22	1000
23	573
23	985
23	1000
24	611
24	897
24	934
25	476
25	966
25	967
26	563
26	967
26	999
27	900
27	959
27	969
28	446
28	579
28	936
29	98
29	909
29	977
30	429
30	535
30	822
31	539
31	581
31	703
32	184
32	881
32	953
33	989
33	991
33	995
34	60
34	261
34	981
35	979
35	998
35	1000
36	286
36	846
36	909
37	381
37	992
37	997
38	644
38	947
38	959
39	133
39	782
39	989
40	398
40	488
40	996
41	572
41	831
41	965
42	424
42	511
42	971
43	555
43	943
43	977
44	929
44	990
44	997
45	246
45	607
45	918
46	383
46	505
46	933
47	612
47	625
47	970
48	752
48	915
48	940
49	744
49	978
49	986
50	65
50	989
50	995
51	950
51	960
51	976
52	738
52	851
52	955
53	944
53	991
53	1000
54	948
54	968
54	970
55	919
55	928
55	996
56	651
56	695
56	963
57	73
57	929
57	992
58	928
58	967
58	993
59	150
59	624
59	997
60	34
60	972
60	986
61	850
61	985
61	998
62	614
62	764
62	1000
63	987
63	991
63	1000
64	405
64	963
64	998
65	50
65	979
65	998
66	560
66	830
66	955
67	298
67	993
67	999
68	938
68	984
68	985
69	675
69	713
69	977
70	631
70	928
70	993
71	357
71	904
71	929
72	987
72	989
72	995
73	57
73	701
73	997
74	137
74	943
74	995
75	401
75	544
75	713
76	854
76	910
76	934
77	943
77	961
77	1000
78	855
78	946
78	952
79	768
79	973
79	998
80	946
80	987
80	995
81	632
81	800
81	999
82	575
82	774
82	777
83	90
83	611
83	667
84	529
84	578
84	996
85	264
85	429
85	864
86	680
86	849
86	997
87	550
87	962
87	996
88	792
88	961
88	991
89	314
89	950
89	999
90	13
90	83
90	913
91	753
91	901
91	997
92	488
92	859
92	986
93	983
93	985
93	989
94	270
94	493
94	955
95	859
95	980
95	993
96	621
96	936
96	971
97	582
97	683
97	999
98	29
98	727
98	888
99	882
99	956
99	993
100	584
100	982
100	998
101	638
101	822
101	968
102	147
102	964
102	985
103	462
103	938
103	996
104	596
104	980
104	999
105	228
105	822
105	854
106	427
106	838
106	891
107	212
107	930
107	999
108	429
108	612
108	968
109	378
109	847
109	883
110	19
110	621
110	807
111	678
111	978
111	996
112	855
112	867
112	988
113	425
113	503
113	840
114	904
114	953
114	997
115	702
115	722
115	978
116	496
116	799
116	995
117	671
117	951
117	973
118	421
118	825
118	951
119	955
119	986
119	996
120	574
120	814
120	982
121	385
121	461
121	910
122	949
122	990
122	992
123	750
123	889
123	986
124	501
124	980
124	999
125	702
125	780
125	996
126	839
126	848
126	999
127	591
127	734
127	954
128	21
128	344
128	998
129	486
129	816
129	996
130	990
130	992
130	997
131	6
131	783
131	899
132	806
132	875
132	987
133	39
133	742
133	995
134	835
134	968
134	970
135	919
135	990
135	992
136	691
136	983
136	1000
137	74
137	226
137	888
138	960
138	978
138	985
139	231
139	969
139	974
140	960
140	991
140	994
141	833
141	990
141	997
142	873
142	918
142	977
143	880
143	976
143	998
144	950
144	966
144	993
145	573
145	839
145	966
146	959
146	968
146	975
147	102
147	216
147	944
148	472
148	848
148	999
149	384
149	616
149	965
150	59
150	845
150	999
151	767
151	834
151	948
152	488
152	837
152	972
153	506
153	847
153	1000
154	938
154	976
154	998
155	980
155	993
155	999
156	719
156	802
156	937
157	338
157	713
157	809
158	370
158	669
158	1000
159	867
159	897
159	988
160	264
160	935
160	948
161	705
161	910
161	950
162	813
162	990
162	994
163	401
163	581
163	727
164	600
164	868
164	879
165	950
165	967
165	999
166	793
166	853
166	993
167	825
167	951
167	959
168	659
168	969
168	974
169	681
169	748
169	971
170	726
170	990
170	1000
171	239
171	974
171	975
172	976
172	985
172	998
173	927
173	932
173	979
174	504
174	697
174	825
175	771
175	963
175	988
176	522
176	810
176	888
177	369
177	537
177	684
178	929
178	989
178	990
179	287
179	922
179	999
180	346
180	967
180	993
181	418
181	817
181	994
182	947
182	954
182	988
183	928
183	993
183	999
184	32
184	990
184	992
185	410
185	937
185	965
186	597
186	969
186	974
187	672
187	756
187	876
188	566
188	577
188	942
189	787
189	838
189	942
190	718
190	952
190	988
191	890
191	904
191	997
192	953
192	992
192	997
193	979
193	993
193	999
194	753
194	885
194	990
195	570
195	841
195	898
196	962
196	987
196	989
197	839
197	845
197	999
198	822
198	935
198	985
199	849
199	979
199	1000
200	833
200	849
200	997
201	511
201	669
201	828
202	805
202	828
202	860
203	427
203	865
203	954
204	307
204	908
204	956
205	261
205	789
205	840
206	520
206	576
206	862
207	595
207	853
207	866
208	453
208	547
208	915
209	959
209	973
209	975
210	449
210	890
210	990
211	885
211	990
211	997
212	107
212	249
212	988
213	913
213	940
213	970
214	720
214	958
214	990
215	338
215	495
215	860
216	147
216	738
216	978
217	295
217	766
217	918
218	603
218	723
218	997
219	934
219	979
219	1000
220	739
220	750
220	819
221	661
221	886
221	958
222	513
222	885
222	890
223	581
223	686
223	873
224	946
224	982
224	988
225	345
225	993
225	999
226	137
226	782
226	983
227	820
227	956
227	999
228	105
228	453
228	934
229	627
229	886
229	968
230	755
230	792
230	889
231	139
231	985
231	995
232	546
232	810
232	909
233	295
233	907
233	977
234	308
234	939
234	963
235	592
235	912
235	977
236	625
236	944
236	948
237	410
237	815
237	978
238	788
238	831
238	973
239	171
239	749
239	852
240	346
240	653
240	999
241	967
241	980
241	999
242	896
242	957
242	987
243	542
243	922
243	989
244	564
244	808
244	892
245	647
245	826
245	973
246	45
246	511
246	579
247	825
247	878
247	959
248	875
248	990
248	997
249	212
249	917
249	963
250	527
250	851
250	981
251	843
251	981
251	986
252	615
252	621
252	868
253	813
253	929
253	949
254	578
254	744
254	790
255	494
255	856
255	944
256	418
256	938
256	943
257	305
257	887
257	932
258	471
258	541
258	977
259	1
259	806
259	900
260	835
260	970
260	985
261	34
261	205
261	843
262	806
262	959
262	973
263	807
263	990
263	997
264	85
264	160
264	982
265	979
265	993
265	995
266	394
266	785
266	919
267	530
267	706
267	837
268	640
268	761
268	986
269	595
269	950
269	993
270	94
270	737
270	986
271	982
271	991
271	1000
272	795
272	995
272	999
273	409
273	828
273	873
274	953
274	990
274	997
275	641
275	992
275	997
276	569
276	877
276	974
277	853
277	967
277	993
277	999
278	291
278	874
278	886
278	934
279	553
279	675
279	846
279	868
280	401
280	809
280	921
280	971
281	523
281	807
281	912
281	918
282	757
282	766
282	794
282	971
283	951
283	961
283	979
283	987
284	828
284	888
284	921
284	977
285	470
285	771
285	899
285	996
286	36
286	544
286	623
286	703
287	179
287	509
287	586
287	991
288	486
288	726
288	762
288	1000
289	469
289	661
289	913
289	970
290	460
290	637
290	896
290	988
291	278
291	662
291	822
291	952
292	8
292	308
292	946
292	988
293	607
293	623
293	920
293	941
294	904
294	953
294	990
294	992
295	217
295	233
295	920
295	971
296	678
296	754
296	955
296	996
297	365
297	618
297	679
297	780
298	67
298	533
298	993
298	999
299	781
299	924
299	954
299	988
300	676
300	843
300	969
300	981
301	310
301	537
301	755
301	816
302	470
302	676
302	789
302	999
303	316
303	795
303	993
303	999
304	700
304	818
304	967
304	999
305	257
305	445
305	779
305	984
306	506
306	716
306	823
306	1000
307	204
307	309
307	777
307	972
308	234
308	292
308	609
308	939
309	307
309	702
309	902
309	972
310	301
310	799
310	858
310	972
311	841
311	990
311	992
311	997
312	363
312	942
312	952
312	963
313	716
313	876
313	887
313	976
314	89
314	839
314	967
314	999
315	545
315	640
315	803
315	899
316	303
316	895
316	928
316	993
317	836
317	983
317	987
317	989
318	633
318	879
318	921
318	977
319	499
319	863
319	937
319	951
320	478
320	781
320	946
320	988
321	933
321	937
321	947
321	973
322	507
322	658
322	837
322	954
323	500
323	520
323	930
323	966
324	917
324	931
324	952
324	988
325	384
325	742
325	903
325	947
326	835
326	940
326	968
326	970
327	443
327	598
327	927
327	979
328	836
328	898
328	926
328	994
329	793
329	836
329	991
329	994
330	766
330	814
330	846
330	961
331	701
331	909
331	990
331	997
332	484
332	991
332	994
332	998
333	18
333	890
333	929
333	949
334	957
334	991
334	998
334	1000
335	776
335	810
335	873
335	971
336	442
336	476
336	484
336	957
337	650
337	912
337	971
337	994
338	14
338	157
338	215
338	860
339	903
339	969
339	973
339	974
340	789
340	941
340	978
340	986
341	413
341	458
341	982
341	994
342	542
342	583
342	758
342	964
343	675
343	888
343	909
343	936
344	128
344	531
344	856
344	957
345	225
345	863
345	937
345	974
346	180
346	240
346	795
346	839
347	587
347	955
347	981
347	996
348	403
348	479
348	901
348	997
349	686
349	758
349	772
349	985
350	811
350	942
350	963
350	981
351	569
351	788
351	869
351	973
352	757
352	878
352	973
352	975
353	535
353	822
353	861
353	970
354	439
354	870
354	946
354	952
355	872
355	962
355	979
355	998
356	451
356	917
356	942
356	988
357	71
357	840
357	851
357	996
358	666
358	715
358	863
358	933
359	516
359	616
359	871
359	981
360	971
360	984
360	991
360	1000
361	759
361	979
361	994
361	998
362	845
362	861
362	980
362	999
363	312
363	885
363	992
363	997
364	852
364	926
364	970
364	989
365	297
365	679
365	878
365	903
366	487
366	812
366	990
366	997
367	866
367	915
367	993
367	999
368	900
368	904
368	992
368	997
369	177
369	665
369	871
369	996
370	158
370	591
370	987
370	995
371	768
371	826
371	903
371	975
372	728
372	763
372	957
372	971
373	690
373	907
373	936
373	977
374	561
374	835
374	940
374	968
375	964
375	971
375	983
375	1000
376	775
376	801
376	917
376	924
377	404
377	803
377	824
377	832
378	109
378	778
378	930
378	956
379	632
379	791
379	993
379	999
380	700
380	805
380	910
380	999
381	37
381	538
381	570
381	997
382	650
382	865
382	867
382	939
383	46
383	914
383	973
383	997
384	149
384	325
384	875
384	974
385	121
385	543
385	928
385	993
386	584
386	925
386	929
386	992
387	815
387	941
387	973
387	986
388	766
388	846
388	936
388	977
389	741
389	799
389	976
389	994
390	15
390	593
390	959
390	969
391	446
391	879
391	909
391	994
392	773
392	859
392	908
392	986
393	833
393	953
393	990
393	992
394	266
394	709
394	902
394	927
395	504
395	933
395	965
395	976
396	586
396	682
396	876
396	1000
397	950
397	966
397	980
397	999
398	40
398	483
398	972
398	978
399	854
399	864
399	925
399	970
400	878
400	965
400	974
400	975
401	75
401	163
401	280
401	814
402	684
402	725
402	773
402	996
403	348
403	741
403	986
403	996
404	377
404	495
404	978
404	981
405	64
405	413
405	923
405	962
406	627
406	923
406	935
406	958
407	753
407	990
407	992
407	997
408	552
408	812
408	834
408	915
409	273
409	763
409	787
409	809
410	185
410	237
410	722
410	941
411	875
411	878
411	892
411	959
412	734
412	855
412	946
412	988
413	341
413	405
413	916
413	976
414	841
414	990
414	992
414	997
415	844
415	858
415	940
415	948
416	596
416	919
416	986
416	996
417	733
417	860
417	920
417	971
418	181
418	256
418	983
418	987
419	673
419	767
419	806
419	969
420	894
420	953
420	990
420	997
421	118
421	878
421	969
421	1000
422	838
422	931
422	952
422	954
423	458
423	558
423	985
423	991
424	42
424	727
424	810
424	879
425	113
425	711
425	773
425	884
426	875
426	877
426	975
426	984
427	106
427	203
427	642
427	988
428	714
428	990
428	992
428	997
429	30
429	85
429	108
429	886
430	699
430	994
430	995
430	1000
431	515
431	850
431	983
431	1000
432	689
432	895
432	930
432	966
433	643
433	952
433	969
433	988
434	787
434	924
434	963
434	988
435	639
435	888
435	936
435	977
436	887
436	896
436	964
436	995
437	603
437	916
437	964
437	987
438	487
438	656
438	990
438	992
439	354
439	946
439	952
439	963
440	854
440	935
440	948
440	958
441	590
441	870
441	985
441	998
442	336
442	726
442	960
442	991
443	327
443	655
443	789
443	830
444	882
444	891
444	983
444	987
445	305
445	768
445	922
445	962
445	983
446	28
446	391
446	555
446	685
446	731
447	655
447	714
447	941
447	972
447	996
448	848
448	956
448	967
448	972
448	980
449	210
449	535
449	674
449	992
449	997
450	590
450	799
450	856
450	987
450	994
451	356
451	746
451	890
451	992
451	997
452	827
452	881
452	949
452	953
452	997
453	208
453	228
453	567
453	935
453	983
454	826
454	905
454	976
454	985
454	987
455	772
455	845
455	882
455	930
455	999
456	466
456	882
456	956
456	992
456	999
457	765
457	881
457	893
457	990
457	997
458	341
458	423
458	536
458	916
458	1000
459	9
459	503
459	981
459	986
459	996
460	290
460	782
460	926
460	964
460	989
461	121
461	664
461	866
461	993
461	999
462	103
462	672
462	743
462	981
462	996
463	545
463	961
463	964
463	982
463	984
464	712
464	744
464	858
464	859
464	919
465	835
465	917
465	925
465	940
465	970
466	456
466	853
466	980
466	993
466	999
467	568
467	936
467	966
467	980
467	999
468	883
468	937
468	965
468	969
468	986
469	289
469	475
469	735
469	925
469	997
470	285
470	302
470	889
470	977
470	996
471	258
471	728
471	814
471	836
471	971
472	148
472	932
472	962
472	991
472	1000
473	740
473	927
473	960
473	974
473	985
474	846
474	893
474	922
474	957
474	984
475	469
475	567
475	812
475	864
475	925
476	25
476	336
476	866
476	993
476	999
477	761
477	820
477	884
477	915
477	972
478	320
478	642
478	917
478	931
478	988
479	348
479	901
479	904
479	992
479	997
480	569
480	649
480	947
480	951
480	991
481	644
481	932
481	987
481	989
481	991
482	660
482	910
482	950
482	993
482	999
483	398
483	530
483	676
483	919
483	941
484	332
484	336
484	964
484	976
484	984
485	910
485	928
485	950
485	980
485	999
486	129
486	288
486	737
486	984
486	985
487	366
487	438
487	606
487	953
487	997
488	40
488	92
488	152
488	532
488	955
489	563
489	702
489	966
489	993
489	999
490	688
490	923
490	966
490	984
490	998
491	719
491	889
491	911
491	933
491	965
492	6
492	935
492	948
492	958
492	970
493	94
493	702
493	783
493	955
493	990
494	255
494	784
494	990
494	992
494	997
495	215
495	404
495	751
495	766
495	807
496	116
496	779
496	922
496	961
496	962
497	802
497	947
497	951
497	965
497	969
498	646
498	932
498	945
498	989
498	1000
499	319
499	757
499	808
499	937
499	951
500	323
500	861
500	960
500	967
500	999
501	124
501	554
501	653
501	950
501	999
502	515
502	736
502	790
502	858
502	871
503	113
503	459
503	693
503	815
503	972
504	174
504	395
504	947
504	965
504	974
505	46
505	510
505	806
505	863
505	974
506	153
506	306
506	602
506	994
506	1000
507	322
507	801
507	917
507	931
507	988
508	906
508	926
508	932
508	994
508	998
509	287
509	984
509	987
509	995
509	998
510	505
510	915
510	948
510	968
510	970
511	42
511	201
511	246
511	541
511	973
512	534
512	622
512	647
512	900
512	911
513	222
513	881
513	953
513	963
513	997
514	568
514	800
514	956
514	993
514	999
515	431
515	502
515	750
515	790
515	899
516	359
516	941
516	972
516	986
516	996
517	684
517	761
517	840
517	986
517	996
518	870
518	923
518	982
518	983
518	1000
519	850
519	938
519	943
519	991
519	998
520	206
520	323
520	956
520	993
520	999
521	964
521	979
521	987
521	989
521	994
522	176
522	713
522	731
522	805
522	977
523	281
523	805
523	814
523	873
523	921
524	822
524	834
524	943
524	958
524	968
525	672
525	938
525	989
525	991
525	1000
526	607
526	873
526	907
526	912
526	959
527	250
527	871
527	919
527	986
527	996
528	899
528	908
528	941
528	945
528	981
529	84
529	552
529	638
529	940
529	970
530	267
530	483
530	792
530	981
530	996
531	17
531	344
531	944
531	969
531	989
532	488
532	534
532	771
532	790
532	996
533	298
533	659
533	829
533	951
533	965
534	512
534	532
534	820
534	823
534	955
535	30
535	353
535	449
535	874
535	948
536	458
536	654
536	745
536	945
536	995
537	177
537	301
537	851
537	899
537	964
538	381
538	827
538	901
538	990
538	992
539	31
539	560
539	600
539	908
539	996
540	669
540	675
540	731
540	760
540	920
541	14
541	258
541	511
541	692
541	786
542	243
542	342
542	979
542	993
542	1000
543	385
543	568
543	818
543	895
543	993
544	75
544	286
544	669
544	813
544	918
545	315
545	463
545	684
545	739
545	996
546	232
546	614
546	764
546	994
546	1000
547	208
547	625
547	925
547	968
547	982
548	696
548	704
548	721
548	934
548	948
549	901
549	949
549	953
549	992
549	997
550	87
550	909
550	922
550	983
550	995
551	752
551	874
551	880
551	940
551	958
552	408
552	529
552	677
552	854
552	968
553	279
553	763
553	920
553	971
553	977
554	501
554	613
554	770
554	926
554	1000
555	43
555	446
555	920
555	971
555	977
556	944
556	970
556	982
556	998
556	1000
557	651
557	767
557	940
557	968
557	970
558	423
558	880
558	957
558	987
558	998
559	866
559	930
559	980
559	993
559	999
560	66
560	539
560	830
560	900
560	978
561	374
561	611
561	752
561	854
561	935
561	958
562	608
562	957
562	983
562	984
562	998
562	1000
563	26
563	489
563	910
563	930
563	993
563	999
564	244
564	715
564	878
564	914
564	953
564	973
565	765
565	903
565	953
565	990
565	992
565	997
566	188
566	604
566	617
566	694
566	931
566	954
567	453
567	475
567	627
567	651
567	844
567	968
568	467
568	514
568	543
568	910
568	967
568	999
569	276
569	351
569	480
569	959
569	965
569	996
570	195
570	381
570	929
570	949
570	992
570	997
571	740
571	790
571	820
571	823
571	981
571	986
572	41
572	715
572	959
572	965
572	969
572	975
573	23
573	145
573	872
573	880
573	943
573	976
574	120
574	747
574	923
574	943
574	979
574	982
575	82
575	837
575	864
575	978
575	981
575	996
576	206
576	645
576	791
576	910
576	950
576	999
577	188
577	867
577	942
577	952
577	954
577	988
578	84
578	254
578	608
578	706
578	823
578	972
579	28
579	246
579	868
579	909
579	918
579	977
580	605
580	631
580	893
580	957
580	994
580	1000
581	31
581	163
581	223
581	795
581	909
581	921
582	97
582	664
582	689
582	930
582	962
582	993
583	342
583	833
583	891
583	982
583	983
583	994
584	100
584	386
584	949
584	953
584	992
584	997
585	885
585	929
585	949
585	953
585	990
585	992
586	287
586	396
586	826
586	962
586	987
586	989
587	347
587	674
587	813
587	827
587	990
587	997
588	863
588	892
588	947
588	973
588	974
588	976
589	668
589	821
589	839
589	966
589	980
589	993
590	441
590	450
590	891
590	927
590	982
590	995
591	127
591	370
591	745
591	772
591	961
591	962
592	235
592	748
592	828
592	846
592	907
592	920
593	390
593	729
593	831
593	959
593	965
593	966
594	607
594	681
594	846
594	879
594	909
594	936
595	207
595	269
595	980
595	993
595	998
595	999
596	104
596	416
596	928
596	966
596	980
596	999
597	186
597	808
597	825
597	883
597	951
597	965
598	327
598	657
598	742
598	937
598	982
598	994
599	648
599	782
599	928
599	956
599	980
599	993
600	164
600	539
600	803
600	832
600	919
600	996
601	802
601	829
601	831
601	860
601	933
601	975
602	506
602	741
602	899
602	941
602	955
602	972
603	218
603	437
603	637
603	964
603	991
603	998
604	566
604	736
604	775
604	931
604	946
604	952
605	580
605	945
605	982
605	987
605	991
605	995
606	487
606	833
606	906
606	949
606	992
606	997
607	45
607	293
607	526
607	594
607	924
607	977
608	562
608	578
608	858
608	978
608	986
608	996
609	308
609	787
609	952
609	963
609	980
609	988
610	712
610	771
610	919
610	955
610	987
610	996
611	24
611	83
611	561
611	834
611	934
611	948
612	47
612	108
612	844
612	886
612	934
612	958
613	554
613	726
613	774
613	896
613	987
613	989
614	62
614	546
614	869
614	945
614	998
614	1000
615	252
615	633
615	748
615	807
615	936
615	971
616	149
616	359
616	750
616	851
616	899
616	986
617	566
617	832
617	939
617	952
617	954
617	988
618	297
618	829
618	900
618	965
618	973
618	974
619	804
619	845
619	950
619	956
619	967
619	993
620	711
620	774
620	797
620	884
620	894
620	985
621	96
621	110
621	252
621	751
621	814
621	888
622	512
622	683
622	933
622	951
622	973
622	997
623	286
623	293
623	713
623	892
623	918
623	977
624	59
624	720
624	784
624	949
624	992
624	997
625	47
625	236
625	547
625	934
625	948
625	958
626	628
626	838
626	918
626	931
626	963
626	988
627	229
627	406
627	567
627	864
627	886
627	935
628	626
628	694
628	897
628	924
628	942
628	988
629	676
629	797
629	850
629	916
629	976
629	991
630	786
630	836
630	991
630	995
630	998
630	1000
631	70
631	580
631	716
631	856
631	916
631	998
632	81
632	379
632	966
632	980
632	993
632	999
633	318
633	615
633	690
633	775
633	907
633	921
634	881
634	917
634	949
634	953
634	990
634	992
635	707
635	834
635	863
635	933
635	965
635	975
636	745
636	763
636	926
636	989
636	998
636	1000
637	290
637	603
637	893
637	922
637	991
637	994
638	101
638	529
638	735
638	913
638	935
638	968
639	435
639	898
639	985
639	991
639	998
639	1000
640	268
640	315
640	830
640	843
640	978
640	986
641	275
641	911
641	953
641	990
641	992
641	997
642	427
642	478
642	862
642	924
642	939
642	988
643	433
643	917
643	939
643	942
643	963
643	988
644	38
644	481
644	883
644	947
644	969
644	973
645	576
645	895
645	950
645	966
645	993
645	999
646	498
646	740
646	869
646	932
646	954
646	998
647	12
647	245
647	512
647	965
647	969
647	994
648	599
648	716
648	725
648	791
648	967
648	980
649	480
649	710
649	933
649	947
649	951
649	991
650	337
650	382
650	733
650	766
650	879
650	909
651	56
651	557
651	567
651	696
651	864
651	913
652	887
652	976
652	983
652	989
652	991
652	995
653	240
653	501
653	845
653	930
653	966
653	980
653	999
654	536
654	665
654	803
654	858
654	941
654	955
654	996
655	443
655	447
655	955
655	981
655	986
655	989
655	996
656	438
656	680
656	783
656	849
656	953
656	992
656	997
657	598
657	749
657	857
657	908
657	960
657	983
657	998
658	322
658	695
658	775
658	811
658	897
658	954
658	988
659	168
659	533
659	877
659	892
659	959
659	974
659	989
660	482
660	687
660	930
660	950
660	967
660	980
660	999
661	5
661	221
661	289
661	735
661	812
661	968
661	992
662	291
662	663
662	751
662	925
662	935
662	958
662	970
663	662
663	842
663	886
663	934
663	940
663	948
663	970
664	461
664	582
664	752
664	956
664	966
664	967
664	999
665	369
665	654
665	789
665	800
665	832
665	986
665	996
666	358
666	699
666	842
666	925
666	940
666	968
666	970
667	83
667	844
667	912
667	913
667	958
667	968
667	970
668	589
668	684
668	804
668	821
668	882
668	956
668	966
669	158
669	201
669	540
669	544
669	807
669	921
669	936
670	729
670	894
670	903
670	911
670	937
670	973
670	974
671	117
671	687
671	690
671	733
671	868
671	918
671	971
672	187
672	462
672	525
672	869
672	932
672	994
672	995
673	419
673	900
673	935
673	937
673	947
673	965
673	974
674	449
674	587
674	813
674	841
674	901
674	929
674	997
675	69
675	279
675	343
675	540
675	763
675	920
675	977
676	300
676	302
676	483
676	629
676	819
676	941
676	978
677	552
677	869
677	887
677	983
677	994
677	998
677	1000
678	111
678	296
678	732
678	780
678	840
678	859
678	986
679	297
679	365
679	757
679	877
679	903
679	974
679	991
680	86
680	656
680	953
680	965
680	990
680	992
680	997
681	169
681	594
681	731
681	733
681	809
681	971
681	995
682	396
682	856
682	905
682	984
682	987
682	994
682	995
683	15
683	97
683	622
683	875
683	892
683	959
683	975
684	177
684	402
684	517
684	545
684	668
684	803
684	986
685	446
685	692
685	751
685	796
685	828
685	912
685	918
686	223
686	349
686	880
686	960
686	961
686	962
686	984
687	660
687	671
687	703
687	760
687	828
687	868
687	971
688	490
688	976
688	983
688	991
688	995
688	998
688	1000
689	432
689	582
689	725
689	818
689	824
689	927
689	967
690	373
690	633
690	671
690	814
690	873
690	907
690	920
691	136
691	923
691	960
691	961
691	964
691	979
691	998
692	541
692	685
692	712
692	727
692	794
692	912
692	977
693	503
693	736
693	942
693	946
693	954
693	963
693	988
694	566
694	628
694	939
694	946
694	952
694	954
694	988
695	56
695	658
695	756
695	897
695	939
695	946
695	988
696	548
696	651
696	835
696	841
696	844
696	913
696	915
697	174
697	707
697	719
697	900
697	937
697	945
697	951
698	704
698	812
698	933
698	934
698	935
698	968
698	970
699	430
699	666
699	844
699	913
699	940
699	958
699	970
700	10
700	304
700	380
700	839
700	953
700	993
700	999
701	73
701	331
701	849
701	901
701	990
701	992
701	997
702	115
702	125
702	309
702	489
702	493
702	798
702	986
703	31
703	286
703	687
703	713
703	803
703	907
703	971
703	977
704	16
704	548
704	698
704	886
704	935
704	948
704	968
704	970
705	161
705	753
705	881
705	949
705	953
705	990
705	992
705	997
706	267
706	578
706	777
706	803
706	889
706	978
706	981
706	986
707	635
707	697
707	729
707	835
707	883
707	911
707	914
707	951
708	737
708	863
708	872
708	898
708	943
708	991
708	994
708	995
709	394
709	722
709	738
709	785
709	889
709	972
709	988
709	996
710	649
710	729
710	826
710	847
710	914
710	937
710	975
710	991
711	425
711	620
711	891
711	961
711	962
711	976
711	983
711	998
712	464
712	610
712	692
712	754
712	830
712	832
712	884
712	908
713	2
713	69
713	75
713	157
713	522
713	623
713	703
713	873
714	428
714	447
714	739
714	777
714	902
714	908
714	972
714	996
715	358
715	564
715	572
715	900
715	965
715	969
715	973
715	1000
716	306
716	313
716	631
716	648
716	786
716	905
716	960
716	994
717	945
717	960
717	985
717	987
717	989
717	994
717	995
717	1000
718	190
718	769
718	865
718	917
718	924
718	946
718	988
718	999
719	156
719	491
719	697
719	768
719	826
719	933
719	975
719	986
720	214
720	624
720	765
720	881
720	949
720	990
720	997
720	998
721	548
721	880
721	906
721	923
721	927
721	943
721	964
721	989
722	115
722	410
722	709
722	941
722	972
722	981
722	986
722	996
723	218
723	732
723	746
723	801
723	813
723	901
723	929
723	992
724	14
724	748
724	766
724	809
724	860
724	868
724	936
724	997
725	402
725	648
725	689
725	928
725	966
725	967
725	980
725	999
726	170
726	288
726	442
726	613
726	770
726	867
726	960
726	987
727	98
727	163
727	424
727	692
727	760
727	936
727	937
727	971
728	372
728	471
728	751
728	760
728	809
728	888
728	909
728	971
729	593
729	670
729	707
729	710
729	951
729	965
729	969
729	990
730	854
730	926
730	943
730	960
730	984
730	995
730	998
730	1000
731	446
731	522
731	540
731	681
731	794
731	810
731	846
731	880
732	678
732	723
732	885
732	901
732	929
732	990
732	992
732	997
733	417
733	650
733	671
733	681
733	794
733	807
733	860
733	873
733	958
734	127
734	412
734	756
734	781
734	862
734	924
734	954
734	974
734	988
735	469
735	638
735	661
735	812
735	915
735	934
735	940
735	958
735	968
736	502
736	604
736	693
736	862
736	931
736	942
736	952
736	954
736	963
737	270
737	486
737	708
737	774
737	893
737	957
737	991
737	995
737	998
738	52
738	216
738	709
738	798
738	837
738	843
738	899
738	955
738	981
739	220
739	545
739	714
739	897
739	955
739	972
739	981
739	986
739	996
740	473
740	571
740	646
740	797
740	872
740	932
740	989
740	998
740	1000
741	389
741	403
741	602
741	830
741	832
741	884
741	955
741	981
741	996
742	133
742	325
742	598
742	887
742	893
742	961
742	964
742	983
742	989
743	462
743	783
743	871
743	884
743	889
743	919
743	942
743	972
743	978
744	49
744	254
744	464
744	789
744	823
744	975
744	981
744	986
744	996
745	536
745	591
745	636
745	822
745	944
745	979
745	984
745	994
745	998
746	451
746	723
746	833
746	926
746	929
746	949
746	990
746	992
746	997
747	574
747	772
747	857
747	923
747	961
747	964
747	974
747	994
747	1000
748	169
748	592
748	615
748	724
748	794
748	809
748	828
748	918
748	998
749	239
749	657
749	985
749	987
749	989
749	992
749	994
749	995
749	1000
750	123
750	220
750	515
750	616
750	754
750	919
750	947
750	981
750	996
751	495
751	621
751	662
751	685
751	728
751	868
751	873
751	888
751	977
752	48
752	551
752	561
752	664
752	854
752	874
752	925
752	948
752	970
753	91
753	194
753	407
753	705
753	949
753	957
753	990
753	992
753	997
754	296
754	712
754	750
754	773
754	827
754	832
754	955
754	978
754	986
755	230
755	301
755	851
755	871
755	924
755	941
755	972
755	978
755	986
756	187
756	695
756	734
756	867
756	897
756	942
756	946
756	963
756	988
757	282
757	352
757	499
757	679
757	808
757	878
757	969
757	974
757	975
758	342
758	349
758	961
758	977
758	985
758	987
758	989
758	995
758	1000
759	361
759	905
759	913
759	932
759	944
759	983
759	991
759	995
759	1000
760	2
760	540
760	687
760	727
760	728
760	879
760	909
760	971
760	977
761	268
761	477
761	517
761	837
761	889
761	908
761	955
761	978
761	981
762	288
762	772
762	837
762	870
762	916
762	943
762	944
762	982
762	989
762	994
763	372
763	409
763	553
763	636
763	675
763	805
763	888
763	912
763	936
763	971
764	62
764	546
764	793
764	869
764	906
764	979
764	981
764	991
764	995
764	998
765	457
765	565
765	720
765	773
765	784
765	881
765	904
765	929
765	990
765	992
766	217
766	282
766	330
766	388
766	495
766	650
766	724
766	853
766	879
766	912
767	151
767	419
767	557
767	842
767	864
767	915
767	934
767	935
767	958
767	970
768	79
768	371
768	445
768	719
768	847
768	911
768	951
768	973
768	974
768	975
769	718
769	865
769	867
769	917
769	939
769	946
769	954
769	963
769	978
769	988
770	554
770	726
770	817
770	842
770	922
770	932
770	976
770	994
770	995
770	1000
771	175
771	285
771	532
771	610
771	843
771	902
771	978
771	981
771	986
771	996
772	349
772	455
772	591
772	747
772	762
772	898
772	962
772	984
772	985
772	1000
773	392
773	402
773	425
773	754
773	765
773	837
773	858
773	908
773	978
773	996
774	82
774	613
774	620
774	737
774	793
774	938
774	957
774	960
774	985
774	1000
775	376
775	604
775	633
775	658
775	781
775	811
775	855
775	952
775	954
775	988
776	335
776	786
776	891
776	927
776	964
776	976
776	994
776	995
776	998
776	1000
777	82
777	307
777	706
777	714
777	815
777	858
777	941
777	955
777	960
777	981
778	378
778	824
778	848
778	895
778	950
778	956
778	972
778	980
778	993
778	999
779	305
779	496
779	876
779	930
779	984
779	987
779	991
779	994
779	995
779	998
780	125
780	297
780	678
780	798
780	832
780	840
780	889
780	978
780	986
780	996
781	20
781	299
781	320
781	734
781	775
781	855
781	924
781	939
781	940
781	988
782	39
782	226
782	460
782	599
782	850
782	943
782	957
782	982
782	987
782	998
783	131
783	493
783	656
783	743
783	889
783	899
783	908
783	955
783	978
783	996
784	494
784	624
784	765
784	831
784	841
784	890
784	929
784	990
784	992
784	997
785	266
785	709
785	819
785	871
785	889
785	902
785	908
785	922
785	972
785	996
786	541
786	630
786	716
786	776
786	896
786	943
786	982
786	983
786	998
786	1000
787	189
787	409
787	434
787	609
787	917
787	931
787	942
787	946
787	954
787	988
788	238
788	351
788	826
788	829
788	883
788	892
788	900
788	902
788	959
788	969
789	205
789	302
789	340
789	443
789	665
789	744
789	940
789	981
789	986
789	996
790	254
790	502
790	515
790	532
790	571
790	884
790	919
790	981
790	986
790	988
791	379
791	576
791	648
791	821
791	845
791	857
791	950
791	956
791	966
791	980
791	993
792	88
792	230
792	530
792	889
792	899
792	941
792	955
792	972
792	978
792	986
792	996
793	166
793	329
793	764
793	774
793	898
793	938
793	960
793	982
793	989
793	994
793	998
794	282
794	692
794	731
794	733
794	748
794	868
794	907
794	921
794	936
794	972
794	977
795	272
795	303
795	346
795	581
795	824
795	882
795	910
795	956
795	967
795	980
795	999
796	685
796	869
796	905
796	944
796	982
796	985
796	989
796	994
796	995
796	998
796	1000
797	620
797	629
797	740
797	843
797	943
797	961
797	962
797	979
797	983
797	995
797	998
798	702
798	738
798	780
798	803
798	823
798	832
798	850
798	859
798	902
798	986
798	996
799	116
799	310
799	389
799	450
799	916
799	923
799	984
799	989
799	995
799	998
799	1000
800	81
800	514
800	665
800	821
800	895
800	928
800	950
800	966
800	967
800	993
800	999
801	376
801	507
801	723
801	862
801	897
801	931
801	939
801	942
801	946
801	952
801	954
802	156
802	497
802	601
802	829
802	903
802	914
802	937
802	959
802	973
802	975
802	987
803	315
803	377
803	600
803	654
803	684
803	703
803	706
803	798
803	819
803	851
803	978
804	619
804	668
804	866
804	882
804	930
804	941
804	956
804	966
804	980
804	993
804	999
805	202
805	380
805	522
805	523
805	763
805	846
805	918
805	920
805	921
805	971
805	993
806	132
806	259
806	262
806	419
806	505
806	877
806	883
806	933
806	947
806	973
806	988
807	110
807	263
807	281
807	495
807	615
807	669
807	733
807	810
807	873
807	912
807	971
808	244
808	499
808	597
808	757
808	829
808	933
808	937
808	947
808	969
808	975
808	994
809	157
809	280
809	409
809	681
809	724
809	728
809	748
809	912
809	918
809	937
809	971
810	19
810	176
810	232
810	335
810	424
810	731
810	807
810	909
810	920
810	921
810	995
811	350
811	658
811	775
811	865
811	897
811	924
811	942
811	946
811	963
811	976
811	988
812	366
812	408
812	475
812	661
812	698
812	735
812	864
812	925
812	934
812	958
812	968
813	162
813	253
813	544
813	587
813	674
813	723
813	881
813	885
813	949
813	990
813	992
814	120
814	330
814	401
814	471
814	523
814	621
814	690
814	846
814	907
814	921
814	971
815	16
815	237
815	387
815	503
815	777
815	881
815	972
815	978
815	981
815	986
815	996
816	129
816	301
816	869
816	907
816	962
816	985
816	987
816	989
816	991
816	998
816	1000
817	181
817	770
817	870
817	880
817	927
817	945
817	960
817	970
817	976
817	991
817	998
818	304
818	543
818	689
818	824
818	848
818	861
818	930
818	948
818	967
818	993
818	999
819	220
819	676
819	785
819	803
819	886
819	899
819	902
819	919
819	931
819	978
819	986
819	996
820	227
820	477
820	534
820	571
820	832
820	840
820	884
820	902
820	941
820	955
820	981
820	986
821	589
821	668
821	791
821	800
821	861
821	866
821	928
821	932
821	967
821	980
821	993
821	999
822	30
822	101
822	105
822	198
822	291
822	353
822	524
822	745
822	842
822	864
822	886
822	958
823	16
823	306
823	534
823	571
823	578
823	744
823	798
823	830
823	837
823	851
823	871
823	996
824	377
824	689
824	778
824	795
824	818
824	839
824	895
824	910
824	956
824	966
824	993
824	999
825	118
825	167
825	174
825	247
825	597
825	829
825	847
825	892
825	911
825	951
825	969
825	1000
826	245
826	371
826	454
826	586
826	710
826	719
826	788
826	829
826	914
826	947
826	959
826	969
827	452
827	538
827	587
827	754
827	849
827	885
827	901
827	904
827	949
827	950
827	990
827	997
828	201
828	202
828	273
828	284
828	592
828	685
828	687
828	748
828	936
828	961
828	971
828	977
829	533
829	601
829	618
829	788
829	802
829	808
829	825
829	826
829	877
829	963
829	969
829	974
830	66
830	443
830	560
830	640
830	712
830	741
830	823
830	840
830	858
830	972
830	986
830	989
831	1
831	41
831	238
831	593
831	601
831	784
831	863
831	877
831	878
831	911
831	947
831	969
832	377
832	600
832	617
832	665
832	712
832	741
832	754
832	780
832	798
832	820
832	859
832	955
833	141
833	200
833	393
833	583
833	606
833	746
833	841
833	890
833	901
833	949
833	992
833	997
834	151
834	408
834	524
834	611
834	635
834	854
834	874
834	935
834	940
834	948
834	968
834	970
835	134
835	260
835	326
835	374
835	465
835	696
835	707
835	934
835	940
835	948
835	968
835	970
836	317
836	328
836	329
836	471
836	630
836	893
836	957
836	962
836	976
836	979
836	991
836	995
837	152
837	267
837	322
837	575
837	738
837	761
837	762
837	773
837	823
837	908
837	981
837	986
837	996
838	106
838	189
838	422
838	626
838	855
838	867
838	931
838	939
838	942
838	954
838	963
838	988
838	993
839	126
839	145
839	197
839	314
839	346
839	589
839	700
839	824
839	887
839	966
839	967
839	993
839	999
840	113
840	205
840	357
840	517
840	678
840	780
840	820
840	830
840	858
840	904
840	978
840	986
840	996
841	195
841	311
841	414
841	674
841	696
841	784
841	833
841	849
841	881
841	901
841	904
841	990
841	997
842	663
842	666
842	767
842	770
842	822
842	886
842	913
842	925
842	934
842	935
842	958
842	968
842	995
843	251
843	261
843	300
843	640
843	738
843	771
843	797
843	884
843	908
843	972
843	978
843	981
843	996
844	415
844	567
844	612
844	667
844	696
844	699
844	915
844	925
844	935
844	940
844	948
844	958
844	984
845	150
845	197
845	362
845	455
845	619
845	653
845	791
845	866
845	928
845	946
845	956
845	958
845	999
846	36
846	279
846	330
846	388
846	474
846	592
846	594
846	731
846	805
846	814
846	909
846	920
846	977
847	109
847	153
847	710
847	768
847	825
847	863
847	875
847	883
847	892
847	947
847	951
847	959
847	975
848	126
848	148
848	448
848	778
848	818
848	861
848	895
848	928
848	956
848	966
848	974
848	993
848	999
849	86
849	199
849	200
849	656
849	701
849	827
849	841
849	885
849	890
849	949
849	953
849	990
849	997
850	61
850	431
850	519
850	629
850	782
850	798
850	852
850	891
850	964
850	979
850	984
850	994
850	996
851	52
851	250
851	357
851	537
851	616
851	755
851	803
851	823
851	859
851	941
851	982
851	986
851	996
852	239
852	364
852	850
852	887
852	893
852	943
852	957
852	976
852	979
852	985
852	986
852	987
852	998
853	166
853	207
853	277
853	466
853	766
853	866
853	910
853	956
853	966
853	967
853	980
853	993
853	999
854	76
854	105
854	399
854	440
854	552
854	561
854	730
854	752
854	834
854	913
854	958
854	968
854	970
855	78
855	112
855	412
855	775
855	781
855	838
855	917
855	924
855	952
855	954
855	963
855	987
855	988
856	255
856	344
856	450
856	631
856	682
856	921
856	945
856	982
856	985
856	989
856	991
856	998
856	1000
857	657
857	747
857	791
857	898
857	927
857	945
857	960
857	982
857	984
857	988
857	989
857	994
857	998
858	310
858	415
858	464
858	502
858	608
858	654
858	773
858	777
858	830
858	840
858	902
858	941
858	972
858	981
859	92
859	95
859	392
859	464
859	678
859	798
859	832
859	851
859	871
859	889
859	919
859	939
859	978
859	996
860	202
860	215
860	338
860	417
860	601
860	724
860	733
860	873
860	879
860	888
860	918
860	921
860	971
860	977
861	353
861	362
861	500
861	818
861	821
861	848
861	882
861	895
861	950
861	956
861	966
861	967
861	993
861	999
862	206
862	642
862	734
862	736
862	801
862	865
862	867
862	924
862	946
862	952
862	954
862	963
862	984
862	988
863	319
863	345
863	358
863	505
863	588
863	635
863	708
863	831
863	847
863	878
863	911
863	937
863	947
863	959
864	85
864	399
864	475
864	575
864	627
864	651
864	767
864	812
864	822
864	872
864	874
864	886
864	913
864	940
865	20
865	203
865	382
865	718
865	769
865	811
865	862
865	924
865	931
865	939
865	942
865	952
865	955
865	988
866	207
866	367
866	461
866	476
866	559
866	804
866	821
866	845
866	853
866	930
866	944
866	966
866	975
866	999
867	112
867	159
867	382
867	577
867	726
867	756
867	769
867	838
867	862
867	931
867	939
867	952
867	963
867	988
868	19
868	164
868	252
868	279
868	579
868	671
868	687
868	724
868	751
868	794
868	918
868	920
868	977
868	985
869	351
869	614
869	646
869	672
869	677
869	764
869	796
869	816
869	905
869	923
869	960
869	964
869	982
869	994
869	998
870	354
870	441
870	518
870	762
870	817
870	887
870	896
870	930
870	944
870	962
870	964
870	983
870	994
870	995
870	1000
871	15
871	359
871	369
871	502
871	527
871	743
871	755
871	785
871	823
871	859
871	899
871	919
871	972
871	981
871	996
872	355
872	573
872	708
872	740
872	864
872	894
872	896
872	932
872	962
872	976
872	984
872	985
872	998
872	999
872	1000
873	142
873	223
873	273
873	335
873	523
873	526
873	690
873	713
873	733
873	751
873	807
873	860
873	934
873	936
873	977
874	278
874	535
874	551
874	752
874	834
874	864
874	915
874	925
874	935
874	940
874	948
874	958
874	968
874	970
874	995
875	132
875	248
875	384
875	411
875	426
875	683
875	847
875	877
875	883
875	900
875	937
875	947
875	973
875	974
875	975
876	187
876	313
876	396
876	779
876	880
876	905
876	916
876	938
876	961
876	965
876	984
876	989
876	994
876	995
876	998
877	276
877	426
877	659
877	679
877	806
877	829
877	831
877	875
877	892
877	903
877	914
877	951
877	957
877	969
877	975
878	247
878	352
878	365
878	400
878	411
878	421
878	564
878	757
878	831
878	863
878	951
878	952
878	969
878	973
878	975
879	164
879	318
879	391
879	424
879	594
879	650
879	760
879	766
879	860
879	907
879	912
879	921
879	929
879	954
879	971
880	143
880	551
880	558
880	573
880	686
880	721
880	731
880	817
880	876
880	916
880	923
880	945
880	957
880	989
880	1000
881	32
881	452
881	457
881	513
881	634
881	705
881	720
881	765
881	813
881	815
881	841
881	953
881	990
881	992
881	997
882	99
882	444
882	455
882	456
882	668
882	795
882	804
882	861
882	910
882	930
882	956
882	966
882	980
882	993
882	999
883	109
883	468
883	597
883	644
883	707
883	788
883	806
883	847
883	875
883	911
883	914
883	937
883	951
883	962
883	965
884	425
884	477
884	620
884	712
884	741
884	743
884	790
884	820
884	843
884	941
884	972
884	978
884	981
884	986
884	996
885	18
885	194
885	211
885	222
885	363
885	585
885	732
885	813
885	827
885	849
885	929
885	949
885	953
885	992
885	993
885	997
886	221
886	229
886	278
886	429
886	612
886	627
886	663
886	704
886	819
886	822
886	842
886	864
886	913
886	934
886	958
886	970
887	257
887	313
887	436
887	652
887	677
887	742
887	839
887	852
887	870
887	905
887	922
887	957
887	960
887	964
887	989
887	991
888	98
888	137
888	176
888	284
888	343
888	435
888	621
888	728
888	751
888	763
888	860
888	912
888	920
888	921
888	936
888	977
889	123
889	230
889	470
889	491
889	706
889	709
889	743
889	761
889	780
889	783
889	785
889	792
889	859
889	941
889	961
889	996
890	191
890	210
890	222
890	333
890	451
890	784
890	833
890	849
890	899
890	904
890	949
890	953
890	989
890	990
890	992
890	997
891	106
891	444
891	583
891	590
891	711
891	776
891	850
891	896
891	923
891	957
891	976
891	983
891	989
891	994
891	997
891	1000
892	244
892	411
892	588
892	623
892	659
892	683
892	788
892	825
892	847
892	877
892	911
892	951
892	965
892	973
892	974
892	975
893	457
893	474
893	580
893	637
893	737
893	742
893	836
893	852
893	906
893	938
893	945
893	957
893	961
893	983
893	984
893	995
894	420
894	620
894	670
894	872
894	916
894	926
894	943
894	945
894	962
894	979
894	982
894	984
894	985
894	987
894	991
894	994
894	998
895	10
895	316
895	432
895	543
895	645
895	778
895	800
895	824
895	848
895	861
895	928
895	931
895	966
895	977
895	980
895	993
895	999
896	7
896	242
896	290
896	436
896	613
896	786
896	870
896	872
896	891
896	926
896	939
896	955
896	964
896	983
896	987
896	994
896	995
897	24
897	159
897	628
897	658
897	695
897	739
897	756
897	801
897	811
897	917
897	931
897	939
897	942
897	952
897	954
897	963
897	988
898	17
898	195
898	328
898	639
898	708
898	772
898	793
898	857
898	906
898	927
898	938
898	976
898	979
898	984
898	985
898	994
898	998
899	131
899	285
899	315
899	515
899	528
899	537
899	602
899	616
899	738
899	783
899	792
899	819
899	871
899	890
899	902
899	978
899	996
900	27
900	259
900	368
900	512
900	560
900	618
900	673
900	697
900	715
900	788
900	875
900	903
900	947
900	959
900	965
900	969
900	974
901	91
901	348
901	479
901	538
901	549
901	674
901	701
901	723
901	732
901	827
901	833
901	841
901	904
901	964
901	990
901	992
901	997
902	309
902	394
902	714
902	771
902	785
902	788
902	798
902	819
902	820
902	858
902	899
902	919
902	972
902	981
902	986
902	992
902	996
903	325
903	339
903	365
903	371
903	565
903	670
903	679
903	802
903	877
903	900
903	914
903	947
903	959
903	973
903	974
903	975
903	986
904	71
904	114
904	191
904	294
904	368
904	479
904	765
904	827
904	840
904	841
904	890
904	901
904	929
904	953
904	990
904	992
904	997
905	454
905	682
905	716
905	759
905	796
905	869
905	876
905	887
905	943
905	957
905	976
905	982
905	983
905	989
905	995
905	997
905	998
906	508
906	606
906	721
906	764
906	893
906	898
906	927
906	945
906	960
906	979
906	983
906	985
906	987
906	989
906	991
906	994
906	995
907	233
907	373
907	526
907	592
907	633
907	690
907	703
907	794
907	814
907	816
907	879
907	909
907	912
907	918
907	920
907	921
907	936
907	977
908	204
908	392
908	528
908	539
908	657
908	712
908	714
908	761
908	773
908	783
908	785
908	837
908	843
908	955
908	972
908	978
908	986
908	991
909	29
909	36
909	232
909	331
909	343
909	391
909	550
909	579
909	581
909	594
909	650
909	728
909	760
909	810
909	846
909	907
909	971
909	977
910	76
910	121
910	161
910	380
910	482
910	485
910	563
910	568
910	576
910	795
910	824
910	853
910	882
910	967
910	980
910	993
910	995
910	999
911	1
911	12
911	491
911	512
911	641
911	670
911	707
911	768
911	825
911	831
911	863
911	883
911	892
911	920
911	947
911	965
911	974
911	975
912	235
912	281
912	337
912	526
912	667
912	685
912	692
912	763
912	766
912	807
912	809
912	879
912	888
912	907
912	918
912	921
912	955
912	977
913	90
913	213
913	289
913	638
913	651
913	667
913	696
913	699
913	759
913	842
913	854
913	864
913	886
913	915
913	925
913	934
913	940
913	948
914	383
914	564
914	707
914	710
914	802
914	826
914	877
914	883
914	903
914	933
914	959
914	965
914	969
914	973
914	974
914	975
914	976
914	983
915	48
915	208
915	367
915	408
915	477
915	510
915	696
915	735
915	767
915	844
915	874
915	913
915	925
915	940
915	948
915	958
915	968
915	970
916	413
916	437
916	458
916	629
916	631
916	762
916	799
916	876
916	880
916	894
916	921
916	938
916	961
916	976
916	979
916	985
916	990
916	995
916	1000
917	249
917	324
917	356
917	376
917	465
917	478
917	507
917	634
917	643
917	718
917	769
917	787
917	855
917	897
917	931
917	939
917	946
917	954
917	963
917	988
918	45
918	142
918	217
918	281
918	544
918	579
918	623
918	626
918	671
918	685
918	748
918	805
918	809
918	860
918	868
918	907
918	912
918	921
918	936
918	979
919	55
919	135
919	266
919	416
919	464
919	483
919	527
919	600
919	610
919	743
919	750
919	790
919	819
919	859
919	871
919	902
919	954
919	955
919	978
919	996
920	2
920	293
920	295
920	417
920	540
920	553
920	555
920	592
920	675
920	690
920	805
920	810
920	846
920	868
920	888
920	907
920	911
920	971
920	977
920	982
921	280
921	284
921	318
921	523
921	581
921	633
921	669
921	794
921	805
921	810
921	814
921	856
921	860
921	879
921	888
921	907
921	912
921	916
921	918
921	971
922	179
922	243
922	445
922	474
922	496
922	550
922	637
922	770
922	785
922	887
922	923
922	927
922	957
922	961
922	962
922	982
922	984
922	985
922	991
922	993
922	995
923	405
923	406
923	490
923	518
923	574
923	691
923	721
923	747
923	799
923	869
923	880
923	891
923	922
923	927
923	943
923	945
923	961
923	964
923	983
923	985
923	999
924	299
924	376
924	434
924	607
924	628
924	642
924	718
924	734
924	755
924	781
924	811
924	855
924	862
924	865
924	931
924	939
924	942
924	946
924	954
924	963
924	988
925	13
925	386
925	399
925	465
925	469
925	475
925	547
925	662
925	666
925	752
925	812
925	842
925	844
925	874
925	913
925	915
925	934
925	940
925	948
925	949
925	958
925	968
926	328
926	364
926	460
926	508
926	554
926	636
926	730
926	746
926	894
926	896
926	938
926	961
926	968
926	979
926	982
926	983
926	984
926	987
926	991
926	994
926	995
926	998
927	173
927	327
927	394
927	473
927	590
927	689
927	721
927	776
927	817
927	857
927	898
927	906
927	922
927	923
927	932
927	944
927	982
927	984
927	985
927	994
927	995
927	998
928	55
928	58
928	70
928	183
928	316
928	385
928	485
928	596
928	599
928	725
928	800
928	821
928	845
928	848
928	895
928	950
928	956
928	966
928	967
928	980
928	984
928	999
929	44
929	57
929	71
929	178
929	253
929	333
929	386
929	570
929	585
929	674
929	723
929	732
929	746
929	765
929	784
929	879
929	885
929	904
929	935
929	990
929	992
929	997
930	107
930	323
930	378
930	432
930	455
930	559
930	563
930	582
930	653
930	660
930	779
930	804
930	818
930	866
930	870
930	882
930	950
930	956
930	967
930	980
930	985
930	993
930	999
931	324
931	422
931	478
931	507
931	566
931	604
931	626
931	736
931	787
931	801
931	819
931	838
931	865
931	867
931	895
931	897
931	917
931	924
931	942
931	946
931	952
931	963
931	988
932	173
932	257
932	472
932	481
932	498
932	508
932	646
932	672
932	740
932	759
932	770
932	821
932	872
932	927
932	944
932	945
932	953
932	961
932	984
932	985
932	995
932	998
932	1000
933	11
933	12
933	46
933	321
933	358
933	395
933	491
933	601
933	622
933	635
933	649
933	698
933	719
933	806
933	808
933	914
933	937
933	955
933	959
933	965
933	969
933	973
933	975
934	24
934	76
934	219
934	228
934	278
934	548
934	611
934	612
934	625
934	663
934	698
934	735
934	767
934	812
934	835
934	842
934	873
934	886
934	913
934	925
934	958
934	968
934	970
935	160
935	198
935	406
935	440
935	453
935	492
935	561
935	627
935	638
935	662
935	673
935	698
935	704
935	767
935	834
935	842
935	844
935	874
935	929
935	940
935	958
935	968
935	970
936	28
936	96
936	343
936	373
936	388
936	435
936	467
936	594
936	615
936	669
936	724
936	727
936	763
936	794
936	828
936	873
936	888
936	907
936	918
936	971
936	977
936	994
936	997
937	156
937	185
937	319
937	321
937	345
937	468
937	499
937	598
937	670
937	673
937	697
937	710
937	727
937	802
937	808
937	809
937	863
937	875
937	883
937	933
937	947
937	973
937	974
938	68
938	103
938	154
938	256
938	519
938	525
938	774
938	793
938	876
938	893
938	898
938	916
938	926
938	961
938	962
938	967
938	979
938	982
938	984
938	985
938	989
938	991
938	995
938	1000
939	234
939	308
939	382
939	617
939	642
939	643
939	694
939	695
939	769
939	781
939	801
939	838
939	859
939	865
939	867
939	896
939	897
939	917
939	924
939	946
939	952
939	954
939	963
939	988
940	48
940	213
940	326
940	374
940	415
940	465
940	529
940	551
940	557
940	663
940	666
940	699
940	735
940	781
940	789
940	834
940	835
940	844
940	864
940	874
940	913
940	915
940	925
940	935
940	958
941	293
941	340
941	387
941	410
941	447
941	483
941	516
941	528
941	602
941	654
941	676
941	722
941	755
941	777
941	792
941	804
941	820
941	851
941	858
941	884
941	889
941	972
941	978
941	981
941	986
942	188
942	189
942	312
942	350
942	356
942	577
942	628
942	643
942	693
942	736
942	743
942	756
942	787
942	801
942	811
942	838
942	865
942	897
942	924
942	931
942	952
942	954
942	963
942	988
942	1000
943	43
943	74
943	77
943	256
943	519
943	524
943	573
943	574
943	708
943	721
943	730
943	762
943	782
943	786
943	797
943	852
943	894
943	905
943	923
943	944
943	956
943	983
943	989
943	994
943	995
943	1000
944	53
944	147
944	236
944	255
944	531
944	556
944	745
944	759
944	762
944	796
944	866
944	870
944	927
944	932
944	943
944	960
944	961
944	976
944	982
944	984
944	985
944	987
944	989
944	991
944	994
944	1000
945	498
945	528
945	536
945	605
945	614
945	697
945	717
945	817
945	856
945	857
945	880
945	893
945	894
945	906
945	923
945	932
945	960
945	973
945	976
945	982
945	984
945	985
945	987
945	994
945	998
945	1000
946	78
946	80
946	224
946	292
946	320
946	354
946	412
946	439
946	604
946	693
946	694
946	695
946	718
946	756
946	769
946	787
946	801
946	811
946	845
946	862
946	917
946	924
946	931
946	939
946	963
946	988
946	996
947	38
947	182
947	321
947	325
947	480
947	497
947	504
947	588
947	644
947	649
947	673
947	750
947	806
947	808
947	826
947	831
947	847
947	863
947	875
947	900
947	903
947	911
947	937
947	959
947	965
947	973
947	974
947	975
948	54
948	151
948	160
948	236
948	415
948	440
948	492
948	510
948	535
948	548
948	611
948	625
948	663
948	704
948	752
948	818
948	834
948	835
948	844
948	874
948	913
948	915
948	925
948	958
948	967
948	968
948	970
948	999
949	4
949	122
949	253
949	333
949	452
949	549
949	570
949	584
949	585
949	606
949	624
949	634
949	705
949	720
949	746
949	753
949	813
949	827
949	833
949	849
949	885
949	890
949	925
949	953
949	972
949	978
949	990
949	997
950	51
950	89
950	144
950	161
950	165
950	269
950	397
950	482
950	485
950	501
950	576
950	619
950	645
950	660
950	778
950	791
950	800
950	827
950	861
950	928
950	930
950	956
950	966
950	967
950	980
950	991
950	993
950	999
951	117
951	118
951	167
951	283
951	319
951	480
951	497
951	499
951	533
951	597
951	622
951	649
951	697
951	707
951	729
951	768
951	825
951	847
951	877
951	878
951	883
951	892
951	959
951	965
951	973
951	974
951	975
951	978
951	994
952	78
952	190
952	291
952	312
952	324
952	354
952	422
952	433
952	439
952	577
952	604
952	609
952	617
952	694
952	736
952	775
952	801
952	855
952	862
952	865
952	867
952	878
952	897
952	931
952	939
952	942
952	963
952	965
952	988
953	32
953	114
953	192
953	274
953	294
953	393
953	420
953	452
953	487
953	513
953	549
953	564
953	565
953	584
953	585
953	634
953	641
953	656
953	680
953	700
953	705
953	849
953	881
953	885
953	890
953	904
953	932
953	949
953	992
953	997
954	127
954	182
954	203
954	299
954	322
954	422
954	566
954	577
954	617
954	646
954	658
954	693
954	694
954	734
954	736
954	769
954	775
954	787
954	801
954	838
954	855
954	862
954	879
954	897
954	917
954	919
954	924
954	939
954	942
954	963
954	984
954	988
955	52
955	66
955	94
955	119
955	296
955	347
955	488
955	493
955	534
955	602
955	610
955	654
955	655
955	738
955	739
955	741
955	754
955	761
955	777
955	783
955	792
955	820
955	832
955	865
955	896
955	908
955	912
955	919
955	933
955	972
955	981
955	996
956	99
956	204
956	227
956	378
956	448
956	456
956	514
956	520
956	599
956	619
956	664
956	668
956	778
956	791
956	795
956	804
956	824
956	845
956	848
956	853
956	861
956	882
956	928
956	930
956	943
956	950
956	966
956	967
956	969
956	980
956	983
956	993
956	999
957	242
957	334
957	336
957	344
957	372
957	474
957	558
957	562
957	580
957	737
957	753
957	774
957	782
957	836
957	852
957	877
957	880
957	887
957	891
957	893
957	905
957	922
957	962
957	979
957	982
957	984
957	985
957	987
957	991
957	994
957	995
957	998
957	1000
958	5
958	214
958	221
958	406
958	440
958	492
958	524
958	551
958	561
958	612
958	625
958	662
958	667
958	699
958	733
958	735
958	767
958	812
958	822
958	842
958	844
958	845
958	854
958	874
958	886
958	915
958	925
958	934
958	935
958	940
958	948
958	968
958	970
959	27
959	38
959	146
959	167
959	209
959	247
959	262
959	390
959	411
959	526
959	569
959	572
959	593
959	659
959	683
959	788
959	802
959	826
959	847
959	863
959	900
959	903
959	914
959	933
959	947
959	951
959	965
959	967
959	969
959	973
959	974
959	975
959	999
960	51
960	138
960	140
960	442
960	473
960	500
960	657
960	686
960	691
960	716
960	717
960	726
960	730
960	774
960	777
960	793
960	817
960	857
960	869
960	887
960	906
960	944
960	945
960	961
960	964
960	976
960	979
960	980
960	985
960	989
960	991
960	994
960	995
960	1000
961	21
961	77
961	88
961	283
961	330
961	463
961	496
961	591
961	686
961	691
961	711
961	742
961	747
961	758
961	797
961	828
961	876
961	889
961	893
961	916
961	922
961	923
961	926
961	932
961	938
961	944
961	960
961	962
961	976
961	986
961	987
961	994
961	995
961	998
962	87
962	196
962	355
962	405
962	445
962	472
962	496
962	582
962	586
962	591
962	686
962	711
962	772
962	797
962	816
962	836
962	870
962	872
962	883
962	894
962	922
962	938
962	957
962	961
962	964
962	966
962	979
962	980
962	982
962	983
962	985
962	987
962	991
962	1000
963	56
963	64
963	175
963	234
963	249
963	312
963	350
963	434
963	439
963	513
963	609
963	626
963	643
963	693
963	736
963	756
963	769
963	811
963	829
963	838
963	855
963	862
963	867
963	897
963	917
963	924
963	931
963	939
963	942
963	946
963	952
963	954
963	983
963	988
964	102
964	342
964	375
964	436
964	437
964	460
964	463
964	484
964	521
964	537
964	603
964	691
964	721
964	742
964	747
964	776
964	850
964	869
964	870
964	887
964	896
964	901
964	923
964	960
964	962
964	975
964	982
964	984
964	987
964	991
964	994
964	995
964	996
964	998
964	1000
965	41
965	149
965	185
965	395
965	400
965	468
965	491
965	497
965	504
965	533
965	569
965	572
965	593
965	597
965	618
965	635
965	647
965	673
965	680
965	715
965	729
965	876
965	883
965	892
965	900
965	911
965	914
965	933
965	947
965	951
965	952
965	959
965	969
965	974
965	975
965	989
966	25
966	144
966	145
966	323
966	397
966	432
966	467
966	489
966	490
966	589
966	593
966	596
966	632
966	645
966	653
966	664
966	668
966	725
966	791
966	800
966	804
966	824
966	839
966	848
966	853
966	861
966	866
966	882
966	895
966	928
966	950
966	956
966	962
966	980
966	993
966	999
966	1000
967	25
967	26
967	58
967	165
967	180
967	241
967	277
967	304
967	314
967	448
967	500
967	568
967	619
967	648
967	660
967	664
967	689
967	725
967	795
967	800
967	818
967	821
967	839
967	853
967	861
967	910
967	928
967	930
967	938
967	948
967	950
967	956
967	959
967	980
967	992
967	993
967	999
968	5
968	54
968	101
968	108
968	134
968	146
968	229
968	326
968	374
968	510
968	524
968	547
968	552
968	557
968	567
968	638
968	661
968	666
968	667
968	698
968	704
968	735
968	812
968	834
968	835
968	842
968	854
968	874
968	915
968	925
968	926
968	934
968	935
968	948
968	958
968	970
968	1000
969	11
969	27
969	139
969	168
969	186
969	300
969	339
969	390
969	419
969	421
969	433
969	468
969	497
969	531
969	572
969	644
969	647
969	715
969	729
969	757
969	788
969	808
969	825
969	826
969	829
969	831
969	877
969	878
969	900
969	914
969	933
969	956
969	959
969	965
969	973
969	974
969	975
970	47
970	54
970	134
970	213
970	260
970	289
970	326
970	353
970	364
970	399
970	465
970	492
970	510
970	529
970	556
970	557
970	662
970	663
970	666
970	667
970	698
970	699
970	704
970	752
970	767
970	817
970	834
970	835
970	854
970	874
970	886
970	915
970	934
970	935
970	948
970	958
970	968
971	42
971	96
971	169
971	280
971	282
971	295
971	335
971	337
971	360
971	372
971	375
971	417
971	471
971	553
971	555
971	615
971	671
971	681
971	687
971	703
971	727
971	728
971	760
971	763
971	805
971	807
971	809
971	814
971	828
971	860
971	879
971	909
971	920
971	921
971	936
971	977
971	981
971	998
972	9
972	60
972	152
972	307
972	309
972	310
972	398
972	447
972	448
972	477
972	503
972	516
972	578
972	602
972	709
972	714
972	722
972	739
972	743
972	755
972	778
972	785
972	792
972	794
972	815
972	830
972	843
972	858
972	871
972	884
972	902
972	908
972	941
972	949
972	955
972	981
972	986
972	996
973	79
973	117
973	209
973	238
973	245
973	262
973	321
973	339
973	351
973	352
973	383
973	387
973	511
973	564
973	588
973	618
973	622
973	644
973	670
973	715
973	768
973	802
973	806
973	875
973	878
973	892
973	903
973	914
973	933
973	937
973	945
973	947
973	951
973	959
973	969
973	974
973	975
973	979
974	139
974	168
974	171
974	186
974	276
974	339
974	345
974	384
974	400
974	473
974	504
974	505
974	588
974	618
974	659
974	670
974	673
974	679
974	734
974	747
974	757
974	768
974	829
974	848
974	875
974	892
974	900
974	903
974	911
974	914
974	937
974	947
974	951
974	959
974	965
974	969
974	973
974	975
975	11
975	146
975	171
975	209
975	352
975	371
975	400
975	426
975	572
975	601
975	635
975	683
975	710
975	719
975	744
975	757
975	768
975	802
975	808
975	847
975	866
975	875
975	877
975	878
975	892
975	903
975	911
975	914
975	933
975	947
975	951
975	959
975	964
975	965
975	969
975	973
975	974
975	977
975	983
976	51
976	143
976	154
976	172
976	313
976	389
976	395
976	413
976	454
976	484
976	573
976	588
976	629
976	652
976	688
976	711
976	770
976	776
976	811
976	817
976	836
976	852
976	872
976	891
976	898
976	905
976	914
976	916
976	944
976	945
976	960
976	961
976	982
976	984
976	985
976	987
976	989
976	991
976	994
976	995
977	29
977	43
977	69
977	142
977	233
977	235
977	258
977	284
977	318
977	373
977	388
977	435
977	470
977	522
977	553
977	555
977	579
977	607
977	623
977	675
977	692
977	703
977	751
977	758
977	760
977	794
977	828
977	846
977	860
977	868
977	873
977	888
977	895
977	907
977	909
977	912
977	920
977	936
977	971
977	975
978	6
978	49
978	111
978	115
978	138
978	216
978	237
978	340
978	398
978	404
978	560
978	575
978	608
978	640
978	676
978	706
978	743
978	754
978	755
978	761
978	769
978	771
978	773
978	780
978	783
978	792
978	803
978	815
978	819
978	840
978	843
978	859
978	884
978	899
978	908
978	919
978	941
978	949
978	951
978	981
978	996
979	13
979	22
979	35
979	65
979	173
979	193
979	199
979	219
979	265
979	283
979	327
979	355
979	361
979	521
979	542
979	574
979	691
979	745
979	764
979	797
979	836
979	850
979	852
979	894
979	898
979	906
979	916
979	918
979	926
979	938
979	957
979	960
979	962
979	973
979	982
979	983
979	984
979	987
979	989
979	998
979	1000
980	10
980	95
980	104
980	124
980	155
980	241
980	362
980	397
980	448
980	466
980	467
980	485
980	559
980	589
980	595
980	596
980	599
980	609
980	632
980	648
980	653
980	660
980	725
980	778
980	791
980	795
980	804
980	821
980	853
980	882
980	895
980	910
980	928
980	930
980	950
980	956
980	960
980	962
980	966
980	967
980	987
980	999
981	34
981	250
981	251
981	300
981	347
981	350
981	359
981	404
981	459
981	462
981	528
981	530
981	571
981	575
981	655
981	706
981	722
981	738
981	739
981	741
981	744
981	750
981	761
981	764
981	771
981	777
981	789
981	790
981	815
981	820
981	837
981	843
981	858
981	871
981	884
981	902
981	941
981	955
981	971
981	972
981	978
981	986
981	996
981	998
982	100
982	120
982	224
982	264
982	271
982	341
982	463
982	518
982	547
982	556
982	574
982	583
982	590
982	598
982	605
982	762
982	782
982	786
982	793
982	796
982	851
982	856
982	857
982	869
982	894
982	905
982	920
982	922
982	926
982	927
982	938
982	944
982	945
982	957
982	962
982	964
982	976
982	979
982	983
982	985
982	987
982	991
982	995
982	998
982	1000
983	93
983	136
983	226
983	317
983	375
983	418
983	431
983	444
983	445
983	453
983	518
983	550
983	562
983	583
983	652
983	657
983	677
983	688
983	711
983	742
983	759
983	786
983	797
983	870
983	891
983	893
983	896
983	905
983	906
983	914
983	923
983	926
983	943
983	956
983	962
983	963
983	975
983	979
983	982
983	984
983	985
983	987
983	991
983	994
983	995
983	998
984	8
984	68
984	305
984	360
984	426
984	463
984	474
984	484
984	486
984	490
984	509
984	562
984	682
984	686
984	730
984	745
984	772
984	779
984	799
984	844
984	850
984	857
984	862
984	872
984	876
984	893
984	894
984	898
984	922
984	926
984	927
984	928
984	932
984	938
984	944
984	945
984	954
984	957
984	964
984	976
984	979
984	983
984	985
984	989
984	991
984	994
984	995
984	998
984	1000
985	23
985	61
985	68
985	93
985	102
985	138
985	172
985	198
985	231
985	260
985	349
985	423
985	441
985	454
985	473
985	486
985	620
985	639
985	717
985	749
985	758
985	772
985	774
985	796
985	816
985	852
985	856
985	868
985	872
985	894
985	898
985	906
985	916
985	922
985	923
985	927
985	930
985	932
985	938
985	944
985	945
985	957
985	960
985	962
985	976
985	982
985	983
985	984
985	987
985	989
985	990
985	991
985	994
985	998
985	1000
986	49
986	60
986	92
986	119
986	123
986	251
986	268
986	270
986	340
986	387
986	392
986	403
986	416
986	459
986	468
986	516
986	517
986	527
986	571
986	608
986	616
986	640
986	655
986	665
986	678
986	684
986	702
986	706
986	719
986	722
986	739
986	744
986	754
986	755
986	771
986	780
986	789
986	790
986	792
986	798
986	815
986	819
986	820
986	830
986	837
986	840
986	851
986	852
986	884
986	902
986	903
986	908
986	941
986	961
986	972
986	981
986	988
987	21
987	63
987	72
987	80
987	132
987	196
987	242
987	283
987	317
987	370
987	418
987	437
987	444
987	450
987	454
987	481
987	509
987	521
987	558
987	586
987	605
987	610
987	613
987	682
987	717
987	726
987	749
987	758
987	779
987	782
987	802
987	816
987	852
987	855
987	894
987	896
987	906
987	926
987	944
987	945
987	957
987	961
987	962
987	964
987	976
987	979
987	980
987	982
987	983
987	985
987	989
987	991
987	994
987	995
987	997
987	998
987	1000
988	20
988	112
988	159
988	175
988	182
988	190
988	212
988	224
988	290
988	292
988	299
988	320
988	324
988	356
988	412
988	427
988	433
988	434
988	478
988	507
988	577
988	609
988	617
988	626
988	628
988	642
988	643
988	658
988	693
988	694
988	695
988	709
988	718
988	734
988	756
988	769
988	775
988	781
988	787
988	790
988	806
988	811
988	838
988	855
988	857
988	862
988	865
988	867
988	897
988	917
988	924
988	931
988	939
988	942
988	946
988	952
988	954
988	963
988	986
989	3
989	8
989	33
989	39
989	50
989	72
989	93
989	178
989	196
989	243
989	317
989	364
989	460
989	481
989	498
989	521
989	525
989	531
989	586
989	613
989	636
989	652
989	655
989	659
989	717
989	721
989	740
989	742
989	749
989	758
989	762
989	793
989	796
989	799
989	816
989	830
989	856
989	857
989	876
989	880
989	887
989	890
989	891
989	905
989	906
989	938
989	943
989	944
989	960
989	965
989	976
989	979
989	984
989	985
989	987
989	991
989	994
989	995
989	1000
990	44
990	122
990	130
990	135
990	141
990	162
990	170
990	178
990	184
990	194
990	210
990	211
990	214
990	248
990	263
990	274
990	294
990	311
990	331
990	366
990	393
990	407
990	414
990	420
990	428
990	438
990	457
990	493
990	494
990	538
990	565
990	585
990	587
990	634
990	641
990	680
990	701
990	705
990	720
990	729
990	732
990	746
990	753
990	765
990	784
990	813
990	827
990	841
990	849
990	881
990	890
990	901
990	904
990	916
990	929
990	949
990	985
990	992
990	997
990	1000
991	33
991	53
991	63
991	88
991	140
991	271
991	287
991	329
991	332
991	334
991	360
991	423
991	442
991	472
991	480
991	481
991	519
991	525
991	603
991	605
991	629
991	630
991	637
991	639
991	649
991	652
991	679
991	688
991	708
991	710
991	737
991	759
991	764
991	779
991	816
991	817
991	836
991	856
991	887
991	894
991	906
991	908
991	922
991	926
991	938
991	944
991	950
991	957
991	960
991	962
991	964
991	976
991	982
991	983
991	984
991	985
991	987
991	989
991	998
991	1000
992	4
992	18
992	37
992	57
992	122
992	130
992	135
992	184
992	192
992	275
992	294
992	311
992	363
992	368
992	386
992	393
992	407
992	414
992	428
992	438
992	449
992	451
992	456
992	479
992	494
992	538
992	549
992	565
992	570
992	584
992	585
992	606
992	624
992	634
992	641
992	656
992	661
992	680
992	701
992	705
992	723
992	732
992	746
992	749
992	753
992	765
992	784
992	813
992	833
992	881
992	885
992	890
992	901
992	902
992	904
992	929
992	953
992	967
992	990
992	997
992	998
993	58
993	67
993	70
993	95
993	99
993	144
993	155
993	166
993	180
993	183
993	193
993	225
993	265
993	269
993	277
993	298
993	303
993	316
993	367
993	379
993	385
993	461
993	466
993	476
993	482
993	489
993	514
993	520
993	542
993	543
993	559
993	563
993	582
993	589
993	595
993	599
993	619
993	632
993	645
993	700
993	778
993	791
993	800
993	804
993	805
993	818
993	821
993	824
993	838
993	839
993	848
993	853
993	861
993	882
993	885
993	895
993	910
993	922
993	930
993	950
993	956
993	966
993	967
993	999
994	7
994	22
994	140
994	162
994	181
994	328
994	329
994	332
994	337
994	341
994	361
994	389
994	391
994	430
994	450
994	506
994	508
994	521
994	546
994	580
994	583
994	598
994	637
994	647
994	672
994	677
994	682
994	708
994	716
994	717
994	745
994	747
994	749
994	762
994	770
994	776
994	779
994	793
994	796
994	808
994	850
994	857
994	869
994	870
994	876
994	891
994	894
994	896
994	898
994	906
994	926
994	927
994	936
994	943
994	944
994	945
994	951
994	957
994	960
994	961
994	964
994	976
994	983
994	984
994	985
994	987
994	989
994	995
994	1000
995	7
995	33
995	50
995	72
995	74
995	80
995	116
995	133
995	231
995	265
995	272
995	370
995	430
995	436
995	509
995	536
995	550
995	590
995	605
995	630
995	652
995	672
995	681
995	682
995	688
995	708
995	717
995	730
995	737
995	749
995	758
995	759
995	764
995	770
995	776
995	779
995	796
995	797
995	799
995	810
995	836
995	842
995	870
995	874
995	876
995	893
995	896
995	905
995	906
995	910
995	916
995	922
995	926
995	927
995	932
995	938
995	943
995	957
995	960
995	961
995	964
995	976
995	982
995	983
995	984
995	987
995	989
995	994
995	996
995	1000
996	9
996	40
996	55
996	84
996	87
996	103
996	111
996	119
996	125
996	129
996	285
996	296
996	347
996	357
996	369
996	402
996	403
996	416
996	447
996	459
996	462
996	470
996	516
996	517
996	527
996	530
996	532
996	539
996	545
996	569
996	575
996	600
996	608
996	610
996	654
996	655
996	665
996	709
996	714
996	722
996	739
996	741
996	744
996	750
996	771
996	773
996	780
996	783
996	785
996	789
996	792
996	798
996	815
996	819
996	823
996	837
996	840
996	843
996	850
996	851
996	859
996	871
996	884
996	889
996	899
996	902
996	919
996	946
996	955
996	964
996	972
996	978
996	981
996	995
997	4
997	37
997	44
997	59
997	73
997	86
997	91
997	114
997	130
997	141
997	191
997	192
997	200
997	211
997	218
997	248
997	263
997	274
997	275
997	311
997	331
997	348
997	363
997	366
997	368
997	381
997	383
997	407
997	414
997	420
997	428
997	449
997	451
997	452
997	457
997	469
997	479
997	487
997	494
997	513
997	549
997	565
997	570
997	584
997	587
997	606
997	622
997	624
997	641
997	656
997	674
997	680
997	701
997	705
997	720
997	724
997	732
997	746
997	753
997	784
997	827
997	833
997	841
997	849
997	881
997	885
997	890
997	891
997	901
997	904
997	905
997	929
997	936
997	949
997	953
997	987
997	990
997	992
997	1000
998	3
998	17
998	35
998	61
998	64
998	65
998	79
998	100
998	128
998	143
998	154
998	172
998	332
998	334
998	355
998	361
998	441
998	490
998	508
998	509
998	519
998	556
998	558
998	562
998	595
998	603
998	614
998	630
998	631
998	636
998	639
998	646
998	657
998	677
998	688
998	691
998	711
998	720
998	730
998	737
998	740
998	745
998	748
998	764
998	776
998	779
998	782
998	786
998	793
998	796
998	797
998	799
998	816
998	817
998	852
998	856
998	857
998	869
998	872
998	876
998	894
998	898
998	905
998	926
998	927
998	932
998	945
998	957
998	961
998	964
998	971
998	979
998	981
998	982
998	983
998	984
998	985
998	987
998	991
998	992
998	999
998	1000
999	26
999	67
999	81
999	89
999	97
999	104
999	107
999	124
999	126
999	148
999	150
999	155
999	165
999	179
999	183
999	193
999	197
999	225
999	227
999	240
999	241
999	272
999	277
999	298
999	302
999	303
999	304
999	314
999	362
999	367
999	379
999	380
999	397
999	455
999	456
999	461
999	466
999	467
999	476
999	482
999	485
999	489
999	500
999	501
999	514
999	520
999	559
999	563
999	568
999	576
999	595
999	596
999	632
999	645
999	653
999	660
999	664
999	700
999	718
999	725
999	778
999	795
999	800
999	804
999	818
999	821
999	824
999	839
999	845
999	848
999	853
999	861
999	866
999	872
999	882
999	895
999	910
999	923
999	928
999	930
999	948
999	950
999	956
999	959
999	966
999	967
999	980
999	993
999	998
999	1000
1000	3
1000	22
1000	23
1000	35
1000	53
1000	62
1000	63
1000	77
1000	136
1000	153
1000	158
1000	170
1000	199
1000	219
1000	271
1000	288
1000	306
1000	334
1000	360
1000	375
1000	396
1000	421
1000	430
1000	431
1000	458
1000	472
1000	498
1000	506
1000	518
1000	525
1000	542
1000	546
1000	554
1000	556
1000	562
1000	580
1000	614
1000	630
1000	636
1000	639
1000	677
1000	688
1000	715
1000	717
1000	730
1000	740
1000	747
1000	749
1000	758
1000	759
1000	770
1000	772
1000	774
1000	776
1000	786
1000	796
1000	799
1000	816
1000	825
1000	856
1000	870
1000	872
1000	880
1000	891
1000	916
1000	932
1000	938
1000	942
1000	943
1000	944
1000	945
1000	957
1000	960
1000	962
1000	964
1000	966
1000	968
1000	979
1000	982
1000	984
1000	985
1000	987
1000	989
1000	990
1000	991
1000	994
1000	995
1000	997
1000	998
1000	999
