1	580
1	951
1	979
2	918
2	932
2	979
3	799
3	868
3	979
4	963
4	984
4	992
5	534
5	986
5	994
6	306
6	974
6	994
7	660
7	818
7	898
8	284
8	990
8	1000
9	913
9	988
9	999
10	311
10	536
10	757
11	860
11	881
11	957
12	735
12	991
12	995
13	902
13	971
13	979
14	931
14	953
14	996
15	991
15	995
15	997
16	691
16	851
16	993
17	775
17	851
17	989
18	957
18	976
18	981
19	91
19	898
19	989
20	767
20	948
20	957
21	757
21	921
21	968
22	612
22	722
22	975
23	978
23	987
23	988
24	859
24	936
24	979
25	601
25	797
25	867
26	901
26	987
26	998
27	983
27	995
27	996
28	574
28	962
28	975
29	46
29	253
29	841
30	741
30	780
30	962
31	961
31	982
31	994
32	759
32	767
32	980
33	805
33	931
33	976
34	904
34	942
34	971
35	963
35	968
35	989
36	971
36	998
36	1000
37	605
37	847
37	971
38	955
38	987
38	1000
39	949
39	953
39	996
40	845
40	942
40	998
41	656
41	715
41	886
42	977
42	995
42	997
43	757
43	959
43	967
44	398
44	895
44	987
45	759
45	882
45	973
46	29
46	642
46	941
47	461
47	936
47	951
48	938
48	983
48	996
49	912
49	953
49	983
50	960
50	969
50	996
51	953
51	960
51	996
52	464
52	973
52	980
53	893
53	933
53	972
54	924
54	974
54	979
55	886
55	914
55	965
56	753
56	948
56	976
57	913
57	978
57	1000
58	799
58	832
58	952
59	738
59	941
59	990
60	755
60	808
60	980
61	674
61	951
61	974
62	816
62	916
62	973
63	713
63	772
63	973
64	927
64	983
64	996
65	949
65	983
65	996
66	824
66	989
66	993
67	971
67	988
67	998
68	924
68	928
68	979
69	955
69	987
69	998
70	114
70	720
70	738
71	947
71	953
71	996
72	391
72	987
72	988
73	991
73	995
73	997
74	945
74	953
74	996
75	894
75	933
75	970
76	400
76	926
76	980
77	866
77	995
77	997
78	873
78	915
78	935
79	944
79	998
79	999
80	321
80	518
80	691
81	991
81	995
81	997
82	392
82	974
82	979
83	785
83	972
83	992
84	711
84	946
84	976
85	925
85	962
85	980
86	981
86	995
86	997
87	982
87	986
87	994
88	486
88	837
88	972
89	912
89	969
89	996
90	634
90	777
90	911
91	19
91	719
91	993
92	618
92	926
92	935
93	934
93	949
93	996
94	798
94	962
94	975
95	814
95	891
95	948
96	861
96	937
96	982
97	981
97	991
97	995
98	255
98	709
98	901
99	500
99	897
99	900
100	908
100	946
100	957
101	954
101	988
101	1000
102	785
102	970
102	984
103	164
103	968
103	989
104	976
104	999
104	1000
105	420
105	653
105	972
106	958
106	995
106	997
107	818
107	965
107	993
108	792
108	970
108	992
109	991
109	995
109	997
110	183
110	843
110	964
111	694
111	882
111	926
112	834
112	940
112	966
113	344
113	515
113	565
114	70
114	764
114	976
115	724
115	749
115	921
116	621
116	845
116	990
117	793
117	986
117	994
118	375
118	676
118	885
119	991
119	995
119	997
120	536
120	889
120	1000
121	399
121	971
121	999
122	832
122	957
122	967
123	537
123	698
123	962
124	878
124	995
124	997
125	991
125	995
125	997
126	991
126	995
126	997
127	922
127	979
127	999
128	930
128	977
128	996
129	335
129	467
129	975
130	645
130	987
130	999
131	723
131	891
131	964
132	978
132	987
132	998
133	935
133	962
133	975
134	570
134	983
134	996
135	848
135	936
135	974
136	991
136	995
136	997
137	752
137	911
137	964
138	777
138	838
138	988
139	991
139	995
139	997
140	641
140	973
140	975
141	971
141	987
141	996
142	897
142	976
142	1000
143	374
143	734
143	829
144	582
144	751
144	984
145	204
145	902
145	988
146	627
146	733
146	759
147	372
147	971
147	999
148	937
148	995
148	997
149	873
149	962
149	973
150	891
150	951
150	990
151	987
151	988
151	999
152	454
152	692
152	867
153	431
153	503
153	905
154	710
154	989
154	992
155	872
155	983
155	996
156	473
156	974
156	979
157	213
157	988
157	1000
158	872
158	955
158	999
159	813
159	835
159	986
160	837
160	851
160	993
161	573
161	946
161	976
162	863
162	983
162	996
163	918
163	951
163	979
164	103
164	950
164	984
165	813
165	986
165	994
166	942
166	987
166	999
167	336
167	576
167	722
168	454
168	689
168	984
169	923
169	971
169	1000
170	407
170	573
170	689
171	978
171	998
171	1000
172	512
172	579
172	967
173	930
173	983
173	996
174	928
174	954
174	988
175	335
175	596
175	975
176	277
176	952
176	976
177	954
177	966
177	988
178	946
178	985
178	990
179	990
179	995
179	997
180	352
180	922
180	979
181	506
181	889
181	985
182	802
182	939
182	986
183	110
183	350
183	790
184	824
184	984
184	990
185	760
185	966
185	1000
186	217
186	992
186	993
187	939
187	982
187	994
188	386
188	971
188	998
189	939
189	982
189	984
190	544
190	809
190	998
191	455
191	921
191	978
192	991
192	995
192	997
193	717
193	863
193	940
194	658
194	961
194	986
195	746
195	814
195	952
196	602
196	904
196	987
197	854
197	966
197	988
198	920
198	954
198	967
199	769
199	964
199	990
200	953
200	969
200	996
201	581
201	775
201	910
202	949
202	983
202	996
203	460
203	976
203	990
204	145
204	637
204	902
205	585
205	974
205	979
206	801
206	821
206	911
207	720
207	783
207	921
208	457
208	967
208	985
209	981
209	995
209	997
210	794
210	947
210	963
211	608
211	925
211	980
212	961
212	982
212	994
213	157
213	617
213	955
214	576
214	740
214	873
215	783
215	941
215	995
216	654
216	737
216	941
217	186
217	249
217	999
218	242
218	255
218	914
219	987
219	998
219	1000
220	401
220	975
220	980
221	832
221	925
221	975
222	623
222	754
222	776
223	758
223	998
223	1000
224	711
224	881
224	964
225	524
225	962
225	973
226	674
226	724
226	952
227	892
227	955
227	987
228	470
228	715
228	734
229	852
229	964
229	985
230	301
230	769
230	914
231	853
231	939
231	982
232	257
232	324
232	974
233	633
233	939
233	986
234	774
234	986
234	988
235	475
235	699
235	780
236	991
236	995
236	997
237	450
237	938
237	996
238	824
238	984
238	992
239	757
239	881
239	998
240	935
240	968
240	975
241	977
241	981
241	997
242	218
242	601
242	970
243	908
243	941
243	964
244	820
244	998
244	1000
245	489
245	719
245	992
246	732
246	834
246	999
247	728
247	949
247	996
248	569
248	680
248	919
249	217
249	876
249	877
250	304
250	881
250	985
251	572
251	942
251	988
252	959
252	981
252	1000
253	29
253	341
253	860
254	845
254	905
254	976
255	98
255	218
255	638
256	720
256	992
256	993
257	232
257	299
257	922
258	880
258	961
258	962
259	473
259	918
259	979
260	823
260	962
260	975
261	953
261	969
261	996
262	951
262	974
262	979
263	720
263	819
263	985
264	746
264	900
264	957
265	737
265	769
265	889
266	644
266	714
266	966
267	788
267	903
267	992
268	287
268	904
268	1000
269	953
269	969
269	996
270	632
270	914
270	979
271	960
271	983
271	996
272	969
272	983
272	996
273	559
273	922
273	974
274	693
274	744
274	947
275	403
275	964
275	990
276	376
276	488
276	605
277	176
277	379
277	885
278	649
278	829
278	893
279	959
279	995
279	997
280	541
280	746
280	967
281	949
281	983
281	996
282	297
282	823
282	950
283	611
283	914
283	970
284	8
284	771
284	954
285	933
285	989
285	993
286	379
286	889
286	985
287	268
287	974
287	979
288	930
288	953
288	969
289	295
289	967
289	976
290	302
290	978
290	988
290	999
291	346
291	960
291	983
291	996
292	926
292	981
292	991
292	997
293	694
293	943
293	965
293	984
294	495
294	540
294	947
294	994
295	289
295	952
295	957
295	990
296	790
296	885
296	900
296	990
297	282
297	614
297	682
297	812
298	909
298	991
298	995
298	997
299	257
299	551
299	918
299	946
300	727
300	802
300	817
300	961
301	230
301	584
301	776
301	950
302	290
302	702
302	954
302	1000
303	519
303	571
303	653
303	963
304	250
304	532
304	964
304	985
305	649
305	751
305	851
305	989
306	6
306	452
306	879
306	918
307	431
307	723
307	782
307	957
308	341
308	602
308	919
308	940
309	397
309	574
309	729
309	980
310	828
310	882
310	908
310	962
311	10
311	928
311	936
311	979
312	667
312	895
312	923
312	1000
313	906
313	937
313	982
313	994
314	600
314	796
314	973
314	980
315	831
315	895
315	940
315	999
316	934
316	960
316	983
316	996
317	936
317	977
317	981
317	995
318	515
318	894
318	943
318	968
319	763
319	852
319	941
319	976
320	464
320	911
320	915
320	973
321	80
321	415
321	605
321	708
322	410
322	682
322	963
322	970
323	930
323	945
323	983
323	996
324	232
324	827
324	932
324	936
325	873
325	882
325	973
325	980
326	732
326	798
326	987
326	1000
327	640
327	898
327	970
327	992
328	835
328	937
328	982
328	994
329	949
329	969
329	983
329	996
330	870
330	925
330	935
330	962
331	833
331	917
331	998
331	999
332	759
332	873
332	975
332	980
333	882
333	935
333	973
333	980
334	427
334	640
334	821
334	972
335	129
335	175
335	926
335	980
336	167
336	793
336	849
336	994
337	954
337	955
337	966
337	1000
338	929
338	987
338	999
338	1000
339	774
339	909
339	933
339	986
340	971
340	988
340	999
340	1000
341	253
341	308
341	602
341	948
342	981
342	991
342	995
342	997
343	378
343	829
343	950
343	989
344	113
344	459
344	632
344	974
345	949
345	966
345	969
345	996
346	291
346	612
346	896
346	975
347	496
347	998
347	999
347	1000
348	933
348	987
348	998
348	1000
349	631
349	856
349	898
349	989
350	183
350	613
350	919
350	976
351	982
351	986
351	994
351	997
352	180
352	916
352	922
352	936
353	790
353	931
353	976
353	985
354	409
354	790
354	896
354	926
355	961
355	982
355	986
355	994
356	519
356	680
356	973
356	975
357	556
357	954
357	957
357	987
358	730
358	866
358	972
358	993
359	439
359	946
359	976
359	985
360	563
360	968
360	992
360	993
361	538
361	848
361	928
361	943
362	777
362	790
362	844
362	964
363	878
363	965
363	968
363	970
364	978
364	988
364	998
364	1000
365	418
365	821
365	887
365	992
366	717
366	896
366	925
366	926
367	750
367	781
367	963
367	989
368	700
368	919
368	937
368	990
369	390
369	947
369	970
369	989
370	912
370	960
370	969
370	996
371	443
371	917
371	955
371	978
372	147
372	771
372	966
372	978
373	830
373	906
373	982
373	994
374	143
374	743
374	800
374	933
375	118
375	891
375	967
375	985
376	276
376	889
376	948
376	976
377	802
377	939
377	982
377	994
378	343
378	886
378	972
378	984
379	277
379	286
379	622
379	990
380	470
380	586
380	915
380	980
381	417
381	675
381	700
381	879
382	960
382	973
382	983
382	996
383	863
383	902
383	923
383	1000
384	977
384	981
384	991
384	997
385	822
385	881
385	964
385	990
386	188
386	847
386	948
386	964
387	909
387	982
387	986
387	994
388	530
388	706
388	993
388	998
389	571
389	950
389	963
389	984
390	369
390	943
390	965
390	993
391	72
391	401
391	871
391	962
392	82
392	721
392	745
392	951
393	396
393	693
393	933
393	968
394	597
394	804
394	974
394	979
395	930
395	949
395	983
395	996
396	393
396	623
396	640
396	965
397	309
397	618
397	816
397	975
398	44
398	756
398	859
398	999
399	121
399	846
399	850
399	964
400	76
400	991
400	995
400	997
401	220
401	391
401	566
401	973
402	923
402	955
402	994
402	1000
403	275
403	621
403	972
403	976
404	837
404	988
404	992
404	993
405	764
405	955
405	978
405	1000
406	940
406	978
406	988
406	1000
407	170
407	911
407	919
407	946
408	635
408	695
408	870
408	994
409	354
409	576
409	975
409	980
410	322
410	507
410	893
410	972
411	901
411	955
411	988
411	1000
412	782
412	811
412	820
412	987
413	869
413	950
413	963
413	989
414	611
414	886
414	965
414	993
415	321
415	589
415	921
415	990
416	566
416	680
416	871
416	980
417	381
417	842
417	885
417	941
418	365
418	467
418	926
418	962
419	828
419	925
419	962
419	973
420	105
420	937
420	986
420	994
421	960
421	969
421	983
421	996
422	916
422	928
422	932
422	946
423	915
423	969
423	983
423	996
424	987
424	988
424	999
424	1000
425	697
425	961
425	982
425	986
426	977
426	981
426	991
426	997
427	334
427	625
427	968
427	993
428	874
428	916
428	951
428	974
429	718
429	800
429	933
429	993
430	562
430	906
430	982
430	994
431	153
431	307
431	589
431	845
432	533
432	851
432	915
432	975
433	581
433	963
433	984
433	993
434	767
434	875
434	891
434	946
435	617
435	939
435	961
435	994
436	856
436	943
436	961
436	963
437	963
437	981
437	995
437	997
438	457
438	790
438	860
438	990
439	359
439	689
439	957
439	982
440	911
440	931
440	946
440	957
441	945
441	963
441	992
441	993
442	977
442	991
442	995
442	997
443	371
443	939
443	986
443	994
444	945
444	953
444	983
444	996
445	726
445	728
445	886
445	965
446	842
446	920
446	952
446	967
447	821
447	877
447	903
447	972
448	715
448	726
448	751
448	866
449	741
449	935
449	962
449	973
449	980
450	237
450	977
450	981
450	991
450	995
451	676
451	918
451	950
451	984
451	992
452	306
452	553
452	951
452	974
452	979
453	473
453	565
453	928
453	932
453	979
454	152
454	168
454	479
454	933
454	989
455	191
455	494
455	509
455	985
455	990
456	958
456	977
456	991
456	995
456	997
457	208
457	438
457	604
457	879
457	976
458	960
458	969
458	975
458	983
458	996
459	344
459	643
459	874
459	951
459	979
460	203
460	602
460	905
460	948
460	985
461	47
461	551
461	580
461	643
461	900
462	938
462	953
462	969
462	983
462	996
463	584
463	684
463	788
463	807
463	992
464	52
464	320
464	729
464	871
464	882
465	854
465	944
465	987
465	994
465	1000
466	691
466	952
466	957
466	967
466	990
467	129
467	418
467	733
467	741
467	759
468	904
468	917
468	988
468	993
468	1000
469	867
469	968
469	984
469	992
469	993
470	228
470	380
470	886
470	968
470	992
471	546
471	757
471	860
471	885
471	957
472	497
472	524
472	671
472	915
472	926
473	156
473	259
473	453
473	799
473	874
474	736
474	930
474	960
474	982
474	996
475	235
475	878
475	965
475	992
475	993
476	815
476	934
476	945
476	969
476	996
477	819
477	832
477	919
477	964
477	990
478	486
478	517
478	730
478	924
478	979
479	454
479	616
479	835
479	963
479	989
480	607
480	913
480	966
480	987
480	999
481	663
481	765
481	952
481	957
481	985
482	746
482	946
482	985
482	990
482	998
483	749
483	940
483	944
483	988
483	992
484	879
484	883
484	952
484	976
484	990
485	827
485	918
485	965
485	974
485	979
486	88
486	478
486	951
486	974
486	979
487	866
487	914
487	984
487	989
487	993
488	276
488	920
488	941
488	964
488	985
489	245
489	611
489	968
489	989
489	993
490	717
490	940
490	971
490	998
490	999
491	724
491	738
491	769
491	891
491	990
492	532
492	557
492	854
492	905
492	976
493	756
493	758
493	901
493	978
493	999
494	455
494	832
494	843
494	875
494	881
495	294
495	813
495	854
495	939
495	994
496	347
496	838
496	884
496	987
496	998
497	472
497	505
497	828
497	973
497	975
498	510
498	655
498	965
498	968
498	970
499	729
499	755
499	925
499	962
499	975
500	99
500	706
500	970
500	972
500	984
501	943
501	972
501	989
501	992
501	993
502	510
502	592
502	816
502	926
502	975
503	153
503	720
503	801
503	875
503	990
504	956
504	981
504	991
504	995
504	997
505	497
505	956
505	958
505	995
505	997
506	181
506	940
506	987
506	998
506	1000
507	410
507	530
507	984
507	992
507	998
508	656
508	800
508	972
508	984
508	989
509	455
509	937
509	982
509	986
509	994
510	498
510	502
510	676
510	894
510	992
511	671
511	927
511	945
511	983
511	996
512	172
512	843
512	920
512	921
512	948
513	597
513	862
513	961
513	982
513	994
514	646
514	782
514	917
514	944
514	998
515	113
515	318
515	601
515	829
515	992
516	669
516	877
516	984
516	989
516	993
517	478
517	918
517	924
517	951
517	974
518	80
518	843
518	919
518	931
518	957
519	303
519	356
519	926
519	975
519	980
520	597
520	787
520	835
520	982
520	986
521	758
521	760
521	833
521	954
521	1000
522	695
522	794
522	835
522	961
522	994
523	590
523	741
523	780
523	925
523	973
524	225
524	472
524	713
524	962
524	975
525	831
525	987
525	988
525	999
525	1000
526	574
526	772
526	871
526	980
526	989
527	619
527	945
527	960
527	983
527	996
528	586
528	818
528	973
528	975
528	980
529	857
529	880
529	890
529	952
529	986
530	388
530	507
530	933
530	989
530	993
531	682
531	748
531	931
531	941
531	985
532	304
532	492
532	599
532	919
532	978
533	432
533	699
533	871
533	915
533	980
534	5
534	817
534	906
534	982
534	986
535	700
535	764
535	791
535	850
535	964
536	10
536	120
536	724
536	908
536	948
537	123
537	583
537	864
537	973
537	980
538	361
538	916
538	928
538	951
538	979
539	927
539	945
539	949
539	983
539	996
540	294
540	564
540	651
540	961
540	964
540	994
541	280
541	925
541	935
541	962
541	973
541	980
542	787
542	857
542	909
542	982
542	986
542	994
543	938
543	953
543	960
543	972
543	983
543	996
544	190
544	688
544	756
544	971
544	998
544	999
545	774
545	959
545	961
545	982
545	986
545	994
546	471
546	860
546	897
546	964
546	967
546	976
547	808
547	902
547	978
547	984
547	987
547	998
548	637
548	710
548	910
548	998
548	999
548	1000
549	572
549	966
549	982
549	988
549	999
549	1000
550	610
550	959
550	981
550	991
550	995
550	997
551	299
551	461
551	924
551	936
551	974
551	999
552	945
552	953
552	960
552	969
552	983
552	996
553	452
553	661
553	918
553	974
553	979
553	984
554	958
554	959
554	977
554	991
554	995
554	997
555	709
555	809
555	961
555	982
555	986
555	994
556	357
556	901
556	929
556	944
556	987
556	1000
557	492
557	899
557	905
557	948
557	964
557	985
558	927
558	934
558	938
558	969
558	983
558	996
559	273
559	916
559	922
559	930
559	951
559	974
560	809
560	830
560	890
560	906
560	982
560	986
561	940
561	970
561	971
561	978
561	998
561	999
562	430
562	789
562	906
562	909
562	982
562	986
563	360
563	833
563	987
563	988
563	998
563	999
564	540
564	909
564	961
564	982
564	986
564	994
565	113
565	453
565	776
565	785
565	992
565	993
566	401
566	416
566	823
566	935
566	973
566	980
567	945
567	949
567	953
567	960
567	983
567	996
568	809
568	909
568	929
568	961
568	982
568	994
569	248
569	729
569	845
569	873
569	962
569	973
570	134
570	809
570	849
570	870
570	961
570	986
571	303
571	389
571	856
571	878
571	971
571	993
572	251
572	549
572	902
572	917
572	954
572	955
573	161
573	170
573	850
573	920
573	946
573	956
574	28
574	309
574	526
574	724
574	962
574	975
575	707
575	727
575	802
575	890
575	952
575	994
576	167
576	214
576	409
576	882
576	978
576	980
577	976
577	977
577	981
577	991
577	995
577	997
578	752
578	893
578	953
578	968
578	992
578	993
579	172
579	742
579	838
579	971
579	978
579	987
580	1
580	461
580	799
580	936
580	948
580	979
581	201
581	433
581	740
581	743
581	914
581	947
582	144
582	956
582	977
582	981
582	991
582	997
583	537
583	896
583	915
583	962
583	973
583	980
584	301
584	463
584	662
584	702
584	947
584	989
585	205
585	806
585	810
585	874
585	928
585	979
586	380
586	528
586	778
586	871
586	935
586	975
587	948
587	956
587	959
587	977
587	995
587	997
588	794
588	866
588	907
588	914
588	970
588	972
589	415
589	431
589	777
589	853
589	890
589	948
590	523
590	909
590	961
590	982
590	986
590	994
591	927
591	949
591	954
591	969
591	983
591	996
592	502
592	615
592	626
592	926
592	962
592	975
593	761
593	838
593	940
593	978
593	981
593	987
594	898
594	965
594	982
594	984
594	992
594	993
595	893
595	907
595	921
595	968
595	992
595	993
596	175
596	612
596	618
596	733
596	925
596	980
597	394
597	513
597	520
597	603
597	986
597	994
598	813
598	937
598	961
598	972
598	982
598	994
599	532
599	889
599	919
599	946
599	952
599	985
600	314
600	956
600	977
600	981
600	991
600	997
601	25
601	242
601	515
601	963
601	970
601	989
602	196
602	308
602	341
602	460
602	879
602	967
603	597
603	849
603	870
603	961
603	982
603	986
604	457
604	805
604	822
604	941
604	985
604	990
605	37
605	276
605	321
605	640
605	737
605	791
606	942
606	954
606	966
606	978
606	998
606	999
607	480
607	917
607	971
607	998
607	999
607	1000
608	211
608	673
608	978
608	988
608	998
608	1000
609	874
609	916
609	928
609	932
609	936
609	974
610	550
610	716
610	741
610	935
610	962
610	975
611	283
611	414
611	489
611	822
611	947
611	993
612	22
612	346
612	596
612	935
612	980
612	983
613	350
613	765
613	846
613	897
613	931
613	990
614	297
614	640
614	685
614	899
614	970
614	972
615	592
615	925
615	973
615	975
615	976
615	980
616	479
616	730
616	781
616	972
616	992
616	993
617	213
617	435
617	670
617	998
617	999
617	1000
618	92
618	397
618	596
618	926
618	962
618	980
619	527
619	977
619	981
619	991
619	995
619	997
620	674
620	848
620	874
620	917
620	932
620	979
621	116
621	403
621	881
621	905
621	919
621	952
622	379
622	737
622	801
622	900
622	911
622	990
623	222
623	396
623	901
623	965
623	972
623	984
624	839
624	910
624	955
624	978
624	987
624	999
625	427
625	781
625	933
625	943
625	970
625	989
625	1000
626	592
626	741
626	925
626	935
626	950
626	973
626	980
627	146
627	722
627	873
627	882
627	915
627	925
627	975
628	808
628	812
628	944
628	966
628	978
628	999
628	1000
629	934
629	938
629	953
629	960
629	969
629	983
629	996
630	791
630	912
630	938
630	960
630	969
630	983
630	996
631	349
631	877
631	936
631	947
631	965
631	972
631	989
632	270
632	344
632	859
632	868
632	916
632	932
632	936
633	233
633	830
633	862
633	870
633	961
633	992
633	994
634	90
634	774
634	809
634	880
634	982
634	986
634	994
635	408
635	830
635	890
635	937
635	960
635	986
635	994
636	889
636	891
636	920
636	931
636	964
636	985
636	996
637	204
637	548
637	904
637	931
637	988
637	998
637	1000
638	255
638	903
638	935
638	947
638	968
638	972
638	984
639	956
639	958
639	977
639	981
639	991
639	995
639	997
640	327
640	334
640	396
640	605
640	614
640	965
640	989
641	140
641	675
641	680
641	925
641	926
641	962
641	980
642	46
642	769
642	897
642	900
642	908
642	928
642	964
643	459
643	461
643	768
643	799
643	932
643	974
643	984
644	266
644	808
644	942
644	955
644	988
644	999
644	1000
645	130
645	850
645	863
645	966
645	998
645	999
645	1000
646	514
646	831
646	944
646	971
646	978
646	987
646	1000
647	806
647	902
647	913
647	955
647	978
647	998
647	999
648	816
648	927
648	930
648	934
648	960
648	969
648	996
649	278
649	305
649	776
649	824
649	867
649	947
649	950
650	692
650	821
650	866
650	893
650	914
650	933
650	965
651	540
651	861
651	862
651	937
651	939
651	986
651	994
652	918
652	922
652	924
652	932
652	951
652	974
652	996
653	105
653	303
653	728
653	829
653	970
653	992
653	993
654	216
654	847
654	908
654	976
654	985
654	990
654	991
655	498
655	693
655	773
655	898
655	943
655	947
655	965
656	41
656	508
656	734
656	914
656	970
656	972
656	998
657	800
657	833
657	869
657	963
657	989
657	992
657	993
658	194
658	695
658	826
658	890
658	982
658	986
658	994
659	958
659	959
659	977
659	981
659	991
659	995
659	997
660	7
660	775
660	851
660	856
660	896
660	963
660	968
661	553
661	916
661	932
661	936
661	974
661	978
661	979
662	584
662	907
662	950
662	968
662	984
662	989
662	999
663	481
663	769
663	885
663	919
663	956
663	957
663	990
664	704
664	934
664	949
664	953
664	969
664	983
664	996
665	781
665	792
665	837
665	869
665	920
665	963
665	993
666	938
666	945
666	949
666	960
666	969
666	983
666	996
667	312
667	690
667	884
667	913
667	978
667	998
667	1000
668	799
668	848
668	916
668	922
668	924
668	936
668	951
669	516
669	684
669	877
669	914
669	965
669	970
669	1000
670	617
670	901
670	923
670	940
670	996
670	998
670	999
671	472
671	511
671	755
671	828
671	896
671	935
671	980
672	850
672	921
672	952
672	967
672	976
672	985
672	999
673	608
673	732
673	884
673	978
673	998
673	999
673	1000
674	61
674	226
674	620
674	806
674	916
674	918
674	974
674	979
675	381
675	641
675	801
675	814
675	846
675	920
675	967
675	985
676	118
676	451
676	510
676	773
676	894
676	947
676	968
676	984
677	768
677	789
677	928
677	932
677	936
677	950
677	974
677	979
678	841
678	956
678	958
678	977
678	981
678	991
678	995
678	997
679	781
679	927
679	930
679	938
679	945
679	960
679	969
679	996
680	248
680	356
680	416
680	641
680	698
680	896
680	925
680	962
681	836
681	902
681	934
681	949
681	953
681	969
681	983
681	996
682	297
682	322
682	531
682	730
682	914
682	968
682	972
682	992
683	888
683	912
683	956
683	959
683	977
683	991
683	995
683	997
684	463
684	669
684	685
684	878
684	895
684	950
684	963
684	993
685	614
685	684
685	824
685	903
685	968
685	984
685	991
685	992
686	899
686	932
686	958
686	977
686	981
686	991
686	995
686	997
687	958
687	959
687	977
687	981
687	991
687	995
687	997
687	998
688	544
688	828
688	942
688	955
688	978
688	987
688	998
688	999
689	168
689	170
689	439
689	850
689	905
689	946
689	985
689	990
690	667
690	883
690	934
690	945
690	953
690	960
690	969
690	983
691	16
691	80
691	466
691	853
691	900
691	905
691	948
691	967
692	152
692	650
692	705
692	829
692	894
692	907
692	954
692	992
693	274
693	393
693	655
693	788
693	869
693	965
693	972
693	997
694	111
694	293
694	728
694	965
694	970
694	989
694	992
694	993
695	408
695	522
695	658
695	809
695	850
695	939
695	982
695	994
696	725
696	727
696	826
696	857
696	862
696	906
696	968
696	982
697	425
697	802
697	849
697	909
697	937
697	982
697	986
697	994
698	123
698	680
698	733
698	755
698	915
698	962
698	975
698	997
699	235
699	533
699	716
699	729
699	796
699	970
699	975
699	980
700	368
700	381
700	535
700	843
700	847
700	891
700	990
700	993
701	956
701	959
701	972
701	977
701	981
701	991
701	995
701	997
702	302
702	584
702	877
702	894
702	965
702	970
702	984
702	989
703	868
703	923
703	929
703	966
703	971
703	988
703	998
703	999
704	664
704	958
704	959
704	977
704	981
704	991
704	995
704	997
705	692
705	734
705	897
705	898
705	943
705	947
705	989
705	992
706	388
706	500
706	837
706	856
706	943
706	947
706	972
706	974
707	575
707	787
707	830
707	861
707	960
707	961
707	982
707	986
708	321
708	956
708	958
708	977
708	981
708	991
708	995
708	997
709	98
709	555
709	750
709	821
709	878
709	893
709	989
709	993
710	154
710	548
710	831
710	954
710	987
710	988
710	999
710	1000
711	84
711	224
711	748
711	791
711	900
711	967
711	985
711	990
712	746
712	757
712	764
712	814
712	946
712	964
712	967
712	999
713	63
713	524
713	729
713	876
713	896
713	915
713	926
713	980
714	266
714	901
714	910
714	942
714	971
714	990
714	998
714	1000
715	41
715	228
715	448
715	773
715	794
715	894
715	959
715	970
716	610
716	699
716	773
716	823
716	871
716	915
716	973
716	975
717	193
717	366
717	490
717	812
717	884
717	892
717	954
717	966
717	988
718	429
718	740
718	874
718	903
718	947
718	950
718	963
718	992
718	993
719	91
719	245
719	867
719	876
719	898
719	970
719	972
719	974
719	984
720	70
720	207
720	256
720	263
720	503
720	783
720	801
720	964
720	990
721	392
721	848
721	863
721	868
721	924
721	932
721	951
721	974
721	979
722	22
722	167
722	627
722	733
722	823
722	896
722	915
722	973
722	982
723	131
723	307
723	729
723	748
723	767
723	805
723	822
723	919
723	921
724	115
724	226
724	491
724	536
724	574
724	777
724	900
724	964
724	990
725	696
725	817
725	849
725	865
725	890
725	937
725	961
725	982
725	994
726	445
726	448
726	743
726	744
726	893
726	968
726	984
726	993
726	997
727	300
727	575
727	696
727	870
727	880
727	891
727	937
727	986
727	994
728	247
728	445
728	653
728	694
728	878
728	887
728	933
728	989
728	992
729	309
729	464
729	499
729	569
729	699
729	713
729	723
729	925
729	926
730	358
730	478
730	616
730	682
730	794
730	837
730	972
730	992
730	993
731	953
731	956
731	958
731	959
731	977
731	981
731	991
731	995
731	997
732	246
732	326
732	673
732	895
732	913
732	966
732	971
732	999
732	1000
733	146
733	467
733	596
733	698
733	722
733	741
733	973
733	979
733	980
734	143
734	228
734	656
734	705
734	947
734	963
734	972
734	989
734	991
735	12
735	927
735	930
735	938
735	945
735	960
735	969
735	983
735	996
736	474
736	815
736	938
736	945
736	949
736	960
736	983
736	987
736	996
737	216
737	265
737	605
737	622
737	871
737	875
737	948
737	985
737	990
738	59
738	70
738	491
738	746
738	748
738	941
738	942
738	967
738	976
739	922
739	923
739	929
739	944
739	966
739	988
739	998
739	999
739	1000
740	214
740	581
740	718
740	781
740	876
740	933
740	963
740	984
740	989
741	30
741	449
741	467
741	523
741	610
741	626
741	733
741	955
741	973
742	579
742	808
742	839
742	940
742	964
742	978
742	988
742	999
742	1000
743	374
743	581
743	726
743	867
743	898
743	943
743	968
743	979
743	992
744	274
744	726
744	750
744	778
744	792
744	887
744	982
744	984
744	989
745	392
745	848
745	859
745	868
745	924
745	928
745	951
745	963
745	974
746	195
746	264
746	280
746	482
746	712
746	738
746	805
746	964
746	990
747	833
747	884
747	942
747	955
747	978
747	987
747	992
747	998
747	999
748	531
748	711
748	723
748	738
748	839
748	897
748	931
748	976
748	990
749	115
749	483
749	820
749	902
749	971
749	987
749	988
749	999
749	1000
750	367
750	709
750	744
750	754
750	907
750	943
750	968
750	971
750	992
751	144
751	305
751	448
751	893
751	907
751	943
751	950
751	954
751	989
752	137
752	578
752	776
752	778
752	792
752	866
752	878
752	887
752	993
753	56
753	853
753	879
753	904
753	921
753	946
753	976
753	985
753	990
754	222
754	750
754	887
754	947
754	965
754	968
754	970
754	992
754	998
755	60
755	499
755	671
755	698
755	816
755	896
755	962
755	967
755	973
755	980
756	398
756	493
756	544
756	766
756	966
756	981
756	987
756	998
756	999
756	1000
757	10
757	21
757	43
757	239
757	471
757	712
757	814
757	962
757	976
757	985
758	223
758	493
758	521
758	929
758	966
758	978
758	980
758	988
758	998
758	999
759	32
759	45
759	146
759	332
759	467
759	873
759	875
759	925
759	973
759	975
760	185
760	521
760	812
760	905
760	910
760	942
760	966
760	978
760	998
760	1000
761	593
761	765
761	766
761	917
761	955
761	978
761	988
761	998
761	999
761	1000
762	858
762	872
762	956
762	959
762	965
762	977
762	981
762	991
762	995
762	997
763	319
763	770
763	864
763	956
763	959
763	977
763	981
763	991
763	995
763	997
764	114
764	405
764	535
764	712
764	805
764	885
764	891
764	920
764	941
764	946
765	481
765	613
765	761
765	845
765	850
765	881
765	921
765	967
765	976
765	990
766	756
766	761
766	834
766	944
766	954
766	963
766	987
766	988
766	999
766	1000
767	20
767	32
767	434
767	723
767	842
767	852
767	897
767	957
767	967
767	985
768	643
768	677
768	806
768	810
768	918
768	924
768	928
768	932
768	979
768	992
769	199
769	230
769	265
769	491
769	642
769	663
769	842
769	846
769	957
769	990
770	763
770	881
770	956
770	958
770	959
770	977
770	981
770	991
770	995
770	997
771	284
771	372
771	820
771	910
771	917
771	929
771	966
771	990
771	999
771	1000
772	63
772	526
772	796
772	816
772	823
772	935
772	961
772	973
772	975
772	980
773	655
773	676
773	715
773	716
773	776
773	792
773	824
773	963
773	965
773	970
774	234
774	339
774	545
774	634
774	793
774	886
774	937
774	939
774	986
774	994
775	17
775	201
775	660
775	788
775	794
775	867
775	943
775	968
775	993
775	997
776	222
776	301
776	565
776	649
776	752
776	773
776	788
776	855
776	970
776	992
777	90
777	138
777	362
777	589
777	724
777	847
777	879
777	931
777	948
777	964
778	586
778	744
778	752
778	788
778	893
778	950
778	970
778	984
778	989
778	992
779	807
779	842
779	855
779	956
779	958
779	959
779	977
779	991
779	995
779	997
780	30
780	235
780	523
780	816
780	828
780	925
780	935
780	962
780	980
780	987
781	367
781	616
781	625
781	665
781	679
781	740
781	947
781	965
781	972
781	984
781	993
782	307
782	412
782	514
782	942
782	944
782	954
782	966
782	971
782	988
782	998
782	1000
783	207
783	215
783	720
783	819
783	826
783	860
783	879
783	908
783	920
783	941
783	946
784	841
784	899
784	956
784	958
784	959
784	977
784	981
784	986
784	991
784	995
784	997
785	83
785	102
785	565
785	878
785	965
785	968
785	970
785	972
785	984
785	987
785	993
786	830
786	883
786	912
786	927
786	930
786	938
786	949
786	953
786	960
786	969
786	996
787	520
787	542
787	707
787	793
787	861
787	862
787	906
787	931
787	961
787	982
787	986
788	267
788	463
788	693
788	775
788	776
788	778
788	970
788	972
788	983
788	984
788	989
789	562
789	677
789	827
789	868
789	916
789	922
789	924
789	932
789	936
789	951
789	974
790	183
790	296
790	353
790	354
790	362
790	438
790	814
790	920
790	941
790	964
790	967
791	535
791	605
791	630
791	711
791	850
791	852
791	875
791	908
791	921
791	967
791	976
792	108
792	665
792	744
792	752
792	773
792	818
792	824
792	877
792	913
792	963
792	984
793	117
793	336
793	774
793	787
793	909
793	937
793	939
793	961
793	977
793	986
793	994
794	210
794	522
794	588
794	715
794	730
794	775
794	876
794	914
794	965
794	989
794	992
795	825
795	872
795	938
795	956
795	958
795	959
795	977
795	981
795	991
795	995
795	997
796	314
796	699
796	772
796	871
796	873
796	882
796	926
796	934
796	972
796	973
796	975
797	25
797	942
797	944
797	966
797	971
797	978
797	987
797	988
797	998
797	999
797	1000
798	94
798	326
798	811
798	831
798	892
798	895
798	901
798	940
798	955
798	988
798	998
799	3
799	58
799	473
799	580
799	643
799	668
799	804
799	810
799	951
799	974
799	979
800	374
800	429
800	508
800	657
800	824
800	876
800	903
800	924
800	958
800	984
800	993
801	206
801	503
801	622
801	675
801	720
801	879
801	946
801	948
801	967
801	990
801	993
802	182
802	300
802	377
802	575
802	697
802	849
802	870
802	939
802	969
802	982
802	994
803	865
803	899
803	956
803	958
803	959
803	977
803	979
803	981
803	991
803	995
803	997
804	394
804	799
804	806
804	827
804	859
804	916
804	919
804	928
804	951
804	974
804	979
805	33
805	604
805	723
805	746
805	764
805	931
805	946
805	964
805	976
805	986
805	990
806	585
806	647
806	674
806	768
806	804
806	848
806	868
806	922
806	932
806	974
806	979
807	463
807	779
807	872
807	899
807	956
807	958
807	959
807	977
807	981
807	991
807	995
807	997
808	60
808	547
808	628
808	644
808	742
808	838
808	901
808	913
808	942
808	984
808	998
808	999
809	190
809	555
809	560
809	568
809	570
809	634
809	695
809	849
809	861
809	909
809	986
809	994
810	585
810	768
810	799
810	856
810	859
810	916
810	918
810	923
810	924
810	932
810	936
810	974
811	412
811	798
811	833
811	836
811	863
811	902
811	971
811	978
811	987
811	988
811	999
811	1000
812	297
812	628
812	717
812	760
812	854
812	940
812	944
812	955
812	966
812	998
812	999
812	1000
813	159
813	165
813	495
813	598
813	830
813	846
813	870
813	937
813	939
813	982
813	986
813	994
814	95
814	195
814	675
814	712
814	757
814	790
814	832
814	897
814	911
814	967
814	969
814	985
815	476
815	736
815	844
815	927
815	934
815	938
815	953
815	960
815	969
815	983
815	990
815	996
816	62
816	397
816	502
816	648
816	755
816	772
816	780
816	915
816	925
816	926
816	973
816	975
817	300
817	534
817	725
817	826
817	862
817	880
817	937
817	961
817	970
817	982
817	986
817	994
818	7
818	107
818	528
818	792
818	856
818	886
818	907
818	963
818	970
818	984
818	989
818	992
819	263
819	477
819	783
819	822
819	897
819	920
819	932
819	967
819	971
819	976
819	985
819	990
820	244
820	412
820	749
820	771
820	834
820	839
820	954
820	969
820	988
820	998
820	999
820	1000
821	206
821	334
821	365
821	447
821	650
821	709
821	876
821	903
821	950
821	963
821	989
821	992
821	993
822	385
822	604
822	611
822	723
822	819
822	842
822	843
822	850
822	905
822	941
822	952
822	957
822	967
823	260
823	282
823	566
823	716
823	722
823	772
823	828
823	896
823	911
823	962
823	973
823	975
823	980
824	66
824	184
824	238
824	649
824	685
824	773
824	792
824	800
824	892
824	914
824	968
824	970
824	992
825	795
825	860
825	864
825	865
825	899
825	956
825	958
825	959
825	977
825	981
825	991
825	995
825	997
826	658
826	696
826	783
826	817
826	849
826	861
826	870
826	890
826	906
826	937
826	961
826	965
826	982
827	324
827	485
827	789
827	804
827	873
827	918
827	924
827	928
827	932
827	951
827	974
827	979
827	998
828	310
828	419
828	497
828	671
828	688
828	780
828	823
828	923
828	935
828	962
828	973
828	975
828	980
829	143
829	278
829	343
829	515
829	653
829	692
829	876
829	893
829	968
829	970
829	977
829	984
829	1000
830	373
830	560
830	633
830	635
830	707
830	786
830	813
830	861
830	880
830	957
830	961
830	986
830	994
831	315
831	525
831	646
831	710
831	798
831	877
831	902
831	923
831	944
831	966
831	988
831	999
831	1000
832	58
832	122
832	221
832	477
832	494
832	814
832	846
832	905
832	920
832	967
832	976
832	985
832	997
833	331
833	521
833	563
833	657
833	747
833	811
833	884
833	920
833	923
833	944
833	978
833	987
833	998
834	112
834	246
834	766
834	820
834	895
834	929
834	940
834	941
834	955
834	971
834	988
834	998
834	999
835	159
835	328
835	479
835	520
835	522
835	861
835	862
835	890
835	939
835	942
835	982
835	986
835	994
836	681
836	811
836	912
836	930
836	934
836	938
836	945
836	949
836	953
836	960
836	969
836	983
836	996
837	88
837	160
837	404
837	665
837	706
837	730
837	851
837	914
837	950
837	968
837	975
837	984
837	992
838	138
838	496
838	579
838	593
838	808
838	892
838	902
838	904
838	916
838	927
838	955
838	971
838	998
839	624
839	742
839	748
839	820
839	929
839	971
839	978
839	980
839	987
839	988
839	998
839	999
839	1000
840	865
840	886
840	888
840	899
840	956
840	958
840	959
840	966
840	977
840	981
840	991
840	995
840	997
841	29
841	678
841	784
841	872
841	888
841	956
841	958
841	959
841	977
841	981
841	991
841	995
841	997
842	417
842	446
842	767
842	769
842	779
842	822
842	852
842	897
842	946
842	957
842	964
842	985
842	990
843	110
843	494
843	512
843	518
843	700
843	822
843	919
843	921
843	941
843	952
843	976
843	990
843	991
843	995
844	362
844	815
844	883
844	912
844	927
844	930
844	934
844	938
844	945
844	949
844	960
844	969
844	983
844	996
845	40
845	116
845	254
845	431
845	569
845	765
845	860
845	881
845	908
845	919
845	931
845	964
845	976
845	985
846	399
846	613
846	675
846	769
846	813
846	832
846	847
846	897
846	919
846	920
846	931
846	941
846	964
846	985
847	37
847	386
847	654
847	700
847	777
847	846
847	850
847	867
847	889
847	908
847	919
847	948
847	985
847	990
848	135
848	361
848	620
848	668
848	721
848	745
848	806
848	859
848	918
848	928
848	932
848	946
848	951
848	979
849	336
849	570
849	603
849	697
849	725
849	802
849	809
849	826
849	851
849	906
849	937
849	939
849	986
849	994
850	399
850	535
850	573
850	645
850	672
850	689
850	695
850	765
850	791
850	822
850	847
850	891
850	976
850	985
851	16
851	17
851	160
851	305
851	432
851	660
851	837
851	849
851	950
851	968
851	972
851	984
851	992
851	993
852	229
852	319
852	767
852	791
852	842
852	864
852	885
852	900
852	952
852	957
852	964
852	967
852	985
852	990
853	231
853	589
853	691
853	753
853	897
853	941
853	946
853	948
853	952
853	957
853	964
853	967
853	976
853	985
854	197
854	465
854	492
854	495
854	812
854	895
854	904
854	929
854	940
854	971
854	988
854	998
854	999
854	1000
855	776
855	779
855	858
855	888
855	899
855	944
855	956
855	958
855	959
855	977
855	981
855	991
855	995
855	997
856	349
856	436
856	571
856	660
856	706
856	810
856	818
856	869
856	887
856	907
856	947
856	950
856	963
856	965
857	529
857	542
857	696
857	862
857	870
857	890
857	906
857	909
857	926
857	939
857	961
857	982
857	986
857	994
858	762
858	855
858	864
858	872
858	907
858	917
858	956
858	958
858	959
858	977
858	981
858	991
858	995
858	997
859	24
859	398
859	632
859	745
859	804
859	810
859	848
859	874
859	922
859	924
859	936
859	951
859	974
859	979
860	11
860	253
860	438
860	471
860	546
860	783
860	825
860	845
860	875
860	957
860	964
860	967
860	980
860	985
860	990
861	96
861	651
861	707
861	787
861	809
861	826
861	830
861	835
861	862
861	904
861	909
861	939
861	961
861	982
861	994
862	513
862	633
862	651
862	696
862	787
862	817
862	835
862	857
862	861
862	890
862	937
862	961
862	974
862	982
862	986
863	162
863	193
863	383
863	645
863	721
863	811
863	892
863	901
863	904
863	954
863	971
863	987
863	998
863	999
863	1000
864	537
864	763
864	825
864	852
864	858
864	888
864	899
864	956
864	958
864	959
864	977
864	981
864	991
864	995
864	997
865	725
865	803
865	825
865	840
865	872
865	888
865	899
865	956
865	958
865	959
865	977
865	981
865	991
865	995
865	997
866	77
866	358
866	448
866	487
866	588
866	650
866	752
866	869
866	876
866	903
866	965
866	968
866	972
866	989
866	993
867	25
867	152
867	469
867	649
867	719
867	743
867	775
867	847
867	878
867	943
867	950
867	963
867	965
867	974
867	993
868	3
868	632
868	703
868	721
868	745
868	789
868	806
868	874
868	918
868	922
868	924
868	951
868	968
868	974
868	979
869	413
869	657
869	665
869	693
869	856
869	866
869	900
869	933
869	943
869	950
869	963
869	965
869	972
869	984
869	989
870	330
870	408
870	570
870	603
870	633
870	727
870	802
870	813
870	826
870	857
870	906
870	961
870	982
870	986
870	994
871	391
871	416
871	464
871	526
871	533
871	586
871	716
871	737
871	796
871	873
871	962
871	973
871	975
871	980
871	984
872	155
872	158
872	762
872	795
872	807
872	841
872	858
872	865
872	958
872	959
872	977
872	981
872	991
872	995
872	997
873	78
873	149
873	214
873	325
873	332
873	569
873	627
873	759
873	796
873	827
873	871
873	935
873	962
873	973
873	975
873	980
874	428
874	459
874	473
874	585
874	609
874	620
874	718
874	859
874	868
874	918
874	922
874	928
874	929
874	951
874	974
874	979
875	434
875	494
875	503
875	737
875	759
875	791
875	860
875	879
875	881
875	891
875	911
875	946
875	952
875	985
875	986
875	990
876	249
876	713
876	719
876	740
876	794
876	800
876	821
876	829
876	866
876	914
876	933
876	947
876	950
876	963
876	970
876	992
877	249
877	447
877	516
877	631
877	669
877	702
877	792
877	831
877	898
877	943
877	965
877	968
877	970
877	987
877	989
877	992
878	124
878	363
878	475
878	571
878	684
878	709
878	728
878	752
878	785
878	867
878	887
878	894
878	941
878	963
878	970
878	972
879	306
879	381
879	457
879	484
879	602
879	753
879	777
879	783
879	801
879	875
879	885
879	911
879	946
879	976
879	985
879	990
880	258
880	529
880	634
880	727
880	817
880	830
880	890
880	906
880	909
880	913
880	939
880	957
880	961
880	982
880	986
880	994
881	11
881	224
881	239
881	250
881	385
881	494
881	621
881	765
881	770
881	845
881	875
881	889
881	900
881	920
881	946
881	990
882	45
882	111
882	310
882	325
882	333
882	464
882	576
882	627
882	796
882	887
882	896
882	915
882	926
882	962
882	980
882	985
883	484
883	690
883	786
883	844
883	912
883	927
883	930
883	934
883	938
883	945
883	949
883	953
883	960
883	969
883	983
883	996
884	496
884	667
884	673
884	717
884	747
884	833
884	910
884	917
884	923
884	929
884	948
884	954
884	971
884	987
884	988
884	998
884	999
885	118
885	277
885	296
885	417
885	471
885	663
885	764
885	852
885	879
885	900
885	911
885	919
885	921
885	957
885	960
885	976
885	985
886	41
886	55
886	378
886	414
886	445
886	470
886	774
886	818
886	840
886	933
886	965
886	970
886	972
886	984
886	989
886	992
886	993
887	365
887	728
887	744
887	752
887	754
887	856
887	878
887	882
887	891
887	903
887	950
887	968
887	970
887	972
887	984
887	992
887	993
888	683
888	840
888	841
888	855
888	864
888	865
888	899
888	943
888	956
888	958
888	959
888	977
888	981
888	987
888	991
888	995
888	997
889	120
889	181
889	265
889	286
889	376
889	599
889	636
889	847
889	881
889	908
889	931
889	948
889	952
889	967
889	973
889	976
889	989
890	529
890	560
890	575
890	589
890	635
890	658
890	725
890	826
890	835
890	857
890	862
890	880
890	937
890	939
890	970
890	986
890	994
891	95
891	131
891	150
891	375
891	434
891	491
891	636
891	700
891	727
891	764
891	850
891	875
891	887
891	911
891	941
891	946
891	985
891	990
892	227
892	717
892	798
892	824
892	838
892	863
892	895
892	910
892	913
892	923
892	929
892	940
892	949
892	954
892	966
892	971
892	998
892	999
893	53
893	278
893	410
893	578
893	595
893	650
893	709
893	726
893	751
893	778
893	829
893	926
893	930
893	947
893	963
893	984
893	989
893	992
894	75
894	318
894	510
894	676
894	692
894	702
894	715
894	878
894	950
894	963
894	965
894	968
894	971
894	972
894	984
894	985
894	989
894	993
895	44
895	312
895	315
895	684
895	732
895	798
895	834
895	854
895	892
895	910
895	917
895	942
895	954
895	955
895	966
895	971
895	987
895	994
895	998
896	346
896	354
896	366
896	583
896	660
896	671
896	680
896	713
896	722
896	755
896	823
896	882
896	915
896	935
896	962
896	973
896	975
896	980
896	986
897	99
897	142
897	546
897	613
897	642
897	705
897	748
897	767
897	814
897	819
897	842
897	846
897	853
897	908
897	931
897	952
897	976
897	985
897	999
898	7
898	19
898	327
898	349
898	594
898	655
898	705
898	719
898	743
898	877
898	907
898	933
898	970
898	972
898	977
898	984
898	989
898	992
898	993
899	557
899	614
899	686
899	784
899	803
899	807
899	825
899	840
899	855
899	864
899	865
899	888
899	956
899	959
899	977
899	981
899	991
899	995
899	997
900	99
900	264
900	296
900	461
900	622
900	642
900	691
900	711
900	724
900	852
900	869
900	881
900	885
900	911
900	920
900	931
900	952
900	964
900	967
900	990
901	26
901	98
901	411
901	493
901	556
901	623
901	670
901	714
901	798
901	808
901	863
901	910
901	913
901	942
901	944
901	978
901	987
901	998
901	999
901	1000
902	13
902	145
902	204
902	383
902	547
902	572
902	647
902	681
902	749
902	811
902	831
902	838
902	923
902	954
902	955
902	967
902	987
902	988
902	999
902	1000
903	267
903	447
903	638
903	685
903	718
903	800
903	821
903	866
903	887
903	921
903	947
903	963
903	965
903	968
903	972
903	984
903	989
903	992
903	993
903	996
904	34
904	196
904	268
904	468
904	637
904	753
904	838
904	854
904	861
904	863
904	929
904	940
904	942
904	944
904	955
904	966
904	971
904	978
904	998
904	999
905	153
905	254
905	460
905	492
905	557
905	621
905	689
905	691
905	760
905	822
905	832
905	921
905	931
905	941
905	948
905	952
905	957
905	967
905	988
905	990
906	313
906	373
906	430
906	534
906	560
906	562
906	696
906	787
906	826
906	849
906	857
906	870
906	880
906	937
906	947
906	955
906	961
906	982
906	986
906	994
907	588
907	595
907	662
907	692
907	750
907	751
907	818
907	856
907	858
907	898
907	914
907	933
907	943
907	950
907	963
907	968
907	972
907	984
907	985
907	993
908	100
908	243
908	310
908	536
908	642
908	654
908	783
908	791
908	845
908	847
908	889
908	897
908	919
908	931
908	948
908	952
908	957
908	985
908	988
908	990
909	298
909	339
909	387
909	542
909	562
909	564
909	568
909	590
909	697
909	793
909	809
909	857
909	861
909	880
909	923
909	937
909	961
909	982
909	986
909	994
910	201
910	548
910	624
910	714
910	760
910	771
910	884
910	892
910	895
910	901
910	942
910	954
910	955
910	966
910	971
910	978
910	985
910	987
910	998
910	999
910	1000
911	90
911	137
911	206
911	320
911	407
911	440
911	622
911	814
911	823
911	875
911	879
911	885
911	891
911	900
911	919
911	921
911	941
911	946
911	952
911	967
911	990
912	49
912	89
912	370
912	630
912	683
912	786
912	836
912	844
912	883
912	927
912	930
912	934
912	938
912	945
912	949
912	952
912	953
912	960
912	969
912	983
912	996
913	9
913	57
913	480
913	647
913	667
913	732
913	792
913	808
913	880
913	892
913	901
913	923
913	939
913	954
913	966
913	971
913	978
913	988
913	998
913	999
913	1000
914	55
914	218
914	230
914	270
914	283
914	487
914	581
914	588
914	650
914	656
914	669
914	682
914	794
914	824
914	837
914	876
914	907
914	950
914	972
914	989
914	991
915	78
915	320
915	380
915	423
915	432
915	472
915	533
915	583
915	627
915	698
915	713
915	716
915	722
915	816
915	882
915	896
915	926
915	935
915	973
915	975
915	978
915	980
916	62
916	352
916	422
916	428
916	538
916	559
916	609
916	632
916	661
916	668
916	674
916	789
916	804
916	810
916	838
916	918
916	922
916	924
916	928
916	936
916	974
916	979
917	331
917	371
917	468
917	514
917	572
917	607
917	620
917	761
917	771
917	858
917	884
917	895
917	944
917	954
917	955
917	966
917	971
917	978
917	987
917	998
917	999
917	1000
918	2
918	163
918	259
918	299
918	306
918	451
918	485
918	517
918	553
918	652
918	674
918	768
918	810
918	827
918	848
918	868
918	874
918	916
918	922
918	936
918	951
918	966
918	979
919	248
919	308
919	350
919	368
919	407
919	477
919	518
919	532
919	599
919	621
919	663
919	723
919	804
919	843
919	845
919	846
919	847
919	885
919	908
919	911
919	931
919	967
919	985
920	198
920	446
920	488
920	512
920	573
920	636
920	665
920	675
920	764
920	783
920	790
920	819
920	832
920	833
920	846
920	881
920	900
920	948
920	950
920	952
920	957
920	985
920	990
921	21
921	115
921	191
921	207
921	415
921	512
921	595
921	672
921	723
921	753
921	765
921	791
921	843
921	885
921	903
921	905
921	911
921	948
921	952
921	957
921	967
921	976
921	989
921	990
922	127
922	180
922	257
922	273
922	352
922	559
922	652
922	668
922	739
922	789
922	806
922	859
922	868
922	874
922	916
922	918
922	924
922	928
922	932
922	936
922	951
922	974
922	975
922	979
923	169
923	312
923	383
923	402
923	670
923	703
923	739
923	810
923	828
923	831
923	833
923	884
923	892
923	902
923	909
923	913
923	944
923	954
923	966
923	978
923	987
923	988
923	998
923	999
924	54
924	68
924	478
924	517
924	551
924	652
924	668
924	721
924	745
924	768
924	789
924	800
924	810
924	827
924	859
924	868
924	916
924	922
924	928
924	936
924	951
924	974
924	979
924	983
925	85
925	211
925	221
925	330
925	366
925	419
925	499
925	523
925	541
925	596
925	615
925	626
925	627
925	641
925	680
925	729
925	759
925	780
925	816
925	935
925	936
925	962
925	973
925	975
925	988
926	76
926	92
926	111
926	292
926	335
926	354
926	366
926	418
926	472
926	502
926	519
926	592
926	618
926	641
926	713
926	729
926	796
926	816
926	857
926	882
926	893
926	915
926	935
926	973
926	980
927	64
927	511
927	539
927	558
927	591
927	648
927	679
927	735
927	786
927	815
927	838
927	844
927	883
927	912
927	930
927	933
927	934
927	938
927	945
927	949
927	953
927	960
927	969
927	983
927	996
928	68
928	174
928	311
928	361
928	422
928	453
928	538
928	585
928	609
928	642
928	677
928	745
928	768
928	804
928	827
928	848
928	874
928	916
928	922
928	924
928	932
928	936
928	951
928	974
928	979
929	338
929	556
929	568
929	703
929	739
929	758
929	771
929	834
929	839
929	854
929	874
929	884
929	892
929	904
929	940
929	942
929	944
929	955
929	966
929	978
929	987
929	988
929	998
929	999
929	1000
930	128
930	173
930	288
930	323
930	395
930	474
930	559
930	648
930	679
930	735
930	786
930	836
930	844
930	883
930	893
930	912
930	927
930	934
930	945
930	949
930	953
930	960
930	969
930	983
930	996
931	14
931	33
931	353
931	440
931	518
931	531
931	613
931	636
931	637
931	748
931	777
931	787
931	805
931	845
931	846
931	889
931	897
931	900
931	905
931	908
931	919
931	946
931	952
931	964
931	976
931	990
932	2
932	324
932	422
932	453
932	609
932	620
932	632
932	643
932	652
932	661
932	677
932	686
932	721
932	768
932	789
932	806
932	810
932	819
932	827
932	848
932	922
932	928
932	936
932	974
932	979
932	989
933	53
933	75
933	285
933	339
933	348
933	374
933	393
933	429
933	454
933	530
933	625
933	650
933	728
933	740
933	869
933	876
933	886
933	898
933	907
933	927
933	947
933	950
933	965
933	968
933	984
933	989
933	992
934	93
934	316
934	476
934	558
934	629
934	648
934	664
934	681
934	690
934	796
934	815
934	836
934	844
934	883
934	912
934	927
934	930
934	938
934	945
934	949
934	953
934	960
934	969
934	974
934	975
934	983
934	996
935	78
935	92
935	133
935	240
935	330
935	333
935	449
935	541
935	566
935	586
935	610
935	612
935	626
935	638
935	671
935	772
935	780
935	828
935	873
935	896
935	915
935	925
935	926
935	973
935	974
935	980
935	995
936	24
936	47
936	135
936	311
936	317
936	324
936	352
936	551
936	580
936	609
936	631
936	632
936	661
936	668
936	677
936	789
936	810
936	859
936	916
936	918
936	922
936	924
936	925
936	928
936	932
936	974
936	979
937	96
937	148
937	313
937	328
937	368
937	420
937	509
937	598
937	635
937	651
937	697
937	725
937	727
937	774
937	793
937	813
937	817
937	826
937	849
937	862
937	890
937	906
937	909
937	961
937	986
937	993
937	994
938	48
938	237
938	462
938	543
938	558
938	629
938	630
938	666
938	679
938	735
938	736
938	786
938	795
938	815
938	836
938	844
938	883
938	912
938	927
938	934
938	943
938	945
938	949
938	953
938	960
938	969
938	983
938	996
939	182
939	187
939	189
939	231
939	233
939	377
939	435
939	443
939	495
939	651
939	695
939	774
939	793
939	802
939	813
939	835
939	849
939	857
939	861
939	880
939	890
939	913
939	961
939	967
939	979
939	982
939	986
939	994
940	112
940	193
940	308
940	315
940	406
940	483
940	490
940	506
940	561
940	593
940	670
940	742
940	798
940	812
940	834
940	854
940	892
940	904
940	929
940	942
940	955
940	971
940	973
940	978
940	994
940	998
940	999
940	1000
941	46
941	59
941	215
941	216
941	243
941	319
941	417
941	488
941	531
941	604
941	738
941	764
941	783
941	790
941	822
941	834
941	843
941	846
941	853
941	878
941	891
941	905
941	911
941	948
941	967
941	985
941	990
941	994
942	34
942	40
942	166
942	251
942	606
942	644
942	688
942	714
942	738
942	747
942	760
942	782
942	797
942	808
942	835
942	895
942	901
942	904
942	910
942	929
942	940
942	955
942	978
942	987
942	988
942	998
942	999
942	1000
943	293
943	318
943	361
943	390
943	436
943	501
943	625
943	655
943	705
943	706
943	743
943	750
943	751
943	775
943	867
943	869
943	877
943	888
943	907
943	938
943	947
943	968
943	970
943	972
943	984
943	989
943	992
943	993
944	79
944	465
944	483
944	514
944	556
944	628
944	646
944	739
944	766
944	782
944	797
944	812
944	831
944	833
944	855
944	901
944	904
944	917
944	923
944	929
944	954
944	966
944	971
944	975
944	986
944	987
944	988
944	998
944	1000
945	74
945	323
945	441
945	444
945	476
945	511
945	527
945	539
945	552
945	567
945	666
945	679
945	690
945	735
945	736
945	836
945	844
945	883
945	912
945	927
945	930
945	934
945	938
945	949
945	951
945	953
945	960
945	969
945	983
945	993
945	996
946	84
946	100
946	161
946	178
946	299
946	359
946	407
946	422
946	434
946	440
946	482
946	573
946	599
946	689
946	712
946	753
946	764
946	783
946	801
946	805
946	842
946	848
946	853
946	875
946	879
946	881
946	891
946	911
946	931
946	957
946	964
946	985
947	71
947	210
947	274
947	294
947	369
947	581
947	584
947	611
947	631
947	638
947	649
947	655
947	676
947	705
947	706
947	718
947	734
947	754
947	781
947	856
947	876
947	893
947	903
947	906
947	933
947	943
947	950
947	965
947	984
947	989
947	993
947	997
948	20
948	56
948	95
948	341
948	376
948	386
948	460
948	512
948	536
948	557
948	580
948	587
948	589
948	691
948	737
948	777
948	801
948	847
948	853
948	884
948	889
948	905
948	908
948	920
948	921
948	941
948	951
948	952
948	957
948	967
948	976
948	985
948	990
949	39
949	65
949	93
949	202
949	247
949	281
949	329
949	345
949	395
949	539
949	567
949	591
949	664
949	666
949	681
949	736
949	786
949	836
949	844
949	883
949	892
949	912
949	927
949	930
949	934
949	938
949	945
949	953
949	960
949	969
949	981
949	983
949	994
949	996
950	164
950	282
950	301
950	343
950	389
950	413
950	451
950	626
950	649
950	662
950	677
950	684
950	718
950	751
950	778
950	821
950	837
950	851
950	856
950	867
950	869
950	876
950	887
950	894
950	907
950	914
950	920
950	933
950	947
950	963
950	965
950	972
950	989
950	993
950	996
951	1
951	47
951	61
951	150
951	163
951	262
951	392
951	428
951	452
951	459
951	486
951	517
951	538
951	559
951	652
951	668
951	721
951	745
951	789
951	799
951	804
951	827
951	848
951	859
951	868
951	874
951	918
951	922
951	924
951	928
951	945
951	948
951	956
951	974
951	979
952	58
952	176
952	195
952	226
952	295
952	446
952	466
952	481
952	484
952	529
952	575
952	599
952	621
952	672
952	822
952	843
952	852
952	853
952	875
952	889
952	897
952	900
952	905
952	908
952	911
952	912
952	920
952	921
952	931
952	948
952	957
952	964
952	967
952	973
952	976
952	985
953	14
953	39
953	49
953	51
953	71
953	74
953	200
953	261
953	269
953	288
953	444
953	462
953	543
953	552
953	567
953	578
953	629
953	664
953	681
953	690
953	731
953	786
953	815
953	836
953	883
953	912
953	927
953	930
953	934
953	938
953	945
953	949
953	960
953	969
953	983
953	987
953	996
954	101
954	174
954	177
954	198
954	284
954	302
954	337
954	357
954	521
954	572
954	591
954	606
954	692
954	710
954	717
954	751
954	766
954	782
954	820
954	863
954	884
954	892
954	895
954	902
954	910
954	913
954	917
954	923
954	944
954	966
954	971
954	978
954	987
954	988
954	998
954	999
954	1000
955	38
955	69
955	158
955	213
955	227
955	337
955	371
955	402
955	405
955	411
955	572
955	624
955	644
955	647
955	688
955	741
955	747
955	761
955	798
955	812
955	834
955	838
955	895
955	902
955	904
955	906
955	910
955	917
955	929
955	940
955	942
955	958
955	966
955	971
955	976
955	988
955	999
955	1000
956	504
956	505
956	573
956	582
956	587
956	600
956	639
956	663
956	678
956	683
956	701
956	708
956	731
956	762
956	763
956	770
956	779
956	784
956	795
956	803
956	807
956	825
956	840
956	841
956	855
956	858
956	864
956	865
956	888
956	899
956	951
956	958
956	959
956	977
956	981
956	991
956	995
956	997
957	11
957	18
957	20
957	100
957	122
957	264
957	295
957	307
957	357
957	439
957	440
957	466
957	471
957	481
957	518
957	663
957	767
957	769
957	822
957	830
957	842
957	852
957	853
957	860
957	880
957	885
957	905
957	908
957	920
957	921
957	946
957	948
957	952
957	960
957	967
957	976
957	985
957	990
958	106
958	456
958	505
958	554
958	639
958	659
958	678
958	686
958	687
958	704
958	708
958	731
958	770
958	779
958	784
958	795
958	800
958	803
958	807
958	825
958	840
958	841
958	855
958	858
958	864
958	865
958	872
958	888
958	955
958	956
958	959
958	977
958	981
958	983
958	991
958	995
958	997
958	1000
959	43
959	252
959	279
959	545
959	550
959	554
959	587
959	659
959	683
959	687
959	701
959	704
959	715
959	731
959	762
959	763
959	770
959	779
959	784
959	795
959	803
959	807
959	825
959	840
959	841
959	855
959	858
959	864
959	865
959	872
959	888
959	899
959	956
959	958
959	977
959	981
959	989
959	991
959	995
959	997
960	50
960	51
960	271
960	291
960	316
960	370
960	382
960	421
960	458
960	474
960	527
960	543
960	552
960	567
960	629
960	630
960	635
960	648
960	666
960	679
960	690
960	707
960	735
960	736
960	786
960	815
960	836
960	844
960	883
960	885
960	912
960	927
960	930
960	934
960	938
960	945
960	949
960	953
960	957
960	969
960	983
960	996
961	31
961	194
961	212
961	258
961	300
961	355
961	425
961	435
961	436
961	513
961	522
961	540
961	545
961	555
961	564
961	568
961	570
961	590
961	598
961	603
961	633
961	707
961	725
961	772
961	787
961	793
961	817
961	826
961	830
961	857
961	861
961	862
961	870
961	880
961	906
961	909
961	937
961	939
961	962
961	965
961	982
961	986
961	994
962	28
962	30
962	85
962	94
962	123
962	133
962	149
962	225
962	258
962	260
962	310
962	330
962	391
962	418
962	419
962	449
962	499
962	524
962	541
962	569
962	574
962	583
962	592
962	610
962	618
962	641
962	680
962	698
962	755
962	757
962	780
962	823
962	828
962	871
962	873
962	882
962	896
962	925
962	961
962	973
962	975
962	980
962	997
963	4
963	35
963	210
963	303
963	322
963	367
963	389
963	413
963	433
963	436
963	437
963	441
963	479
963	601
963	657
963	660
963	665
963	684
963	718
963	734
963	740
963	745
963	766
963	773
963	792
963	818
963	821
963	856
963	867
963	869
963	876
963	878
963	893
963	894
963	903
963	907
963	950
963	964
963	968
963	970
963	972
963	989
963	992
964	110
964	131
964	137
964	199
964	224
964	229
964	243
964	275
964	304
964	362
964	385
964	386
964	399
964	477
964	488
964	535
964	540
964	546
964	557
964	636
964	642
964	712
964	720
964	724
964	742
964	746
964	777
964	790
964	805
964	842
964	845
964	846
964	852
964	853
964	860
964	900
964	931
964	946
964	952
964	963
964	976
964	985
964	990
964	995
965	55
965	107
965	293
965	363
965	390
965	396
965	414
965	445
965	475
965	485
965	498
965	594
965	623
965	631
965	640
965	650
965	655
965	669
965	693
965	694
965	702
965	754
965	762
965	773
965	781
965	785
965	794
965	826
965	856
965	866
965	867
965	869
965	877
965	886
965	894
965	903
965	933
965	947
965	950
965	961
965	972
965	986
965	989
965	992
965	993
966	112
966	177
966	185
966	197
966	266
966	337
966	345
966	372
966	480
966	549
966	606
966	628
966	645
966	703
966	717
966	732
966	739
966	756
966	758
966	760
966	771
966	782
966	797
966	812
966	831
966	840
966	892
966	895
966	904
966	910
966	913
966	917
966	918
966	923
966	929
966	944
966	954
966	955
966	971
966	983
966	987
966	988
966	992
966	998
966	1000
967	43
967	122
967	172
967	198
967	208
967	280
967	289
967	375
967	446
967	466
967	546
967	602
967	672
967	675
967	691
967	711
967	712
967	738
967	755
967	765
967	767
967	790
967	791
967	801
967	814
967	819
967	822
967	832
967	852
967	853
967	860
967	889
967	900
967	902
967	905
967	911
967	919
967	921
967	939
967	941
967	948
967	952
967	957
967	976
967	990
967	992
967	1000
968	21
968	35
968	103
968	240
968	318
968	360
968	363
968	393
968	427
968	469
968	470
968	489
968	498
968	578
968	595
968	638
968	660
968	662
968	676
968	682
968	685
968	696
968	726
968	743
968	750
968	754
968	775
968	785
968	824
968	829
968	837
968	851
968	866
968	868
968	877
968	887
968	894
968	903
968	907
968	933
968	943
968	963
968	970
968	984
968	989
968	992
968	993
968	996
969	50
969	89
969	200
969	261
969	269
969	272
969	288
969	329
969	345
969	370
969	421
969	423
969	458
969	462
969	476
969	552
969	558
969	591
969	629
969	630
969	648
969	664
969	666
969	679
969	681
969	690
969	735
969	786
969	802
969	814
969	815
969	820
969	836
969	844
969	883
969	912
969	927
969	930
969	934
969	938
969	945
969	949
969	953
969	960
969	983
969	989
969	996
969	1000
970	75
970	102
970	108
970	242
970	283
970	322
970	327
970	363
970	369
970	498
970	500
970	561
970	588
970	601
970	614
970	625
970	653
970	656
970	669
970	694
970	699
970	702
970	715
970	719
970	754
970	773
970	776
970	778
970	785
970	788
970	817
970	818
970	824
970	829
970	876
970	877
970	878
970	886
970	887
970	890
970	898
970	943
970	963
970	968
970	984
970	989
970	992
970	996
971	13
971	34
971	36
971	37
971	67
971	121
971	141
971	147
971	169
971	188
971	340
971	490
971	544
971	561
971	571
971	579
971	607
971	646
971	703
971	714
971	732
971	749
971	750
971	782
971	797
971	811
971	819
971	834
971	838
971	839
971	854
971	863
971	884
971	892
971	894
971	895
971	904
971	910
971	913
971	917
971	940
971	944
971	954
971	955
971	966
971	978
971	987
971	988
971	998
971	999
972	53
972	83
972	88
972	105
972	334
972	358
972	378
972	403
972	410
972	447
972	500
972	501
972	508
972	543
972	588
972	598
972	614
972	616
972	623
972	631
972	638
972	656
972	682
972	693
972	701
972	706
972	719
972	730
972	734
972	781
972	785
972	788
972	796
972	851
972	866
972	869
972	878
972	886
972	887
972	894
972	898
972	903
972	907
972	914
972	943
972	950
972	963
972	965
972	989
972	993
973	45
973	52
973	62
973	63
973	140
973	149
973	225
973	314
973	320
973	325
973	333
973	356
973	382
973	401
973	419
973	449
973	497
973	523
973	528
973	537
973	541
973	566
973	569
973	583
973	615
973	626
973	716
973	722
973	733
973	741
973	755
973	759
973	772
973	796
973	816
973	823
973	828
973	871
973	873
973	889
973	896
973	915
973	925
973	926
973	935
973	940
973	952
973	962
973	975
973	980
973	999
974	6
974	54
974	61
974	82
974	135
974	156
974	205
974	232
974	262
974	273
974	287
974	344
974	394
974	428
974	452
974	485
974	486
974	517
974	551
974	553
974	559
974	609
974	643
974	652
974	661
974	674
974	677
974	706
974	719
974	721
974	745
974	789
974	799
974	804
974	806
974	810
974	827
974	859
974	862
974	867
974	868
974	874
974	916
974	922
974	924
974	928
974	932
974	934
974	935
974	936
974	951
974	979
975	22
975	28
975	94
975	129
975	133
975	140
975	175
975	220
975	221
975	240
975	260
975	332
975	346
975	356
975	397
975	409
975	432
975	458
975	497
975	499
975	502
975	519
975	524
975	528
975	574
975	586
975	592
975	610
975	615
975	627
975	698
975	699
975	716
975	759
975	772
975	796
975	816
975	823
975	828
975	837
975	871
975	873
975	896
975	915
975	922
975	925
975	934
975	944
975	962
975	973
975	980
975	991
976	18
976	33
976	56
976	84
976	104
976	114
976	142
976	161
976	176
976	203
976	254
976	289
976	319
976	350
976	353
976	359
976	376
976	403
976	457
976	484
976	492
976	546
976	577
976	615
976	654
976	672
976	738
976	748
976	753
976	757
976	765
976	791
976	805
976	819
976	832
976	843
976	845
976	850
976	853
976	879
976	885
976	889
976	897
976	921
976	931
976	948
976	952
976	955
976	957
976	964
976	967
976	985
976	990
976	998
977	42
977	128
977	241
977	317
977	384
977	426
977	442
977	450
977	456
977	554
977	577
977	582
977	587
977	600
977	619
977	639
977	659
977	678
977	683
977	686
977	687
977	701
977	704
977	708
977	731
977	762
977	763
977	770
977	779
977	784
977	793
977	795
977	803
977	807
977	825
977	829
977	840
977	841
977	855
977	858
977	864
977	865
977	872
977	888
977	898
977	899
977	956
977	958
977	959
977	981
977	985
977	991
977	995
977	997
978	23
978	57
978	132
978	171
978	191
978	290
978	364
978	371
978	372
978	405
978	406
978	493
978	532
978	547
978	561
978	576
978	579
978	593
978	606
978	608
978	624
978	628
978	646
978	647
978	661
978	667
978	673
978	688
978	742
978	747
978	758
978	760
978	761
978	797
978	811
978	833
978	839
978	901
978	904
978	910
978	913
978	915
978	917
978	923
978	929
978	940
978	942
978	954
978	971
978	981
978	987
978	988
978	998
978	999
978	1000
979	1
979	2
979	3
979	13
979	24
979	54
979	68
979	82
979	127
979	156
979	163
979	180
979	205
979	259
979	262
979	270
979	287
979	311
979	394
979	452
979	453
979	459
979	478
979	485
979	486
979	538
979	553
979	580
979	585
979	620
979	661
979	674
979	677
979	721
979	733
979	743
979	768
979	799
979	803
979	804
979	806
979	827
979	848
979	859
979	868
979	874
979	916
979	918
979	922
979	924
979	928
979	932
979	936
979	939
979	951
979	974
979	988
980	32
980	52
980	60
980	76
980	85
980	211
980	220
980	309
980	314
980	325
980	332
980	333
980	335
980	380
980	409
980	416
980	449
980	519
980	526
980	528
980	533
980	537
980	541
980	566
980	576
980	583
980	596
980	612
980	615
980	618
980	626
980	641
980	671
980	699
980	713
980	733
980	755
980	758
980	772
980	780
980	823
980	828
980	839
980	860
980	871
980	873
980	882
980	896
980	915
980	926
980	935
980	962
980	973
980	975
980	988
980	991
980	993
981	18
981	86
981	97
981	209
981	241
981	252
981	292
981	317
981	342
981	384
981	426
981	437
981	450
981	504
981	550
981	577
981	582
981	593
981	600
981	619
981	639
981	659
981	678
981	686
981	687
981	701
981	704
981	708
981	731
981	756
981	762
981	763
981	770
981	784
981	795
981	803
981	807
981	825
981	840
981	841
981	855
981	858
981	864
981	865
981	872
981	888
981	899
981	949
981	956
981	958
981	959
981	977
981	978
981	991
981	993
981	995
981	997
982	31
982	87
982	96
982	187
982	189
982	212
982	231
982	313
982	328
982	351
982	355
982	373
982	377
982	387
982	425
982	430
982	439
982	474
982	509
982	513
982	520
982	534
982	542
982	545
982	549
982	555
982	560
982	562
982	564
982	568
982	590
982	594
982	598
982	603
982	634
982	658
982	695
982	696
982	697
982	707
982	722
982	725
982	744
982	787
982	802
982	813
982	817
982	826
982	835
982	857
982	861
982	862
982	870
982	880
982	906
982	909
982	939
982	961
982	986
982	994
983	27
983	48
983	49
983	64
983	65
983	134
983	155
983	162
983	173
983	202
983	271
983	272
983	281
983	291
983	316
983	323
983	329
983	382
983	395
983	421
983	423
983	444
983	458
983	462
983	511
983	527
983	539
983	543
983	552
983	558
983	567
983	591
983	612
983	629
983	630
983	664
983	666
983	681
983	690
983	735
983	736
983	788
983	815
983	836
983	844
983	883
983	912
983	924
983	927
983	930
983	934
983	938
983	945
983	949
983	953
983	958
983	960
983	966
983	969
983	989
983	996
984	4
984	102
984	144
984	164
984	168
984	184
984	189
984	238
984	293
984	378
984	389
984	433
984	451
984	469
984	487
984	500
984	507
984	508
984	516
984	547
984	553
984	594
984	623
984	638
984	643
984	662
984	676
984	685
984	702
984	719
984	726
984	740
984	744
984	778
984	781
984	785
984	788
984	792
984	800
984	808
984	818
984	829
984	837
984	851
984	869
984	871
984	886
984	887
984	893
984	894
984	898
984	903
984	907
984	933
984	943
984	947
984	968
984	970
984	989
984	992
984	993
985	178
985	181
985	208
985	229
985	250
985	263
985	286
985	304
985	353
985	359
985	375
985	455
985	460
985	481
985	482
985	488
985	531
985	557
985	599
985	604
985	636
985	654
985	672
985	675
985	689
985	711
985	737
985	753
985	757
985	767
985	814
985	819
985	832
985	842
985	845
985	846
985	847
985	850
985	852
985	853
985	860
985	875
985	879
985	882
985	885
985	891
985	894
985	897
985	907
985	908
985	910
985	919
985	920
985	941
985	946
985	948
985	952
985	957
985	964
985	976
985	977
985	990
985	995
986	5
986	87
986	117
986	159
986	165
986	182
986	194
986	233
986	234
986	339
986	351
986	355
986	387
986	420
986	425
986	443
986	509
986	520
986	529
986	534
986	542
986	545
986	555
986	560
986	562
986	564
986	570
986	590
986	597
986	603
986	634
986	635
986	651
986	658
986	697
986	707
986	727
986	774
986	784
986	787
986	793
986	805
986	809
986	813
986	817
986	830
986	835
986	849
986	857
986	862
986	870
986	875
986	880
986	890
986	896
986	906
986	909
986	937
986	939
986	944
986	961
986	965
986	982
986	994
986	995
987	23
987	26
987	38
987	44
987	69
987	72
987	130
987	132
987	141
987	151
987	166
987	196
987	219
987	227
987	326
987	338
987	348
987	357
987	412
987	424
987	465
987	480
987	496
987	506
987	525
987	547
987	556
987	563
987	579
987	593
987	624
987	646
987	688
987	710
987	736
987	747
987	749
987	756
987	766
987	780
987	785
987	797
987	811
987	833
987	839
987	863
987	877
987	884
987	888
987	895
987	901
987	902
987	910
987	917
987	923
987	929
987	942
987	944
987	953
987	954
987	966
987	971
987	978
987	988
987	998
987	999
987	1000
988	9
988	23
988	67
988	72
988	101
988	138
988	145
988	151
988	157
988	174
988	177
988	197
988	234
988	251
988	290
988	340
988	364
988	404
988	406
988	411
988	424
988	468
988	483
988	525
988	549
988	563
988	608
988	637
988	644
988	703
988	710
988	717
988	739
988	742
988	749
988	758
988	761
988	766
988	782
988	797
988	798
988	811
988	820
988	831
988	834
988	839
988	854
988	884
988	902
988	905
988	908
988	913
988	923
988	925
988	929
988	942
988	944
988	954
988	955
988	966
988	971
988	978
988	979
988	980
988	987
988	998
988	999
988	1000
989	17
989	19
989	35
989	66
989	103
989	154
989	285
989	305
989	343
989	349
989	367
989	369
989	413
989	454
989	479
989	487
989	489
989	501
989	508
989	516
989	526
989	530
989	584
989	601
989	625
989	631
989	640
989	657
989	662
989	694
989	702
989	705
989	709
989	728
989	734
989	740
989	744
989	751
989	778
989	788
989	794
989	818
989	821
989	866
989	869
989	877
989	886
989	889
989	893
989	894
989	898
989	903
989	914
989	921
989	932
989	933
989	943
989	947
989	950
989	959
989	963
989	965
989	968
989	969
989	970
989	972
989	983
989	984
989	993
990	8
990	59
990	116
990	150
990	178
990	179
990	184
990	199
990	203
990	275
990	295
990	296
990	368
990	379
990	385
990	415
990	438
990	455
990	466
990	477
990	482
990	484
990	491
990	503
990	604
990	613
990	622
990	654
990	663
990	689
990	700
990	711
990	714
990	720
990	724
990	737
990	746
990	748
990	753
990	765
990	769
990	771
990	801
990	805
990	815
990	819
990	842
990	843
990	847
990	852
990	860
990	875
990	879
990	881
990	891
990	900
990	905
990	908
990	911
990	920
990	921
990	931
990	941
990	948
990	957
990	964
990	967
990	976
990	985
990	992
991	12
991	15
991	73
991	81
991	97
991	109
991	119
991	125
991	126
991	136
991	139
991	192
991	236
991	292
991	298
991	342
991	384
991	400
991	426
991	442
991	450
991	456
991	504
991	550
991	554
991	577
991	582
991	600
991	619
991	639
991	654
991	659
991	678
991	683
991	685
991	686
991	687
991	701
991	704
991	708
991	731
991	734
991	762
991	763
991	770
991	779
991	784
991	795
991	803
991	807
991	825
991	840
991	841
991	843
991	855
991	858
991	864
991	865
991	872
991	888
991	899
991	914
991	956
991	958
991	959
991	975
991	977
991	980
991	981
991	995
991	997
992	4
992	83
992	108
992	154
992	186
992	238
992	245
992	256
992	267
992	327
992	360
992	365
992	404
992	441
992	451
992	463
992	469
992	470
992	475
992	483
992	501
992	507
992	510
992	515
992	565
992	578
992	594
992	595
992	616
992	633
992	653
992	657
992	682
992	685
992	692
992	694
992	705
992	718
992	728
992	730
992	743
992	747
992	750
992	754
992	768
992	776
992	778
992	794
992	818
992	821
992	824
992	837
992	851
992	876
992	877
992	886
992	887
992	893
992	898
992	903
992	933
992	943
992	963
992	965
992	966
992	967
992	968
992	970
992	984
992	990
992	993
993	16
993	66
993	91
993	107
993	160
993	186
993	256
993	285
993	358
993	360
993	388
993	390
993	404
993	414
993	427
993	429
993	433
993	441
993	468
993	469
993	475
993	487
993	489
993	501
993	516
993	530
993	565
993	571
993	578
993	594
993	595
993	611
993	616
993	653
993	657
993	665
993	684
993	694
993	700
993	709
993	718
993	726
993	730
993	752
993	775
993	781
993	785
993	800
993	801
993	821
993	851
993	866
993	867
993	886
993	887
993	894
993	898
993	903
993	907
993	937
993	943
993	945
993	947
993	950
993	965
993	968
993	972
993	980
993	981
993	984
993	989
993	992
994	5
994	6
994	31
994	87
994	117
994	165
994	187
994	212
994	294
994	313
994	328
994	336
994	351
994	355
994	373
994	377
994	387
994	402
994	408
994	420
994	430
994	435
994	443
994	465
994	495
994	509
994	513
994	522
994	540
994	542
994	545
994	555
994	564
994	568
994	575
994	590
994	597
994	598
994	633
994	634
994	635
994	651
994	658
994	695
994	697
994	725
994	727
994	774
994	793
994	802
994	809
994	813
994	817
994	830
994	835
994	849
994	857
994	861
994	870
994	880
994	890
994	895
994	906
994	909
994	937
994	939
994	940
994	941
994	949
994	961
994	982
994	986
995	12
995	15
995	27
995	42
995	73
995	77
995	81
995	86
995	97
995	106
995	109
995	119
995	124
995	125
995	126
995	136
995	139
995	148
995	179
995	192
995	209
995	215
995	236
995	279
995	298
995	317
995	342
995	400
995	437
995	442
995	450
995	456
995	504
995	505
995	550
995	554
995	577
995	587
995	619
995	639
995	659
995	678
995	683
995	686
995	687
995	701
995	704
995	708
995	731
995	762
995	763
995	770
995	779
995	784
995	795
995	803
995	807
995	825
995	840
995	841
995	843
995	855
995	858
995	864
995	865
995	872
995	888
995	899
995	935
995	956
995	958
995	959
995	964
995	977
995	981
995	985
995	986
995	991
995	997
995	999
996	14
996	27
996	39
996	48
996	50
996	51
996	64
996	65
996	71
996	74
996	89
996	93
996	128
996	134
996	141
996	155
996	162
996	173
996	200
996	202
996	237
996	247
996	261
996	269
996	271
996	272
996	281
996	291
996	316
996	323
996	329
996	345
996	370
996	382
996	395
996	421
996	423
996	444
996	458
996	462
996	474
996	476
996	511
996	527
996	539
996	543
996	552
996	558
996	567
996	591
996	629
996	630
996	636
996	648
996	652
996	664
996	666
996	670
996	679
996	681
996	735
996	736
996	786
996	815
996	836
996	844
996	883
996	903
996	912
996	927
996	930
996	934
996	938
996	945
996	949
996	950
996	953
996	960
996	968
996	969
996	970
996	983
997	15
997	42
997	73
997	77
997	81
997	86
997	106
997	109
997	119
997	124
997	125
997	126
997	136
997	139
997	148
997	179
997	192
997	209
997	236
997	241
997	279
997	292
997	298
997	342
997	351
997	384
997	400
997	426
997	437
997	442
997	456
997	504
997	505
997	550
997	554
997	577
997	582
997	587
997	600
997	619
997	639
997	659
997	678
997	683
997	686
997	687
997	693
997	698
997	701
997	704
997	708
997	726
997	731
997	762
997	763
997	770
997	775
997	779
997	784
997	795
997	803
997	807
997	825
997	832
997	840
997	841
997	855
997	858
997	864
997	865
997	872
997	888
997	899
997	947
997	956
997	958
997	959
997	962
997	977
997	981
997	991
997	995
998	26
998	36
998	40
998	67
998	69
998	79
998	132
998	171
998	188
998	190
998	219
998	223
998	239
998	244
998	331
998	347
998	348
998	364
998	388
998	482
998	490
998	496
998	506
998	507
998	514
998	544
998	547
998	548
998	561
998	563
998	606
998	607
998	608
998	617
998	637
998	645
998	647
998	656
998	667
998	670
998	673
998	687
998	688
998	703
998	714
998	739
998	747
998	754
998	756
998	758
998	760
998	761
998	782
998	797
998	798
998	808
998	812
998	820
998	827
998	833
998	834
998	838
998	839
998	854
998	863
998	884
998	892
998	895
998	901
998	904
998	910
998	913
998	917
998	923
998	929
998	940
998	942
998	944
998	954
998	966
998	971
998	976
998	978
998	987
998	988
998	999
998	1000
999	9
999	79
999	104
999	121
999	127
999	130
999	147
999	151
999	158
999	166
999	217
999	246
999	290
999	315
999	331
999	338
999	340
999	347
999	398
999	424
999	480
999	490
999	493
999	525
999	544
999	548
999	549
999	551
999	561
999	563
999	606
999	607
999	617
999	624
999	628
999	644
999	645
999	647
999	662
999	670
999	672
999	673
999	688
999	703
999	710
999	712
999	732
999	739
999	742
999	747
999	749
999	756
999	758
999	761
999	766
999	771
999	797
999	808
999	811
999	812
999	820
999	831
999	834
999	839
999	854
999	863
999	884
999	892
999	897
999	901
999	902
999	904
999	910
999	913
999	917
999	923
999	929
999	940
999	942
999	954
999	955
999	971
999	973
999	978
999	987
999	988
999	995
999	998
999	1000
1000	8
1000	36
1000	38
1000	57
1000	101
1000	104
1000	120
1000	142
1000	157
1000	169
1000	171
1000	185
1000	219
1000	223
1000	244
1000	252
1000	268
1000	302
1000	312
1000	326
1000	337
1000	338
1000	340
1000	347
1000	348
1000	364
1000	383
1000	402
1000	405
1000	406
1000	411
1000	424
1000	465
1000	468
1000	506
1000	521
1000	525
1000	548
1000	549
1000	556
1000	607
1000	608
1000	617
1000	625
1000	628
1000	637
1000	644
1000	645
1000	646
1000	667
1000	669
1000	673
1000	710
1000	714
1000	732
1000	739
1000	742
1000	749
1000	756
1000	760
1000	761
1000	766
1000	771
1000	782
1000	797
1000	811
1000	812
1000	820
1000	829
1000	831
1000	839
1000	854
1000	863
1000	901
1000	902
1000	910
1000	913
1000	917
1000	929
1000	940
1000	942
1000	944
1000	954
1000	955
1000	958
1000	966
1000	967
1000	969
1000	978
1000	987
1000	988
1000	998
1000	999
