1	961
1	979
1	1000
2	492
2	733
2	973
3	943
3	986
3	993
4	951
4	973
4	981
5	975
5	991
5	998
6	768
6	960
6	993
7	146
7	964
7	967
8	380
8	832
8	976
9	953
9	994
9	998
10	978
10	983
10	990
11	991
11	994
11	998
12	962
12	970
12	989
13	970
13	977
13	983
14	633
14	962
14	985
15	837
15	871
15	876
16	670
16	951
16	981
17	914
17	972
17	995
18	983
18	985
18	987
19	676
19	957
19	1000
20	820
20	908
20	912
21	198
21	467
21	744
22	803
22	967
22	992
23	370
23	991
23	998
24	658
24	698
24	996
25	60
25	983
25	985
26	965
26	970
26	987
27	656
27	979
27	1000
28	949
28	976
28	986
29	691
29	988
29	1000
30	848
30	979
30	988
31	619
31	676
31	729
32	958
32	977
32	995
33	945
33	977
33	997
34	502
34	759
34	963
35	770
35	988
35	1000
36	251
36	972
36	989
37	629
37	984
37	993
38	695
38	914
38	995
39	627
39	919
39	996
40	946
40	974
40	982
41	847
41	854
41	999
42	895
42	984
42	999
43	935
43	974
43	982
44	321
44	826
44	893
45	905
45	914
45	997
46	91
46	895
46	967
47	922
47	944
47	998
48	413
48	927
48	933
49	489
49	915
49	931
50	874
50	959
50	1000
51	929
51	947
51	990
52	881
52	980
52	991
53	839
53	977
53	997
54	611
54	906
54	973
55	761
55	846
55	1000
56	255
56	898
56	967
57	824
57	948
57	996
58	867
58	881
58	994
59	978
59	993
59	999
60	25
60	918
60	996
61	552
61	808
61	1000
62	806
62	924
62	988
63	581
63	907
63	996
64	675
64	726
64	803
65	772
65	847
65	999
66	807
66	980
66	998
67	488
67	920
67	997
68	944
68	994
68	998
69	589
69	994
69	998
70	817
70	923
70	960
71	311
71	988
71	1000
72	923
72	968
72	992
73	501
73	709
73	997
74	966
74	972
74	995
75	877
75	975
75	998
76	641
76	944
76	991
77	946
77	974
77	982
78	890
78	940
78	996
79	803
79	875
79	967
80	817
80	847
80	999
81	962
81	987
81	989
82	426
82	883
82	1000
83	469
83	567
83	990
84	822
84	927
84	987
85	840
85	931
85	1000
86	983
86	985
86	989
87	460
87	596
87	954
88	843
88	960
88	999
89	970
89	987
89	989
90	247
90	868
90	990
91	46
91	591
91	984
92	937
92	941
92	982
93	969
93	991
93	994
94	714
94	845
94	897
95	608
95	863
95	993
96	969
96	991
96	998
97	683
97	828
97	996
98	932
98	987
98	989
99	839
99	991
99	998
100	263
100	864
100	957
101	966
101	972
101	995
102	657
102	974
102	982
103	836
103	943
103	955
104	954
104	973
104	981
105	850
105	995
105	997
106	790
106	896
106	994
107	471
107	832
107	986
108	977
108	995
108	997
109	290
109	548
109	863
110	913
110	916
110	964
111	799
111	837
111	906
112	191
112	956
112	971
113	803
113	831
113	925
114	541
114	977
114	995
115	646
115	810
115	832
116	904
116	951
116	973
117	886
117	942
117	996
118	753
118	789
118	933
119	637
119	971
119	988
120	911
120	987
120	989
121	478
121	978
121	990
122	834
122	992
122	993
123	906
123	955
123	988
124	516
124	903
124	984
125	182
125	909
125	948
126	268
126	340
126	386
127	922
127	976
127	989
128	958
128	995
128	997
129	880
129	939
129	991
130	659
130	975
130	994
131	962
131	983
131	985
132	515
132	854
132	996
133	940
133	985
133	987
134	970
134	985
134	987
135	779
135	908
135	988
136	932
136	970
136	983
137	508
137	995
137	997
138	841
138	945
138	995
139	142
139	950
139	976
140	915
140	941
140	961
141	377
141	972
141	995
142	139
142	362
142	754
143	511
143	706
143	878
144	703
144	803
144	901
145	991
145	994
145	998
146	7
146	882
146	901
147	828
147	907
147	996
148	590
148	978
148	990
149	903
149	971
149	987
150	703
150	916
150	925
151	825
151	956
151	988
152	897
152	984
152	999
153	665
153	926
153	996
154	974
154	982
154	991
155	965
155	987
155	989
156	939
156	980
156	998
157	357
157	972
157	995
158	424
158	976
158	999
159	637
159	988
159	1000
160	943
160	986
160	992
161	931
161	941
161	974
162	927
162	962
162	989
163	862
163	994
163	998
164	645
164	852
164	907
165	168
165	986
165	993
166	919
166	962
166	989
167	778
167	946
167	974
168	165
168	618
168	993
169	662
169	721
169	981
170	795
170	979
170	1000
171	979
171	988
171	1000
172	710
172	970
172	994
173	696
173	750
173	920
174	363
174	963
174	976
175	938
175	946
175	982
176	845
176	972
176	995
177	492
177	671
177	951
178	680
178	921
178	993
179	609
179	735
179	981
180	931
180	953
180	982
181	759
181	913
181	967
182	125
182	824
182	996
183	882
183	916
183	964
184	991
184	994
184	998
185	893
185	979
185	991
186	594
186	987
186	1000
187	463
187	977
187	997
188	929
188	978
188	990
189	378
189	646
189	964
190	393
190	892
190	993
191	112
191	971
191	1000
192	798
192	810
192	986
193	801
193	819
193	911
194	456
194	573
194	931
195	919
195	926
195	948
196	935
196	946
196	994
197	199
197	718
197	907
198	21
198	530
198	913
199	197
199	300
199	996
200	935
200	974
200	982
201	683
201	718
201	996
202	894
202	946
202	995
203	461
203	954
203	973
204	801
204	962
204	983
205	848
205	899
205	988
206	942
206	948
206	996
207	791
207	923
207	963
208	801
208	910
208	987
209	891
209	968
209	993
210	841
210	930
210	951
211	975
211	980
211	991
212	647
212	974
212	982
213	403
213	686
213	986
214	933
214	980
214	989
215	493
215	859
215	976
216	972
216	995
216	997
217	915
217	995
217	997
218	936
218	938
218	990
219	769
219	982
219	984
220	931
220	961
220	982
221	884
221	893
221	959
222	941
222	961
222	982
223	712
223	948
223	996
224	947
224	952
224	978
225	602
225	958
225	997
226	951
226	973
226	981
227	818
227	819
227	967
228	277
228	809
228	921
229	350
229	966
229	997
230	411
230	526
230	685
231	953
231	991
231	994
232	970
232	985
232	989
233	720
233	903
233	1000
234	561
234	686
234	832
235	764
235	975
235	994
236	757
236	952
236	990
237	605
237	680
237	993
238	538
238	810
238	892
239	991
239	994
239	998
240	748
240	991
240	998
241	931
241	961
241	974
242	909
242	948
242	996
243	776
243	917
243	997
244	257
244	962
244	987
245	813
245	978
245	990
246	940
246	942
246	996
247	90
247	796
247	998
248	910
248	917
248	977
249	983
249	987
249	989
250	970
250	987
250	989
251	36
251	929
251	983
252	637
252	864
252	1000
253	858
253	977
253	995
254	552
254	831
254	964
255	56
255	616
255	967
256	969
256	994
256	998
257	244
257	983
257	987
258	874
258	957
258	1000
259	650
259	933
259	987
260	604
260	870
260	990
261	808
261	898
261	967
262	852
262	886
262	996
263	100
263	694
263	957
264	631
264	949
264	984
265	754
265	836
265	984
266	751
266	930
266	951
267	384
267	980
267	994
268	126
268	684
268	879
269	955
269	986
269	993
270	937
270	987
270	989
271	540
271	968
271	998
272	701
272	977
272	995
273	583
273	978
273	990
274	721
274	930
274	951
275	953
275	991
275	998
276	951
276	973
276	981
277	228
277	716
277	999
278	716
278	835
278	923
279	980
279	994
279	998
280	896
280	980
280	998
281	614
281	995
281	997
282	795
282	994
282	998
283	876
283	960
283	984
284	908
284	956
284	979
284	1000
285	379
285	612
285	940
285	996
286	650
286	872
286	909
286	996
287	887
287	980
287	991
287	998
288	656
288	929
288	950
288	990
289	828
289	918
289	940
289	948
290	109
290	497
290	976
290	992
291	438
291	716
291	968
291	999
292	764
292	937
292	946
292	974
293	857
293	965
293	970
293	987
294	380
294	969
294	980
294	991
295	466
295	945
295	977
295	997
296	813
296	849
296	978
296	990
297	481
297	957
297	988
297	1000
298	364
298	795
298	809
298	984
299	380
299	625
299	817
299	992
300	199
300	918
300	940
300	996
301	487
301	733
301	973
301	981
302	736
302	958
302	972
302	977
303	697
303	723
303	951
303	973
304	975
304	980
304	991
304	998
305	778
305	961
305	974
305	982
306	704
306	913
306	916
306	943
307	841
307	951
307	973
307	981
308	736
308	851
308	978
308	990
309	519
309	958
309	972
309	977
310	564
310	874
310	886
310	909
311	71
311	773
311	874
311	934
312	820
312	988
312	991
312	1000
313	681
313	726
313	925
313	964
314	822
314	888
314	930
314	983
315	367
315	538
315	686
315	921
316	922
316	965
316	987
316	989
317	643
317	922
317	987
317	989
318	881
318	969
318	991
318	994
319	644
319	711
319	905
319	997
320	918
320	926
320	987
320	996
321	44
321	912
321	956
321	1000
322	371
322	901
322	964
322	967
323	407
323	893
323	959
323	1000
324	538
324	834
324	943
324	968
325	902
325	968
325	976
325	992
326	979
326	982
326	988
326	1000
327	879
327	928
327	955
327	993
328	418
328	756
328	889
328	990
329	643
329	917
329	966
329	997
330	887
330	953
330	980
330	994
331	858
331	905
331	995
331	997
332	736
332	885
332	947
332	990
333	593
333	620
333	891
333	999
334	915
334	946
334	961
334	982
335	708
335	797
335	954
335	990
336	532
336	943
336	968
336	999
337	763
337	959
337	971
337	988
338	709
338	745
338	920
338	945
339	886
339	905
339	948
339	996
340	126
340	807
340	976
340	999
341	345
341	903
341	957
341	979
342	344
342	840
342	959
342	1000
343	514
343	890
343	930
343	973
344	342
344	619
344	979
344	1000
345	341
345	934
345	995
345	1000
346	500
346	912
346	958
346	972
347	548
347	919
347	942
347	996
348	875
348	965
348	989
348	997
349	718
349	732
349	909
349	940
350	229
350	914
350	977
350	997
351	611
351	721
351	930
351	973
352	660
352	784
352	995
352	997
353	676
353	966
353	977
353	997
354	911
354	933
354	970
354	983
355	661
355	792
355	903
355	1000
356	387
356	795
356	836
356	986
357	157
357	845
357	852
357	972
358	560
358	960
358	968
358	999
359	900
359	941
359	974
359	997
360	490
360	804
360	930
360	981
361	646
361	723
361	746
361	981
362	142
362	653
362	990
362	999
363	174
363	809
363	984
363	992
364	298
364	856
364	960
364	999
365	580
365	804
365	951
365	981
366	854
366	918
366	942
366	996
367	315
367	827
367	843
367	984
368	969
368	975
368	980
368	994
369	893
369	920
369	958
369	972
370	23
370	939
370	975
370	980
371	322
371	703
371	913
371	925
372	834
372	891
372	986
372	992
373	494
373	813
373	904
373	992
374	887
374	980
374	991
374	998
375	607
375	698
375	855
375	996
376	755
376	962
376	983
376	987
377	141
377	945
377	995
377	997
378	189
378	535
378	836
378	906
379	285
379	890
379	926
379	996
380	8
380	294
380	299
380	992
381	881
381	991
381	994
381	998
382	889
382	952
382	978
382	990
383	840
383	912
383	924
383	1000
384	267
384	740
384	991
384	998
385	559
385	890
385	940
385	996
386	126
386	589
386	779
386	834
387	356
387	947
387	952
387	990
388	630
388	737
388	954
388	981
389	635
389	639
389	696
389	917
390	752
390	762
390	930
390	981
391	575
391	824
391	948
391	996
392	836
392	932
392	985
392	989
393	190
393	758
393	949
393	986
394	708
394	717
394	973
394	981
395	737
395	962
395	985
395	989
396	911
396	932
396	970
396	987
397	924
397	971
397	988
397	1000
398	946
398	961
398	974
398	982
399	596
399	897
399	954
399	973
400	428
400	468
400	933
400	970
401	816
401	862
401	980
401	998
402	810
402	970
402	983
402	989
403	213
403	931
403	943
403	968
404	874
404	960
404	971
404	1000
405	492
405	666
405	801
405	841
406	896
406	991
406	994
406	998
407	323
407	893
407	934
407	1000
408	929
408	952
408	978
408	990
409	556
409	607
409	948
409	996
410	878
410	927
410	962
410	985
411	230
411	809
411	899
411	992
412	941
412	946
412	974
412	982
413	48
413	983
413	985
413	989
414	584
414	839
414	995
414	997
415	715
415	786
415	913
415	967
416	796
416	881
416	969
416	991
417	608
417	710
417	969
417	980
418	328
418	947
418	950
418	990
419	751
419	762
419	780
419	954
420	785
420	908
420	912
420	1000
421	905
421	958
421	972
421	977
422	585
422	816
422	978
422	990
423	712
423	876
423	897
423	999
424	158
424	829
424	941
424	982
425	870
425	942
425	978
425	990
426	82
426	971
426	988
426	1000
427	758
427	839
427	958
427	997
428	400
428	542
428	983
428	989
429	872
429	890
429	918
429	996
430	716
430	861
430	902
430	960
431	773
431	776
431	908
431	971
432	688
432	811
432	977
432	995
433	747
433	902
433	928
433	958
434	767
434	846
434	957
434	988
435	519
435	533
435	977
435	997
436	600
436	850
436	920
436	997
437	842
437	844
437	948
437	984
438	291
438	986
438	992
438	993
439	443
439	545
439	972
439	997
440	523
440	618
440	818
440	990
441	916
441	939
441	975
441	994
441	998
442	766
442	896
442	991
442	994
442	998
443	439
443	776
443	894
443	966
443	997
444	889
444	938
444	950
444	952
444	990
445	481
445	826
445	908
445	979
445	1000
446	595
446	600
446	921
446	993
446	999
447	929
447	936
447	952
447	978
447	990
448	572
448	823
448	869
448	961
448	982
449	532
449	539
449	771
449	859
449	976
450	818
450	882
450	898
450	964
450	967
451	877
451	896
451	944
451	975
451	991
452	845
452	914
452	930
452	972
452	977
453	806
453	840
453	934
453	988
453	1000
454	672
454	952
454	956
454	971
454	1000
455	880
455	939
455	969
455	994
455	998
456	194
456	665
456	698
456	948
456	996
457	915
457	935
457	937
457	974
457	982
458	867
458	969
458	975
458	994
458	998
459	501
459	731
459	941
459	961
459	974
460	87
460	902
460	928
460	963
460	976
461	203
461	841
461	888
461	973
461	981
462	707
462	955
462	963
462	976
462	992
463	187
463	966
463	977
463	995
463	997
464	477
464	585
464	885
464	978
464	990
465	684
465	705
465	955
465	986
465	992
466	295
466	654
466	968
466	993
466	999
467	21
467	704
467	797
467	964
467	967
468	400
468	897
468	963
468	986
468	992
469	83
469	889
469	952
469	978
469	990
470	910
470	962
470	983
470	985
470	987
471	107
471	904
471	955
471	993
471	997
472	969
472	980
472	991
472	994
472	998
473	550
473	915
473	937
473	946
473	982
474	881
474	952
474	991
474	994
474	998
475	956
475	971
475	979
475	988
475	1000
476	690
476	849
476	936
476	978
476	990
477	464
477	936
477	950
477	978
477	990
478	121
478	885
478	947
478	950
478	990
479	818
479	848
479	913
479	925
479	964
480	551
480	887
480	939
480	994
480	998
481	297
481	445
481	568
481	720
481	979
482	868
482	947
482	950
482	990
482	995
483	495
483	911
483	970
483	983
483	985
484	887
484	953
484	980
484	994
484	998
485	774
485	809
485	895
485	992
485	999
486	932
486	970
486	983
486	987
486	989
487	301
487	693
487	743
487	930
487	988
488	67
488	945
488	966
488	995
488	997
489	49
489	932
489	935
489	974
489	982
490	360
490	930
490	954
490	973
490	981
491	960
491	963
491	986
491	992
491	1000
492	2
492	177
492	405
492	708
492	717
493	215
493	763
493	770
493	899
493	1000
494	373
494	747
494	856
494	859
494	993
495	483
495	924
495	934
495	979
495	1000
496	861
496	912
496	957
496	959
496	1000
497	290
497	956
497	957
497	988
497	1000
498	508
498	969
498	975
498	991
498	998
499	791
499	836
499	876
499	943
499	973
500	346
500	639
500	850
500	905
500	945
501	73
501	459
501	782
501	972
501	995
502	34
502	707
502	873
502	950
502	999
503	786
503	862
503	896
503	980
503	998
504	912
504	934
504	971
504	979
504	1000
505	816
505	870
505	947
505	978
505	990
506	965
506	970
506	983
506	985
506	989
507	643
507	845
507	966
507	995
507	997
508	137
508	498
508	614
508	758
508	995
509	626
509	637
509	883
509	987
509	988
510	655
510	764
510	807
510	944
510	994
511	143
511	631
511	949
511	999
511	1000
512	523
512	882
512	916
512	954
512	967
513	900
513	935
513	941
513	961
513	982
514	343
514	546
514	752
514	841
514	973
515	132
515	844
515	907
515	918
515	996
516	124
516	832
516	949
516	984
516	992
517	669
517	968
517	984
517	993
517	999
518	970
518	975
518	983
518	985
518	989
519	309
519	435
519	784
519	845
519	997
520	691
520	865
520	957
520	971
520	980
521	735
521	797
521	951
521	973
521	981
522	618
522	882
522	925
522	964
522	973
523	440
523	512
523	765
523	833
523	967
524	724
524	823
524	915
524	961
524	982
525	815
525	819
525	864
525	971
525	1000
526	230
526	635
526	837
526	960
526	976
527	662
527	693
527	954
527	973
527	981
528	927
528	965
528	985
528	989
528	997
529	765
529	808
529	964
529	967
529	999
530	198
530	746
530	925
530	964
530	967
531	679
531	894
531	914
531	995
531	997
532	336
532	449
532	853
532	871
532	999
533	435
533	945
533	968
533	972
533	995
534	927
534	965
534	970
534	983
534	985
535	378
535	943
535	963
535	984
535	994
536	658
536	846
536	872
536	926
536	996
537	791
537	810
537	847
537	976
537	986
537	992
538	238
538	315
538	324
538	921
538	976
538	986
539	449
539	774
539	963
539	976
539	986
539	999
540	271
540	909
540	953
540	980
540	991
540	998
541	114
541	914
541	972
541	977
541	995
541	997
542	428
542	623
542	782
542	945
542	995
542	997
543	910
543	965
543	983
543	985
543	987
543	989
544	607
544	682
544	828
544	890
544	907
544	996
545	439
545	591
545	811
545	914
545	972
545	995
546	514
546	737
546	804
546	879
546	951
546	981
547	674
547	739
547	943
547	967
547	968
547	992
548	109
548	347
548	682
548	842
548	886
548	948
549	557
549	807
549	857
549	980
549	994
549	998
550	473
550	688
550	769
550	823
550	961
550	982
551	480
551	939
551	944
551	948
551	980
551	998
552	61
552	254
552	564
552	882
552	911
552	964
553	749
553	935
553	946
553	961
553	974
553	982
554	900
554	911
554	922
554	965
554	987
554	989
555	740
555	880
555	887
555	975
555	980
555	994
556	409
556	855
556	932
556	985
556	987
556	989
557	549
557	779
557	861
557	899
557	971
557	1000
558	873
558	897
558	904
558	985
558	986
558	993
559	385
559	778
559	842
559	907
559	942
559	996
560	358
560	754
560	895
560	968
560	986
560	999
561	234
561	595
561	707
561	848
561	984
561	999
562	691
562	883
562	956
562	959
562	971
562	979
563	900
563	917
563	946
563	961
563	974
563	982
564	310
564	552
564	715
564	793
564	882
564	964
565	572
565	674
565	795
565	963
565	998
565	999
566	755
566	927
566	944
566	983
566	987
566	989
567	83
567	618
567	818
567	831
567	925
567	964
568	481
568	847
568	864
568	899
568	934
568	1000
569	664
569	911
569	962
569	985
569	987
569	989
570	802
570	922
570	965
570	985
570	987
570	989
571	835
571	892
571	934
571	963
571	986
571	993
572	448
572	565
572	739
572	897
572	906
572	999
573	194
573	678
573	683
573	919
573	942
573	996
574	803
574	818
574	866
574	964
574	967
574	969
575	391
575	839
575	945
575	972
575	995
575	997
576	623
576	945
576	958
576	966
576	972
576	995
577	922
577	962
577	970
577	983
577	985
577	987
578	653
578	686
578	876
578	943
578	951
578	984
579	637
579	747
579	903
579	956
579	979
579	988
580	365
580	743
580	757
580	951
580	954
580	981
581	63
581	719
581	852
581	909
581	942
581	996
582	854
582	890
582	909
582	919
582	926
582	996
583	273
583	849
583	870
583	936
583	950
583	990
584	414
584	640
584	889
584	950
584	978
584	990
585	422
585	464
585	889
585	936
585	938
585	990
586	842
586	844
586	919
586	940
586	948
586	996
587	765
587	875
587	932
587	983
587	987
587	989
588	669
588	723
588	752
588	888
588	973
588	981
589	69
589	386
589	772
589	791
589	876
589	999
590	148
590	830
590	851
590	889
590	978
590	990
591	91
591	545
591	898
591	913
591	916
591	964
592	704
592	866
592	916
592	925
592	967
592	989
593	333
593	795
593	902
593	960
593	963
593	992
594	186
594	819
594	846
594	924
594	979
594	988
594	999
595	446
595	561
595	700
595	705
595	895
595	904
595	984
596	87
596	399
596	630
596	721
596	735
596	930
596	988
597	851
597	870
597	936
597	938
597	958
597	978
597	990
598	703
598	726
598	898
598	901
598	964
598	967
598	993
599	729
599	821
599	844
599	899
599	912
599	979
599	1000
600	436
600	446
600	827
600	904
600	960
600	992
600	993
601	848
601	884
601	956
601	971
601	979
601	988
601	1000
602	225
602	643
602	750
602	912
602	972
602	977
602	997
603	667
603	731
603	829
603	935
603	937
603	965
603	974
604	260
604	634
604	753
604	965
604	983
604	987
604	989
605	237
605	869
605	937
605	946
605	961
605	974
605	982
606	823
606	869
606	931
606	937
606	941
606	946
606	974
607	375
607	409
607	544
607	687
607	926
607	942
607	996
608	95
608	417
608	984
608	986
608	992
608	993
608	999
609	179
609	869
609	935
609	946
609	961
609	974
609	982
610	729
610	763
610	815
610	840
610	934
610	957
610	979
611	54
611	351
611	669
611	708
611	878
611	930
611	951
612	285
612	622
612	695
612	842
612	844
612	919
612	942
613	937
613	939
613	969
613	980
613	991
613	994
613	998
614	281
614	508
614	705
614	958
614	977
614	995
614	997
615	687
615	814
615	936
615	952
615	978
615	981
615	990
616	255
616	704
616	900
616	901
616	913
616	964
616	967
617	814
617	816
617	929
617	945
617	950
617	952
617	990
618	168
618	440
618	522
618	567
618	648
618	882
618	964
619	31
619	344
619	626
619	908
619	957
619	988
619	1000
620	333
620	852
620	860
620	872
620	940
620	942
620	996
621	944
621	948
621	975
621	980
621	991
621	994
621	998
622	612
622	723
622	762
622	841
622	888
622	954
622	981
623	542
623	576
623	643
623	858
623	914
623	977
623	996
624	788
624	911
624	927
624	949
624	985
624	987
624	989
625	299
625	629
625	817
625	853
625	923
625	986
625	999
626	509
626	619
626	735
626	826
626	893
626	957
626	979
627	39
627	778
627	937
627	941
627	961
627	974
627	982
628	728
628	819
628	821
628	933
628	957
628	979
628	1000
629	37
629	625
629	798
629	878
629	976
629	992
629	993
630	388
630	596
630	797
630	804
630	866
630	973
630	981
631	264
631	511
631	906
631	984
631	989
631	993
631	999
632	917
632	946
632	966
632	972
632	977
632	995
632	997
633	14
633	766
633	877
633	969
633	975
633	991
633	998
634	604
634	910
634	932
634	962
634	965
634	985
634	989
635	389
635	526
635	674
635	747
635	830
635	904
635	976
636	880
636	953
636	975
636	980
636	991
636	994
636	995
637	119
637	159
637	252
637	509
637	579
637	777
637	825
638	690
638	872
638	947
638	950
638	952
638	978
638	990
639	389
639	500
639	840
639	917
639	920
639	958
639	977
640	584
640	792
640	838
640	929
640	938
640	978
640	990
641	76
641	679
641	787
641	839
641	905
641	920
641	995
642	896
642	915
642	944
642	975
642	991
642	994
642	998
643	317
643	329
643	507
643	602
643	623
643	905
643	997
644	319
644	805
644	914
644	920
644	983
644	995
644	997
645	164
645	860
645	886
645	906
645	907
645	948
645	996
646	115
646	189
646	361
646	878
646	902
646	968
646	992
647	212
647	792
647	915
647	931
647	961
647	974
647	982
648	618
648	681
648	898
648	916
648	951
648	964
648	967
649	764
649	857
649	969
649	980
649	991
649	994
649	998
650	259
650	286
650	824
650	890
650	926
650	942
650	996
651	744
651	901
651	953
651	975
651	991
651	994
651	998
652	859
652	948
652	949
652	984
652	986
652	992
652	999
653	362
653	578
653	873
653	902
653	904
653	984
653	986
654	466
654	674
654	830
654	963
654	968
654	984
654	986
655	510
655	944
655	953
655	984
655	991
655	994
655	998
656	27
656	288
656	767
656	929
656	952
656	978
656	990
657	102
657	724
657	785
657	931
657	935
657	937
657	951
657	961
658	24
658	536
658	844
658	909
658	918
658	940
658	947
658	996
659	130
659	862
659	969
659	975
659	991
659	994
659	998
659	999
660	352
660	850
660	894
660	917
660	959
660	966
660	972
660	995
661	355
661	759
661	827
661	843
661	891
661	928
661	992
661	993
662	169
662	527
662	702
662	841
662	902
662	954
662	973
662	981
663	742
663	857
663	880
663	975
663	990
663	991
663	994
663	998
664	569
664	910
664	924
664	932
664	965
664	983
664	987
664	989
665	153
665	456
665	760
665	852
665	882
665	907
665	940
665	996
666	405
666	693
666	723
666	735
666	822
666	888
666	954
666	981
667	603
667	778
667	785
667	915
667	941
667	961
667	974
667	982
668	808
668	818
668	866
668	898
668	901
668	913
668	925
668	990
669	517
669	588
669	611
669	741
669	822
669	951
669	973
669	981
670	16
670	855
670	922
670	933
670	962
670	965
670	985
670	989
671	177
671	741
671	751
671	804
671	930
671	954
671	961
671	981
672	454
672	825
672	903
672	934
672	956
672	984
672	988
672	1000
673	933
673	962
673	965
673	970
673	983
673	985
673	987
673	989
674	547
674	565
674	635
674	654
674	706
674	955
674	968
674	992
675	64
675	703
675	726
675	803
675	831
675	916
675	923
675	964
676	19
676	31
676	353
676	864
676	903
676	924
676	956
676	1000
677	877
677	880
677	953
677	969
677	975
677	991
677	994
677	998
678	573
678	683
678	842
678	918
678	919
678	926
678	942
678	996
679	531
679	641
679	945
679	966
679	972
679	977
679	995
679	997
680	178
680	237
680	809
680	810
680	856
680	923
680	963
680	999
681	313
681	648
681	704
681	765
681	898
681	964
681	967
681	996
682	544
682	548
682	876
682	886
682	940
682	942
682	948
682	996
683	97
683	201
683	573
683	678
683	872
683	890
683	907
683	971
684	268
684	465
684	843
684	847
684	906
684	928
684	992
684	999
685	230
685	817
685	835
685	843
685	887
685	902
685	943
685	999
686	213
686	234
686	315
686	578
686	835
686	857
686	895
686	993
687	607
687	615
687	849
687	929
687	936
687	947
687	978
687	990
688	432
688	550
688	845
688	958
688	966
688	972
688	995
688	997
689	900
689	910
689	915
689	935
689	941
689	961
689	974
689	982
690	476
690	638
690	924
690	929
690	938
690	947
690	978
690	990
691	29
691	520
691	562
691	777
691	957
691	966
691	988
691	1000
692	962
692	965
692	970
692	976
692	983
692	985
692	987
692	989
693	487
693	527
693	666
693	702
693	751
693	824
693	954
693	981
694	263
694	861
694	924
694	928
694	956
694	957
694	979
694	988
695	38
695	612
695	872
695	886
695	918
695	942
695	948
695	996
696	173
696	389
696	776
696	834
696	850
696	972
696	995
696	997
697	303
697	910
697	932
697	962
697	970
697	985
697	987
697	989
698	24
698	375
698	456
698	821
698	824
698	844
698	918
698	919
699	742
699	766
699	896
699	939
699	953
699	991
699	994
699	998
700	595
700	801
700	875
700	922
700	927
700	933
700	983
700	989
701	272
701	730
701	958
701	966
701	972
701	977
701	995
701	997
702	662
702	693
702	717
702	737
702	742
702	888
702	930
702	973
703	144
703	150
703	371
703	598
703	675
703	901
703	913
703	925
704	306
704	467
704	592
704	616
704	681
704	825
704	866
704	898
704	967
705	465
705	595
705	614
705	799
705	827
705	871
705	955
705	960
705	992
706	143
706	674
706	833
706	892
706	898
706	906
706	943
706	976
706	986
707	462
707	502
707	561
707	882
707	921
707	943
707	960
707	992
707	999
708	335
708	394
708	492
708	611
708	746
708	930
708	954
708	981
708	1000
709	73
709	338
709	758
709	811
709	839
709	850
709	896
709	920
709	977
710	172
710	417
710	764
710	953
710	969
710	975
710	980
710	994
710	998
711	319
711	730
711	787
711	958
711	966
711	973
711	977
711	995
711	997
712	223
712	423
712	798
712	897
712	906
712	921
712	943
712	993
712	999
713	738
713	907
713	911
713	933
713	962
713	965
713	970
713	983
713	985
714	94
714	745
714	782
714	845
714	850
714	886
714	966
714	995
714	997
715	415
715	564
715	765
715	793
715	841
715	901
715	925
715	964
715	967
716	277
716	278
716	291
716	430
716	747
716	772
716	821
716	984
716	993
717	394
717	492
717	702
717	787
717	888
717	951
717	954
717	973
717	981
718	197
718	201
718	349
718	753
718	828
718	842
718	872
718	918
718	996
719	581
719	775
719	795
719	832
719	856
719	895
719	949
719	963
719	968
720	233
720	481
720	848
720	865
720	883
720	924
720	942
720	988
720	1000
721	169
721	274
721	351
721	596
721	743
721	930
721	932
721	954
721	981
722	774
722	798
722	810
722	827
722	891
722	892
722	955
722	960
722	992
723	303
723	361
723	588
723	622
723	666
723	797
723	804
723	954
723	1000
724	524
724	657
724	829
724	869
724	881
724	946
724	961
724	974
724	982
725	807
725	809
725	944
725	953
725	969
725	975
725	991
725	994
725	998
726	64
726	313
726	598
726	675
726	793
726	831
726	866
726	868
726	901
727	815
727	922
727	932
727	962
727	965
727	983
727	985
727	987
727	989
728	628
728	734
728	774
728	815
728	826
728	840
728	956
728	971
728	988
729	31
729	599
729	610
729	761
729	864
729	956
729	959
729	988
729	1000
730	701
730	711
730	738
730	787
730	917
730	920
730	966
730	977
730	995
731	459
731	603
731	785
731	823
731	935
731	937
731	946
731	974
731	982
732	349
732	824
732	844
732	877
732	907
732	909
732	942
732	948
732	996
733	2
733	301
733	743
733	751
733	762
733	951
733	954
733	973
733	978
733	981
734	728
734	806
734	820
734	865
734	879
734	883
734	959
734	971
734	979
734	1000
735	179
735	521
735	596
735	626
735	666
735	751
735	752
735	841
735	951
735	981
736	302
736	308
736	332
736	849
736	870
736	929
736	936
736	938
736	978
736	990
737	388
737	395
737	546
737	702
737	804
737	822
737	888
737	951
737	973
737	981
738	713
738	730
738	802
738	911
738	932
738	970
738	983
738	985
738	987
738	989
739	547
739	572
739	771
739	853
739	917
739	921
739	968
739	992
739	993
739	999
740	384
740	555
740	796
740	881
740	944
740	947
740	975
740	991
740	994
740	998
741	669
741	671
741	752
741	762
741	780
741	797
741	808
741	822
741	930
741	981
742	663
742	699
742	702
742	896
742	953
742	975
742	980
742	991
742	994
742	998
743	487
743	580
743	721
743	733
743	752
743	804
743	822
743	973
743	974
743	981
744	21
744	651
744	764
744	862
744	944
744	969
744	975
744	980
744	991
744	994
745	338
745	714
745	750
745	787
745	858
745	949
745	958
745	966
745	995
745	997
746	361
746	530
746	708
746	752
746	780
746	888
746	930
746	954
746	973
746	981
747	433
747	494
747	579
747	635
747	716
747	873
747	943
747	955
747	963
747	986
748	240
748	771
748	863
748	897
748	904
748	921
748	976
748	984
748	986
748	993
749	553
749	809
749	812
749	823
749	900
749	931
749	935
749	937
749	961
749	974
750	173
750	602
750	745
750	839
750	888
750	894
750	917
750	945
750	958
750	997
751	266
751	419
751	671
751	693
751	733
751	735
751	951
751	973
751	981
751	1000
752	390
752	514
752	588
752	735
752	741
752	743
752	746
752	762
752	817
752	954
753	118
753	604
753	718
753	932
753	962
753	965
753	970
753	983
753	985
753	989
754	142
754	265
754	560
754	906
754	921
754	927
754	955
754	992
754	993
754	999
755	376
755	566
755	802
755	814
755	875
755	970
755	983
755	985
755	987
755	989
756	328
756	828
756	854
756	860
756	872
756	907
756	919
756	926
756	948
756	996
757	236
757	580
757	794
757	800
757	885
757	936
757	938
757	950
757	978
757	990
758	393
758	427
758	508
758	709
758	805
758	945
758	958
758	977
758	995
758	997
759	34
759	181
759	661
759	853
759	863
759	871
759	878
759	968
759	984
759	999
760	665
760	844
760	852
760	854
760	860
760	919
760	926
760	940
760	995
760	996
761	55
761	729
761	770
761	821
761	912
761	924
761	934
761	935
761	959
761	1000
762	390
762	419
762	622
762	733
762	741
762	752
762	909
762	930
762	973
762	981
763	337
763	493
763	610
763	846
763	861
763	865
763	949
763	959
763	988
763	1000
764	235
764	292
764	510
764	649
764	710
764	744
764	969
764	980
764	991
764	994
764	998
765	523
765	529
765	587
765	681
765	715
765	866
765	882
765	898
765	913
765	964
765	967
766	442
766	633
766	699
766	807
766	826
766	939
766	969
766	975
766	980
766	991
766	994
767	434
767	656
767	838
767	849
767	889
767	929
767	936
767	938
767	950
767	952
767	990
768	6
768	835
768	856
768	892
768	904
768	914
768	960
768	976
768	986
768	993
768	999
769	219
769	550
769	796
769	869
769	900
769	931
769	937
769	946
769	961
769	974
769	982
770	35
770	493
770	761
770	820
770	873
770	884
770	924
770	959
770	971
770	988
770	1000
771	449
771	739
771	748
771	798
771	836
771	856
771	872
771	968
771	986
771	993
771	999
772	65
772	589
772	716
772	775
772	863
772	891
772	921
772	933
772	960
772	986
772	992
773	311
773	431
773	792
773	848
773	867
773	924
773	956
773	959
773	971
773	988
773	1000
774	485
774	539
774	722
774	728
774	781
774	871
774	892
774	923
774	968
774	984
774	993
775	719
775	772
775	817
775	902
775	903
775	904
775	923
775	960
775	984
775	993
775	999
776	243
776	431
776	443
776	696
776	784
776	945
776	958
776	966
776	972
776	995
776	997
777	637
777	691
777	779
777	792
777	811
777	819
777	865
777	884
777	903
777	956
777	979
778	167
778	305
778	559
778	627
778	667
778	931
778	935
778	937
778	941
778	974
778	982
779	135
779	386
779	557
779	777
779	819
779	924
779	957
779	959
779	979
779	988
779	1000
780	419
780	741
780	746
780	797
780	822
780	841
780	888
780	954
780	957
780	973
780	981
781	774
781	810
781	847
781	871
781	879
781	895
781	943
781	949
781	968
781	986
781	990
782	501
782	542
782	714
782	787
782	811
782	883
782	905
782	920
782	966
782	995
782	997
783	786
783	793
783	808
783	839
783	866
783	898
783	901
783	925
783	964
783	967
783	976
784	352
784	519
784	776
784	858
784	914
784	917
784	920
784	975
784	977
784	995
784	997
785	420
785	657
785	667
785	731
785	829
785	900
785	931
785	935
785	937
785	961
785	982
786	415
786	503
786	783
786	793
786	803
786	866
786	882
786	898
786	901
786	925
786	964
786	967
787	641
787	711
787	717
787	730
787	745
787	782
787	914
787	945
787	958
787	966
787	995
787	997
788	624
788	910
788	922
788	927
788	933
788	965
788	969
788	970
788	983
788	985
788	987
788	989
789	118
789	856
789	875
789	910
789	913
789	962
789	965
789	970
789	983
789	985
789	987
789	989
790	106
790	823
790	867
790	880
790	939
790	944
790	969
790	975
790	980
790	991
790	994
790	998
791	207
791	499
791	537
791	589
791	837
791	895
791	906
791	949
791	960
791	968
791	976
791	980
792	355
792	640
792	647
792	773
792	777
792	861
792	893
792	959
792	971
792	979
792	988
792	1000
793	564
793	715
793	726
793	783
793	786
793	799
793	882
793	901
793	913
793	916
793	964
793	967
794	757
794	849
794	851
794	868
794	929
794	936
794	938
794	947
794	952
794	978
794	990
794	997
795	170
795	282
795	298
795	356
795	565
795	593
795	719
795	904
795	968
795	976
795	986
795	999
796	247
796	416
796	740
796	769
796	880
796	944
796	969
796	975
796	980
796	991
796	994
796	998
797	335
797	467
797	521
797	630
797	723
797	741
797	780
797	888
797	951
797	954
797	973
797	981
798	192
798	629
798	712
798	722
798	771
798	799
798	809
798	834
798	942
798	963
798	984
798	986
799	111
799	705
799	793
799	798
799	847
799	928
799	963
799	968
799	976
799	984
799	993
799	999
800	757
800	816
800	838
800	868
800	885
800	905
800	936
800	938
800	950
800	952
800	978
800	990
801	193
801	204
801	208
801	405
801	700
801	932
801	933
801	962
801	983
801	985
801	987
801	989
802	570
802	738
802	755
802	922
802	933
802	962
802	965
802	983
802	985
802	986
802	987
802	989
803	22
803	64
803	79
803	113
803	144
803	574
803	675
803	786
803	898
803	925
803	967
803	978
804	360
804	365
804	546
804	630
804	671
804	723
804	737
804	743
804	951
804	977
804	981
804	988
805	644
805	758
805	845
805	894
805	920
805	923
805	958
805	966
805	972
805	977
805	995
805	997
806	62
806	453
806	734
806	815
806	846
806	924
806	959
806	970
806	971
806	979
806	988
806	1000
807	66
807	340
807	510
807	549
807	725
807	766
807	887
807	939
807	953
807	969
807	975
807	991
807	998
808	61
808	261
808	529
808	668
808	741
808	783
808	882
808	901
808	913
808	925
808	964
808	967
808	983
809	228
809	298
809	363
809	411
809	485
809	680
809	725
809	749
809	798
809	817
809	892
809	897
809	992
810	115
810	192
810	238
810	402
810	537
810	680
810	722
810	781
810	949
810	976
810	986
810	992
810	999
811	432
811	545
811	709
811	777
811	782
811	850
811	894
811	899
811	905
811	958
811	966
811	995
811	997
812	749
812	823
812	869
812	915
812	931
812	935
812	937
812	941
812	946
812	961
812	966
812	974
812	982
813	245
813	296
813	373
813	814
813	868
813	889
813	936
813	938
813	947
813	950
813	952
813	978
813	990
814	615
814	617
814	755
814	813
814	851
814	885
814	929
814	938
814	947
814	950
814	952
814	978
814	990
815	525
815	610
815	727
815	728
815	806
815	825
815	861
815	893
815	912
815	934
815	967
815	988
815	1000
816	401
816	422
816	505
816	617
816	800
816	868
816	929
816	936
816	938
816	950
816	952
816	978
816	990
817	70
817	80
817	299
817	625
817	685
817	752
817	775
817	809
817	923
817	949
817	984
817	986
817	992
818	227
818	440
818	450
818	479
818	567
818	574
818	668
818	901
818	913
818	916
818	925
818	945
818	964
819	193
819	227
819	525
819	594
819	628
819	777
819	779
819	840
819	956
819	957
819	959
819	971
819	988
820	20
820	312
820	734
820	770
820	822
820	825
820	893
820	899
820	908
820	912
820	971
820	979
820	1000
821	599
821	628
821	698
821	716
821	761
821	848
821	864
821	865
821	899
821	956
821	959
821	971
821	1000
822	84
822	314
822	666
822	669
822	737
822	741
822	743
822	780
822	820
822	888
822	954
822	973
822	981
823	448
823	524
823	550
823	606
823	731
823	749
823	790
823	812
823	898
823	900
823	915
823	937
823	961
823	982
824	57
824	182
824	391
824	650
824	693
824	698
824	732
824	854
824	869
824	890
824	909
824	918
824	942
824	996
825	151
825	637
825	672
825	704
825	815
825	820
825	883
825	908
825	912
825	957
825	971
825	979
825	988
825	1000
826	44
826	445
826	626
826	728
826	766
826	893
826	899
826	908
826	956
826	957
826	959
826	971
826	979
826	1000
827	367
827	600
827	661
827	705
827	722
827	863
827	881
827	949
827	963
827	966
827	984
827	992
827	993
827	999
828	97
828	147
828	289
828	544
828	718
828	756
828	854
828	872
828	886
828	907
828	926
828	940
828	996
828	998
829	424
829	603
829	724
829	785
829	886
829	900
829	915
829	931
829	935
829	941
829	946
829	974
829	979
829	982
830	590
830	635
830	654
830	847
830	853
830	859
830	871
830	879
830	891
830	949
830	992
830	993
830	998
830	999
831	113
831	254
831	567
831	675
831	726
831	866
831	882
831	901
831	913
831	916
831	920
831	964
831	967
831	989
832	8
832	107
832	115
832	234
832	516
832	719
832	836
832	891
832	921
832	955
832	968
832	975
832	992
832	993
833	523
833	706
833	834
833	878
833	897
833	923
833	955
833	960
833	968
833	984
833	986
833	993
833	998
833	999
834	122
834	324
834	372
834	386
834	696
834	798
834	833
834	856
834	863
834	943
834	986
834	992
834	993
834	999
835	278
835	571
835	685
835	686
835	768
835	853
835	871
835	879
835	902
835	954
835	963
835	992
835	993
835	999
836	103
836	265
836	356
836	378
836	392
836	499
836	771
836	832
836	837
836	921
836	949
836	992
836	993
836	999
837	15
837	111
837	526
837	791
837	836
837	923
837	928
837	960
837	963
837	978
837	986
837	992
837	993
837	999
838	640
838	767
838	800
838	849
838	870
838	889
838	921
838	936
838	938
838	947
838	950
838	967
838	978
838	990
839	53
839	99
839	414
839	427
839	575
839	641
839	709
839	750
839	783
839	917
839	945
839	958
839	966
839	995
839	997
840	85
840	342
840	383
840	453
840	610
840	639
840	728
840	819
840	846
840	874
840	908
840	957
840	959
840	988
840	1000
841	138
841	210
841	307
841	405
841	461
841	514
841	622
841	662
841	715
841	735
841	780
841	930
841	951
841	973
841	981
842	437
842	548
842	559
842	586
842	612
842	678
842	718
842	852
842	890
842	919
842	940
842	942
842	992
842	996
842	999
843	88
843	367
843	661
843	684
843	685
843	891
843	904
843	921
843	943
843	955
843	961
843	968
843	984
843	993
843	999
844	437
844	515
844	586
844	599
844	612
844	658
844	698
844	732
844	760
844	886
844	907
844	909
844	926
844	940
844	996
845	94
845	176
845	357
845	452
845	507
845	519
845	688
845	714
845	805
845	858
845	963
845	966
845	977
845	995
845	997
846	55
846	434
846	536
846	594
846	763
846	806
846	840
846	864
846	874
846	939
846	957
846	959
846	979
846	988
846	1000
847	41
847	65
847	80
847	537
847	568
847	684
847	781
847	799
847	830
847	921
847	928
847	963
847	976
847	993
847	999
848	30
848	205
848	479
848	561
848	601
848	720
848	773
848	821
848	865
848	874
848	934
848	959
848	971
848	988
848	1000
849	296
849	476
849	583
849	687
849	736
849	767
849	794
849	838
849	851
849	936
849	947
849	950
849	952
849	977
849	990
850	105
850	436
850	500
850	660
850	696
850	709
850	714
850	811
850	914
850	920
850	952
850	966
850	977
850	979
850	997
851	308
851	590
851	597
851	794
851	814
851	849
851	885
851	936
851	938
851	947
851	950
851	952
851	971
851	978
851	990
852	164
852	262
852	357
852	581
852	620
852	665
852	760
852	842
852	860
852	919
852	926
852	942
852	948
852	974
852	996
853	532
853	625
853	739
853	759
853	830
853	835
853	879
853	906
853	943
853	955
853	970
853	976
853	984
853	986
853	992
854	41
854	132
854	366
854	582
854	756
854	760
854	824
854	828
854	860
854	872
854	890
854	909
854	919
854	926
854	940
854	956
855	375
855	556
855	670
855	875
855	911
855	922
855	927
855	932
855	933
855	962
855	965
855	970
855	983
855	985
855	987
855	989
856	364
856	494
856	680
856	719
856	768
856	771
856	789
856	834
856	876
856	928
856	943
856	960
856	976
856	984
856	992
856	999
857	293
857	549
857	649
857	663
857	686
857	867
857	877
857	881
857	944
857	953
857	969
857	975
857	980
857	991
857	994
857	998
858	253
858	331
858	623
858	745
858	784
858	845
858	894
858	905
858	945
858	958
858	966
858	967
858	977
858	986
858	995
858	997
859	215
859	449
859	494
859	652
859	830
859	895
859	904
859	906
859	928
859	934
859	955
859	960
859	985
859	986
859	992
859	993
860	620
860	645
860	756
860	760
860	852
860	854
860	872
860	890
860	907
860	909
860	918
860	926
860	938
860	940
860	942
860	996
861	430
861	496
861	557
861	694
861	763
861	792
861	815
861	883
861	899
861	908
861	956
861	957
861	971
861	979
861	988
861	1000
862	163
862	401
862	503
862	659
862	744
862	867
862	880
862	939
862	944
862	953
862	969
862	975
862	985
862	991
862	994
862	998
863	95
863	109
863	748
863	759
863	772
863	827
863	834
863	928
863	960
863	962
863	968
863	976
863	984
863	986
863	993
863	999
864	100
864	252
864	525
864	568
864	676
864	729
864	821
864	846
864	865
864	903
864	924
864	959
864	964
864	979
864	986
864	988
865	520
865	720
865	734
865	763
865	777
865	821
865	848
865	864
865	883
865	884
865	912
865	926
865	971
865	988
865	993
865	1000
866	574
866	592
866	630
866	668
866	704
866	726
866	765
866	783
866	786
866	831
866	898
866	913
866	916
866	964
866	967
866	993
867	58
867	458
867	773
867	790
867	857
867	862
867	887
867	939
867	953
867	969
867	975
867	980
867	983
867	991
867	994
867	998
868	90
868	482
868	726
868	794
868	800
868	813
868	816
868	870
868	929
868	938
868	947
868	950
868	952
868	978
868	990
868	996
869	448
869	605
869	606
869	609
869	724
869	769
869	812
869	824
869	900
869	915
869	931
869	935
869	941
869	947
869	961
869	974
869	982
870	260
870	425
870	505
870	583
870	597
870	736
870	838
870	868
870	885
870	929
870	936
870	947
870	950
870	952
870	982
870	990
870	992
871	15
871	532
871	705
871	759
871	774
871	781
871	830
871	835
871	876
871	891
871	895
871	964
871	976
871	977
871	984
871	986
871	992
872	286
872	429
872	536
872	620
872	638
872	683
872	695
872	718
872	756
872	771
872	828
872	854
872	860
872	909
872	918
872	948
872	996
873	502
873	558
873	653
873	747
873	770
873	878
873	897
873	921
873	949
873	955
873	957
873	960
873	976
873	984
873	986
873	993
873	999
874	50
874	258
874	310
874	311
874	404
874	840
874	846
874	848
874	883
874	884
874	893
874	925
874	934
874	971
874	979
874	988
874	1000
875	79
875	348
875	587
875	700
875	755
875	789
875	855
875	910
875	927
875	932
875	955
875	965
875	970
875	983
875	985
875	987
875	989
876	15
876	283
876	423
876	499
876	578
876	589
876	682
876	856
876	871
876	891
876	897
876	902
876	906
876	928
876	963
876	993
876	999
877	75
877	451
877	633
877	677
877	732
877	857
877	880
877	939
877	944
877	953
877	969
877	974
877	975
877	980
877	991
877	994
877	998
878	143
878	410
878	611
878	629
878	646
878	759
878	833
878	873
878	895
878	897
878	949
878	955
878	960
878	963
878	976
878	993
878	999
879	268
879	327
879	546
879	734
879	781
879	830
879	835
879	853
879	928
879	955
879	963
879	976
879	984
879	986
879	992
879	993
879	999
880	129
880	455
880	555
880	636
880	663
880	677
880	790
880	796
880	862
880	877
880	887
880	936
880	939
880	969
880	980
880	991
880	998
881	52
881	58
881	318
881	381
881	416
881	474
881	724
881	740
881	827
881	857
881	939
881	944
881	969
881	975
881	980
881	991
881	994
881	998
882	146
882	183
882	450
882	512
882	522
882	552
882	564
882	618
882	665
882	707
882	765
882	786
882	793
882	808
882	831
882	901
882	916
882	967
883	82
883	509
883	562
883	720
883	734
883	782
883	825
883	861
883	865
883	874
883	899
883	903
883	908
883	934
883	956
883	959
883	988
883	1000
884	221
884	601
884	770
884	777
884	865
884	874
884	903
884	912
884	924
884	934
884	956
884	957
884	959
884	971
884	979
884	988
884	994
884	1000
885	332
885	464
885	478
885	757
885	800
885	814
885	851
885	870
885	889
885	903
885	907
885	929
885	938
885	947
885	950
885	952
885	978
885	990
886	117
886	262
886	310
886	339
886	548
886	645
886	682
886	695
886	714
886	828
886	829
886	844
886	909
886	918
886	919
886	926
886	948
886	996
887	287
887	330
887	374
887	480
887	484
887	555
887	685
887	807
887	867
887	880
887	944
887	953
887	969
887	980
887	981
887	991
887	994
887	998
888	314
888	461
888	588
888	622
888	666
888	702
888	717
888	737
888	746
888	750
888	780
888	797
888	822
888	930
888	951
888	954
888	973
888	981
889	328
889	382
889	444
889	469
889	584
889	585
889	590
889	767
889	813
889	838
889	885
889	919
889	929
889	938
889	941
889	952
889	978
889	990
890	78
890	343
890	379
890	385
890	429
890	544
890	582
890	650
890	683
890	824
890	842
890	854
890	860
890	909
890	918
890	940
890	948
890	996
891	209
891	333
891	372
891	661
891	722
891	772
891	830
891	832
891	843
891	871
891	876
891	896
891	923
891	928
891	984
891	986
891	992
891	999
892	190
892	238
892	571
892	706
892	722
892	768
892	774
892	809
892	897
892	906
892	923
892	941
892	949
892	968
892	984
892	991
892	992
892	993
893	44
893	185
893	221
893	323
893	369
893	407
893	626
893	792
893	815
893	820
893	826
893	874
893	908
893	912
893	934
893	959
893	979
893	988
893	1000
894	202
894	443
894	531
894	660
894	750
894	805
894	811
894	858
894	905
894	914
894	917
894	945
894	965
894	966
894	972
894	977
894	995
894	996
894	997
895	42
895	46
895	485
895	560
895	595
895	686
895	719
895	781
895	791
895	859
895	871
895	878
895	908
895	949
895	955
895	963
895	968
895	976
895	993
895	999
896	106
896	280
896	406
896	442
896	451
896	503
896	642
896	699
896	709
896	742
896	891
896	939
896	944
896	953
896	969
896	975
896	980
896	991
896	994
896	998
897	94
897	152
897	399
897	423
897	468
897	558
897	572
897	712
897	748
897	809
897	833
897	873
897	876
897	878
897	892
897	923
897	928
897	968
897	986
897	993
898	56
898	261
898	450
898	591
898	598
898	648
898	668
898	681
898	704
898	706
898	765
898	783
898	786
898	803
898	823
898	866
898	916
898	925
898	964
898	967
899	205
899	411
899	493
899	557
899	568
899	599
899	811
899	820
899	821
899	826
899	861
899	883
899	912
899	924
899	934
899	956
899	959
899	979
899	988
899	994
899	1000
900	359
900	513
900	554
900	563
900	616
900	689
900	749
900	769
900	785
900	823
900	829
900	869
900	915
900	931
900	935
900	937
900	941
900	946
900	961
900	974
900	982
901	144
901	146
901	322
901	598
901	616
901	651
901	668
901	703
901	715
901	726
901	783
901	786
901	793
901	808
901	818
901	831
901	882
901	913
901	916
901	964
901	978
902	325
902	430
902	433
902	460
902	593
902	646
902	653
902	662
902	685
902	775
902	835
902	876
902	943
902	955
902	960
902	976
902	984
902	992
902	993
902	995
902	999
903	124
903	149
903	233
903	341
903	355
903	579
903	672
903	676
903	775
903	777
903	864
903	883
903	884
903	885
903	908
903	912
903	957
903	971
903	979
903	988
903	1000
904	116
904	373
904	471
904	558
904	595
904	600
904	635
904	653
904	748
904	768
904	775
904	795
904	843
904	859
904	921
904	928
904	949
904	960
904	972
904	976
904	992
905	45
905	319
905	331
905	339
905	421
905	500
905	641
905	643
905	782
905	800
905	811
905	858
905	894
905	914
905	917
905	958
905	966
905	972
905	977
905	995
905	997
906	54
906	111
906	123
906	378
906	572
906	631
906	645
906	684
906	706
906	712
906	754
906	791
906	853
906	859
906	876
906	892
906	928
906	984
906	992
906	993
906	999
907	63
907	147
907	164
907	197
907	515
907	544
907	559
907	645
907	665
907	683
907	713
907	732
907	756
907	828
907	844
907	860
907	885
907	919
907	926
907	942
907	948
907	996
908	20
908	135
908	284
908	420
908	431
908	445
908	619
908	820
908	825
908	826
908	840
908	861
908	883
908	893
908	895
908	903
908	924
908	934
908	965
908	979
908	988
908	1000
909	125
909	242
909	286
909	310
909	349
909	540
909	581
909	582
909	658
909	732
909	762
909	824
909	844
909	854
909	860
909	872
909	886
909	890
909	919
909	926
909	940
909	996
910	208
910	248
910	470
910	543
910	634
910	664
910	689
910	697
910	788
910	789
910	875
910	911
910	922
910	927
910	933
910	962
910	965
910	970
910	985
910	987
910	989
910	992
911	120
911	193
911	354
911	396
911	483
911	552
911	554
911	569
911	624
911	713
911	738
911	855
911	910
911	927
911	932
911	933
911	962
911	965
911	977
911	983
911	985
911	987
911	989
912	20
912	321
912	346
912	383
912	420
912	496
912	504
912	599
912	602
912	761
912	815
912	820
912	825
912	865
912	884
912	893
912	899
912	903
912	934
912	956
912	957
912	979
912	1000
913	110
913	181
913	198
913	306
913	371
913	415
913	479
913	591
913	616
913	668
913	703
913	765
913	789
913	793
913	808
913	818
913	831
913	866
913	901
913	916
913	925
913	964
913	1000
914	17
914	38
914	45
914	350
914	452
914	531
914	541
914	545
914	623
914	644
914	768
914	784
914	787
914	850
914	894
914	905
914	958
914	966
914	972
914	977
914	993
914	995
914	997
915	49
915	140
915	217
915	334
915	457
915	473
915	524
915	642
915	647
915	667
915	689
915	812
915	823
915	829
915	869
915	900
915	931
915	937
915	941
915	946
915	961
915	974
915	982
916	110
916	150
916	183
916	306
916	441
916	512
916	591
916	592
916	648
916	675
916	793
916	818
916	831
916	866
916	882
916	898
916	901
916	913
916	925
916	964
916	967
916	981
916	998
917	243
917	248
917	329
917	389
917	563
917	632
917	639
917	660
917	730
917	739
917	750
917	784
917	839
917	894
917	905
917	920
917	933
917	945
917	966
917	972
917	977
917	995
917	997
918	60
918	289
918	300
918	320
918	366
918	429
918	515
918	658
918	678
918	695
918	698
918	718
918	824
918	860
918	872
918	886
918	890
918	928
918	940
918	942
918	948
918	980
918	981
918	996
919	39
919	166
919	195
919	347
919	573
919	582
919	586
919	612
919	678
919	698
919	756
919	760
919	842
919	852
919	854
919	886
919	889
919	907
919	909
919	926
919	940
919	942
919	962
919	996
920	67
920	173
920	338
920	369
920	436
920	639
920	641
920	644
920	709
920	730
920	782
920	784
920	805
920	831
920	850
920	917
920	945
920	958
920	959
920	966
920	972
920	977
920	995
920	997
921	178
921	228
921	315
921	446
921	538
921	707
921	712
921	739
921	748
921	754
921	772
921	832
921	836
921	838
921	843
921	847
921	873
921	904
921	928
921	968
921	984
921	993
921	995
921	999
922	47
922	127
922	316
922	317
922	554
922	570
922	577
922	670
922	700
922	727
922	788
922	802
922	855
922	910
922	933
922	948
922	962
922	965
922	970
922	983
922	985
922	987
922	989
922	997
923	70
923	72
923	207
923	278
923	625
923	675
923	680
923	774
923	775
923	805
923	817
923	833
923	837
923	891
923	892
923	897
923	930
923	949
923	955
923	963
923	986
923	992
923	993
923	999
924	62
924	383
924	397
924	495
924	594
924	664
924	676
924	690
924	694
924	720
924	761
924	770
924	773
924	779
924	806
924	864
924	884
924	899
924	908
924	937
924	956
924	959
924	971
924	979
924	1000
925	113
925	150
925	313
925	371
925	479
925	522
925	530
925	567
925	592
925	668
925	703
925	715
925	783
925	786
925	803
925	808
925	818
925	874
925	898
925	913
925	916
925	962
925	964
925	967
925	993
926	153
926	195
926	320
926	379
926	536
926	582
926	607
926	650
926	678
926	756
926	760
926	828
926	844
926	852
926	854
926	860
926	865
926	886
926	907
926	909
926	919
926	940
926	942
926	958
926	979
926	996
927	48
927	84
927	162
927	410
927	528
927	534
927	566
927	624
927	700
927	754
927	788
927	855
927	875
927	910
927	911
927	929
927	932
927	933
927	962
927	965
927	970
927	983
927	985
927	987
927	989
927	993
928	327
928	433
928	460
928	661
928	684
928	694
928	799
928	837
928	847
928	856
928	859
928	863
928	876
928	879
928	891
928	897
928	904
928	906
928	918
928	921
928	943
928	949
928	953
928	976
928	984
928	992
929	51
929	188
929	251
929	288
929	408
929	447
929	617
929	640
929	656
929	687
929	690
929	736
929	767
929	794
929	814
929	816
929	868
929	870
929	885
929	889
929	927
929	938
929	947
929	950
929	970
929	978
929	990
930	210
930	266
930	274
930	314
930	343
930	351
930	360
930	390
930	452
930	487
930	490
930	596
930	611
930	671
930	702
930	708
930	721
930	741
930	746
930	762
930	841
930	888
930	923
930	951
930	954
930	973
930	981
931	49
931	85
931	161
931	180
931	194
931	220
931	241
931	403
931	606
931	647
931	657
931	749
931	769
931	778
931	785
931	812
931	829
931	869
931	900
931	915
931	935
931	937
931	941
931	946
931	961
931	974
931	982
932	98
932	136
932	392
932	396
932	486
932	489
932	556
932	587
932	634
932	664
932	697
932	721
932	727
932	738
932	753
932	801
932	855
932	875
932	911
932	927
932	965
932	970
932	983
932	985
932	987
932	989
932	996
933	48
933	118
933	214
933	259
933	354
933	400
933	628
933	670
933	673
933	700
933	713
933	772
933	788
933	801
933	802
933	855
933	910
933	911
933	917
933	922
933	927
933	962
933	965
933	983
933	985
933	987
933	989
934	311
934	345
934	407
934	453
934	495
934	504
934	568
934	571
934	610
934	672
934	761
934	815
934	848
934	859
934	874
934	883
934	884
934	893
934	899
934	908
934	912
934	956
934	957
934	979
934	988
934	999
934	1000
935	43
935	196
935	200
935	457
935	489
935	513
935	553
935	603
935	609
935	657
935	689
935	731
935	749
935	761
935	778
935	785
935	812
935	829
935	869
935	900
935	931
935	937
935	941
935	953
935	961
935	974
935	982
935	991
936	218
936	447
936	476
936	477
936	583
936	585
936	597
936	615
936	687
936	736
936	757
936	767
936	794
936	800
936	813
936	816
936	838
936	849
936	851
936	870
936	880
936	938
936	947
936	950
936	967
936	978
936	989
936	990
937	92
937	270
937	292
937	457
937	473
937	603
937	605
937	606
937	613
937	627
937	657
937	731
937	749
937	769
937	778
937	785
937	812
937	823
937	900
937	915
937	924
937	931
937	935
937	941
937	946
937	961
937	974
937	982
938	175
938	218
938	444
938	585
938	597
938	640
938	690
938	736
938	757
938	767
938	794
938	800
938	813
938	814
938	816
938	838
938	851
938	860
938	868
938	885
938	889
938	929
938	936
938	947
938	950
938	952
938	955
938	978
938	990
939	129
939	156
939	370
939	441
939	455
939	480
939	551
939	613
939	699
939	766
939	790
939	807
939	846
939	862
939	867
939	877
939	880
939	881
939	896
939	944
939	953
939	955
939	969
939	971
939	975
939	980
939	991
939	994
939	998
940	78
940	133
940	246
940	285
940	289
940	300
940	349
940	385
940	586
940	620
940	658
940	665
940	682
940	760
940	828
940	842
940	844
940	854
940	860
940	890
940	909
940	918
940	919
940	926
940	942
940	948
940	985
940	995
940	996
941	92
941	140
941	161
941	222
941	359
941	412
941	424
941	459
941	513
941	606
941	627
941	667
941	689
941	778
941	812
941	829
941	869
941	889
941	892
941	900
941	915
941	931
941	935
941	937
941	946
941	961
941	974
941	982
941	998
942	117
942	206
942	246
942	347
942	366
942	425
942	559
942	573
942	581
942	607
942	612
942	620
942	650
942	678
942	682
942	695
942	720
942	732
942	798
942	824
942	842
942	852
942	860
942	907
942	918
942	919
942	926
942	940
942	996
943	3
943	103
943	160
943	306
943	324
943	336
943	403
943	499
943	535
943	547
943	578
943	685
943	706
943	707
943	712
943	747
943	781
943	834
943	843
943	853
943	856
943	902
943	928
943	949
943	955
943	963
943	984
943	990
943	992
943	996
944	47
944	68
944	76
944	451
944	510
944	551
944	566
944	621
944	642
944	655
944	725
944	740
944	744
944	790
944	796
944	857
944	862
944	877
944	881
944	887
944	896
944	939
944	953
944	969
944	970
944	975
944	976
944	991
944	994
944	998
945	33
945	138
945	295
945	338
945	377
945	488
945	500
945	533
945	542
945	575
945	576
945	617
945	679
945	750
945	758
945	776
945	787
945	818
945	839
945	858
945	894
945	917
945	920
945	958
945	966
945	972
945	977
945	991
945	995
945	997
946	40
946	77
946	167
946	175
946	196
946	202
946	292
946	334
946	398
946	412
946	473
946	553
946	563
946	605
946	606
946	609
946	632
946	724
946	731
946	769
946	812
946	829
946	900
946	915
946	931
946	937
946	941
946	961
946	976
946	982
947	51
947	224
947	332
947	387
947	418
947	478
947	482
947	505
947	638
947	658
947	687
947	690
947	740
947	794
947	813
947	814
947	838
947	849
947	851
947	868
947	869
947	870
947	885
947	929
947	936
947	938
947	950
947	952
947	978
947	990
948	57
948	125
948	195
948	206
948	223
948	242
948	289
948	339
948	391
948	409
948	437
948	456
948	548
948	551
948	586
948	621
948	645
948	652
948	682
948	695
948	732
948	756
948	852
948	872
948	886
948	890
948	907
948	918
948	922
948	940
948	996
949	28
949	264
949	393
949	511
949	516
949	624
949	652
949	719
949	745
949	763
949	781
949	791
949	810
949	817
949	827
949	830
949	836
949	873
949	878
949	892
949	895
949	904
949	923
949	928
949	943
949	962
949	963
949	976
949	992
949	993
949	999
950	139
950	288
950	418
950	444
950	477
950	478
950	482
950	502
950	583
950	584
950	617
950	638
950	757
950	767
950	800
950	813
950	814
950	816
950	838
950	849
950	851
950	868
950	870
950	885
950	929
950	936
950	938
950	947
950	952
950	969
950	978
950	990
951	4
951	16
951	116
951	177
951	210
951	226
951	266
951	274
951	276
951	303
951	307
951	365
951	521
951	546
951	578
951	580
951	611
951	648
951	657
951	669
951	717
951	733
951	735
951	737
951	751
951	797
951	804
951	841
951	888
951	930
951	973
951	981
952	224
952	236
952	382
952	387
952	408
952	444
952	447
952	454
952	469
952	474
952	615
952	617
952	638
952	656
952	767
952	794
952	800
952	813
952	814
952	816
952	849
952	850
952	851
952	868
952	870
952	885
952	889
952	938
952	947
952	950
952	978
952	990
953	9
953	180
953	231
953	275
953	330
953	484
953	540
953	636
953	651
953	655
953	677
953	699
953	710
953	725
953	742
953	807
953	857
953	862
953	867
953	877
953	887
953	896
953	928
953	935
953	939
953	944
953	969
953	975
953	980
953	991
953	994
953	998
954	87
954	104
954	203
954	335
954	388
954	399
954	419
954	490
954	512
954	527
954	580
954	622
954	662
954	666
954	671
954	693
954	708
954	717
954	721
954	723
954	733
954	746
954	752
954	780
954	797
954	822
954	835
954	888
954	930
954	969
954	973
954	981
954	986
955	103
955	123
955	269
955	327
955	462
955	465
955	471
955	674
955	705
955	722
955	747
955	754
955	832
955	833
955	843
955	853
955	859
955	873
955	875
955	878
955	879
955	895
955	902
955	923
955	938
955	939
955	943
955	960
955	963
955	976
955	986
955	993
955	999
956	112
956	151
956	284
956	321
956	454
956	475
956	497
956	562
956	579
956	601
956	672
956	676
956	694
956	728
956	729
956	773
956	777
956	819
956	821
956	826
956	854
956	861
956	883
956	884
956	899
956	912
956	924
956	934
956	957
956	959
956	971
956	979
956	988
956	992
956	993
956	1000
957	19
957	100
957	258
957	263
957	297
957	341
957	434
957	496
957	497
957	520
957	610
957	619
957	626
957	628
957	691
957	694
957	779
957	780
957	819
957	825
957	826
957	840
957	846
957	861
957	873
957	884
957	903
957	912
957	934
957	956
957	959
957	965
957	971
957	980
957	988
957	1000
958	32
958	128
958	225
958	302
958	309
958	346
958	369
958	421
958	427
958	433
958	576
958	597
958	614
958	639
958	688
958	701
958	711
958	745
958	750
958	758
958	776
958	787
958	805
958	811
958	839
958	858
958	905
958	914
958	920
958	926
958	945
958	966
958	972
958	977
958	995
958	997
958	999
959	50
959	221
959	323
959	337
959	342
959	496
959	562
959	660
959	729
959	734
959	761
959	763
959	770
959	773
959	779
959	792
959	806
959	819
959	821
959	826
959	840
959	846
959	848
959	864
959	883
959	884
959	893
959	899
959	920
959	924
959	956
959	957
959	964
959	979
959	988
959	989
959	1000
960	6
960	70
960	88
960	283
960	358
960	364
960	404
960	430
960	491
960	526
960	593
960	600
960	705
960	707
960	722
960	768
960	772
960	775
960	791
960	833
960	837
960	856
960	859
960	863
960	873
960	878
960	902
960	904
960	955
960	961
960	963
960	974
960	976
960	984
960	985
960	986
960	992
960	993
960	999
961	1
961	140
961	220
961	222
961	241
961	305
961	334
961	398
961	448
961	459
961	513
961	524
961	550
961	553
961	563
961	605
961	609
961	627
961	647
961	657
961	667
961	671
961	689
961	724
961	749
961	769
961	785
961	812
961	823
961	843
961	869
961	900
961	915
961	931
961	935
961	937
961	941
961	946
961	960
961	974
961	982
962	12
962	14
962	81
962	131
962	162
962	166
962	204
962	244
962	376
962	395
962	410
962	470
962	569
962	577
962	634
962	670
962	673
962	692
962	697
962	713
962	727
962	753
962	789
962	801
962	802
962	855
962	863
962	910
962	911
962	919
962	922
962	925
962	927
962	933
962	949
962	965
962	970
962	983
962	985
962	987
962	989
963	34
963	174
963	207
963	460
963	462
963	468
963	491
963	535
963	539
963	565
963	571
963	593
963	654
963	680
963	719
963	747
963	798
963	799
963	827
963	835
963	837
963	845
963	847
963	876
963	878
963	879
963	895
963	923
963	943
963	949
963	955
963	960
963	968
963	971
963	973
963	984
963	986
963	991
963	992
963	993
963	999
964	7
964	110
964	183
964	189
964	254
964	313
964	322
964	450
964	467
964	479
964	522
964	529
964	530
964	552
964	564
964	567
964	574
964	591
964	598
964	616
964	618
964	648
964	675
964	681
964	715
964	765
964	783
964	786
964	793
964	808
964	818
964	831
964	864
964	866
964	871
964	898
964	901
964	913
964	916
964	925
964	959
964	967
965	26
965	155
965	293
965	316
965	348
965	506
965	528
965	534
965	543
965	554
965	570
965	603
965	604
965	634
965	664
965	670
965	673
965	692
965	713
965	727
965	753
965	788
965	789
965	802
965	855
965	875
965	894
965	908
965	910
965	911
965	922
965	927
965	932
965	933
965	957
965	962
965	970
965	982
965	983
965	985
965	987
965	989
966	74
966	101
966	229
966	329
966	353
966	443
966	463
966	488
966	507
966	576
966	632
966	660
966	679
966	688
966	691
966	701
966	711
966	714
966	730
966	745
966	776
966	782
966	787
966	805
966	811
966	812
966	827
966	839
966	845
966	850
966	858
966	894
966	905
966	914
966	917
966	920
966	945
966	958
966	972
966	987
966	995
966	997
967	7
967	22
967	46
967	56
967	79
967	181
967	227
967	255
967	261
967	322
967	415
967	450
967	467
967	512
967	523
967	529
967	530
967	547
967	574
967	592
967	598
967	616
967	648
967	681
967	704
967	715
967	765
967	783
967	786
967	793
967	803
967	808
967	815
967	831
967	838
967	858
967	866
967	882
967	898
967	916
967	925
967	936
967	964
968	72
968	209
968	271
968	291
968	324
968	325
968	336
968	358
968	403
968	466
968	517
968	533
968	547
968	560
968	646
968	654
968	674
968	719
968	739
968	759
968	771
968	774
968	781
968	791
968	795
968	799
968	832
968	833
968	843
968	863
968	892
968	895
968	897
968	921
968	963
968	976
968	982
968	984
968	986
968	987
968	992
968	993
968	999
969	93
969	96
969	256
969	294
969	318
969	368
969	416
969	417
969	455
969	458
969	472
969	498
969	574
969	613
969	633
969	649
969	659
969	677
969	710
969	725
969	744
969	764
969	766
969	788
969	790
969	796
969	807
969	857
969	862
969	867
969	877
969	880
969	881
969	887
969	896
969	939
969	944
969	950
969	953
969	954
969	975
969	980
969	994
969	998
970	12
970	13
970	26
970	89
970	134
970	136
970	172
970	232
970	250
970	293
970	354
970	396
970	400
970	402
970	483
970	486
970	506
970	518
970	534
970	577
970	673
970	692
970	697
970	713
970	738
970	753
970	755
970	788
970	789
970	806
970	853
970	855
970	875
970	910
970	922
970	927
970	929
970	932
970	944
970	962
970	965
970	983
970	985
970	987
970	989
971	112
971	119
971	149
971	191
971	337
971	397
971	404
971	426
971	431
971	454
971	475
971	504
971	520
971	525
971	557
971	562
971	601
971	683
971	728
971	734
971	770
971	773
971	792
971	806
971	819
971	820
971	821
971	825
971	826
971	848
971	851
971	861
971	865
971	874
971	884
971	903
971	924
971	939
971	956
971	957
971	963
971	978
971	979
971	988
971	1000
972	17
972	36
972	74
972	101
972	141
972	157
972	176
972	216
972	302
972	309
972	346
972	357
972	369
972	421
972	439
972	452
972	501
972	533
972	541
972	545
972	575
972	576
972	602
972	632
972	660
972	679
972	688
972	696
972	701
972	776
972	805
972	894
972	904
972	905
972	914
972	917
972	920
972	945
972	958
972	966
972	977
972	992
972	994
972	995
972	997
972	1000
973	2
973	4
973	54
973	104
973	116
973	203
973	226
973	276
973	301
973	303
973	307
973	343
973	351
973	394
973	399
973	461
973	490
973	499
973	514
973	521
973	522
973	527
973	588
973	630
973	662
973	669
973	702
973	711
973	717
973	733
973	737
973	743
973	746
973	751
973	762
973	780
973	797
973	822
973	841
973	888
973	930
973	951
973	954
973	963
973	981
973	999
974	40
974	43
974	77
974	102
974	154
974	161
974	167
974	200
974	212
974	241
974	292
974	305
974	359
974	398
974	412
974	457
974	459
974	489
974	553
974	563
974	603
974	605
974	606
974	609
974	627
974	647
974	667
974	689
974	724
974	731
974	743
974	749
974	769
974	778
974	812
974	829
974	852
974	869
974	877
974	900
974	915
974	931
974	935
974	937
974	941
974	960
974	961
974	982
975	5
975	75
975	130
975	211
975	235
975	304
975	368
975	370
975	441
975	451
975	458
975	498
975	518
975	555
975	621
975	633
975	636
975	642
975	651
975	659
975	663
975	677
975	710
975	725
975	740
975	742
975	744
975	766
975	784
975	790
975	796
975	807
975	832
975	857
975	862
975	867
975	877
975	881
975	896
975	939
975	944
975	953
975	969
975	980
975	991
975	994
975	997
975	998
976	8
976	28
976	127
976	139
976	158
976	174
976	215
976	290
976	325
976	340
976	449
976	460
976	462
976	526
976	537
976	538
976	539
976	629
976	635
976	692
976	706
976	748
976	768
976	783
976	791
976	795
976	799
976	810
976	847
976	853
976	856
976	863
976	871
976	873
976	878
976	879
976	895
976	902
976	904
976	928
976	944
976	946
976	949
976	955
976	960
976	968
976	984
976	986
976	992
976	999
977	13
977	32
977	33
977	53
977	108
977	114
977	187
977	248
977	253
977	272
977	295
977	302
977	309
977	350
977	353
977	421
977	432
977	435
977	452
977	463
977	541
977	602
977	614
977	623
977	632
977	639
977	679
977	701
977	709
977	711
977	730
977	758
977	784
977	804
977	805
977	845
977	849
977	850
977	858
977	871
977	894
977	905
977	911
977	914
977	917
977	920
977	945
977	958
977	972
977	991
977	995
977	997
978	10
978	59
978	121
978	148
978	188
978	224
978	245
978	273
978	296
978	308
978	382
978	408
978	422
978	425
978	447
978	464
978	469
978	476
978	477
978	505
978	584
978	590
978	597
978	615
978	638
978	640
978	656
978	687
978	690
978	733
978	736
978	757
978	794
978	800
978	803
978	813
978	814
978	816
978	837
978	838
978	851
978	868
978	885
978	889
978	901
978	929
978	936
978	938
978	947
978	950
978	952
978	971
978	990
979	1
979	27
979	30
979	170
979	171
979	185
979	284
979	326
979	341
979	344
979	445
979	475
979	481
979	495
979	504
979	562
979	579
979	594
979	599
979	601
979	610
979	626
979	628
979	694
979	734
979	777
979	779
979	792
979	806
979	820
979	825
979	826
979	829
979	846
979	850
979	861
979	864
979	874
979	884
979	893
979	899
979	903
979	908
979	912
979	924
979	926
979	934
979	956
979	959
979	971
979	986
979	988
979	992
979	1000
980	52
980	66
980	156
980	211
980	214
980	267
980	279
980	280
980	287
980	294
980	304
980	330
980	368
980	370
980	374
980	401
980	417
980	472
980	484
980	503
980	520
980	540
980	549
980	551
980	555
980	613
980	621
980	636
980	649
980	710
980	742
980	744
980	764
980	766
980	790
980	791
980	796
980	857
980	867
980	877
980	880
980	881
980	887
980	896
980	918
980	939
980	953
980	957
980	969
980	975
980	982
980	991
980	994
980	998
981	4
981	16
981	104
981	169
981	179
981	226
981	276
981	301
981	307
981	360
981	361
981	365
981	388
981	390
981	394
981	461
981	490
981	521
981	527
981	546
981	580
981	588
981	615
981	622
981	630
981	662
981	666
981	669
981	671
981	693
981	708
981	717
981	721
981	733
981	735
981	737
981	741
981	743
981	746
981	751
981	762
981	780
981	797
981	804
981	822
981	841
981	887
981	888
981	916
981	918
981	930
981	951
981	954
981	973
981	999
982	40
982	43
982	77
982	92
982	102
982	154
982	175
982	180
982	200
982	212
982	219
982	220
982	222
982	305
982	326
982	334
982	398
982	412
982	424
982	448
982	457
982	473
982	489
982	513
982	524
982	550
982	553
982	563
982	605
982	609
982	627
982	647
982	667
982	689
982	724
982	731
982	769
982	778
982	785
982	812
982	823
982	829
982	869
982	870
982	900
982	915
982	931
982	935
982	937
982	941
982	946
982	961
982	965
982	968
982	974
982	980
983	10
983	13
983	18
983	25
983	86
983	131
983	136
983	204
983	249
983	251
983	257
983	314
983	354
983	376
983	402
983	413
983	428
983	470
983	483
983	486
983	506
983	518
983	534
983	543
983	566
983	577
983	587
983	604
983	644
983	664
983	673
983	692
983	700
983	713
983	727
983	738
983	753
983	755
983	788
983	789
983	801
983	802
983	808
983	855
983	867
983	875
983	911
983	922
983	927
983	932
983	933
983	962
983	965
983	970
983	985
983	987
983	989
984	37
984	42
984	91
984	124
984	152
984	219
984	264
984	265
984	283
984	298
984	363
984	367
984	437
984	516
984	517
984	535
984	561
984	578
984	595
984	608
984	631
984	652
984	653
984	654
984	655
984	672
984	716
984	748
984	759
984	774
984	775
984	798
984	799
984	817
984	827
984	833
984	843
984	853
984	856
984	863
984	871
984	873
984	879
984	891
984	892
984	902
984	906
984	921
984	928
984	943
984	960
984	963
984	968
984	976
984	986
984	992
984	994
984	999
985	14
985	18
985	25
985	86
985	131
985	133
985	134
985	232
985	392
985	395
985	410
985	413
985	470
985	483
985	506
985	518
985	528
985	534
985	543
985	556
985	558
985	569
985	570
985	577
985	624
985	634
985	670
985	673
985	692
985	697
985	713
985	727
985	738
985	753
985	755
985	788
985	789
985	801
985	802
985	855
985	859
985	862
985	875
985	910
985	911
985	922
985	927
985	932
985	933
985	940
985	960
985	962
985	965
985	970
985	983
985	987
985	989
985	1000
986	3
986	28
986	107
986	160
986	165
986	192
986	213
986	269
986	356
986	372
986	393
986	438
986	465
986	468
986	491
986	537
986	538
986	539
986	558
986	560
986	571
986	608
986	625
986	652
986	653
986	654
986	706
986	747
986	748
986	768
986	771
986	772
986	781
986	795
986	798
986	802
986	810
986	817
986	833
986	834
986	837
986	853
986	858
986	859
986	863
986	864
986	871
986	873
986	879
986	891
986	897
986	923
986	954
986	955
986	960
986	963
986	968
986	976
986	979
986	984
986	989
986	992
986	993
986	999
987	18
987	26
987	81
987	84
987	89
987	98
987	120
987	133
987	134
987	149
987	155
987	186
987	208
987	244
987	249
987	250
987	257
987	259
987	270
987	293
987	316
987	317
987	320
987	376
987	396
987	470
987	486
987	509
987	543
987	554
987	556
987	566
987	569
987	570
987	577
987	587
987	604
987	624
987	664
987	673
987	692
987	697
987	727
987	738
987	755
987	788
987	789
987	801
987	802
987	855
987	875
987	910
987	911
987	922
987	927
987	932
987	933
987	962
987	965
987	966
987	968
987	970
987	983
987	985
987	989
987	993
988	29
988	30
988	35
988	62
988	71
988	119
988	123
988	135
988	151
988	159
988	171
988	205
988	297
988	312
988	326
988	337
988	397
988	426
988	434
988	453
988	475
988	487
988	497
988	509
988	579
988	594
988	596
988	601
988	619
988	672
988	691
988	694
988	720
988	728
988	729
988	763
988	770
988	773
988	779
988	792
988	804
988	806
988	815
988	819
988	825
988	840
988	846
988	848
988	861
988	864
988	865
988	874
988	883
988	884
988	893
988	899
988	903
988	908
988	934
988	956
988	957
988	959
988	971
988	979
988	989
988	996
988	998
988	1000
989	12
989	36
989	81
989	86
989	89
989	98
989	120
989	127
989	155
989	162
989	166
989	214
989	232
989	249
989	250
989	270
989	316
989	317
989	348
989	392
989	395
989	402
989	413
989	428
989	486
989	506
989	518
989	528
989	543
989	554
989	556
989	566
989	569
989	570
989	587
989	592
989	604
989	624
989	631
989	634
989	664
989	670
989	673
989	692
989	697
989	700
989	727
989	738
989	753
989	755
989	788
989	789
989	801
989	802
989	831
989	855
989	875
989	910
989	911
989	922
989	927
989	932
989	933
989	936
989	959
989	962
989	965
989	970
989	983
989	985
989	986
989	987
989	988
990	10
990	51
990	83
990	90
990	121
990	148
990	188
990	218
990	236
990	245
990	260
990	273
990	288
990	296
990	308
990	328
990	332
990	335
990	362
990	382
990	387
990	408
990	418
990	422
990	425
990	440
990	444
990	447
990	464
990	469
990	476
990	477
990	478
990	482
990	505
990	583
990	584
990	585
990	590
990	597
990	615
990	617
990	638
990	640
990	656
990	663
990	668
990	687
990	690
990	736
990	757
990	767
990	781
990	794
990	800
990	813
990	814
990	816
990	838
990	849
990	851
990	868
990	870
990	885
990	889
990	929
990	936
990	938
990	943
990	947
990	950
990	952
990	978
991	5
991	11
991	23
991	52
991	76
991	93
991	96
991	99
991	129
991	145
991	154
991	184
991	185
991	211
991	231
991	239
991	240
991	275
991	287
991	294
991	304
991	312
991	318
991	374
991	381
991	384
991	406
991	416
991	442
991	451
991	472
991	474
991	498
991	540
991	613
991	621
991	633
991	636
991	642
991	649
991	651
991	655
991	659
991	663
991	677
991	699
991	725
991	740
991	742
991	744
991	764
991	766
991	790
991	796
991	807
991	857
991	862
991	867
991	877
991	880
991	881
991	887
991	892
991	896
991	935
991	939
991	944
991	945
991	953
991	963
991	975
991	977
991	980
991	994
991	998
992	22
992	72
992	122
992	160
992	290
992	299
992	325
992	363
992	372
992	373
992	380
992	411
992	438
992	462
992	465
992	468
992	485
992	491
992	516
992	537
992	547
992	593
992	600
992	608
992	629
992	646
992	652
992	661
992	674
992	684
992	705
992	707
992	722
992	739
992	754
992	772
992	809
992	810
992	817
992	827
992	830
992	832
992	834
992	835
992	836
992	837
992	842
992	853
992	856
992	859
992	870
992	871
992	879
992	891
992	892
992	902
992	904
992	906
992	910
992	923
992	928
992	943
992	949
992	956
992	960
992	963
992	968
992	972
992	976
992	979
992	984
992	986
992	993
992	994
992	999
993	3
993	6
993	37
993	59
993	95
993	122
993	165
993	168
993	178
993	190
993	209
993	237
993	269
993	327
993	438
993	446
993	466
993	471
993	494
993	517
993	558
993	571
993	598
993	600
993	608
993	629
993	631
993	661
993	686
993	712
993	716
993	739
993	748
993	754
993	768
993	771
993	774
993	775
993	799
993	827
993	830
993	832
993	833
993	834
993	835
993	836
993	837
993	843
993	847
993	859
993	863
993	865
993	866
993	873
993	876
993	878
993	879
993	892
993	895
993	897
993	902
993	906
993	914
993	921
993	923
993	925
993	927
993	949
993	955
993	956
993	960
993	963
993	968
993	986
993	987
993	992
993	999
994	9
994	11
994	58
994	68
994	69
994	93
994	106
994	130
994	145
994	163
994	172
994	184
994	196
994	231
994	235
994	239
994	256
994	267
994	279
994	282
994	318
994	330
994	368
994	381
994	406
994	441
994	442
994	455
994	458
994	472
994	474
994	480
994	484
994	510
994	535
994	549
994	555
994	613
994	621
994	636
994	642
994	649
994	651
994	655
994	659
994	663
994	677
994	699
994	710
994	725
994	740
994	742
994	744
994	764
994	766
994	790
994	796
994	857
994	862
994	867
994	877
994	881
994	884
994	887
994	896
994	899
994	939
994	944
994	953
994	969
994	972
994	975
994	980
994	984
994	991
994	992
994	998
994	999
995	17
995	32
995	38
995	74
995	101
995	105
995	108
995	114
995	128
995	137
995	138
995	141
995	157
995	176
995	202
995	216
995	217
995	253
995	272
995	281
995	331
995	345
995	352
995	377
995	414
995	432
995	463
995	482
995	488
995	501
995	507
995	508
995	531
995	533
995	541
995	542
995	545
995	575
995	576
995	614
995	632
995	636
995	641
995	644
995	660
995	679
995	688
995	696
995	701
995	711
995	714
995	730
995	745
995	758
995	760
995	776
995	782
995	784
995	787
995	805
995	811
995	839
995	845
995	858
995	894
995	902
995	905
995	914
995	917
995	920
995	921
995	940
995	945
995	958
995	966
995	972
995	977
995	997
996	24
996	39
996	57
996	60
996	63
996	78
996	97
996	117
996	132
996	147
996	153
996	182
996	199
996	201
996	206
996	223
996	242
996	246
996	262
996	285
996	286
996	300
996	320
996	339
996	347
996	366
996	375
996	379
996	385
996	391
996	409
996	429
996	456
996	515
996	536
996	544
996	559
996	573
996	581
996	582
996	586
996	607
996	620
996	623
996	645
996	650
996	658
996	665
996	678
996	681
996	682
996	695
996	718
996	732
996	756
996	760
996	824
996	828
996	842
996	844
996	852
996	860
996	868
996	872
996	886
996	890
996	894
996	907
996	909
996	918
996	919
996	926
996	932
996	940
996	942
996	943
996	948
996	988
996	998
997	33
997	45
997	53
997	67
997	73
997	105
997	108
997	128
997	137
997	187
997	216
997	217
997	225
997	229
997	243
997	281
997	295
997	319
997	329
997	331
997	348
997	350
997	352
997	353
997	359
997	377
997	414
997	427
997	435
997	436
997	439
997	443
997	463
997	471
997	488
997	507
997	519
997	528
997	531
997	541
997	542
997	575
997	602
997	614
997	632
997	643
997	644
997	679
997	688
997	696
997	701
997	711
997	714
997	745
997	750
997	758
997	776
997	782
997	784
997	787
997	794
997	805
997	811
997	839
997	845
997	850
997	858
997	894
997	905
997	914
997	917
997	920
997	922
997	945
997	958
997	966
997	972
997	975
997	977
997	995
997	1000
998	5
998	9
998	11
998	23
998	47
998	66
998	68
998	69
998	75
998	96
998	99
998	145
998	156
998	163
998	184
998	239
998	240
998	247
998	256
998	271
998	275
998	279
998	280
998	282
998	287
998	304
998	374
998	381
998	384
998	401
998	406
998	441
998	442
998	455
998	458
998	472
998	474
998	480
998	484
998	498
998	503
998	540
998	549
998	551
998	565
998	613
998	621
998	633
998	642
998	649
998	651
998	655
998	659
998	663
998	677
998	699
998	710
998	725
998	740
998	742
998	764
998	790
998	796
998	807
998	828
998	830
998	833
998	857
998	862
998	867
998	877
998	880
998	881
998	887
998	896
998	916
998	939
998	941
998	944
998	953
998	969
998	975
998	980
998	988
998	991
998	994
998	996
999	41
999	42
999	59
999	65
999	80
999	88
999	152
999	158
999	277
999	291
999	333
999	336
999	340
999	358
999	362
999	364
999	423
999	446
999	466
999	485
999	502
999	511
999	517
999	529
999	532
999	539
999	560
999	561
999	565
999	572
999	589
999	594
999	608
999	625
999	631
999	652
999	659
999	680
999	684
999	685
999	707
999	712
999	739
999	754
999	759
999	768
999	771
999	775
999	795
999	799
999	810
999	827
999	830
999	833
999	834
999	835
999	836
999	837
999	842
999	843
999	847
999	856
999	863
999	873
999	876
999	878
999	879
999	891
999	895
999	902
999	906
999	921
999	923
999	934
999	949
999	955
999	958
999	960
999	963
999	968
999	973
999	976
999	981
999	984
999	986
999	992
999	993
999	994
1000	1
1000	19
1000	27
1000	29
1000	35
1000	50
1000	55
1000	61
1000	71
1000	82
1000	85
1000	159
1000	170
1000	171
1000	186
1000	191
1000	233
1000	252
1000	258
1000	284
1000	297
1000	312
1000	321
1000	323
1000	326
1000	342
1000	344
1000	345
1000	355
1000	383
1000	397
1000	404
1000	407
1000	420
1000	426
1000	445
1000	453
1000	454
1000	475
1000	491
1000	493
1000	495
1000	496
1000	497
1000	504
1000	511
1000	525
1000	557
1000	568
1000	599
1000	601
1000	619
1000	628
1000	672
1000	676
1000	691
1000	708
1000	720
1000	723
1000	729
1000	734
1000	751
1000	761
1000	763
1000	770
1000	773
1000	779
1000	792
1000	806
1000	815
1000	820
1000	821
1000	825
1000	826
1000	840
1000	846
1000	848
1000	861
1000	865
1000	874
1000	883
1000	884
1000	893
1000	899
1000	903
1000	908
1000	912
1000	913
1000	924
1000	934
1000	956
1000	957
1000	959
1000	971
1000	972
1000	979
1000	985
1000	988
1000	997
