1	934
1	955
1	986
2	99
2	713
2	943
3	874
3	954
3	983
4	867
4	958
4	989
5	907
5	977
5	995
6	960
6	972
6	986
7	907
7	984
7	991
8	322
8	859
8	958
9	863
9	979
9	997
10	307
10	948
10	962
11	959
11	992
11	997
12	912
12	942
12	1000
13	982
13	994
13	996
14	351
14	836
14	928
15	924
15	941
15	999
16	937
16	947
16	956
17	313
17	797
17	999
18	830
18	978
18	997
19	524
19	901
19	922
20	104
20	883
20	999
21	914
21	972
21	988
22	937
22	957
22	999
23	852
23	959
23	992
24	63
24	875
24	880
25	694
25	881
25	988
26	370
26	955
26	996
27	911
27	946
27	969
28	510
28	991
28	995
29	919
29	934
29	996
30	556
30	984
30	995
31	953
31	986
31	988
32	35
32	773
32	980
33	968
33	991
33	995
34	958
34	989
34	1000
35	32
35	992
35	997
36	929
36	976
36	1000
37	506
37	924
37	974
38	878
38	939
38	995
39	660
39	930
39	978
40	152
40	972
40	988
41	671
41	994
41	996
42	585
42	671
42	998
43	759
43	979
43	997
44	869
44	899
44	969
45	768
45	941
45	999
46	446
46	993
46	1000
47	548
47	994
47	996
48	358
48	844
48	969
49	466
49	986
49	988
50	868
50	994
50	996
51	806
51	861
51	999
52	828
52	939
52	995
53	895
53	955
53	996
54	203
54	662
54	911
55	822
55	859
55	952
56	907
56	939
56	985
57	424
57	431
57	975
58	931
58	960
58	988
59	633
59	885
59	998
60	124
60	915
60	993
61	917
61	942
61	989
62	209
62	994
62	996
63	24
63	193
63	852
64	417
64	449
64	968
65	909
65	922
65	946
66	273
66	602
66	984
67	926
67	982
67	994
68	952
68	957
68	973
69	951
69	991
69	995
70	935
70	994
70	996
71	707
71	971
71	989
72	709
72	981
72	984
73	964
73	973
73	999
74	823
74	925
74	960
75	939
75	991
75	995
76	501
76	901
76	909
77	945
77	963
77	997
78	845
78	899
78	969
79	713
79	796
79	805
80	380
80	908
80	999
81	515
81	784
81	978
82	251
82	946
82	955
83	974
83	987
83	999
84	427
84	994
84	996
85	200
85	883
85	985
86	131
86	970
86	974
87	890
87	986
87	988
88	445
88	780
88	987
89	672
89	765
89	919
90	928
90	941
90	973
91	954
91	961
91	985
92	930
92	936
92	965
93	955
93	994
93	996
94	926
94	994
94	996
95	836
95	889
95	957
96	659
96	990
96	1000
97	805
97	847
97	974
98	599
98	986
98	988
99	2
99	540
99	883
100	879
100	980
100	992
101	558
101	964
101	999
102	899
102	966
102	969
103	409
103	974
103	975
104	20
104	351
104	999
105	502
105	737
105	879
106	972
106	986
106	988
107	665
107	987
107	999
108	429
108	881
108	972
109	827
109	962
109	998
110	768
110	847
110	957
111	189
111	663
111	976
112	126
112	920
112	961
113	155
113	976
113	998
114	419
114	927
114	990
115	806
115	851
115	889
116	213
116	617
116	1000
117	938
117	977
117	979
118	774
118	970
118	973
119	925
119	966
119	998
120	924
120	973
120	974
121	179
121	746
121	966
122	324
122	733
122	958
123	845
123	955
123	994
124	60
124	304
124	976
125	355
125	844
125	877
126	112
126	983
126	985
127	838
127	965
127	995
128	292
128	917
128	993
129	982
129	994
129	996
130	329
130	888
130	975
131	86
131	976
131	1000
132	187
132	943
132	999
133	982
133	994
133	996
134	917
134	958
134	990
135	899
135	901
135	922
136	742
136	840
136	956
137	586
137	929
137	976
138	905
138	983
138	985
139	981
139	991
139	995
140	414
140	786
140	990
141	751
141	902
141	1000
142	310
142	946
142	969
143	921
143	948
143	998
144	965
144	981
144	995
145	417
145	721
145	998
146	896
146	953
146	986
147	803
147	955
147	994
148	958
148	990
148	1000
149	976
149	989
149	1000
150	772
150	876
150	936
151	395
151	973
151	974
152	40
152	878
152	991
153	647
153	726
153	971
154	823
154	826
154	962
155	113
155	840
155	998
156	400
156	656
156	941
157	248
157	932
157	999
158	516
158	617
158	990
159	799
159	888
159	994
160	405
160	467
160	474
161	941
161	975
161	976
162	948
162	956
162	998
163	949
163	951
163	995
164	661
164	886
164	961
165	900
165	954
165	961
166	970
166	979
166	997
167	770
167	948
167	998
168	887
168	961
168	985
169	903
169	970
169	999
170	779
170	962
170	998
171	961
171	983
171	985
172	306
172	984
172	995
173	976
173	989
173	1000
174	934
174	955
174	994
175	862
175	923
175	996
176	957
176	973
176	987
177	923
177	990
177	996
178	618
178	730
178	969
179	121
179	298
179	998
180	765
180	977
180	997
181	848
181	967
181	983
182	979
182	992
182	997
183	351
183	970
183	999
184	778
184	813
184	998
185	882
185	964
185	987
186	227
186	829
186	891
187	132
187	321
187	973
188	970
188	974
188	1000
189	111
189	484
189	602
190	688
190	942
190	971
191	748
191	932
191	993
192	349
192	763
192	998
193	63
193	899
193	947
194	572
194	978
194	992
195	849
195	871
195	990
196	589
196	810
196	971
197	951
197	984
197	995
198	905
198	961
198	985
199	598
199	957
199	999
200	85
200	961
200	985
201	951
201	991
201	997
202	798
202	904
202	998
203	54
203	911
203	946
204	769
204	937
204	943
205	620
205	991
205	995
206	691
206	884
206	999
207	898
207	967
207	985
208	465
208	959
208	977
209	62
209	601
209	679
210	822
210	921
210	940
211	831
211	994
211	996
212	934
212	982
212	994
213	116
213	481
213	857
214	324
214	936
214	942
215	968
215	981
215	984
216	905
216	920
216	983
217	895
217	994
217	996
218	845
218	982
218	996
219	833
219	918
219	994
220	806
220	957
220	964
221	819
221	980
221	992
222	903
222	986
222	988
223	397
223	794
223	922
224	572
224	974
224	999
225	806
225	941
225	952
226	770
226	907
226	949
227	186
227	971
227	976
228	873
228	954
228	967
229	939
229	981
229	995
230	498
230	915
230	956
231	835
231	917
231	993
232	729
232	915
232	956
233	699
233	986
233	988
234	876
234	992
234	997
235	848
235	967
235	983
236	979
236	992
236	997
237	633
237	913
237	924
238	963
238	978
238	992
239	899
239	922
239	969
240	870
240	993
240	1000
241	407
241	952
241	970
242	720
242	980
242	983
243	533
243	928
243	999
244	284
244	950
244	964
245	808
245	972
245	988
246	480
246	909
246	969
247	917
247	993
247	1000
248	157
248	261
248	806
249	714
249	967
249	985
250	930
250	931
250	980
251	82
251	587
251	946
252	911
252	969
252	999
253	938
253	977
253	997
254	486
254	877
254	969
255	878
255	965
255	995
256	607
256	921
256	966
257	954
257	967
257	983
258	989
258	990
258	1000
259	807
259	933
259	968
260	468
260	970
260	975
261	248
261	558
261	987
262	869
262	909
262	969
263	597
263	818
263	908
264	950
264	965
264	999
265	533
265	896
265	989
266	327
266	951
266	995
267	461
267	933
267	991
268	933
268	981
268	995
269	837
269	966
269	998
270	375
270	396
270	837
271	315
271	401
271	998
272	479
272	879
272	992
273	66
273	930
273	968
274	909
274	969
274	992
275	280
275	432
275	927
276	894
276	953
276	988
277	869
277	901
277	946
278	854
278	898
278	985
279	898
279	954
279	983
280	275
280	984
280	991
281	858
281	994
281	996
282	923
282	982
282	996
283	865
283	936
283	980
284	244
284	656
284	964
285	426
285	908
285	999
286	452
286	826
286	998
287	951
287	968
287	984
288	412
288	958
288	989
288	993
289	443
289	949
289	981
289	984
290	462
290	675
290	971
290	993
291	337
291	942
291	958
291	989
292	128
292	976
292	989
292	993
293	914
293	953
293	960
293	986
294	775
294	848
294	967
294	983
295	637
295	828
295	991
295	995
296	682
296	992
296	997
296	998
297	719
297	848
297	954
297	985
298	179
298	551
298	826
298	925
299	847
299	880
299	937
299	943
300	636
300	877
300	946
300	969
301	850
301	934
301	982
301	996
302	786
302	982
302	994
302	996
303	911
303	922
303	949
303	969
304	124
304	680
304	941
304	990
305	906
305	963
305	980
305	985
306	172
306	365
306	433
306	637
307	10
307	455
307	784
307	998
308	700
308	854
308	938
308	967
309	750
309	960
309	986
309	988
310	142
310	899
310	922
310	946
311	565
311	959
311	978
311	992
312	685
312	982
312	990
312	993
313	17
313	682
313	959
313	997
314	547
314	831
314	841
314	980
315	271
315	826
315	956
315	998
316	448
316	753
316	959
316	991
317	951
317	970
317	991
317	995
318	481
318	885
318	891
318	958
319	606
319	931
319	959
319	977
320	928
320	950
320	964
320	999
321	187
321	928
321	937
321	974
322	8
322	843
322	947
322	998
323	672
323	703
323	879
323	951
324	122
324	214
324	414
324	1000
325	949
325	981
325	984
325	995
326	644
326	686
326	967
326	985
327	266
327	907
327	981
327	984
328	381
328	712
328	897
328	976
329	130
329	603
329	987
329	999
330	667
330	933
330	939
330	995
331	581
331	744
331	981
331	995
332	740
332	976
332	993
332	1000
333	968
333	981
333	984
333	991
334	691
334	908
334	974
334	987
335	958
335	983
335	990
335	1000
336	679
336	723
336	994
336	996
337	291
337	959
337	977
337	992
338	753
338	982
338	994
338	996
339	449
339	835
339	912
339	993
340	867
340	927
340	990
340	1000
341	905
341	967
341	978
341	983
342	465
342	977
342	978
342	997
343	690
343	942
343	945
343	980
344	892
344	944
344	986
344	988
345	512
345	958
345	989
345	1000
346	919
346	923
346	982
346	996
347	466
347	778
347	902
347	990
348	802
348	949
348	965
348	997
349	192
349	826
349	904
349	966
350	355
350	871
350	958
350	1000
351	14
351	104
351	183
351	957
352	663
352	871
352	902
352	934
353	569
353	960
353	972
353	986
354	628
354	956
354	962
354	968
355	125
355	350
355	911
355	922
356	908
356	964
356	987
356	999
357	893
357	965
357	984
357	995
358	48
358	682
358	979
358	997
359	400
359	632
359	952
359	999
360	965
360	981
360	991
360	995
361	771
361	987
361	990
361	999
362	655
362	673
362	880
362	999
363	890
363	972
363	986
363	988
364	862
364	882
364	918
364	994
365	306
365	755
365	906
365	978
366	951
366	967
366	991
366	995
367	408
367	925
367	978
367	998
368	488
368	524
368	869
368	922
369	879
369	930
369	977
369	997
370	26
370	888
370	982
370	996
371	965
371	984
371	991
371	995
372	623
372	970
372	987
372	999
373	807
373	892
373	968
373	986
374	846
374	871
374	996
374	1000
375	270
375	940
375	960
375	966
376	881
376	972
376	986
376	988
377	619
377	917
377	989
377	990
378	953
378	972
378	986
378	988
379	581
379	803
379	923
379	996
380	80
380	875
380	975
380	987
381	328
381	965
381	991
381	995
382	925
382	962
382	966
382	998
383	570
383	847
383	884
383	999
384	953
384	960
384	986
384	988
385	754
385	798
385	835
385	843
386	740
386	965
386	968
386	995
387	841
387	978
387	979
387	980
388	910
388	914
388	972
388	988
389	578
389	812
389	938
389	997
390	568
390	958
390	976
390	1000
391	417
391	778
391	921
391	977
392	902
392	942
392	990
392	1000
393	528
393	932
393	941
393	958
394	862
394	938
394	992
394	997
395	151
395	593
395	664
395	999
396	270
396	793
396	956
396	998
397	223
397	638
397	901
397	969
398	713
398	768
398	974
398	987
399	406
399	981
399	993
399	995
400	156
400	359
400	964
400	999
401	271
401	770
401	948
401	998
402	885
402	962
402	975
402	998
403	739
403	834
403	982
403	994
404	960
404	968
404	981
404	991
405	160
405	925
405	955
405	962
406	399
406	505
406	968
406	981
407	241
407	632
407	745
407	999
408	367
408	746
408	948
408	998
409	103
409	769
409	973
409	975
410	507
410	918
410	982
410	988
411	449
411	898
411	981
411	995
412	288
412	500
412	989
412	990
413	981
413	984
413	991
413	995
414	140
414	324
414	856
414	993
415	968
415	981
415	984
415	991
416	668
416	730
416	949
416	951
417	64
417	145
417	391
417	998
418	900
418	954
418	983
418	985
419	114
419	905
419	942
419	1000
420	688
420	949
420	992
420	997
421	953
421	960
421	972
421	986
422	951
422	981
422	990
422	995
423	529
423	819
423	963
423	992
424	57
424	836
424	919
424	957
425	604
425	889
425	949
425	964
426	285
426	943
426	975
426	987
427	84
427	976
427	989
427	1000
428	936
428	977
428	979
428	997
429	108
429	935
429	945
429	997
430	872
430	951
430	991
430	995
431	57
431	781
431	924
431	964
432	275
432	871
432	902
432	971
433	306
433	992
433	997
433	1000
434	586
434	613
434	712
434	1000
435	781
435	947
435	950
435	970
436	949
436	965
436	981
436	984
437	978
437	979
437	992
437	997
438	845
438	929
438	955
438	996
439	883
439	943
439	970
439	998
440	693
440	904
440	962
440	998
441	767
441	966
441	972
441	998
442	612
442	968
442	991
442	995
443	289
443	965
443	991
443	995
444	842
444	989
444	993
444	1000
445	88
445	654
445	861
445	900
446	46
446	798
446	857
446	1000
447	737
447	786
447	902
447	942
448	316
448	981
448	984
448	995
449	64
449	339
449	411
449	981
450	881
450	944
450	953
450	988
451	749
451	764
451	858
451	997
452	286
452	543
452	766
452	956
453	836
453	952
453	964
453	970
453	973
454	526
454	718
454	931
454	935
454	995
455	307
455	510
455	846
455	904
455	998
456	457
456	929
456	978
456	990
456	1000
457	456
457	866
457	912
457	913
457	993
458	702
458	909
458	954
458	961
458	983
459	589
459	932
459	976
459	989
459	993
460	751
460	927
460	929
460	989
460	993
461	267
461	838
461	857
461	949
461	991
462	290
462	954
462	967
462	983
462	985
463	601
463	916
463	934
463	994
463	996
464	847
464	894
464	944
464	972
464	988
465	208
465	342
465	561
465	935
465	997
466	49
466	347
466	976
466	993
466	1000
467	160
467	542
467	721
467	793
467	998
468	260
468	606
468	629
468	950
468	999
469	666
469	874
469	967
469	983
469	985
470	665
470	939
470	957
470	970
470	999
471	925
471	944
471	962
471	966
471	998
472	611
472	695
472	746
472	956
472	998
473	556
473	899
473	911
473	922
473	969
474	160
474	779
474	915
474	956
474	998
475	591
475	896
475	914
475	986
475	988
476	645
476	698
476	928
476	957
476	973
477	671
477	725
477	921
477	925
477	998
478	877
478	899
478	911
478	946
478	969
479	272
479	819
479	858
479	938
479	992
480	246
480	899
480	909
480	911
480	968
481	213
481	318
481	927
481	932
481	989
482	736
482	841
482	863
482	963
482	997
483	539
483	961
483	967
483	983
483	985
484	189
484	700
484	954
484	961
484	985
485	600
485	897
485	929
485	946
485	1000
486	254
486	587
486	946
486	952
486	969
487	747
487	792
487	930
487	945
487	979
488	368
488	935
488	959
488	978
488	997
489	694
489	842
489	971
489	989
489	993
490	828
490	939
490	984
490	991
490	995
491	747
491	959
491	977
491	992
491	997
492	643
492	899
492	909
492	922
492	943
493	732
493	750
493	800
493	945
493	977
494	939
494	983
494	984
494	991
494	995
495	779
495	784
495	940
495	962
495	998
496	813
496	864
496	929
496	993
496	1000
497	968
497	981
497	984
497	991
497	995
498	230
498	695
498	956
498	966
498	998
499	551
499	697
499	766
499	940
499	998
500	412
500	944
500	953
500	972
500	986
501	76
501	626
501	636
501	911
501	946
502	105
502	772
502	938
502	963
502	979
503	586
503	907
503	933
503	984
503	991
504	931
504	968
504	981
504	991
504	995
505	406
505	859
505	956
505	962
505	966
506	37
506	754
506	943
506	957
506	999
507	410
507	641
507	845
507	882
507	996
508	618
508	634
508	703
508	911
508	922
509	525
509	825
509	951
509	984
509	991
510	28
510	455
510	840
510	956
510	966
511	583
511	692
511	923
511	967
511	985
512	345
512	871
512	913
512	989
512	990
513	882
513	888
513	923
513	994
513	996
514	853
514	949
514	951
514	991
514	995
515	81
515	653
515	819
515	963
515	980
516	158
516	927
516	976
516	993
516	1000
517	705
517	817
517	865
517	930
517	980
518	794
518	844
518	901
518	946
518	969
519	622
519	653
519	853
519	879
519	997
520	551
520	904
520	921
520	940
520	998
521	574
521	934
521	955
521	994
521	996
522	779
522	920
522	948
522	956
522	998
523	951
523	968
523	984
523	991
523	995
524	19
524	368
524	844
524	869
524	969
525	509
525	718
525	788
525	977
525	980
526	454
526	876
526	931
526	992
526	997
527	769
527	851
527	875
527	987
527	999
528	393
528	592
528	976
528	990
528	993
529	423
529	638
529	931
529	989
529	997
530	743
530	940
530	956
530	962
530	998
531	610
531	978
531	979
531	980
531	997
532	609
532	764
532	863
532	936
532	980
533	243
533	265
533	989
533	993
533	1000
534	588
534	833
534	919
534	982
534	994
535	642
535	909
535	946
535	954
535	969
536	856
536	866
536	980
536	990
536	1000
537	949
537	968
537	972
537	984
537	991
538	820
538	894
538	972
538	986
538	988
539	483
539	900
539	961
539	983
539	985
540	99
540	716
540	797
540	947
540	974
541	732
541	741
541	796
541	808
541	928
542	467
542	754
542	822
542	840
542	940
543	452
543	870
543	942
543	993
543	1000
544	873
544	889
544	928
544	937
544	999
545	935
545	936
545	945
545	963
545	997
546	579
546	745
546	967
546	983
546	985
547	314
547	755
547	853
547	945
547	992
548	47
548	781
548	884
548	889
548	964
549	876
549	931
549	935
549	980
549	997
550	747
550	800
550	858
550	906
550	997
551	298
551	499
551	520
551	962
551	998
552	794
552	877
552	909
552	946
552	969
553	715
553	959
553	977
553	979
553	997
554	657
554	898
554	967
554	983
554	985
555	942
555	971
555	989
555	990
555	1000
556	30
556	473
556	844
556	901
556	909
557	911
557	968
557	981
557	991
557	995
558	101
558	261
558	797
558	976
558	987
559	760
559	932
559	971
559	989
559	1000
560	722
560	855
560	926
560	955
560	996
561	465
561	750
561	853
561	992
561	997
562	567
562	810
562	840
562	890
562	925
563	889
563	970
563	975
563	998
563	999
564	828
564	894
564	944
564	972
564	986
564	988
565	311
565	685
565	902
565	990
565	993
565	1000
566	626
566	944
566	960
566	972
566	986
566	988
567	562
567	719
567	770
567	925
567	956
567	998
568	390
568	789
568	937
568	950
568	970
568	999
569	353
569	971
569	989
569	990
569	993
569	1000
570	383
570	875
570	880
570	970
570	975
570	987
571	802
571	825
571	981
571	984
571	991
571	992
572	194
572	224
572	653
572	772
572	963
572	997
573	834
573	847
573	943
573	970
573	973
573	987
574	521
574	752
574	925
574	948
574	962
574	966
575	634
575	643
575	817
575	899
575	969
575	998
576	822
576	940
576	948
576	956
576	979
576	998
577	702
577	714
577	920
577	954
577	967
577	983
578	389
578	610
578	945
578	950
578	992
578	997
579	546
579	884
579	908
579	952
579	974
579	999
580	715
580	785
580	982
580	994
580	996
580	999
581	331
581	379
581	933
581	939
581	965
581	984
582	882
582	895
582	918
582	982
582	994
582	996
583	511
583	839
583	954
583	961
583	977
583	985
584	858
584	933
584	949
584	965
584	984
584	995
585	42
585	729
585	837
585	859
585	940
585	956
586	137
586	434
586	503
586	929
586	989
586	1000
587	251
587	486
587	844
587	899
587	946
587	969
588	534
588	648
588	739
588	790
588	994
588	997
589	196
589	459
589	680
589	913
589	927
589	990
590	665
590	781
590	883
590	941
590	947
590	999
591	475
591	914
591	944
591	953
591	986
591	988
592	528
592	857
592	864
592	897
592	902
592	993
593	395
593	771
593	884
593	957
593	975
593	987
594	773
594	819
594	821
594	981
594	992
594	997
595	952
595	970
595	974
595	975
595	987
595	999
596	780
596	836
596	844
596	889
596	908
596	928
597	263
597	867
597	943
597	957
597	970
597	987
598	199
598	789
598	808
598	924
598	997
598	999
599	98
599	727
599	910
599	953
599	986
599	988
600	485
600	912
600	964
600	990
600	993
600	1000
601	209
601	463
601	934
601	982
601	994
601	996
602	66
602	189
602	857
602	929
602	932
602	1000
603	329
603	889
603	908
603	973
603	992
603	999
604	425
604	762
604	920
604	947
604	975
604	987
605	660
605	792
605	876
605	936
605	992
605	997
606	319
606	468
606	818
606	884
606	975
606	987
607	256
607	928
607	941
607	964
607	973
607	987
608	657
608	943
608	950
608	964
608	987
608	999
609	532
609	952
609	970
609	974
609	975
609	999
610	531
610	578
610	660
610	858
610	865
610	980
611	472
611	944
611	953
611	972
611	986
611	988
612	442
612	939
612	981
612	984
612	991
612	995
613	434
613	930
613	959
613	978
613	979
613	992
614	742
614	774
614	917
614	952
614	974
614	987
615	881
615	944
615	960
615	972
615	986
615	991
616	664
616	903
616	914
616	953
616	960
616	988
617	116
617	158
617	867
617	927
617	976
617	1000
618	178
618	508
618	793
618	909
618	911
618	969
619	377
619	881
619	971
619	989
619	993
619	1000
620	205
620	965
620	971
620	984
620	991
620	995
621	674
621	838
621	949
621	968
621	981
621	991
622	519
622	690
622	936
622	943
622	959
622	979
623	372
623	880
623	928
623	973
623	987
623	999
624	886
624	920
624	961
624	967
624	983
624	985
625	798
625	842
625	940
625	948
625	962
625	966
626	501
626	566
626	710
626	794
626	811
626	969
627	681
627	898
627	961
627	967
627	983
627	985
628	354
628	746
628	915
628	956
628	966
628	998
629	468
629	789
629	935
629	952
629	964
629	974
630	786
630	849
630	957
630	958
630	990
630	1000
631	802
631	855
631	895
631	916
631	994
631	996
632	359
632	407
632	654
632	952
632	974
632	999
633	59
633	237
633	913
633	942
633	971
633	990
634	508
634	575
634	811
634	909
634	946
634	979
635	712
635	815
635	932
635	971
635	990
635	1000
636	300
636	501
636	710
636	869
636	876
636	877
637	295
637	306
637	672
637	759
637	977
637	978
638	397
638	529
638	749
638	935
638	979
638	980
639	726
639	866
639	962
639	989
639	993
639	1000
640	843
640	886
640	920
640	961
640	967
640	985
641	507
641	790
641	882
641	934
641	982
641	994
642	535
642	710
642	877
642	901
642	946
642	969
643	492
643	575
643	710
643	938
643	946
643	969
644	326
644	886
644	948
644	967
644	983
644	985
645	476
645	883
645	928
645	941
645	975
645	999
646	910
646	914
646	924
646	953
646	972
646	986
646	988
647	153
647	871
647	897
647	913
647	961
647	989
647	993
648	588
648	845
648	862
648	919
648	963
648	994
648	996
649	894
649	896
649	903
649	907
649	953
649	960
649	986
650	831
650	832
650	888
650	916
650	934
650	982
650	994
651	807
651	825
651	878
651	936
651	981
651	991
651	995
652	906
652	910
652	914
652	953
652	960
652	986
652	988
653	515
653	519
653	572
653	879
653	929
653	959
653	992
654	445
654	632
654	789
654	928
654	964
654	973
654	987
655	362
655	771
655	884
655	947
655	950
655	975
655	991
656	156
656	284
656	847
656	937
656	970
656	973
656	987
657	554
657	608
657	874
657	920
657	954
657	983
657	985
658	696
658	704
658	931
658	936
658	980
658	992
658	997
659	96
659	680
659	864
659	902
659	946
659	958
659	1000
660	39
660	605
660	610
660	764
660	853
660	978
660	979
661	164
661	874
661	900
661	905
661	954
661	985
661	988
662	54
662	805
662	941
662	950
662	973
662	987
662	999
663	111
663	352
663	687
663	829
663	912
663	913
663	990
664	395
664	616
664	944
664	953
664	972
664	986
664	988
665	107
665	470
665	590
665	783
665	975
665	992
665	999
666	469
666	896
666	953
666	960
666	972
666	986
666	988
667	330
667	838
667	951
667	965
667	968
667	984
667	995
668	416
668	933
668	951
668	965
668	984
668	991
668	995
669	795
669	892
669	901
669	960
669	972
669	986
669	988
670	714
670	874
670	954
670	961
670	983
670	985
670	987
671	41
671	42
671	477
671	695
671	956
671	966
671	998
672	89
672	323
672	637
672	772
672	773
672	906
672	977
673	362
673	790
673	943
673	952
673	974
673	987
673	999
674	621
674	708
674	893
674	939
674	949
674	991
674	995
675	290
675	704
675	849
675	958
675	987
675	989
675	1000
676	847
676	851
676	941
676	952
676	957
676	970
676	999
677	835
677	867
677	917
677	956
677	958
677	989
677	993
678	706
678	757
678	846
678	913
678	958
678	989
678	993
679	209
679	336
679	916
679	934
679	984
679	994
679	996
680	304
680	589
680	659
680	857
680	864
680	902
680	1000
681	627
681	874
681	920
681	961
681	983
681	984
681	985
682	296
682	313
682	358
682	938
682	963
682	978
682	982
683	908
683	924
683	947
683	970
683	974
683	983
683	987
684	717
684	794
684	817
684	844
684	901
684	922
684	946
685	312
685	565
685	932
685	971
685	990
685	993
685	1000
686	326
686	745
686	854
686	873
686	905
686	983
686	985
687	663
687	912
687	971
687	990
687	993
687	994
687	1000
688	190
688	420
688	931
688	936
688	979
688	980
688	997
689	752
689	809
689	917
689	927
689	976
689	993
689	1000
690	343
690	622
690	935
690	936
690	977
690	995
690	997
691	206
691	334
691	950
691	973
691	975
691	995
691	999
692	511
692	900
692	920
692	961
692	967
692	983
692	985
693	440
693	743
693	746
693	776
693	904
693	962
693	998
694	25
694	489
694	706
694	942
694	989
694	990
694	993
695	472
695	498
695	671
695	813
695	948
695	956
695	998
696	658
696	717
696	945
696	963
696	978
696	979
696	980
697	499
697	840
697	854
697	915
697	948
697	956
697	998
698	476
698	903
698	944
698	960
698	972
698	986
698	988
699	233
699	894
699	896
699	944
699	960
699	986
699	988
700	308
700	484
700	839
700	891
700	954
700	983
700	985
701	786
701	916
701	917
701	929
701	971
701	990
701	1000
702	458
702	577
702	886
702	900
702	954
702	961
702	985
703	323
703	508
703	724
703	959
703	978
703	992
703	997
704	658
704	675
704	815
704	866
704	929
704	989
704	993
705	517
705	717
705	945
705	977
705	978
705	979
705	992
706	678
706	694
706	872
706	942
706	971
706	976
706	990
707	71
707	930
707	931
707	936
707	979
707	992
707	997
708	674
708	734
708	802
708	933
708	951
708	965
708	984
708	995
709	72
709	727
709	892
709	903
709	944
709	960
709	972
709	986
710	626
710	636
710	642
710	643
710	877
710	911
710	922
710	969
711	903
711	944
711	953
711	954
711	960
711	972
711	986
711	988
712	328
712	434
712	635
712	815
712	835
712	971
712	976
712	1000
713	2
713	79
713	398
713	814
713	851
713	947
713	952
713	987
714	249
714	577
714	670
714	900
714	954
714	967
714	983
714	985
715	553
715	580
715	834
715	868
715	916
715	982
715	994
715	996
716	540
716	841
716	858
716	936
716	977
716	979
716	980
716	997
717	684
717	696
717	705
717	748
717	853
717	963
717	978
717	979
718	454
718	525
718	779
718	812
718	938
718	978
718	979
718	997
719	297
719	567
719	804
719	886
719	898
719	961
719	983
719	985
720	242
720	723
720	759
720	863
720	935
720	945
720	992
720	997
721	145
721	467
721	793
721	840
721	885
721	940
721	948
721	966
722	560
722	815
722	831
722	918
722	926
722	934
722	994
722	996
723	336
723	720
723	863
723	930
723	959
723	963
723	992
723	997
724	703
724	748
724	879
724	936
724	940
724	959
724	977
724	992
725	477
725	830
725	833
725	934
725	955
725	982
725	994
725	996
726	153
726	639
726	769
726	829
726	897
726	932
726	989
726	1000
727	599
727	709
727	944
727	953
727	960
727	972
727	979
727	988
728	741
728	924
728	943
728	952
728	964
728	970
728	975
728	990
729	232
729	585
729	827
729	851
729	885
729	904
729	921
729	966
730	178
730	416
730	753
730	878
730	965
730	968
730	981
730	991
731	796
731	890
731	894
731	944
731	960
731	972
731	986
731	988
732	493
732	541
732	812
732	865
732	906
732	959
732	978
732	992
733	122
733	842
733	849
733	927
733	932
733	958
733	974
733	1000
734	708
734	802
734	893
734	968
734	972
734	984
734	991
734	995
735	828
735	850
735	949
735	965
735	968
735	991
735	995
735	1000
736	482
736	738
736	832
736	919
736	934
736	982
736	994
736	996
737	105
737	447
737	821
737	852
737	930
737	945
737	977
737	997
738	736
738	887
738	895
738	926
738	934
738	982
738	994
738	996
739	403
739	588
739	749
739	934
739	955
739	982
739	994
739	996
740	332
740	386
740	870
740	929
740	942
740	976
740	989
740	990
741	541
741	728
741	762
741	780
741	808
741	952
741	970
741	971
741	974
742	136
742	614
742	883
742	928
742	964
742	970
742	973
742	987
742	999
743	530
743	693
743	813
743	859
743	904
743	915
743	956
743	998
743	1000
744	331
744	879
744	907
744	939
744	949
744	965
744	981
744	984
744	995
745	407
745	546
745	686
745	905
745	920
745	954
745	967
745	983
745	985
746	121
746	408
746	472
746	628
746	693
746	948
746	962
746	995
746	998
747	487
747	491
747	550
747	759
747	945
747	964
747	977
747	979
747	992
748	191
748	717
748	724
748	749
748	812
748	959
748	980
748	992
748	997
749	451
749	638
749	739
749	748
749	906
749	930
749	963
749	980
749	997
750	309
750	493
750	561
750	759
750	792
750	841
750	978
750	992
750	997
751	141
751	460
751	857
751	864
751	897
751	989
751	990
751	992
751	1000
752	574
752	689
752	763
752	859
752	904
752	915
752	925
752	962
752	998
753	316
753	338
753	730
753	949
753	951
753	965
753	984
753	991
753	995
754	385
754	506
754	542
754	761
754	763
754	837
754	962
754	966
754	998
755	365
755	547
755	852
755	930
755	963
755	977
755	978
755	979
755	989
756	789
756	805
756	928
756	964
756	969
756	970
756	973
756	975
756	999
757	678
757	890
757	892
757	896
757	903
757	944
757	960
757	986
757	988
758	869
758	878
758	933
758	949
758	968
758	981
758	984
758	991
758	995
759	43
759	637
759	720
759	747
759	750
759	918
759	935
759	977
759	980
760	559
760	791
760	809
760	815
760	846
760	934
760	989
760	993
760	1000
761	754
761	776
761	784
761	859
761	913
761	925
761	962
761	966
761	998
762	604
762	741
762	832
762	889
762	928
762	941
762	974
762	975
762	987
763	192
763	752
763	754
763	817
763	823
763	827
763	925
763	956
763	998
764	451
764	532
764	660
764	931
764	938
764	979
764	981
764	992
764	997
765	89
765	180
765	812
765	865
765	935
765	978
765	980
765	992
765	997
766	452
766	499
766	822
766	823
766	843
766	915
766	940
766	976
766	998
767	441
767	810
767	813
767	823
767	904
767	921
767	940
767	962
767	966
768	45
768	110
768	398
768	772
768	861
768	947
768	950
768	964
768	987
769	204
769	409
769	527
769	726
769	805
769	806
769	884
769	973
769	974
769	999
770	167
770	226
770	401
770	567
770	776
770	779
770	827
770	940
770	962
770	998
771	361
771	593
771	655
771	883
771	943
771	947
771	957
771	964
771	979
771	999
772	150
772	502
772	572
772	672
772	768
772	852
772	876
772	963
772	980
772	992
773	32
773	594
773	672
773	879
773	938
773	959
773	978
773	992
773	994
773	997
774	118
774	614
774	789
774	814
774	880
774	896
774	924
774	952
774	973
774	974
775	294
775	804
775	873
775	898
775	905
775	954
775	961
775	983
775	985
775	998
776	693
776	761
776	770
776	827
776	843
776	948
776	956
776	966
776	996
776	998
777	894
777	903
777	910
777	914
777	953
777	960
777	972
777	986
777	988
777	997
778	184
778	347
778	391
778	810
778	813
778	925
778	948
778	956
778	966
778	998
779	170
779	474
779	495
779	522
779	718
779	770
779	823
779	840
779	966
779	998
780	88
780	596
780	741
780	814
780	880
780	924
780	947
780	973
780	975
780	994
781	431
781	435
781	548
781	590
781	924
781	926
781	943
781	957
781	973
781	975
782	790
782	832
782	916
782	918
782	923
782	932
782	955
782	982
782	994
782	996
783	665
783	836
783	908
783	928
783	952
783	970
783	973
783	974
783	996
783	999
784	81
784	307
784	495
784	761
784	793
784	921
784	940
784	956
784	966
784	998
785	580
785	801
785	803
785	816
785	855
785	934
785	955
785	980
785	994
785	996
786	140
786	302
786	447
786	630
786	701
786	912
786	958
786	990
786	993
786	1000
787	795
787	894
787	910
787	914
787	953
787	955
787	960
787	972
787	986
787	988
788	525
788	821
788	904
788	931
788	936
788	938
788	963
788	977
788	978
788	992
789	568
789	598
789	629
789	654
789	756
789	774
789	812
789	957
789	974
789	975
790	588
790	641
790	673
790	782
790	868
790	926
790	955
790	982
790	994
790	996
791	760
791	872
791	891
791	912
791	913
791	932
791	976
791	984
791	990
791	993
792	487
792	605
792	750
792	852
792	853
792	936
792	963
792	966
792	977
792	992
793	396
793	467
793	618
793	721
793	784
793	798
793	843
793	915
793	948
793	998
794	223
794	518
794	552
794	626
794	684
794	832
794	901
794	909
794	922
794	946
795	669
795	787
795	881
795	889
795	896
795	910
795	960
795	972
795	986
795	988
796	79
796	541
796	731
796	805
796	861
796	928
796	937
796	973
796	974
796	999
797	17
797	540
797	558
797	883
797	918
797	950
797	970
797	973
797	987
797	999
798	202
798	385
798	446
798	625
798	793
798	810
798	921
798	948
798	962
798	998
799	159
799	822
799	887
799	916
799	919
799	926
799	955
799	982
799	994
799	996
800	493
800	550
800	853
800	935
800	938
800	956
800	959
800	963
800	977
800	997
801	785
801	816
801	862
801	919
801	923
801	926
801	952
801	982
801	994
801	996
802	348
802	571
802	631
802	708
802	734
802	933
802	965
802	981
802	984
802	991
802	995
803	147
803	379
803	785
803	834
803	849
803	887
803	888
803	895
803	982
803	994
803	996
804	719
804	775
804	874
804	898
804	905
804	954
804	961
804	967
804	983
804	985
804	993
805	79
805	97
805	662
805	756
805	769
805	796
805	908
805	957
805	975
805	986
805	987
806	51
806	115
806	220
806	225
806	248
806	769
806	841
806	937
806	952
806	987
806	999
807	259
807	373
807	651
807	825
807	907
807	933
807	939
807	965
807	968
807	991
807	995
808	245
808	541
808	598
808	741
808	851
808	937
808	941
808	952
808	957
808	987
808	999
809	689
809	760
809	824
809	846
809	868
809	872
809	927
809	942
809	989
809	990
809	993
810	196
810	562
810	767
810	778
810	798
810	813
810	915
810	948
810	962
810	966
810	998
811	626
811	634
811	817
811	869
811	877
811	899
811	901
811	922
811	946
811	969
811	991
812	389
812	718
812	732
812	748
812	765
812	789
812	959
812	977
812	978
812	979
812	997
813	184
813	496
813	695
813	743
813	767
813	778
813	810
813	904
813	921
813	948
813	966
814	713
814	774
814	780
814	816
814	924
814	947
814	970
814	974
814	975
814	987
814	999
815	635
815	704
815	712
815	722
815	760
815	856
815	891
815	912
815	971
815	993
815	1000
816	785
816	801
816	814
816	887
816	916
816	918
816	919
816	926
816	982
816	994
816	996
817	517
817	575
817	684
817	763
817	811
817	869
817	899
817	909
817	911
817	922
817	969
818	263
818	606
818	928
818	937
818	943
818	947
818	950
818	957
818	964
818	987
818	993
819	221
819	423
819	479
819	515
819	594
819	922
819	930
819	963
819	978
819	980
819	997
820	538
820	855
820	882
820	916
820	918
820	926
820	934
820	955
820	982
820	994
820	996
821	594
821	737
821	788
821	921
821	935
821	945
821	959
821	977
821	979
821	992
821	997
822	55
822	210
822	542
822	576
822	766
822	799
822	837
822	948
822	956
822	962
822	998
823	74
823	154
823	763
823	766
823	767
823	779
823	893
823	904
823	921
823	940
823	998
824	809
824	842
824	870
824	871
824	891
824	902
824	912
824	913
824	943
824	961
824	993
824	1000
825	509
825	571
825	651
825	807
825	893
825	939
825	946
825	949
825	951
825	965
825	968
825	984
826	154
826	286
826	298
826	315
826	349
826	827
826	859
826	885
826	921
826	948
826	990
826	998
827	109
827	729
827	763
827	770
827	776
827	826
827	915
827	940
827	948
827	963
827	966
827	998
828	52
828	295
828	490
828	564
828	735
828	933
828	949
828	965
828	968
828	981
828	991
828	995
829	186
829	663
829	726
829	917
829	927
829	958
829	963
829	971
829	989
829	990
829	993
829	1000
830	18
830	725
830	831
830	834
830	862
830	868
830	887
830	918
830	919
830	982
830	994
830	996
831	211
831	314
831	650
831	722
831	830
831	833
831	845
831	855
831	862
831	882
831	994
831	996
832	650
832	736
832	762
832	782
832	794
832	833
832	855
832	862
832	926
832	934
832	955
832	994
832	996
833	219
833	534
833	725
833	831
833	832
833	887
833	916
833	919
833	926
833	955
833	974
833	994
833	996
834	403
834	573
834	715
834	803
834	830
834	918
834	919
834	923
834	926
834	934
834	955
834	994
834	996
835	231
835	339
835	385
835	677
835	712
835	842
835	872
835	958
835	971
835	989
835	990
835	993
835	1000
836	14
836	95
836	424
836	453
836	596
836	783
836	864
836	884
836	943
836	947
836	950
836	952
836	975
837	269
837	270
837	585
837	754
837	822
837	843
837	870
837	885
837	904
837	940
837	962
837	966
837	998
838	127
838	461
838	621
838	667
838	850
838	893
838	933
838	948
838	968
838	981
838	984
838	991
838	995
839	583
839	700
839	848
839	854
839	898
839	900
839	920
839	954
839	961
839	967
839	983
839	985
839	991
840	136
840	155
840	510
840	542
840	562
840	697
840	721
840	779
840	885
840	915
840	948
840	975
840	998
841	314
841	387
841	482
841	716
841	750
841	806
841	876
841	930
841	931
841	978
841	979
841	995
841	997
842	444
842	489
842	625
842	733
842	824
842	835
842	866
842	932
842	942
842	971
842	990
842	993
842	1000
843	322
843	385
843	640
843	766
843	776
843	793
843	837
843	859
843	885
843	925
843	956
843	962
843	998
844	48
844	125
844	518
844	524
844	556
844	587
844	596
844	684
844	877
844	899
844	911
844	922
844	946
845	78
845	123
845	218
845	438
845	507
845	648
845	831
845	887
845	923
845	955
845	982
845	994
845	996
846	374
846	455
846	678
846	760
846	809
846	897
846	908
846	932
846	942
846	971
846	989
846	990
846	1000
847	97
847	110
847	299
847	383
847	464
847	573
847	656
847	676
847	924
847	928
847	957
847	964
847	975
848	181
848	235
848	294
848	297
848	839
848	898
848	905
848	920
848	961
848	967
848	982
848	983
848	985
849	195
849	630
849	675
849	733
849	803
849	872
849	891
849	897
849	912
849	913
849	976
849	993
849	1000
850	301
850	735
850	838
850	893
850	907
850	933
850	939
850	949
850	965
850	981
850	984
850	991
850	995
851	115
851	527
851	676
851	713
851	729
851	808
851	875
851	941
851	952
851	957
851	973
851	975
851	987
852	23
852	63
852	737
852	755
852	772
852	792
852	902
852	936
852	938
852	977
852	979
852	980
852	992
852	997
853	514
853	519
853	547
853	561
853	660
853	717
853	792
853	800
853	865
853	876
853	963
853	978
853	992
853	997
854	278
854	308
854	686
854	697
854	839
854	900
854	905
854	920
854	954
854	961
854	967
854	983
854	985
854	996
855	560
855	631
855	785
855	820
855	831
855	832
855	887
855	918
855	923
855	926
855	955
855	980
855	994
855	996
856	414
856	536
856	815
856	866
856	871
856	891
856	897
856	927
856	929
856	976
856	989
856	993
856	996
856	1000
857	213
857	446
857	461
857	592
857	602
857	680
857	751
857	867
857	942
857	958
857	976
857	990
857	993
857	1000
858	281
858	451
858	479
858	550
858	584
858	610
858	716
858	906
858	930
858	931
858	935
858	959
858	963
858	980
859	8
859	55
859	505
859	585
859	743
859	752
859	761
859	826
859	843
859	948
859	957
859	962
859	966
859	998
860	863
860	906
860	930
860	945
860	951
860	952
860	959
860	963
860	977
860	978
860	979
860	980
860	992
860	997
861	51
861	445
861	768
861	796
861	875
861	892
861	908
861	928
861	937
861	947
861	957
861	973
861	993
861	999
862	175
862	364
862	394
862	648
862	801
862	830
862	831
862	832
862	919
862	923
862	926
862	947
862	982
862	994
862	996
863	9
863	482
863	532
863	720
863	723
863	860
863	865
863	938
863	945
863	963
863	977
863	978
863	980
863	992
863	999
864	496
864	592
864	659
864	680
864	751
864	836
864	891
864	927
864	932
864	971
864	976
864	990
864	991
864	993
864	1000
865	283
865	517
865	610
865	732
865	765
865	853
865	863
865	884
865	931
865	935
865	945
865	977
865	980
865	992
865	997
866	457
866	536
866	639
866	704
866	842
866	856
866	871
866	891
866	912
866	913
866	927
866	971
866	975
866	976
866	1000
867	4
867	340
867	597
867	617
867	677
867	857
867	912
867	929
867	932
867	971
867	976
867	990
867	993
867	998
867	1000
868	50
868	715
868	790
868	809
868	830
868	895
868	916
868	918
868	926
868	934
868	955
868	972
868	982
868	994
868	996
869	44
869	262
869	277
869	368
869	524
869	636
869	758
869	811
869	817
869	901
869	911
869	922
869	946
869	969
869	996
870	240
870	543
870	740
870	824
870	837
870	912
870	927
870	928
870	958
870	971
870	976
870	989
870	990
870	993
870	1000
871	195
871	350
871	352
871	374
871	432
871	512
871	647
871	824
871	856
871	866
871	917
871	958
871	976
871	986
871	1000
872	430
872	706
872	791
872	809
872	835
872	849
872	917
872	927
872	932
872	939
872	942
872	976
872	990
872	993
872	1000
873	228
873	544
873	686
873	775
873	886
873	898
873	900
873	905
873	920
873	932
873	954
873	961
873	967
873	983
873	985
874	3
874	469
874	657
874	661
874	670
874	681
874	804
874	898
874	900
874	954
874	961
874	967
874	983
874	985
874	1000
875	24
875	380
875	527
875	570
875	851
875	861
875	889
875	895
875	941
875	947
875	950
875	964
875	970
875	973
875	975
875	987
876	150
876	234
876	526
876	549
876	605
876	636
876	772
876	841
876	853
876	879
876	931
876	963
876	977
876	979
876	980
876	997
877	125
877	254
877	300
877	478
877	552
877	636
877	642
877	710
877	811
877	844
877	901
877	909
877	911
877	946
877	969
877	970
878	38
878	152
878	255
878	651
878	730
878	758
878	907
878	937
878	939
878	949
878	951
878	965
878	968
878	981
878	991
878	995
879	100
879	105
879	272
879	323
879	369
879	519
879	653
879	724
879	744
879	773
879	876
879	938
879	945
879	969
879	978
879	992
880	24
880	299
880	362
880	570
880	623
880	774
880	780
880	924
880	950
880	957
880	967
880	970
880	972
880	974
880	987
880	999
881	25
881	108
881	376
881	450
881	615
881	619
881	795
881	890
881	892
881	896
881	910
881	912
881	953
881	960
881	972
881	986
881	988
882	185
882	364
882	507
882	513
882	582
882	641
882	820
882	831
882	887
882	888
882	911
882	919
882	926
882	955
882	982
882	994
882	996
883	20
883	85
883	99
883	439
883	590
883	645
883	742
883	771
883	797
883	910
883	937
883	947
883	952
883	957
883	973
883	987
883	999
884	206
884	383
884	548
884	579
884	593
884	606
884	655
884	769
884	836
884	865
884	924
884	940
884	941
884	943
884	947
884	950
884	999
885	59
885	318
885	402
885	721
885	729
885	826
885	837
885	840
885	843
885	915
885	921
885	925
885	940
885	945
885	948
885	956
885	966
885	998
886	164
886	624
886	640
886	644
886	702
886	719
886	873
886	898
886	900
886	905
886	920
886	928
886	954
886	961
886	967
886	975
886	983
886	985
887	168
887	738
887	799
887	803
887	816
887	830
887	833
887	845
887	855
887	882
887	888
887	895
887	918
887	923
887	968
887	982
887	994
887	996
888	130
888	159
888	370
888	513
888	650
888	803
888	882
888	887
888	895
888	916
888	918
888	923
888	926
888	955
888	978
888	982
888	994
888	996
889	95
889	115
889	425
889	544
889	548
889	563
889	596
889	603
889	762
889	795
889	875
889	927
889	943
889	950
889	952
889	964
889	975
889	999
890	87
890	363
890	562
890	731
890	757
890	881
890	892
890	894
890	903
890	910
890	914
890	944
890	953
890	960
890	972
890	986
890	988
890	994
891	186
891	318
891	700
891	791
891	815
891	824
891	849
891	856
891	864
891	866
891	929
891	932
891	942
891	954
891	971
891	989
891	990
891	993
892	344
892	373
892	669
892	709
892	757
892	861
892	881
892	890
892	896
892	903
892	910
892	914
892	944
892	953
892	960
892	973
892	986
892	988
893	357
893	674
893	734
893	823
893	825
893	838
893	850
893	907
893	939
893	949
893	951
893	965
893	968
893	981
893	984
893	987
893	991
893	995
894	276
894	464
894	538
894	564
894	649
894	699
894	731
894	777
894	787
894	890
894	903
894	905
894	910
894	914
894	944
894	953
894	986
894	988
894	998
895	53
895	217
895	582
895	631
895	738
895	803
895	868
895	875
895	887
895	888
895	916
895	918
895	919
895	923
895	937
895	955
895	982
895	994
895	996
896	146
896	265
896	475
896	649
896	666
896	699
896	757
896	774
896	795
896	881
896	892
896	903
896	910
896	914
896	944
896	960
896	972
896	986
896	988
897	328
897	485
897	592
897	647
897	726
897	751
897	846
897	849
897	856
897	912
897	917
897	929
897	942
897	950
897	958
897	971
897	988
897	989
897	1000
898	207
898	278
898	279
898	411
898	554
898	627
898	719
898	775
898	804
898	839
898	848
898	873
898	874
898	886
898	905
898	920
898	967
898	983
898	985
899	44
899	78
899	102
899	135
899	193
899	239
899	310
899	473
899	478
899	480
899	492
899	575
899	587
899	811
899	817
899	844
899	901
899	909
899	946
899	996
900	165
900	418
900	445
900	539
900	661
900	692
900	702
900	714
900	839
900	854
900	873
900	874
900	886
900	920
900	954
900	961
900	967
900	969
900	983
900	985
901	19
901	76
901	135
901	277
901	397
901	518
901	556
901	642
901	669
901	684
901	794
901	811
901	869
901	877
901	899
901	909
901	911
901	922
901	962
901	969
902	141
902	347
902	352
902	392
902	432
902	447
902	565
902	592
902	659
902	680
902	824
902	852
902	917
902	927
902	942
902	965
902	976
902	990
902	993
902	1000
903	169
903	222
903	616
903	649
903	698
903	709
903	711
903	757
903	777
903	890
903	892
903	894
903	896
903	910
903	930
903	944
903	953
903	960
903	972
903	986
903	988
904	202
904	349
904	440
904	455
904	520
904	693
904	729
904	743
904	752
904	767
904	788
904	813
904	823
904	837
904	915
904	921
904	925
904	940
904	966
904	998
904	999
905	138
905	198
905	216
905	341
905	419
905	661
905	686
905	745
905	775
905	804
905	848
905	854
905	873
905	886
905	894
905	898
905	920
905	961
905	967
905	983
905	985
906	305
906	365
906	550
906	652
906	672
906	732
906	749
906	858
906	860
906	930
906	931
906	935
906	936
906	945
906	959
906	963
906	978
906	979
906	980
906	981
906	997
907	5
907	7
907	56
907	226
907	327
907	503
907	649
907	744
907	807
907	850
907	878
907	893
907	933
907	939
907	951
907	965
907	981
907	982
907	984
907	991
907	995
908	80
908	263
908	285
908	334
908	356
908	579
908	596
908	603
908	683
908	783
908	805
908	846
908	861
908	926
908	937
908	941
908	947
908	950
908	974
908	975
908	999
909	65
909	76
909	246
909	262
909	274
909	458
909	480
909	492
909	535
909	552
909	556
909	618
909	634
909	794
909	817
909	877
909	899
909	901
909	922
909	961
909	969
910	388
910	599
910	646
910	652
910	777
910	787
910	795
910	881
910	883
910	890
910	892
910	894
910	896
910	903
910	914
910	935
910	944
910	953
910	960
910	972
910	986
910	988
911	27
911	54
911	203
911	252
911	303
911	355
911	473
911	478
911	480
911	501
911	508
911	557
911	618
911	710
911	817
911	844
911	869
911	877
911	882
911	901
911	946
911	969
912	12
912	339
912	457
912	600
912	663
912	687
912	786
912	791
912	815
912	824
912	849
912	866
912	867
912	870
912	881
912	897
912	929
912	971
912	976
912	990
912	993
912	997
913	237
913	457
913	512
913	589
913	633
913	647
913	663
913	678
913	761
913	791
913	824
913	849
913	866
913	917
913	929
913	958
913	971
913	974
913	976
913	989
913	993
913	1000
914	21
914	293
914	388
914	475
914	591
914	616
914	646
914	652
914	777
914	787
914	890
914	892
914	894
914	896
914	910
914	939
914	944
914	947
914	953
914	960
914	972
914	986
914	988
915	60
915	230
915	232
915	474
915	628
915	697
915	743
915	752
915	766
915	793
915	810
915	827
915	840
915	885
915	904
915	921
915	925
915	940
915	956
915	962
915	966
915	980
915	998
916	463
916	631
916	650
916	679
916	701
916	715
916	782
916	799
916	816
916	820
916	833
916	868
916	888
916	895
916	918
916	919
916	923
916	934
916	955
916	975
916	982
916	994
916	996
917	61
917	128
917	134
917	231
917	247
917	377
917	614
917	677
917	689
917	701
917	829
917	871
917	872
917	897
917	902
917	913
917	927
917	929
917	959
917	976
917	989
917	993
917	1000
918	219
918	364
918	410
918	582
918	722
918	759
918	782
918	797
918	816
918	820
918	830
918	834
918	855
918	868
918	887
918	888
918	895
918	916
918	919
918	923
918	934
918	982
918	994
918	996
919	29
919	89
919	346
919	424
919	534
919	648
919	736
919	799
919	801
919	816
919	830
919	833
919	834
919	862
919	882
919	895
919	916
919	918
919	923
919	926
919	955
919	982
919	994
919	996
920	112
920	216
920	522
920	577
920	604
920	624
920	640
920	657
920	681
920	692
920	745
920	839
920	848
920	854
920	873
920	886
920	898
920	900
920	905
920	954
920	961
920	967
920	983
920	985
921	143
921	210
921	256
921	391
921	477
921	520
921	729
921	767
921	784
921	798
921	813
921	821
921	823
921	826
921	885
921	904
921	915
921	940
921	941
921	948
921	949
921	956
921	962
921	966
921	998
922	19
922	65
922	135
922	223
922	239
922	303
922	310
922	355
922	368
922	473
922	492
922	508
922	684
922	710
922	794
922	811
922	817
922	819
922	844
922	869
922	901
922	909
922	946
922	969
922	989
923	175
923	177
923	282
923	346
923	379
923	511
923	513
923	782
923	801
923	834
923	845
923	855
923	862
923	887
923	888
923	895
923	916
923	918
923	919
923	926
923	955
923	982
923	990
923	994
923	996
924	15
924	37
924	120
924	237
924	431
924	598
924	646
924	683
924	728
924	774
924	780
924	781
924	814
924	847
924	880
924	884
924	928
924	937
924	950
924	952
924	957
924	970
924	973
924	975
924	999
925	74
925	119
925	298
925	367
925	382
925	405
925	471
925	477
925	562
925	567
925	574
925	752
925	761
925	763
925	778
925	843
925	885
925	904
925	915
925	940
925	953
925	956
925	962
925	966
925	979
925	998
926	67
926	94
926	560
926	722
926	738
926	781
926	790
926	799
926	801
926	816
926	820
926	832
926	833
926	834
926	855
926	862
926	868
926	882
926	888
926	908
926	919
926	923
926	955
926	982
926	993
926	994
926	996
927	114
927	275
927	340
927	460
927	481
927	516
927	589
927	617
927	689
927	733
927	809
927	829
927	856
927	864
927	866
927	870
927	872
927	889
927	902
927	917
927	958
927	964
927	967
927	976
927	989
927	993
927	1000
928	14
928	90
928	243
928	320
928	321
928	476
928	541
928	544
928	596
928	607
928	623
928	645
928	654
928	742
928	756
928	762
928	783
928	796
928	818
928	847
928	861
928	870
928	886
928	924
928	973
928	974
928	993
929	36
929	137
929	438
929	456
929	460
929	485
929	496
929	586
929	602
929	653
929	701
929	704
929	740
929	856
929	867
929	891
929	897
929	912
929	913
929	917
929	942
929	958
929	971
929	989
929	990
929	993
929	998
929	1000
930	39
930	92
930	250
930	273
930	369
930	487
930	517
930	613
930	707
930	723
930	737
930	749
930	755
930	819
930	841
930	858
930	860
930	903
930	906
930	936
930	938
930	945
930	964
930	977
930	978
930	979
930	980
930	992
931	58
931	250
931	319
931	454
931	504
931	526
931	529
931	549
931	658
931	688
931	707
931	764
931	788
931	841
931	858
931	865
931	876
931	906
931	935
931	936
931	938
931	959
931	963
931	977
931	979
931	980
931	992
931	994
932	157
932	191
932	393
932	459
932	481
932	559
932	602
932	635
932	685
932	726
932	733
932	782
932	791
932	842
932	846
932	864
932	867
932	872
932	873
932	891
932	942
932	958
932	971
932	976
932	989
932	990
932	993
932	1000
933	259
933	267
933	268
933	330
933	503
933	581
933	584
933	668
933	708
933	758
933	802
933	807
933	828
933	838
933	850
933	907
933	936
933	939
933	949
933	951
933	965
933	968
933	981
933	984
933	985
933	986
933	991
933	995
934	1
934	29
934	174
934	212
934	301
934	352
934	463
934	521
934	601
934	641
934	650
934	679
934	722
934	725
934	736
934	738
934	739
934	760
934	785
934	820
934	832
934	834
934	868
934	916
934	918
934	955
934	994
934	996
935	70
935	429
935	454
935	465
935	488
935	545
935	549
935	629
935	638
935	690
935	720
935	759
935	765
935	800
935	821
935	858
935	865
935	906
935	910
935	931
935	945
935	959
935	963
935	977
935	978
935	980
935	992
935	997
936	92
936	150
936	214
936	283
936	428
936	532
936	545
936	605
936	622
936	651
936	658
936	688
936	690
936	707
936	716
936	724
936	788
936	792
936	852
936	906
936	930
936	931
936	933
936	938
936	959
936	977
936	979
936	980
936	992
937	16
937	22
937	204
937	299
937	321
937	544
937	568
937	656
937	796
937	806
937	808
937	818
937	861
937	878
937	883
937	895
937	908
937	924
937	941
937	943
937	947
937	950
937	964
937	973
937	974
937	975
937	987
937	989
937	999
938	117
938	253
938	308
938	389
938	394
938	479
938	502
938	643
938	682
938	718
938	764
938	773
938	788
938	800
938	852
938	863
938	879
938	930
938	931
938	936
938	945
938	963
938	977
938	978
938	979
938	980
938	992
938	997
938	999
939	38
939	52
939	56
939	75
939	229
939	330
939	470
939	490
939	494
939	581
939	612
939	674
939	744
939	807
939	825
939	850
939	872
939	878
939	893
939	907
939	914
939	933
939	949
939	951
939	965
939	968
939	981
939	984
939	991
939	995
940	210
940	375
940	495
940	499
940	520
940	530
940	542
940	576
940	585
940	625
940	721
940	724
940	766
940	767
940	770
940	784
940	823
940	827
940	837
940	884
940	885
940	904
940	915
940	921
940	925
940	948
940	962
940	966
940	998
940	1000
941	15
941	45
941	90
941	156
941	161
941	225
941	304
941	393
941	590
941	607
941	645
941	662
941	676
941	762
941	808
941	851
941	875
941	884
941	908
941	921
941	937
941	943
941	947
941	950
941	952
941	964
941	970
941	973
941	974
941	975
941	999
942	12
942	61
942	190
942	214
942	291
942	343
942	392
942	419
942	447
942	543
942	555
942	633
942	694
942	706
942	740
942	809
942	842
942	846
942	857
942	872
942	891
942	897
942	902
942	929
942	932
942	946
942	962
942	971
942	976
942	989
942	993
943	2
943	132
943	204
943	299
943	426
943	439
943	492
943	506
943	573
943	597
943	608
943	622
943	673
943	728
943	771
943	781
943	818
943	824
943	836
943	884
943	889
943	937
943	941
943	947
943	950
943	952
943	964
943	970
943	973
943	975
943	987
943	999
944	344
944	450
944	464
944	471
944	500
944	564
944	566
944	591
944	611
944	615
944	664
944	698
944	699
944	709
944	711
944	727
944	731
944	757
944	890
944	892
944	894
944	896
944	903
944	910
944	914
944	948
944	953
944	960
944	972
944	973
944	986
944	988
945	77
945	343
945	429
945	487
945	493
945	545
945	547
945	578
945	696
945	705
945	720
945	737
945	747
945	821
945	860
945	863
945	865
945	879
945	885
945	906
945	930
945	935
945	938
945	957
945	959
945	963
945	977
945	978
945	979
945	984
945	989
945	992
945	997
946	27
946	65
946	82
946	142
946	203
946	251
946	277
946	300
946	310
946	478
946	485
946	486
946	501
946	518
946	535
946	552
946	587
946	634
946	642
946	643
946	659
946	684
946	794
946	811
946	825
946	844
946	869
946	877
946	899
946	911
946	922
946	942
946	953
946	969
947	16
947	193
947	322
947	435
947	540
947	590
947	604
947	655
947	683
947	713
947	768
947	771
947	780
947	814
947	818
947	836
947	861
947	862
947	875
947	883
947	884
947	908
947	914
947	937
947	941
947	943
947	950
947	957
947	970
947	974
947	975
947	987
947	991
947	999
948	10
948	143
948	162
948	167
948	401
948	408
948	522
948	574
948	576
948	625
948	644
948	695
948	697
948	721
948	746
948	776
948	778
948	793
948	798
948	810
948	813
948	822
948	826
948	827
948	838
948	840
948	859
948	885
948	921
948	940
948	944
948	956
948	962
948	998
949	163
949	226
949	289
949	303
949	325
949	348
949	416
949	420
949	425
949	436
949	461
949	514
949	537
949	584
949	621
949	674
949	735
949	744
949	753
949	758
949	825
949	828
949	850
949	878
949	893
949	921
949	933
949	939
949	951
949	965
949	968
949	981
949	991
949	995
950	244
950	264
950	320
950	435
950	468
950	568
950	578
950	608
950	655
950	662
950	691
950	768
950	797
950	818
950	836
950	875
950	880
950	884
950	889
950	897
950	908
950	924
950	937
950	941
950	943
950	947
950	964
950	966
950	970
950	973
950	974
950	975
950	987
950	999
951	69
951	163
951	197
951	201
951	266
951	287
951	317
951	323
951	366
951	416
951	422
951	430
951	509
951	514
951	523
951	667
951	668
951	708
951	753
951	825
951	860
951	878
951	893
951	907
951	933
951	939
951	949
951	965
951	968
951	981
951	984
951	987
951	989
951	991
951	995
952	55
952	68
952	225
952	241
952	359
952	453
952	486
952	579
952	595
952	609
952	614
952	629
952	632
952	673
952	676
952	713
952	728
952	741
952	774
952	783
952	801
952	806
952	808
952	836
952	851
952	860
952	883
952	889
952	924
952	941
952	943
952	957
952	964
952	970
952	974
952	975
952	987
953	31
953	146
953	276
953	293
953	378
953	384
953	421
953	450
953	500
953	591
953	599
953	611
953	616
953	646
953	649
953	652
953	664
953	666
953	711
953	727
953	777
953	787
953	881
953	890
953	892
953	894
953	903
953	910
953	914
953	925
953	944
953	946
953	960
953	972
953	984
953	986
953	988
954	3
954	91
954	165
954	228
954	257
954	279
954	297
954	418
954	458
954	462
954	484
954	535
954	577
954	583
954	657
954	661
954	670
954	700
954	702
954	711
954	714
954	745
954	775
954	804
954	839
954	854
954	873
954	874
954	886
954	891
954	900
954	920
954	961
954	967
954	980
954	983
954	985
955	1
955	26
955	53
955	82
955	93
955	123
955	147
955	174
955	405
955	438
955	521
955	560
955	725
955	739
955	782
955	785
955	787
955	790
955	799
955	820
955	832
955	833
955	834
955	845
955	855
955	868
955	882
955	888
955	895
955	916
955	919
955	923
955	926
955	934
955	971
955	982
955	994
955	996
956	16
956	136
956	162
956	230
956	232
956	315
956	354
956	396
956	452
956	472
956	474
956	498
956	505
956	510
956	522
956	530
956	567
956	576
956	585
956	628
956	671
956	677
956	695
956	697
956	743
956	763
956	776
956	778
956	784
956	800
956	822
956	843
956	885
956	915
956	921
956	925
956	948
956	962
956	997
957	22
957	68
957	95
957	110
957	176
957	199
957	220
957	351
957	424
957	470
957	476
957	506
957	593
957	597
957	630
957	676
957	771
957	781
957	789
957	805
957	808
957	818
957	847
957	851
957	859
957	861
957	880
957	883
957	924
957	945
957	947
957	952
957	964
957	970
957	973
957	975
957	987
957	995
957	999
958	4
958	8
958	34
958	122
958	134
958	148
958	288
958	291
958	318
958	335
958	345
958	350
958	390
958	393
958	630
958	659
958	675
958	677
958	678
958	733
958	786
958	829
958	835
958	857
958	870
958	871
958	897
958	913
958	927
958	929
958	932
958	971
958	976
958	985
958	988
958	989
958	990
958	993
958	1000
959	11
959	23
959	208
959	311
959	313
959	316
959	319
959	337
959	488
959	491
959	553
959	613
959	622
959	653
959	703
959	723
959	724
959	732
959	748
959	773
959	800
959	812
959	821
959	858
959	860
959	906
959	917
959	931
959	935
959	936
959	945
959	963
959	970
959	977
959	978
959	979
959	980
959	992
959	997
959	999
960	6
960	58
960	74
960	293
960	309
960	353
960	375
960	384
960	404
960	421
960	566
960	615
960	616
960	649
960	652
960	666
960	669
960	698
960	699
960	709
960	711
960	727
960	731
960	757
960	777
960	787
960	795
960	881
960	890
960	892
960	896
960	903
960	910
960	914
960	944
960	953
960	972
960	986
960	988
960	989
961	91
961	112
961	164
961	165
961	168
961	171
961	198
961	200
961	458
961	483
961	484
961	539
961	583
961	624
961	627
961	640
961	647
961	670
961	681
961	692
961	702
961	719
961	775
961	804
961	824
961	839
961	848
961	854
961	873
961	874
961	886
961	900
961	905
961	909
961	920
961	954
961	967
961	980
961	983
961	985
962	10
962	109
962	154
962	170
962	354
962	382
962	402
962	405
962	440
962	471
962	495
962	505
962	530
962	551
962	574
962	625
962	639
962	693
962	746
962	752
962	754
962	761
962	767
962	770
962	798
962	810
962	822
962	837
962	843
962	859
962	901
962	915
962	921
962	925
962	940
962	942
962	948
962	956
962	966
962	978
962	998
963	77
963	238
963	305
963	423
963	482
963	502
963	515
963	545
963	572
963	648
963	682
963	696
963	717
963	723
963	749
963	755
963	772
963	788
963	792
963	800
963	819
963	827
963	829
963	853
963	858
963	860
963	863
963	876
963	906
963	931
963	935
963	938
963	945
963	959
963	967
963	977
963	978
963	979
963	980
963	992
963	997
964	73
964	101
964	185
964	220
964	244
964	284
964	320
964	356
964	400
964	425
964	431
964	453
964	548
964	600
964	607
964	608
964	629
964	654
964	728
964	742
964	747
964	756
964	768
964	771
964	818
964	847
964	875
964	889
964	927
964	930
964	937
964	941
964	943
964	950
964	952
964	957
964	965
964	970
964	974
964	975
964	987
964	999
965	92
965	127
965	144
965	255
965	264
965	348
965	357
965	360
965	371
965	381
965	386
965	436
965	443
965	581
965	584
965	620
965	667
965	668
965	708
965	730
965	735
965	744
965	753
965	802
965	807
965	825
965	828
965	850
965	878
965	893
965	902
965	907
965	933
965	939
965	949
965	951
965	964
965	968
965	981
965	984
965	991
965	995
966	102
966	119
966	121
966	256
966	269
966	349
966	375
966	382
966	441
966	471
966	498
966	505
966	510
966	574
966	625
966	628
966	671
966	721
966	729
966	754
966	761
966	767
966	776
966	778
966	779
966	784
966	792
966	810
966	813
966	827
966	837
966	859
966	885
966	904
966	915
966	921
966	925
966	940
966	950
966	962
966	968
966	997
966	998
967	181
967	207
967	228
967	235
967	249
967	257
967	294
967	308
967	326
967	341
967	366
967	462
967	469
967	483
967	511
967	546
967	554
967	577
967	624
967	627
967	640
967	644
967	692
967	714
967	745
967	804
967	839
967	848
967	854
967	873
967	874
967	880
967	886
967	898
967	900
967	905
967	920
967	927
967	954
967	961
967	963
967	983
967	985
968	33
968	64
968	215
968	259
968	273
968	287
968	333
968	354
968	373
968	386
968	404
968	406
968	415
968	442
968	480
968	497
968	504
968	523
968	537
968	557
968	621
968	667
968	730
968	734
968	735
968	758
968	807
968	825
968	828
968	838
968	878
968	887
968	893
968	933
968	939
968	949
968	951
968	965
968	966
968	981
968	984
968	991
968	995
969	27
969	44
969	48
969	78
969	102
969	142
969	178
969	239
969	246
969	252
969	254
969	262
969	274
969	300
969	303
969	397
969	473
969	478
969	486
969	518
969	524
969	535
969	552
969	575
969	587
969	618
969	626
969	642
969	643
969	710
969	756
969	811
969	817
969	869
969	877
969	879
969	900
969	901
969	909
969	911
969	922
969	946
969	988
970	86
970	118
970	166
970	169
970	183
970	188
970	241
970	260
970	317
970	372
970	435
970	439
970	453
970	470
970	563
970	568
970	570
970	573
970	595
970	597
970	609
970	656
970	676
970	683
970	728
970	741
970	742
970	756
970	783
970	797
970	814
970	875
970	877
970	880
970	924
970	941
970	943
970	947
970	950
970	952
970	957
970	959
970	964
970	973
970	974
971	71
971	153
971	190
971	196
971	227
971	290
971	432
971	489
971	555
971	559
971	569
971	619
971	620
971	633
971	635
971	685
971	687
971	701
971	706
971	712
971	741
971	815
971	829
971	835
971	842
971	846
971	864
971	866
971	867
971	870
971	891
971	897
971	912
971	913
971	929
971	932
971	942
971	955
971	958
971	976
971	989
971	990
971	992
971	993
971	999
971	1000
972	6
972	21
972	40
972	106
972	108
972	245
972	353
972	363
972	376
972	378
972	388
972	421
972	441
972	464
972	500
972	537
972	538
972	564
972	566
972	611
972	615
972	646
972	664
972	666
972	669
972	698
972	709
972	711
972	727
972	731
972	734
972	777
972	787
972	795
972	868
972	880
972	881
972	890
972	896
972	903
972	910
972	914
972	944
972	953
972	960
972	986
972	988
973	68
973	73
973	90
973	118
973	120
973	151
973	176
973	187
973	409
973	453
973	476
973	573
973	603
973	607
973	623
973	654
973	656
973	662
973	691
973	742
973	756
973	769
973	774
973	780
973	781
973	783
973	796
973	797
973	851
973	861
973	875
973	883
973	892
973	924
973	928
973	937
973	941
973	943
973	944
973	950
973	957
973	970
973	974
973	975
973	976
973	987
973	988
974	37
974	83
974	86
974	97
974	103
974	120
974	151
974	188
974	224
974	321
974	334
974	398
974	540
974	579
974	595
974	609
974	614
974	629
974	632
974	673
974	683
974	733
974	741
974	762
974	769
974	774
974	783
974	789
974	796
974	814
974	833
974	880
974	908
974	913
974	928
974	937
974	941
974	947
974	950
974	952
974	964
974	970
974	973
974	975
974	987
974	995
974	999
974	1000
975	57
975	103
975	130
975	161
975	260
975	380
975	402
975	409
975	426
975	563
975	570
975	593
975	595
975	604
975	606
975	609
975	645
975	655
975	665
975	691
975	728
975	756
975	762
975	780
975	781
975	789
975	805
975	814
975	836
975	840
975	847
975	851
975	866
975	875
975	886
975	889
975	908
975	916
975	924
975	937
975	941
975	943
975	947
975	950
975	952
975	957
975	964
975	973
975	974
975	999
976	36
976	111
976	113
976	124
976	131
976	137
976	149
976	161
976	173
976	227
976	292
976	328
976	332
976	390
976	427
976	459
976	466
976	516
976	528
976	558
976	617
976	689
976	706
976	712
976	740
976	766
976	791
976	849
976	856
976	857
976	864
976	866
976	867
976	870
976	871
976	872
976	902
976	912
976	913
976	917
976	927
976	932
976	942
976	958
976	971
976	973
976	989
976	990
976	993
976	1000
977	5
977	117
977	180
977	208
977	253
977	319
977	337
977	342
977	369
977	391
977	428
977	491
977	493
977	525
977	553
977	583
977	637
977	672
977	690
977	705
977	716
977	724
977	737
977	747
977	755
977	759
977	788
977	792
977	800
977	812
977	821
977	852
977	860
977	863
977	865
977	876
977	930
977	931
977	935
977	936
977	938
977	945
977	959
977	963
977	978
977	979
977	980
977	992
977	993
977	994
977	997
978	18
978	39
978	81
978	194
978	238
978	311
978	341
978	342
978	365
978	367
978	387
978	437
978	456
978	488
978	531
978	613
978	637
978	660
978	682
978	696
978	703
978	705
978	717
978	718
978	732
978	750
978	755
978	765
978	773
978	788
978	812
978	819
978	841
978	853
978	860
978	863
978	879
978	888
978	906
978	930
978	935
978	938
978	945
978	959
978	962
978	963
978	977
978	979
978	980
978	992
978	997
979	9
979	43
979	117
979	166
979	182
979	236
979	358
979	387
979	428
979	437
979	487
979	502
979	531
979	553
979	576
979	613
979	622
979	634
979	638
979	660
979	688
979	696
979	705
979	707
979	716
979	717
979	718
979	727
979	747
979	755
979	764
979	771
979	812
979	821
979	841
979	852
979	860
979	876
979	906
979	925
979	930
979	931
979	936
979	938
979	945
979	959
979	963
979	977
979	978
979	980
979	992
979	993
979	997
980	32
980	100
980	221
980	242
980	250
980	283
980	305
980	314
980	343
980	387
980	515
980	517
980	525
980	531
980	532
980	536
980	549
980	610
980	638
980	658
980	688
980	696
980	716
980	748
980	749
980	759
980	765
980	772
980	785
980	819
980	852
980	855
980	858
980	860
980	863
980	865
980	876
980	906
980	915
980	930
980	931
980	935
980	936
980	938
980	954
980	959
980	961
980	963
980	977
980	978
980	979
980	992
980	997
981	72
981	139
981	144
981	215
981	229
981	268
981	289
981	325
981	327
981	331
981	333
981	360
981	399
981	404
981	406
981	411
981	413
981	415
981	422
981	436
981	448
981	449
981	497
981	504
981	557
981	571
981	594
981	612
981	621
981	651
981	730
981	744
981	758
981	764
981	802
981	828
981	838
981	850
981	878
981	893
981	906
981	907
981	933
981	939
981	949
981	951
981	965
981	968
981	984
981	990
981	991
981	994
981	995
982	13
982	67
982	129
982	133
982	212
982	218
982	282
982	301
982	302
982	312
982	338
982	346
982	370
982	403
982	410
982	534
982	580
982	582
982	601
982	641
982	650
982	682
982	715
982	725
982	736
982	738
982	739
982	782
982	790
982	799
982	801
982	803
982	816
982	820
982	830
982	845
982	848
982	862
982	868
982	882
982	887
982	888
982	895
982	907
982	916
982	918
982	919
982	923
982	926
982	955
982	985
982	994
982	996
983	3
983	126
983	138
983	171
983	181
983	216
983	235
983	242
983	257
983	279
983	294
983	335
983	341
983	418
983	458
983	462
983	469
983	483
983	494
983	539
983	546
983	554
983	577
983	624
983	627
983	644
983	657
983	670
983	681
983	683
983	686
983	692
983	700
983	714
983	719
983	745
983	775
983	804
983	839
983	848
983	854
983	873
983	874
983	886
983	898
983	900
983	905
983	920
983	954
983	961
983	967
983	984
983	985
983	986
984	7
984	30
984	66
984	72
984	172
984	197
984	215
984	280
984	287
984	289
984	325
984	327
984	333
984	357
984	371
984	413
984	415
984	436
984	448
984	490
984	494
984	497
984	503
984	509
984	523
984	537
984	571
984	581
984	584
984	612
984	620
984	667
984	668
984	679
984	681
984	708
984	734
984	744
984	753
984	758
984	791
984	802
984	825
984	838
984	850
984	893
984	907
984	933
984	939
984	945
984	951
984	953
984	965
984	968
984	981
984	983
984	991
984	995
985	56
985	85
985	91
985	126
985	138
985	168
985	171
985	198
985	200
985	207
985	249
985	278
985	297
985	305
985	326
985	418
985	462
985	469
985	483
985	484
985	511
985	539
985	546
985	554
985	583
985	624
985	627
985	640
985	644
985	657
985	661
985	670
985	681
985	686
985	692
985	700
985	702
985	714
985	719
985	745
985	775
985	804
985	839
985	848
985	854
985	873
985	874
985	886
985	898
985	900
985	905
985	920
985	933
985	954
985	958
985	961
985	967
985	982
985	983
985	996
986	1
986	6
986	31
986	49
986	87
986	98
986	106
986	146
986	222
986	233
986	293
986	309
986	344
986	353
986	363
986	373
986	376
986	378
986	384
986	421
986	475
986	500
986	538
986	564
986	566
986	591
986	599
986	611
986	615
986	646
986	649
986	652
986	664
986	666
986	669
986	698
986	699
986	709
986	711
986	731
986	757
986	777
986	787
986	795
986	805
986	871
986	881
986	890
986	892
986	894
986	896
986	903
986	910
986	914
986	933
986	944
986	953
986	960
986	972
986	983
986	988
986	999
987	83
987	88
987	107
987	176
987	185
987	261
987	329
987	334
987	356
987	361
987	372
987	380
987	398
987	426
987	527
987	558
987	570
987	573
987	593
987	595
987	597
987	604
987	606
987	607
987	608
987	614
987	623
987	654
987	656
987	662
987	670
987	673
987	675
987	683
987	713
987	742
987	762
987	768
987	797
987	805
987	806
987	808
987	814
987	818
987	851
987	875
987	880
987	883
987	893
987	937
987	943
987	947
987	950
987	951
987	952
987	957
987	964
987	973
987	974
987	994
987	998
987	999
988	21
988	25
988	31
988	40
988	49
988	58
988	87
988	98
988	106
988	222
988	233
988	245
988	276
988	309
988	344
988	363
988	376
988	378
988	384
988	388
988	410
988	450
988	464
988	475
988	538
988	564
988	566
988	591
988	599
988	611
988	616
988	646
988	652
988	661
988	664
988	666
988	669
988	698
988	699
988	711
988	727
988	731
988	757
988	777
988	787
988	795
988	881
988	890
988	892
988	894
988	896
988	897
988	903
988	910
988	914
988	944
988	953
988	958
988	960
988	969
988	972
988	973
988	986
989	4
989	34
989	61
989	71
989	149
989	173
989	258
989	265
989	288
989	291
989	292
989	345
989	377
989	412
989	427
989	444
989	459
989	460
989	481
989	489
989	512
989	529
989	533
989	555
989	559
989	569
989	586
989	619
989	639
989	647
989	675
989	677
989	678
989	694
989	704
989	726
989	740
989	751
989	755
989	760
989	809
989	829
989	835
989	846
989	856
989	870
989	891
989	897
989	913
989	917
989	922
989	927
989	929
989	932
989	937
989	942
989	945
989	951
989	958
989	960
989	971
989	976
989	993
989	1000
990	96
990	114
990	134
990	140
990	148
990	158
990	177
990	195
990	258
990	304
990	312
990	335
990	340
990	347
990	361
990	377
990	392
990	412
990	422
990	456
990	512
990	528
990	536
990	555
990	565
990	569
990	589
990	600
990	630
990	633
990	635
990	663
990	685
990	687
990	694
990	701
990	706
990	728
990	740
990	751
990	786
990	791
990	809
990	826
990	829
990	835
990	842
990	846
990	857
990	864
990	867
990	870
990	872
990	891
990	902
990	912
990	923
990	929
990	932
990	958
990	971
990	976
990	981
990	993
990	1000
991	7
991	28
991	33
991	69
991	75
991	139
991	152
991	201
991	205
991	267
991	280
991	295
991	316
991	317
991	333
991	360
991	366
991	371
991	381
991	404
991	413
991	415
991	430
991	442
991	443
991	461
991	490
991	494
991	497
991	503
991	504
991	509
991	514
991	523
991	537
991	557
991	571
991	612
991	615
991	620
991	621
991	651
991	655
991	668
991	674
991	730
991	734
991	735
991	753
991	758
991	802
991	807
991	811
991	828
991	838
991	839
991	850
991	864
991	878
991	893
991	907
991	933
991	939
991	947
991	949
991	951
991	965
991	968
991	981
991	984
991	995
991	999
992	11
992	23
992	35
992	100
992	182
992	194
992	221
992	234
992	236
992	238
992	272
992	274
992	296
992	311
992	337
992	394
992	420
992	423
992	433
992	437
992	479
992	491
992	526
992	547
992	561
992	571
992	578
992	594
992	603
992	605
992	613
992	653
992	658
992	665
992	703
992	705
992	707
992	720
992	723
992	724
992	732
992	747
992	748
992	750
992	751
992	764
992	765
992	772
992	773
992	788
992	792
992	821
992	852
992	853
992	860
992	863
992	865
992	879
992	930
992	931
992	935
992	936
992	938
992	945
992	959
992	963
992	971
992	977
992	978
992	979
992	980
992	997
992	1000
993	46
993	60
993	128
993	191
993	231
993	240
993	247
993	288
993	290
993	292
993	312
993	332
993	339
993	399
993	414
993	444
993	457
993	459
993	460
993	466
993	489
993	496
993	516
993	528
993	533
993	543
993	565
993	569
993	592
993	600
993	619
993	639
993	647
993	677
993	678
993	685
993	687
993	689
993	694
993	704
993	760
993	786
993	791
993	804
993	809
993	815
993	818
993	824
993	829
993	835
993	842
993	849
993	856
993	857
993	861
993	864
993	867
993	870
993	872
993	891
993	902
993	912
993	913
993	917
993	926
993	927
993	928
993	929
993	932
993	942
993	958
993	971
993	976
993	977
993	979
993	989
993	990
993	1000
994	13
994	41
994	47
994	50
994	62
994	67
994	70
994	84
994	93
994	94
994	123
994	129
994	133
994	147
994	159
994	174
994	211
994	212
994	217
994	219
994	281
994	302
994	336
994	338
994	364
994	403
994	463
994	513
994	521
994	534
994	580
994	582
994	588
994	601
994	631
994	641
994	648
994	650
994	679
994	687
994	715
994	722
994	725
994	736
994	738
994	739
994	773
994	780
994	782
994	785
994	790
994	799
994	801
994	803
994	816
994	820
994	830
994	831
994	832
994	833
994	834
994	845
994	855
994	862
994	868
994	882
994	887
994	888
994	890
994	895
994	916
994	918
994	919
994	923
994	926
994	931
994	934
994	955
994	977
994	981
994	982
994	987
994	996
995	5
995	28
995	30
995	33
995	38
995	52
995	69
995	75
995	127
995	139
995	144
995	163
995	172
995	197
995	205
995	229
995	255
995	266
995	268
995	295
995	317
995	325
995	330
995	331
995	357
995	360
995	366
995	371
995	381
995	386
995	399
995	411
995	413
995	422
995	430
995	442
995	443
995	448
995	454
995	490
995	494
995	497
995	504
995	514
995	523
995	557
995	584
995	612
995	620
995	651
995	667
995	668
995	674
995	690
995	691
995	708
995	734
995	735
995	744
995	746
995	753
995	758
995	802
995	807
995	828
995	838
995	841
995	850
995	878
995	893
995	907
995	933
995	939
995	949
995	951
995	957
995	965
995	968
995	974
995	981
995	984
995	991
995	1000
996	13
996	26
996	29
996	41
996	47
996	50
996	53
996	62
996	70
996	84
996	93
996	94
996	129
996	133
996	175
996	177
996	211
996	217
996	218
996	281
996	282
996	301
996	302
996	336
996	338
996	346
996	370
996	374
996	379
996	438
996	463
996	507
996	513
996	521
996	560
996	580
996	582
996	601
996	631
996	648
996	679
996	715
996	722
996	725
996	736
996	738
996	739
996	776
996	782
996	783
996	785
996	790
996	799
996	801
996	803
996	816
996	820
996	830
996	831
996	832
996	833
996	834
996	845
996	854
996	855
996	856
996	862
996	868
996	869
996	882
996	887
996	888
996	895
996	899
996	916
996	918
996	919
996	923
996	926
996	934
996	955
996	982
996	985
996	994
997	9
997	11
997	18
997	35
997	43
997	77
997	166
997	180
997	182
997	201
997	234
997	236
997	253
997	296
997	313
997	342
997	348
997	358
997	369
997	389
997	394
997	420
997	428
997	429
997	433
997	437
997	451
997	465
997	482
997	488
997	491
997	519
997	526
997	529
997	531
997	545
997	549
997	550
997	553
997	561
997	572
997	578
997	588
997	594
997	598
997	605
997	658
997	688
997	690
997	703
997	707
997	716
997	718
997	720
997	723
997	737
997	748
997	749
997	750
997	764
997	765
997	773
997	777
997	800
997	812
997	819
997	821
997	841
997	852
997	853
997	860
997	865
997	876
997	906
997	912
997	935
997	938
997	945
997	956
997	959
997	963
997	966
997	977
997	978
997	979
997	980
997	992
997	1000
998	42
998	59
998	109
998	113
998	119
998	143
998	145
998	155
998	162
998	167
998	170
998	179
998	184
998	192
998	202
998	269
998	271
998	286
998	296
998	307
998	315
998	322
998	367
998	382
998	396
998	401
998	402
998	408
998	417
998	439
998	440
998	441
998	455
998	467
998	471
998	472
998	474
998	477
998	495
998	498
998	499
998	520
998	522
998	530
998	551
998	563
998	567
998	575
998	576
998	628
998	671
998	693
998	695
998	697
998	743
998	746
998	752
998	754
998	761
998	763
998	766
998	770
998	775
998	776
998	778
998	779
998	784
998	793
998	798
998	810
998	822
998	823
998	826
998	827
998	837
998	840
998	843
998	859
998	867
998	885
998	894
998	904
998	915
998	921
998	925
998	929
998	940
998	948
998	962
998	966
998	987
999	15
999	17
999	20
999	22
999	45
999	51
999	73
999	80
999	83
999	101
999	104
999	107
999	132
999	157
999	169
999	183
999	199
999	206
999	224
999	243
999	252
999	264
999	285
999	320
999	329
999	356
999	359
999	361
999	362
999	372
999	383
999	395
999	400
999	407
999	468
999	470
999	506
999	527
999	544
999	563
999	568
999	579
999	580
999	590
999	595
999	598
999	603
999	608
999	609
999	623
999	632
999	645
999	662
999	665
999	673
999	676
999	691
999	742
999	756
999	769
999	771
999	783
999	796
999	797
999	806
999	808
999	814
999	861
999	863
999	880
999	883
999	884
999	889
999	904
999	908
999	924
999	937
999	938
999	941
999	943
999	947
999	950
999	957
999	959
999	964
999	971
999	974
999	975
999	986
999	987
999	991
1000	12
1000	34
1000	36
1000	46
1000	96
1000	116
1000	131
1000	141
1000	148
1000	149
1000	173
1000	188
1000	240
1000	247
1000	258
1000	324
1000	332
1000	335
1000	340
1000	345
1000	350
1000	374
1000	390
1000	392
1000	419
1000	427
1000	433
1000	434
1000	444
1000	446
1000	456
1000	466
1000	485
1000	496
1000	516
1000	533
1000	536
1000	543
1000	555
1000	559
1000	565
1000	569
1000	586
1000	600
1000	602
1000	617
1000	619
1000	630
1000	635
1000	639
1000	659
1000	675
1000	680
1000	685
1000	687
1000	689
1000	701
1000	712
1000	726
1000	733
1000	735
1000	743
1000	751
1000	760
1000	786
1000	815
1000	824
1000	829
1000	835
1000	842
1000	846
1000	849
1000	856
1000	857
1000	864
1000	866
1000	867
1000	870
1000	871
1000	872
1000	874
1000	897
1000	902
1000	913
1000	917
1000	927
1000	929
1000	932
1000	940
1000	958
1000	971
1000	974
1000	976
1000	989
1000	990
1000	992
1000	993
1000	995
1000	997
