1	392
1	490
1	588
2	61
2	746
2	998
3	307
3	639
3	935
4	83
4	798
4	955
5	770
5	979
5	987
6	734
6	835
6	861
7	602
7	949
7	965
8	994
8	998
8	1000
9	652
9	739
9	802
10	793
10	998
10	999
11	303
11	382
11	997
12	902
12	945
12	999
13	475
13	730
13	828
14	755
14	870
14	984
15	903
15	957
15	1000
16	501
16	653
16	931
17	888
17	952
17	999
18	593
18	940
18	969
19	992
19	998
19	999
20	944
20	958
20	988
21	265
21	982
21	995
22	839
22	875
22	991
23	506
23	839
23	935
24	748
24	962
24	991
25	302
25	492
25	718
26	328
26	922
26	926
27	378
27	854
27	993
28	660
28	878
28	948
29	802
29	948
29	984
30	899
30	913
30	924
31	624
31	914
31	997
32	462
32	621
32	991
33	710
33	889
33	950
34	967
34	988
34	990
35	936
35	988
35	990
36	203
36	992
36	994
37	259
37	705
37	845
38	40
38	638
38	955
39	945
39	992
39	1000
40	38
40	854
40	997
41	282
41	296
41	991
42	732
42	965
42	973
43	835
43	928
43	955
44	258
44	303
44	763
45	209
45	842
45	984
46	841
46	995
46	998
47	914
47	952
47	992
48	432
48	877
48	991
49	385
49	864
49	922
50	96
50	139
50	748
51	709
51	807
51	971
52	488
52	763
52	906
53	558
53	917
53	991
54	310
54	955
54	993
55	915
55	999
55	1000
56	667
56	979
56	998
57	892
57	931
57	949
58	952
58	982
58	999
59	817
59	825
59	951
60	462
60	808
60	962
61	2
61	920
61	977
62	636
62	642
62	978
63	231
63	875
63	991
64	288
64	615
64	925
65	749
65	931
65	935
66	147
66	827
66	926
67	864
67	988
67	990
68	944
68	988
68	990
69	636
69	859
69	960
70	573
70	854
70	993
71	362
71	529
71	978
72	836
72	951
72	981
73	746
73	980
73	1000
74	402
74	758
74	923
75	924
75	980
75	998
76	445
76	684
76	993
77	637
77	722
77	997
78	917
78	962
78	991
79	893
79	928
79	984
80	944
80	985
80	988
81	97
81	363
81	429
82	623
82	752
82	913
83	4
83	341
83	712
84	238
84	605
84	927
85	838
85	915
85	1000
86	850
86	920
86	935
87	581
87	882
87	991
88	769
88	968
88	989
89	963
89	992
89	995
90	850
90	920
90	981
91	934
91	985
91	990
92	925
92	971
92	987
93	409
93	637
93	991
94	872
94	987
94	995
95	112
95	972
95	996
96	50
96	769
96	989
97	81
97	764
97	885
98	873
98	992
98	1000
99	973
99	994
99	996
100	786
100	995
100	1000
101	972
101	974
101	994
102	675
102	861
102	906
103	892
103	986
103	989
104	752
104	884
104	916
105	670
105	861
105	879
106	771
106	957
106	995
107	421
107	916
107	981
108	676
108	882
108	991
109	408
109	908
109	979
110	888
110	941
110	980
111	121
111	502
111	991
112	95
112	972
112	994
113	964
113	975
113	989
114	450
114	623
114	983
115	476
115	745
115	962
116	967
116	985
116	990
117	931
117	978
117	986
118	961
118	969
118	987
119	334
119	628
119	1000
120	712
120	861
120	895
121	111
121	868
121	991
122	985
122	988
122	990
123	225
123	371
123	540
124	968
124	975
124	989
125	825
125	849
125	993
126	563
126	985
126	990
127	837
127	936
127	940
128	670
128	781
128	861
129	275
129	961
129	986
130	606
130	914
130	984
131	963
131	994
131	996
132	670
132	734
132	948
133	296
133	611
133	962
134	363
134	387
134	983
135	538
135	965
135	996
136	968
136	986
136	989
137	818
137	891
137	955
138	417
138	430
138	954
139	50
139	887
139	917
140	825
140	908
140	910
141	807
141	983
141	987
142	825
142	931
142	993
143	799
143	975
143	978
144	398
144	675
144	730
145	673
145	889
145	996
146	931
146	977
146	986
147	66
147	734
147	971
148	984
148	997
148	999
149	182
149	935
149	968
150	752
150	971
150	987
151	985
151	993
151	997
152	732
152	964
152	977
153	727
153	758
153	995
154	978
154	981
154	986
155	941
155	992
155	999
156	162
156	611
156	991
157	872
157	881
157	998
158	943
158	973
158	996
159	713
159	859
159	995
160	355
160	430
160	670
161	240
161	498
161	808
162	156
162	323
162	891
163	737
163	855
163	981
164	398
164	414
164	997
165	626
165	942
165	998
166	950
166	985
166	990
167	236
167	528
167	987
168	702
168	712
168	829
169	686
169	977
169	989
170	402
170	749
170	794
171	989
171	994
171	996
172	985
172	988
172	990
173	788
173	973
173	996
174	978
174	995
174	1000
175	341
175	355
175	870
176	842
176	921
176	993
177	896
177	952
177	957
178	724
178	867
178	987
179	620
179	979
179	983
180	508
180	917
180	948
181	963
181	970
181	974
182	149
182	884
182	977
183	832
183	935
183	975
184	403
184	717
184	951
185	321
185	972
185	994
186	684
186	720
186	984
187	747
187	962
187	991
188	463
188	599
188	939
189	822
189	975
189	989
190	370
190	917
190	991
191	193
191	924
191	992
192	532
192	751
192	978
193	191
193	924
193	1000
194	582
194	929
194	987
195	916
195	935
195	965
196	766
196	951
196	977
197	616
197	695
197	948
198	983
198	987
198	992
199	974
199	978
199	994
200	605
200	720
200	844
201	663
201	769
201	817
202	958
202	988
202	990
203	36
203	913
203	996
204	447
204	820
204	984
205	322
205	721
205	906
206	806
206	945
206	984
207	422
207	737
207	965
208	930
208	988
208	990
209	45
209	741
209	914
210	933
210	956
210	995
211	502
211	821
211	991
212	400
212	467
212	986
213	812
213	942
213	995
214	985
214	988
214	990
215	813
215	921
215	984
216	395
216	806
216	997
217	959
217	985
217	990
218	876
218	898
218	1000
219	988
219	990
219	995
220	711
220	720
220	893
221	689
221	949
221	975
222	921
222	954
222	993
223	399
223	731
223	992
224	580
224	943
224	996
225	123
225	283
225	968
226	944
226	988
226	990
227	707
227	779
227	878
228	239
228	828
228	934
229	963
229	973
229	996
230	548
230	757
230	978
231	63
231	553
231	962
232	945
232	976
232	1000
233	968
233	975
233	981
234	363
234	953
234	987
235	926
235	955
235	984
236	167
236	671
236	901
237	662
237	816
237	910
238	84
238	954
238	997
239	228
239	712
239	983
240	161
240	743
240	991
241	961
241	988
241	990
242	725
242	972
242	994
243	659
243	665
243	981
244	524
244	732
244	977
245	863
245	953
245	987
246	668
246	983
246	987
247	968
247	981
247	989
248	936
248	985
248	990
249	388
249	820
249	890
250	754
250	940
250	971
251	901
251	978
251	981
252	727
252	929
252	940
253	508
253	530
253	956
254	737
254	839
254	981
255	584
255	772
255	921
256	583
256	739
256	853
257	480
257	829
257	986
258	44
258	779
258	815
259	37
259	868
259	962
260	413
260	511
260	991
261	849
261	901
261	951
262	582
262	965
262	975
263	413
263	962
263	991
264	797
264	889
264	994
265	21
265	799
265	995
266	943
266	959
266	994
267	985
267	988
267	990
268	683
268	985
268	990
269	468
269	544
269	868
270	349
270	984
270	997
271	982
271	998
271	1000
272	779
272	781
272	948
273	709
273	971
273	979
274	463
274	774
274	783
275	129
275	961
275	969
276	961
276	979
276	983
277	702
277	734
277	906
278	969
278	979
278	983
279	468
279	962
279	991
280	921
280	954
280	993
281	706
281	976
281	1000
282	41
282	969
282	987
283	225
283	903
283	982
284	985
284	988
284	990
285	715
285	790
285	835
286	871
286	940
286	969
287	936
287	988
287	990
288	64
288	958
288	990
289	721
289	928
289	978
290	959
290	962
290	970
291	837
291	950
291	955
292	726
292	950
292	997
293	609
293	927
293	937
294	992
294	995
294	1000
295	943
295	994
295	996
296	41
296	133
296	676
296	991
297	443
297	949
297	978
297	981
298	563
298	656
298	921
298	993
299	934
299	936
299	988
299	990
300	798
300	878
300	879
300	948
301	837
301	929
301	961
301	999
302	25
302	804
302	980
302	998
303	11
303	44
303	937
303	997
304	808
304	814
304	886
304	991
305	919
305	985
305	988
305	990
306	424
306	554
306	703
306	929
307	3
307	920
307	978
307	989
308	622
308	868
308	875
308	991
309	782
309	863
309	942
309	992
310	54
310	957
310	998
310	999
311	555
311	924
311	992
311	999
312	574
312	744
312	855
312	989
313	674
313	731
313	946
313	984
314	729
314	841
314	998
314	1000
315	356
315	954
315	993
315	997
316	563
316	587
316	984
316	997
317	792
317	977
317	981
317	989
318	964
318	977
318	989
318	1000
319	658
319	953
319	971
319	979
320	616
320	828
320	829
320	906
321	185
321	790
321	891
321	937
322	205
322	949
322	964
322	989
323	162
323	602
323	724
323	887
324	600
324	750
324	823
324	983
325	858
325	943
325	970
325	974
326	832
326	901
326	977
326	978
327	331
327	406
327	846
327	1000
328	26
328	576
328	960
328	993
329	974
329	979
329	994
329	996
330	780
330	889
330	973
330	996
331	327
331	790
331	805
331	993
332	409
332	600
332	676
332	991
333	575
333	815
333	829
333	861
334	119
334	842
334	933
334	999
335	419
335	875
335	962
335	991
336	833
336	923
336	995
336	998
337	643
337	972
337	994
337	996
338	493
338	823
338	918
338	987
339	901
339	916
339	978
339	989
340	549
340	863
340	971
340	979
341	83
341	175
341	906
341	948
342	741
342	884
342	951
342	986
343	898
343	982
343	995
343	1000
344	898
344	929
344	992
344	998
345	573
345	939
345	971
345	983
346	659
346	794
346	965
346	968
347	826
347	849
347	968
347	981
348	588
348	673
348	935
348	989
349	270
349	818
349	993
349	997
350	899
350	933
350	995
350	999
351	444
351	784
351	918
351	925
352	843
352	959
352	960
352	996
353	442
353	944
353	985
353	990
354	898
354	956
354	993
354	998
355	160
355	175
355	829
355	878
356	315
356	384
356	556
356	927
357	946
357	960
357	963
357	974
358	545
358	888
358	982
358	1000
359	864
359	983
359	993
359	997
360	942
360	985
360	988
360	990
361	916
361	920
361	931
361	992
362	71
362	477
362	850
362	884
363	81
363	134
363	234
363	983
364	925
364	940
364	958
364	971
365	867
365	873
365	910
365	969
366	967
366	985
366	988
366	990
367	755
367	802
367	842
367	984
368	926
368	946
368	972
368	996
369	720
369	859
369	927
369	984
370	190
370	621
370	808
370	860
371	123
371	529
371	862
371	986
372	560
372	971
372	987
372	997
373	820
373	943
373	974
373	996
374	455
374	542
374	921
374	927
375	423
375	469
375	993
375	997
376	967
376	985
376	988
376	990
377	980
377	992
377	995
377	999
378	27
378	704
378	826
378	927
379	695
379	828
379	878
379	948
380	961
380	969
380	987
380	1000
381	959
381	972
381	994
381	996
382	11
382	384
382	713
382	993
383	429
383	685
383	962
383	991
384	356
384	382
384	710
384	997
385	49
385	790
385	870
385	890
386	709
386	929
386	938
386	983
387	134
387	390
387	769
387	900
388	249
388	927
388	954
388	997
389	663
389	694
389	744
389	855
390	387
390	648
390	965
390	975
391	740
391	902
391	911
391	980
392	1
392	434
392	607
392	939
393	766
393	850
393	989
393	993
394	617
394	619
394	964
394	986
395	216
395	859
395	937
395	997
396	702
396	853
396	898
396	999
397	401
397	946
397	962
397	996
398	144
398	164
398	792
398	906
399	223
399	763
399	878
399	906
400	212
400	639
400	964
400	977
401	397
401	897
401	974
401	994
402	74
402	170
402	966
402	980
403	184
403	817
403	832
403	986
404	843
404	939
404	974
404	994
405	829
405	858
405	974
405	996
406	327
406	933
406	995
406	1000
407	885
407	970
407	973
407	996
408	109
408	413
408	887
408	991
409	93
409	332
409	868
409	991
410	498
410	886
410	986
410	991
411	419
411	745
411	904
411	991
412	795
412	867
412	969
412	987
413	260
413	263
413	408
413	627
414	164
414	475
414	718
414	948
415	520
415	939
415	965
415	975
416	899
416	980
416	992
416	1000
417	138
417	616
417	730
417	792
418	537
418	826
418	890
418	935
419	335
419	411
419	845
419	991
420	946
420	960
420	972
420	973
421	107
421	744
421	849
421	964
422	207
422	949
422	964
422	989
423	375
423	457
423	928
423	935
424	306
424	607
424	795
424	945
425	705
425	930
425	985
425	990
426	909
426	958
426	967
426	990
427	574
427	951
427	956
427	989
428	843
428	869
428	994
428	996
429	81
429	383
429	865
429	908
430	138
430	160
430	475
430	763
431	839
431	949
431	978
431	986
432	48
432	705
432	743
432	962
433	796
433	994
433	996
433	997
434	392
434	605
434	752
434	979
435	796
435	972
435	974
435	996
436	477
436	500
436	975
436	981
437	546
437	946
437	974
437	996
438	729
438	805
438	826
438	870
439	837
439	863
439	867
439	979
440	970
440	972
440	994
440	996
441	930
441	957
441	967
441	985
442	353
442	587
442	720
442	997
443	297
443	574
443	769
443	978
444	351
444	895
444	969
444	971
445	76
445	937
445	955
445	993
446	638
446	927
446	950
446	1000
447	204
447	851
447	859
447	993
448	560
448	939
448	971
448	983
449	646
449	855
449	870
449	920
450	114
450	579
450	983
450	987
451	509
451	857
451	993
451	997
452	516
452	674
452	928
452	993
453	544
453	622
453	676
453	962
454	555
454	632
454	782
454	909
455	374
455	767
455	835
455	870
456	646
456	799
456	806
456	935
457	423
457	604
457	993
457	997
458	803
458	960
458	973
458	994
459	494
459	723
459	982
459	992
459	999
460	896
460	941
460	956
460	995
460	1000
461	627
461	814
461	886
461	887
461	971
462	32
462	60
462	615
462	622
462	991
463	188
463	274
463	560
463	761
463	969
464	706
464	915
464	942
464	992
464	999
465	471
465	897
465	960
465	994
465	996
466	799
466	855
466	931
466	975
466	989
467	212
467	691
467	759
467	975
467	989
468	269
468	279
468	498
468	917
468	991
469	375
469	652
469	820
469	854
469	997
470	752
470	804
470	827
470	929
470	969
471	465
471	875
471	970
471	972
471	996
472	706
472	896
472	980
472	998
472	1000
473	735
473	960
473	970
473	994
473	996
474	612
474	613
474	617
474	951
474	975
475	13
475	414
475	430
475	508
475	781
476	115
476	821
476	886
476	962
476	977
477	362
477	436
477	849
477	900
477	901
478	920
478	935
478	949
478	975
478	978
479	923
479	960
479	966
479	992
479	999
480	257
480	702
480	718
480	948
480	981
481	924
481	976
481	987
481	992
481	999
482	770
482	932
482	985
482	988
482	990
483	809
483	970
483	973
483	994
483	996
484	898
484	954
484	966
484	982
484	999
485	888
485	949
485	964
485	965
485	968
486	576
486	785
486	891
486	954
486	993
487	606
487	934
487	967
487	988
487	990
488	52
488	725
488	916
488	977
488	981
489	683
489	964
489	965
489	971
489	977
490	1
490	551
490	663
490	691
490	989
491	846
491	873
491	956
491	971
491	995
492	25
492	594
492	788
492	945
492	1000
493	338
493	871
493	918
493	940
493	971
494	459
494	913
494	980
494	992
494	998
495	900
495	920
495	978
495	982
495	986
496	601
496	700
496	759
496	811
496	993
497	963
497	970
497	973
497	979
497	994
498	161
498	410
498	468
498	564
498	882
499	707
499	718
499	879
499	906
499	948
500	436
500	618
500	738
500	901
500	989
501	16
501	513
501	649
501	816
501	895
502	111
502	211
502	611
502	724
502	882
503	937
503	970
503	973
503	974
503	994
504	509
504	657
504	713
504	964
504	997
505	554
505	761
505	969
505	979
505	983
506	23
506	529
506	751
506	822
506	968
507	863
507	865
507	940
507	953
507	971
508	180
508	253
508	475
508	781
508	948
509	451
509	504
509	703
509	711
509	820
510	725
510	817
510	965
510	981
510	989
511	260
511	802
511	937
511	954
511	997
512	842
512	959
512	963
512	994
512	996
513	501
513	534
513	662
513	918
513	940
514	595
514	918
514	953
514	961
514	971
515	591
515	753
515	868
515	900
515	991
516	452
516	919
516	985
516	988
516	990
517	943
517	973
517	974
517	994
517	996
518	626
518	821
518	952
518	982
518	995
519	667
519	708
519	877
519	917
519	991
520	415
520	733
520	900
520	949
520	968
521	572
521	978
521	981
521	986
521	989
522	865
522	918
522	969
522	979
522	987
523	740
523	963
523	970
523	973
523	996
524	244
524	686
524	931
524	968
524	981
525	959
525	960
525	970
525	974
525	994
526	789
526	916
526	963
526	994
526	996
527	866
527	946
527	976
527	994
527	996
528	167
528	554
528	857
528	876
528	885
529	71
529	371
529	506
529	949
529	986
530	253
530	956
530	966
530	992
530	999
531	930
531	958
531	967
531	988
531	990
532	192
532	799
532	900
532	920
532	986
533	793
533	956
533	957
533	982
533	995
534	513
534	569
534	925
534	949
534	979
535	963
535	970
535	980
535	994
535	996
536	566
536	596
536	939
536	971
536	983
537	418
537	726
537	805
537	826
537	893
538	135
538	832
538	949
538	981
538	989
539	936
539	958
539	985
539	990
539	998
540	123
540	749
540	817
540	884
540	935
541	899
541	946
541	957
541	966
541	992
542	374
542	669
542	921
542	951
542	984
543	564
543	844
543	984
543	993
543	997
544	269
544	453
544	753
544	882
544	991
545	358
545	856
545	992
545	999
545	1000
546	437
546	796
546	946
546	974
546	996
547	872
547	946
547	959
547	974
547	996
548	230
548	559
548	807
548	940
548	953
549	340
549	754
549	800
549	827
549	983
550	960
550	972
550	973
550	994
550	996
551	490
551	694
551	917
551	975
551	989
552	897
552	937
552	960
552	970
552	994
553	231
553	637
553	654
553	724
553	887
554	306
554	505
554	528
554	918
554	953
555	311
555	454
555	606
555	870
555	997
556	356
556	674
556	813
556	909
556	950
557	945
557	966
557	982
557	994
557	999
558	53
558	897
558	974
558	994
558	996
559	548
559	857
559	939
559	971
559	979
560	372
560	448
560	463
560	833
560	953
561	897
561	959
561	963
561	970
561	996
562	850
562	951
562	965
562	969
562	981
563	126
563	298
563	316
563	739
563	955
564	498
564	543
564	745
564	887
564	991
565	754
565	895
565	939
565	961
565	979
565	983
566	536
566	873
566	911
566	945
566	966
566	998
567	879
567	923
567	976
567	980
567	998
567	999
568	825
568	847
568	939
568	951
568	964
568	989
569	534
569	770
569	924
569	953
569	979
569	987
570	793
570	911
570	957
570	966
570	999
570	1000
571	632
571	729
571	772
571	811
571	984
571	997
572	521
572	868
572	949
572	964
572	968
572	981
573	70
573	345
573	937
573	954
573	955
573	997
574	312
574	427
574	443
574	799
574	901
574	920
575	333
575	695
575	781
575	861
575	878
575	906
576	328
576	486
576	927
576	928
576	937
576	993
577	699
577	843
577	960
577	973
577	994
577	996
578	765
578	858
578	932
578	970
578	974
578	994
579	450
579	680
579	823
579	969
579	971
579	979
580	224
580	778
580	853
580	888
580	956
580	992
581	87
581	592
581	704
581	809
581	937
581	954
582	194
582	262
582	795
582	837
582	910
582	983
583	256
583	833
583	841
583	876
583	923
583	999
584	255
584	741
584	763
584	890
584	954
584	997
585	710
585	864
585	921
585	937
585	967
585	997
586	836
586	918
586	931
586	968
586	977
586	981
587	316
587	442
587	891
587	909
587	969
587	993
588	1
588	348
588	619
588	794
588	849
588	986
589	745
589	814
589	868
589	875
589	886
589	991
590	912
590	930
590	958
590	985
590	988
590	990
591	515
591	753
591	845
591	868
591	917
591	940
592	581
592	921
592	927
592	950
592	993
592	997
593	18
593	770
593	857
593	961
593	987
593	988
594	492
594	822
594	836
594	847
594	860
594	978
595	514
595	657
595	940
595	953
595	969
595	983
596	536
596	689
596	801
596	823
596	940
596	983
597	909
597	946
597	959
597	973
597	994
597	996
598	932
598	936
598	969
598	985
598	988
598	990
599	188
599	742
599	837
599	929
599	953
599	969
600	324
600	332
600	868
600	886
600	962
600	991
601	496
601	859
601	922
601	955
601	993
601	997
602	7
602	323
602	951
602	975
602	986
602	989
603	884
603	909
603	914
603	922
603	937
603	993
604	457
604	802
604	909
604	937
604	950
604	997
605	84
605	200
605	434
605	922
605	926
605	984
606	130
606	487
606	555
606	739
606	993
606	997
607	392
607	424
607	662
607	671
607	865
607	961
608	845
608	868
608	882
608	931
608	962
608	991
609	293
609	662
609	698
609	895
609	953
609	983
610	675
610	763
610	861
610	879
610	948
610	996
611	133
611	156
611	502
611	710
611	875
611	991
612	474
612	782
612	881
612	915
612	945
612	998
613	474
613	832
613	966
613	975
613	977
613	986
614	750
614	895
614	910
614	918
614	983
614	987
615	64
615	462
615	929
615	953
615	961
615	979
616	197
616	320
616	417
616	617
616	779
616	948
617	394
617	474
617	616
617	935
617	981
617	986
618	500
618	889
618	959
618	970
618	994
618	996
619	394
619	588
619	683
619	900
619	905
619	935
620	179
620	944
620	958
620	985
620	988
620	990
621	32
621	370
621	882
621	886
621	887
621	991
622	308
622	453
622	462
622	882
622	887
622	991
623	82
623	114
623	827
623	885
623	929
623	961
624	31
624	726
624	739
624	921
624	950
624	997
625	885
625	895
625	918
625	939
625	979
625	987
626	165
626	518
626	853
626	872
626	911
626	982
627	413
627	461
627	708
627	821
627	856
627	962
628	119
628	947
628	957
628	982
628	995
628	999
629	746
629	812
629	992
629	995
629	998
629	1000
630	960
630	963
630	970
630	972
630	994
630	996
631	970
631	972
631	973
631	974
631	994
631	996
632	454
632	571
632	711
632	851
632	984
632	996
633	818
633	862
633	902
633	911
633	976
633	999
634	949
634	958
634	967
634	985
634	988
634	990
635	912
635	919
635	944
635	967
635	988
635	990
636	62
636	69
636	866
636	959
636	963
636	994
637	77
637	93
637	553
637	690
637	743
637	991
638	38
638	446
638	641
638	844
638	937
638	957
639	3
639	400
639	737
639	884
639	953
639	977
640	944
640	958
640	984
640	985
640	988
640	990
641	638
641	664
641	729
641	826
641	926
641	928
642	62
642	689
642	968
642	977
642	986
642	989
643	337
643	730
643	779
643	828
643	906
643	948
644	884
644	930
644	967
644	985
644	988
644	990
645	896
645	902
645	913
645	988
645	992
645	995
645	1000
646	449
646	456
646	757
646	900
646	975
646	978
646	986
647	804
647	876
647	896
647	947
647	976
647	995
647	999
648	390
648	721
648	931
648	967
648	978
648	981
648	989
649	501
649	837
649	865
649	912
649	969
649	979
649	983
650	852
650	960
650	972
650	973
650	974
650	994
650	996
651	679
651	731
651	788
651	881
651	976
651	999
651	1000
652	9
652	469
652	739
652	914
652	950
652	984
652	993
653	16
653	738
653	753
653	822
653	965
653	975
653	981
654	553
654	685
654	690
654	845
654	962
654	982
654	991
655	672
655	959
655	972
655	973
655	994
655	996
655	997
656	298
656	776
656	888
656	902
656	904
656	999
656	1000
657	504
657	595
657	818
657	909
657	927
657	928
657	984
658	319
658	760
658	871
658	969
658	979
658	983
658	987
659	243
659	346
659	836
659	892
659	893
659	975
659	978
660	28
660	730
660	734
660	815
660	861
660	878
660	998
661	677
661	919
661	934
661	967
661	985
661	988
661	990
662	237
662	513
662	607
662	609
662	971
662	983
662	987
663	201
663	389
663	490
663	733
663	884
663	935
663	989
664	641
664	719
664	819
664	905
664	952
664	992
664	1000
665	243
665	855
665	860
665	872
665	900
665	920
665	978
666	761
666	786
666	797
666	880
666	903
666	942
666	999
667	56
667	519
667	746
667	833
667	904
667	942
667	995
668	246
668	682
668	764
668	925
668	940
668	950
668	983
669	542
669	818
669	928
669	937
669	954
669	984
669	997
670	105
670	128
670	132
670	160
670	879
670	906
670	998
671	236
671	607
671	925
671	949
671	971
671	983
671	987
672	655
672	943
672	959
672	963
672	974
672	992
672	994
673	145
673	348
673	960
673	963
673	974
673	994
673	996
674	313
674	452
674	556
674	926
674	954
674	993
674	997
675	102
675	144
675	610
675	815
675	828
675	829
675	879
676	108
676	296
676	332
676	453
676	887
676	917
676	968
677	661
677	699
677	946
677	959
677	960
677	972
677	996
678	932
678	936
678	958
678	967
678	985
678	988
678	990
679	651
679	758
679	904
679	913
679	966
679	976
679	982
680	579
680	770
680	910
680	914
680	953
680	961
680	983
681	934
681	936
681	958
681	967
681	985
681	988
681	990
682	668
682	754
682	761
682	871
682	971
682	979
682	987
683	268
683	489
683	619
683	892
683	975
683	986
683	989
684	76
684	186
684	912
684	914
684	928
684	984
684	997
685	383
685	654
685	724
685	845
685	887
685	962
685	991
686	169
686	524
686	733
686	855
686	968
686	978
686	986
687	889
687	959
687	960
687	973
687	974
687	996
687	1000
688	725
688	916
688	920
688	965
688	968
688	981
688	986
689	221
689	596
689	642
689	766
689	965
689	978
689	986
690	637
690	654
690	743
690	833
690	917
690	962
690	991
691	467
691	490
691	799
691	894
691	964
691	977
691	986
692	727
692	824
692	913
692	976
692	995
692	998
692	1000
693	804
693	862
693	903
693	913
693	956
693	990
693	1000
694	389
694	551
694	716
694	892
694	916
694	975
694	981
694	986
695	197
695	379
695	575
695	718
695	861
695	879
695	948
695	977
696	920
696	932
696	934
696	958
696	967
696	985
696	988
696	990
697	889
697	919
697	932
697	944
697	958
697	967
697	985
697	988
698	609
698	761
698	863
698	969
698	979
698	983
698	987
698	989
699	577
699	677
699	892
699	970
699	973
699	974
699	994
699	996
700	496
700	755
700	826
700	954
700	984
700	993
700	997
700	1000
701	896
701	905
701	913
701	942
701	945
701	948
701	998
701	999
702	168
702	277
702	396
702	480
702	734
702	792
702	815
702	906
703	306
703	509
703	709
703	770
703	895
703	939
703	961
703	983
704	378
704	581
704	722
704	739
704	811
704	922
704	964
704	997
705	37
705	425
705	432
705	748
705	821
705	877
705	917
705	991
706	281
706	464
706	472
706	838
706	924
706	992
706	995
706	998
707	227
707	499
707	712
707	783
707	792
707	798
707	906
707	948
708	519
708	627
708	747
708	875
708	877
708	886
708	917
708	991
709	51
709	273
709	386
709	703
709	783
709	908
709	910
709	945
710	33
710	384
710	585
710	611
710	715
710	937
710	955
710	984
711	220
711	509
711	632
711	835
711	976
711	984
711	993
711	997
712	83
712	120
712	168
712	239
712	707
712	732
712	829
712	861
713	159
713	382
713	504
713	715
713	928
713	955
713	978
713	997
714	735
714	946
714	959
714	960
714	963
714	973
714	989
714	994
715	285
715	710
715	713
715	733
715	785
715	954
715	993
715	997
716	694
716	912
716	932
716	934
716	958
716	967
716	985
716	988
717	184
717	935
717	964
717	977
717	978
717	986
717	989
717	996
718	25
718	414
718	480
718	499
718	695
718	734
718	798
718	948
719	664
719	736
719	831
719	888
719	930
719	957
719	976
719	992
720	186
720	200
720	220
720	369
720	442
720	950
720	956
720	997
721	205
721	289
721	648
721	737
721	803
721	890
721	978
721	989
722	77
722	704
722	805
722	890
722	922
722	950
722	960
722	997
723	459
723	865
723	911
723	976
723	980
723	995
723	998
723	999
724	178
724	323
724	502
724	553
724	685
724	877
724	887
724	991
725	242
725	488
725	510
725	688
725	965
725	968
725	975
725	986
726	292
726	537
726	624
726	741
726	800
726	922
726	926
726	937
727	153
727	252
727	692
727	915
727	976
727	980
727	982
727	992
728	744
728	912
728	932
728	944
728	967
728	985
728	988
728	990
729	314
729	438
729	571
729	641
729	893
729	927
729	955
729	993
729	997
730	13
730	144
730	417
730	643
730	660
730	828
730	879
730	906
730	919
731	223
731	313
731	651
731	856
731	862
731	923
731	942
731	998
731	1000
732	42
732	152
732	244
732	712
732	766
732	884
732	978
732	981
732	989
733	520
733	663
733	686
733	715
733	832
733	892
733	951
733	968
733	981
734	6
734	132
734	147
734	277
734	660
734	702
734	718
734	792
734	829
735	473
735	714
735	866
735	943
735	946
735	951
735	963
735	973
735	996
736	719
736	786
736	876
736	888
736	903
736	992
736	996
736	998
736	999
737	163
737	207
737	254
737	639
737	721
737	892
737	951
737	981
737	986
738	500
738	653
738	793
738	847
738	850
738	975
738	981
738	986
738	989
739	9
739	256
739	563
739	606
739	624
739	652
739	704
739	806
739	993
740	391
740	523
740	848
740	881
740	941
740	980
740	995
740	998
740	999
741	209
741	342
741	584
741	726
741	811
741	909
741	922
741	984
741	997
742	599
742	776
742	923
742	938
742	976
742	980
742	992
742	999
742	1000
743	240
743	432
743	637
743	690
743	871
743	877
743	917
743	962
743	991
744	312
744	389
744	421
744	728
744	839
744	920
744	935
744	951
744	977
745	115
745	411
745	564
745	589
745	748
745	821
745	875
745	877
745	931
746	2
746	73
746	629
746	667
746	887
746	938
746	995
746	999
746	1000
747	187
747	708
747	808
747	845
747	877
747	886
747	917
747	942
747	991
748	24
748	50
748	705
748	745
748	808
748	821
748	845
748	877
748	988
749	65
749	170
749	540
749	825
749	869
749	892
749	916
749	965
749	986
750	324
750	614
750	784
750	800
750	925
750	955
750	969
750	979
750	983
751	192
751	506
751	815
751	832
751	900
751	949
751	951
751	986
751	989
752	82
752	104
752	150
752	434
752	470
752	816
752	863
752	929
752	961
753	515
753	544
753	591
753	653
753	877
753	882
753	917
753	962
753	991
754	250
754	549
754	565
754	682
754	770
754	832
754	871
754	940
754	969
755	14
755	367
755	700
755	806
755	818
755	890
755	950
755	967
755	993
756	799
756	860
756	891
756	965
756	975
756	977
756	978
756	981
756	989
757	230
757	646
757	817
757	901
757	925
757	949
757	951
757	975
757	989
758	74
758	153
758	679
758	762
758	771
758	846
758	881
758	930
758	933
759	467
759	496
759	839
759	964
759	965
759	968
759	978
759	986
759	989
760	658
760	932
760	936
760	944
760	958
760	967
760	985
760	988
760	990
761	463
761	505
761	666
761	682
761	698
761	908
761	939
761	961
761	983
761	987
762	758
762	856
762	898
762	938
762	966
762	967
762	980
762	982
762	992
762	999
763	44
763	52
763	399
763	430
763	584
763	610
763	828
763	861
763	906
763	948
764	97
764	668
764	823
764	837
764	918
764	939
764	940
764	951
764	979
764	983
765	578
765	780
765	852
765	963
765	972
765	973
765	974
765	981
765	994
765	996
766	196
766	393
766	689
766	732
766	935
766	964
766	968
766	978
766	986
766	987
767	455
767	806
767	809
767	891
767	906
767	926
767	954
767	955
767	984
767	993
768	812
768	866
768	869
768	946
768	960
768	963
768	972
768	973
768	994
768	996
769	88
769	96
769	201
769	387
769	443
769	931
769	941
769	964
769	977
769	981
770	5
770	482
770	569
770	593
770	680
770	703
770	754
770	801
770	979
770	983
771	106
771	758
771	798
771	898
771	902
771	933
771	976
771	982
771	992
771	995
772	255
772	571
772	785
772	791
772	846
772	859
772	928
772	937
772	950
772	993
773	812
773	919
773	930
773	934
773	944
773	958
773	967
773	985
773	988
773	990
774	274
774	775
774	907
774	911
774	952
774	966
774	992
774	998
774	999
774	1000
775	774
775	848
775	947
775	957
775	966
775	972
775	995
775	998
775	999
775	1000
776	656
776	742
776	847
776	957
776	976
776	980
776	992
776	998
776	999
776	1000
777	930
777	932
777	934
777	944
777	957
777	958
777	967
777	985
777	988
777	990
778	580
778	786
778	905
778	936
778	938
778	942
778	945
778	980
778	999
778	1000
779	227
779	258
779	272
779	616
779	643
779	781
779	798
779	879
779	944
779	948
780	330
780	765
780	946
780	963
780	970
780	972
780	974
780	993
780	994
780	996
781	128
781	272
781	475
781	508
781	575
781	779
781	798
781	878
781	879
781	965
782	309
782	454
782	612
782	904
782	915
782	938
782	992
782	995
782	999
782	1000
783	274
783	707
783	709
783	908
783	939
783	961
783	969
783	971
783	979
783	987
784	351
784	750
784	792
784	865
784	929
784	939
784	953
784	961
784	971
784	979
784	987
785	486
785	715
785	772
785	809
785	870
785	891
785	914
785	928
785	950
785	963
785	993
786	100
786	666
786	736
786	778
786	877
786	880
786	952
786	956
786	980
786	982
786	998
787	810
787	869
787	943
787	946
787	960
787	963
787	970
787	972
787	974
787	994
787	996
788	173
788	492
788	651
788	831
788	872
788	905
788	976
788	980
788	995
788	998
788	999
789	526
789	830
789	869
789	889
789	963
789	970
789	972
789	973
789	974
789	994
789	996
790	285
790	321
790	331
790	385
790	893
790	926
790	927
790	954
790	955
790	991
790	997
791	772
791	806
791	817
791	864
791	922
791	926
791	928
791	950
791	954
791	984
791	997
792	317
792	398
792	417
792	702
792	707
792	734
792	784
792	815
792	828
792	879
792	948
793	10
793	533
793	570
793	738
793	810
793	904
793	938
793	992
793	995
793	998
793	1000
794	170
794	346
794	588
794	825
794	847
794	901
794	908
794	964
794	981
794	986
794	989
795	412
795	424
795	582
795	801
795	807
795	816
795	858
795	908
795	983
795	987
795	997
796	433
796	435
796	546
796	852
796	869
796	943
796	959
796	960
796	972
796	987
796	994
797	264
797	666
797	856
797	957
797	976
797	980
797	982
797	992
797	995
797	998
797	999
798	4
798	300
798	707
798	718
798	771
798	779
798	781
798	828
798	878
798	879
798	906
799	143
799	265
799	456
799	466
799	532
799	574
799	691
799	756
799	935
799	965
799	989
800	549
800	726
800	750
800	910
800	918
800	929
800	953
800	971
800	979
800	983
800	987
801	596
801	770
801	795
801	816
801	867
801	885
801	929
801	940
801	970
801	971
801	979
802	9
802	29
802	367
802	511
802	604
802	820
802	826
802	853
802	864
802	993
802	997
803	458
803	721
803	847
803	860
803	916
803	949
803	951
803	964
803	968
803	975
803	977
803	989
804	302
804	470
804	647
804	693
804	907
804	923
804	941
804	980
804	995
804	998
804	999
804	1000
805	331
805	438
805	537
805	722
805	820
805	854
805	870
805	909
805	914
805	973
805	984
805	997
806	206
806	216
806	456
806	739
806	755
806	767
806	791
806	842
806	891
806	922
806	955
806	997
807	51
807	141
807	548
807	795
807	827
807	865
807	953
807	961
807	972
807	979
807	983
807	987
808	60
808	161
808	304
808	370
808	747
808	748
808	814
808	821
808	877
808	938
808	962
808	991
809	483
809	581
809	767
809	785
809	842
809	922
809	928
809	937
809	955
809	984
809	993
809	997
810	787
810	793
810	824
810	872
810	898
810	903
810	924
810	952
810	966
810	992
810	995
810	999
811	496
811	571
811	704
811	741
811	851
811	893
811	937
811	950
811	976
811	984
811	993
811	997
812	213
812	629
812	768
812	773
812	831
812	904
812	907
812	945
812	982
812	998
812	999
812	1000
813	215
813	556
813	826
813	854
813	871
813	874
813	890
813	921
813	928
813	984
813	993
813	997
814	304
814	461
814	589
814	808
814	822
814	875
814	877
814	886
814	887
814	917
814	962
814	991
815	258
815	333
815	660
815	675
815	702
815	751
815	792
815	828
815	878
815	879
815	906
815	948
816	237
816	501
816	752
816	795
816	801
816	863
816	908
816	952
816	961
816	969
816	979
816	987
817	59
817	201
817	403
817	510
817	540
817	757
817	791
817	935
817	965
817	968
817	975
817	978
818	137
818	349
818	633
818	657
818	669
818	755
818	835
818	842
818	928
818	954
818	984
818	997
819	664
819	846
819	862
819	864
819	903
819	907
819	913
819	956
819	992
819	995
819	999
819	1000
820	204
820	249
820	373
820	469
820	509
820	802
820	805
820	851
820	922
820	926
820	937
820	950
821	211
821	476
821	518
821	627
821	705
821	745
821	748
821	808
821	882
821	886
821	962
821	991
822	189
822	506
822	594
822	653
822	814
822	836
822	901
822	951
822	968
822	975
822	981
822	989
823	324
823	338
823	579
823	596
823	764
823	865
823	908
823	961
823	969
823	974
823	979
823	987
824	692
824	810
824	846
824	849
824	903
824	938
824	956
824	966
824	973
824	980
824	992
824	995
824	999
825	59
825	125
825	140
825	142
825	568
825	749
825	794
825	949
825	968
825	975
825	977
825	981
825	989
826	347
826	378
826	418
826	438
826	537
826	641
826	700
826	802
826	813
826	859
826	909
826	914
826	984
827	66
827	470
827	549
827	623
827	807
827	885
827	908
827	910
827	925
827	938
827	940
827	953
827	975
828	13
828	228
828	320
828	379
828	643
828	675
828	730
828	763
828	792
828	798
828	815
828	948
828	997
829	168
829	257
829	320
829	333
829	355
829	405
829	675
829	712
829	734
829	861
829	879
829	906
829	948
830	789
830	912
830	919
830	930
830	932
830	934
830	936
830	944
830	958
830	967
830	985
830	988
830	990
831	719
831	788
831	812
831	911
831	916
831	923
831	941
831	952
831	976
831	982
831	992
831	995
831	998
832	183
832	326
832	403
832	538
832	613
832	733
832	751
832	754
832	892
832	964
832	965
832	981
832	989
833	336
833	560
833	583
833	667
833	690
833	888
833	915
833	941
833	952
833	957
833	976
833	995
833	1000
834	866
834	889
834	943
834	946
834	959
834	963
834	970
834	972
834	973
834	974
834	976
834	995
834	996
835	6
835	43
835	285
835	455
835	711
835	818
835	851
835	893
835	927
835	955
835	984
835	993
835	997
836	72
836	586
836	594
836	659
836	822
836	933
836	964
836	965
836	968
836	977
836	981
836	986
836	989
837	127
837	291
837	301
837	439
837	582
837	599
837	649
837	764
837	918
837	953
837	971
837	983
837	987
838	85
838	706
838	853
838	873
838	874
838	922
838	938
838	941
838	957
838	992
838	998
838	999
838	1000
839	22
839	23
839	254
839	431
839	744
839	759
839	901
839	949
839	964
839	968
839	975
839	986
839	989
840	912
840	919
840	925
840	930
840	932
840	934
840	936
840	944
840	958
840	967
840	969
840	985
840	988
840	990
841	46
841	314
841	583
841	846
841	853
841	902
841	945
841	957
841	979
841	982
841	995
841	998
841	999
841	1000
842	45
842	176
842	334
842	367
842	512
842	806
842	809
842	818
842	851
842	870
842	893
842	921
842	954
842	993
843	352
843	404
843	428
843	577
843	852
843	946
843	960
843	970
843	972
843	973
843	974
843	989
843	994
843	996
844	200
844	543
844	638
844	845
844	851
844	882
844	890
844	891
844	921
844	922
844	954
844	984
844	993
844	997
845	37
845	419
845	591
845	608
845	654
845	685
845	747
845	748
845	844
845	882
845	886
845	917
845	962
845	991
846	327
846	491
846	758
846	772
846	819
846	824
846	841
846	856
846	938
846	982
846	995
846	998
846	999
846	1000
847	568
847	594
847	738
847	776
847	794
847	803
847	850
847	855
847	942
847	949
847	964
847	965
847	986
847	989
848	740
848	775
848	862
848	880
848	911
848	933
848	942
848	943
848	952
848	976
848	980
848	995
848	999
848	1000
849	125
849	261
849	347
849	421
849	477
849	588
849	824
849	931
849	961
849	968
849	975
849	981
849	986
849	989
850	86
850	90
850	362
850	393
850	562
850	738
850	847
850	878
850	929
850	949
850	965
850	977
850	981
850	989
851	447
851	632
851	811
851	820
851	835
851	842
851	844
851	909
851	926
851	954
851	955
851	993
851	994
851	997
852	650
852	765
852	796
852	843
852	889
852	952
852	959
852	960
852	963
852	970
852	972
852	973
852	994
852	996
853	256
853	396
853	580
853	626
853	802
853	838
853	841
853	876
853	947
853	956
853	957
853	980
853	981
853	995
853	998
854	27
854	40
854	70
854	469
854	805
854	813
854	859
854	864
854	890
854	909
854	914
854	926
854	946
854	993
854	997
855	163
855	312
855	389
855	449
855	466
855	665
855	686
855	847
855	916
855	931
855	965
855	977
855	986
855	989
855	1000
856	545
856	627
856	731
856	762
856	797
856	846
856	933
856	941
856	947
856	956
856	980
856	992
856	998
856	999
856	1000
857	451
857	528
857	559
857	593
857	867
857	871
857	885
857	896
857	908
857	918
857	925
857	971
857	979
857	983
857	987
858	325
858	405
858	578
858	795
858	869
858	897
858	943
858	946
858	955
858	959
858	960
858	970
858	972
858	994
858	996
859	69
859	159
859	369
859	395
859	447
859	601
859	772
859	826
859	854
859	864
859	922
859	928
859	950
859	954
859	955
860	370
860	594
860	665
860	756
860	803
860	894
860	920
860	931
860	949
860	965
860	968
860	977
860	978
860	986
860	989
861	6
861	102
861	105
861	120
861	128
861	333
861	575
861	610
861	660
861	695
861	712
861	763
861	829
861	878
861	948
861	999
862	371
862	633
862	693
862	731
862	819
862	848
862	876
862	905
862	941
862	947
862	980
862	982
862	992
862	998
862	999
862	1000
863	245
863	309
863	340
863	439
863	507
863	698
863	752
863	816
863	908
863	918
863	924
863	940
863	971
863	979
863	983
863	987
864	49
864	67
864	359
864	585
864	791
864	802
864	819
864	854
864	859
864	893
864	926
864	927
864	955
864	984
864	993
864	997
865	429
865	507
865	522
865	607
865	649
865	723
865	784
865	807
865	823
865	867
865	885
865	908
865	935
865	969
865	979
865	987
866	527
866	636
866	735
866	768
866	834
866	869
866	897
866	941
866	943
866	959
866	960
866	970
866	972
866	973
866	974
866	996
867	178
867	365
867	412
867	439
867	801
867	857
867	865
867	871
867	885
867	895
867	910
867	939
867	967
867	969
867	983
867	987
868	121
868	259
868	269
868	308
868	409
868	515
868	572
868	589
868	591
868	600
868	608
868	875
868	882
868	917
868	962
868	991
869	428
869	749
869	768
869	787
869	789
869	796
869	858
869	866
869	943
869	959
869	963
869	970
869	972
869	974
869	994
869	996
870	14
870	175
870	385
870	438
870	449
870	455
870	555
870	785
870	805
870	842
870	909
870	914
870	921
870	954
870	993
870	997
871	286
871	493
871	658
871	682
871	743
871	754
871	813
871	857
871	867
871	908
871	925
871	929
871	969
871	979
871	983
871	987
872	94
872	157
872	547
872	626
872	665
872	788
872	810
872	881
872	899
872	904
872	947
872	957
872	995
872	998
872	999
872	1000
873	98
873	365
873	491
873	566
873	838
873	899
873	902
873	904
873	907
873	924
873	947
873	966
873	982
873	985
873	995
873	998
873	999
874	813
874	838
874	881
874	887
874	903
874	904
874	907
874	913
874	933
874	942
874	976
874	982
874	992
874	995
874	998
874	999
874	1000
875	22
875	63
875	308
875	335
875	471
875	589
875	611
875	708
875	745
875	814
875	868
875	877
875	882
875	886
875	897
875	962
875	991
876	218
876	528
876	583
876	647
876	736
876	853
876	862
876	907
876	923
876	925
876	952
876	980
876	982
876	992
876	995
876	998
876	1000
877	48
877	519
877	705
877	708
877	724
877	743
877	745
877	747
877	748
877	753
877	786
877	808
877	814
877	875
877	886
877	962
877	991
878	28
878	227
878	300
878	355
878	379
878	399
878	575
878	660
878	781
878	798
878	815
878	850
878	861
878	879
878	948
878	995
878	999
879	105
879	300
879	499
879	567
879	610
879	670
879	675
879	695
879	730
879	779
879	781
879	792
879	798
879	815
879	829
879	878
879	948
880	666
880	786
880	848
880	888
880	899
880	903
880	913
880	941
880	947
880	956
880	976
880	980
880	982
880	991
880	995
880	998
880	999
881	157
881	612
881	651
881	740
881	758
881	872
881	874
881	888
881	937
881	947
881	952
881	976
881	980
881	982
881	991
881	992
881	998
881	1000
882	87
882	108
882	498
882	502
882	544
882	608
882	621
882	622
882	753
882	821
882	844
882	845
882	868
882	875
882	887
882	911
882	962
882	991
883	894
883	912
883	919
883	930
883	932
883	934
883	936
883	941
883	944
883	958
883	967
883	978
883	985
883	988
883	990
884	104
884	182
884	342
884	362
884	540
884	603
884	639
884	644
884	663
884	732
884	916
884	920
884	931
884	951
884	965
884	975
884	977
884	978
885	97
885	407
885	528
885	623
885	625
885	801
885	827
885	857
885	865
885	867
885	895
885	908
885	939
885	953
885	969
885	971
885	987
885	991
886	304
886	410
886	461
886	476
886	589
886	600
886	621
886	708
886	747
886	814
886	821
886	845
886	875
886	877
886	917
886	953
886	962
886	991
887	139
887	323
887	408
887	461
887	553
887	564
887	621
887	622
887	676
887	685
887	724
887	746
887	814
887	874
887	882
887	917
887	962
887	991
888	17
888	110
888	358
888	485
888	580
888	656
888	719
888	736
888	833
888	880
888	881
888	907
888	966
888	976
888	982
888	992
888	999
888	1000
889	33
889	145
889	264
889	330
889	618
889	687
889	697
889	789
889	834
889	852
889	943
889	946
889	963
889	970
889	972
889	973
889	994
889	996
890	249
890	385
890	418
890	584
890	721
890	722
890	755
890	813
890	844
890	854
890	893
890	914
890	922
890	926
890	928
890	943
890	993
890	997
891	137
891	162
891	321
891	486
891	587
891	756
891	767
891	785
891	806
891	844
891	893
891	921
891	922
891	927
891	928
891	955
891	984
891	993
892	57
892	103
892	659
892	683
892	694
892	699
892	733
892	737
892	749
892	832
892	901
892	916
892	920
892	923
892	949
892	968
892	977
892	986
893	79
893	220
893	537
893	659
893	729
893	790
893	811
893	835
893	842
893	864
893	890
893	891
893	903
893	914
893	954
893	984
893	993
893	997
894	691
894	860
894	883
894	912
894	919
894	930
894	932
894	934
894	936
894	944
894	958
894	967
894	985
894	988
894	990
895	120
895	444
895	501
895	565
895	609
895	614
895	625
895	703
895	867
895	885
895	925
895	939
895	953
895	961
895	971
895	979
895	983
895	985
895	987
896	177
896	460
896	472
896	645
896	647
896	701
896	857
896	903
896	918
896	924
896	941
896	945
896	956
896	966
896	982
896	995
896	998
896	999
896	1000
897	401
897	465
897	552
897	558
897	561
897	858
897	866
897	875
897	943
897	959
897	960
897	963
897	970
897	972
897	973
897	974
897	991
897	994
897	996
898	218
898	343
898	344
898	354
898	396
898	484
898	762
898	771
898	810
898	904
898	913
898	915
898	933
898	945
898	952
898	974
898	985
898	998
898	1000
899	30
899	350
899	416
899	541
899	872
899	873
899	880
899	915
899	934
899	938
899	945
899	952
899	966
899	980
899	994
899	995
899	998
899	999
899	1000
900	387
900	477
900	495
900	515
900	520
900	532
900	619
900	646
900	665
900	751
900	920
900	935
900	949
900	965
900	968
900	975
900	977
900	978
900	989
900	998
901	236
901	251
901	261
901	326
901	339
901	477
901	500
901	574
901	757
901	794
901	822
901	839
901	892
901	951
901	975
901	977
901	981
901	984
901	986
901	989
902	12
902	391
902	633
902	645
902	656
902	771
902	841
902	873
902	924
902	933
902	941
902	945
902	956
902	961
902	982
902	991
902	992
902	998
902	999
902	1000
903	15
903	283
903	666
903	693
903	736
903	810
903	819
903	824
903	874
903	880
903	893
903	896
903	905
903	915
903	947
903	957
903	958
903	966
903	998
903	999
904	411
904	656
904	667
904	679
904	782
904	793
904	812
904	872
904	873
904	874
904	898
904	911
904	941
904	942
904	956
904	976
904	980
904	982
904	984
904	998
904	1000
905	619
905	664
905	701
905	778
905	788
905	862
905	903
905	938
905	942
905	947
905	956
905	957
905	966
905	975
905	980
905	982
905	992
905	995
905	998
905	999
905	1000
906	52
906	102
906	205
906	277
906	320
906	341
906	398
906	399
906	499
906	575
906	643
906	670
906	702
906	707
906	730
906	763
906	767
906	798
906	815
906	829
906	948
907	774
907	804
907	812
907	819
907	873
907	874
907	876
907	888
907	916
907	922
907	924
907	941
907	942
907	945
907	956
907	980
907	982
907	995
907	998
907	999
907	1000
908	109
908	140
908	429
908	709
908	761
908	783
908	794
908	795
908	816
908	823
908	827
908	857
908	863
908	865
908	871
908	885
908	910
908	952
908	961
908	969
908	979
909	426
909	454
909	556
909	587
909	597
909	603
909	604
909	657
909	741
909	805
909	826
909	851
909	854
909	870
909	914
909	921
909	927
909	950
909	954
909	984
909	997
910	140
910	237
910	365
910	582
910	614
910	680
910	709
910	800
910	827
910	867
910	908
910	915
910	925
910	929
910	943
910	953
910	961
910	969
910	979
910	981
910	983
910	987
911	391
911	566
911	570
911	626
911	633
911	723
911	774
911	831
911	848
911	882
911	904
911	923
911	933
911	938
911	956
911	957
911	966
911	981
911	982
911	992
911	998
911	999
912	590
912	635
912	649
912	684
912	716
912	728
912	830
912	840
912	883
912	894
912	919
912	930
912	932
912	934
912	936
912	944
912	958
912	967
912	985
912	988
912	990
913	30
913	82
913	203
913	494
913	645
913	679
913	692
913	693
913	701
913	819
913	874
913	880
913	898
913	923
913	941
913	957
913	966
913	976
913	982
913	995
913	998
913	999
913	1000
914	31
914	47
914	130
914	209
914	603
914	652
914	680
914	684
914	785
914	805
914	826
914	854
914	870
914	890
914	893
914	909
914	926
914	950
914	954
914	955
914	984
914	993
914	997
915	55
915	85
915	464
915	612
915	727
915	782
915	833
915	898
915	899
915	903
915	910
915	938
915	945
915	947
915	965
915	966
915	976
915	980
915	982
915	992
915	995
915	998
915	999
916	104
916	107
916	195
916	339
916	361
916	488
916	526
916	688
916	694
916	749
916	803
916	831
916	855
916	884
916	892
916	907
916	951
916	964
916	968
916	977
916	978
916	981
916	989
917	53
917	78
917	139
917	180
917	190
917	468
917	519
917	551
917	591
917	676
917	690
917	705
917	708
917	743
917	747
917	753
917	814
917	845
917	868
917	886
917	887
917	962
917	991
918	338
918	351
918	493
918	513
918	514
918	522
918	554
918	586
918	614
918	625
918	764
918	800
918	837
918	857
918	863
918	896
918	925
918	929
918	939
918	961
918	969
918	979
918	983
918	988
919	305
919	516
919	635
919	661
919	697
919	730
919	773
919	830
919	840
919	883
919	894
919	912
919	930
919	932
919	933
919	934
919	936
919	944
919	958
919	967
919	985
919	988
919	990
919	998
920	61
920	86
920	90
920	307
920	361
920	449
920	478
920	495
920	532
920	574
920	665
920	688
920	696
920	744
920	860
920	884
920	892
920	900
920	948
920	964
920	978
920	986
920	989
920	998
921	176
921	215
921	222
921	255
921	280
921	298
921	374
921	542
921	585
921	592
921	624
921	813
921	842
921	844
921	870
921	891
921	909
921	926
921	950
921	955
921	971
921	993
921	997
921	998
922	26
922	49
922	601
922	603
922	605
922	704
922	722
922	726
922	741
922	791
922	806
922	809
922	820
922	838
922	844
922	859
922	890
922	891
922	907
922	927
922	950
922	968
922	984
922	993
922	997
923	74
923	336
923	479
923	567
923	583
923	731
923	742
923	804
923	831
923	876
923	892
923	911
923	913
923	945
923	955
923	966
923	972
923	976
923	980
923	982
923	992
923	995
923	998
923	999
923	1000
924	30
924	75
924	191
924	193
924	311
924	481
924	569
924	706
924	810
924	863
924	873
924	896
924	902
924	907
924	933
924	941
924	947
924	956
924	957
924	976
924	982
924	995
924	998
924	999
924	1000
925	64
925	92
925	351
925	364
925	534
925	668
925	671
925	750
925	757
925	827
925	840
925	857
925	871
925	876
925	895
925	910
925	918
925	929
925	940
925	953
925	961
925	969
925	971
925	979
925	987
926	26
926	66
926	235
926	368
926	605
926	641
926	674
926	726
926	767
926	790
926	791
926	820
926	851
926	854
926	864
926	890
926	914
926	921
926	927
926	937
926	950
926	955
926	984
926	993
926	997
927	84
927	293
927	356
927	369
927	374
927	378
927	388
927	446
927	576
927	592
927	657
927	729
927	790
927	835
927	864
927	891
927	909
927	922
927	926
927	950
927	955
927	991
927	993
927	995
927	997
928	43
928	79
928	289
928	423
928	452
928	576
928	641
928	657
928	669
928	684
928	713
928	772
928	785
928	791
928	809
928	813
928	818
928	859
928	890
928	891
928	950
928	954
928	980
928	984
928	993
928	997
929	194
929	252
929	301
929	306
929	344
929	386
929	470
929	599
929	615
929	623
929	752
929	784
929	800
929	801
929	850
929	871
929	910
929	918
929	925
929	939
929	947
929	961
929	969
929	971
929	979
929	987
930	208
930	425
930	441
930	531
930	590
930	644
930	719
930	758
930	773
930	777
930	830
930	840
930	883
930	894
930	912
930	919
930	932
930	934
930	936
930	944
930	958
930	967
930	985
930	988
930	990
930	995
931	16
931	57
931	65
931	117
931	142
931	146
931	361
931	466
931	524
931	586
931	608
931	648
931	745
931	769
931	849
931	855
931	860
931	884
931	935
931	963
931	964
931	965
931	975
931	977
931	978
931	981
931	986
932	482
932	578
932	598
932	678
932	696
932	697
932	716
932	728
932	760
932	777
932	830
932	840
932	883
932	894
932	912
932	919
932	930
932	934
932	936
932	944
932	958
932	962
932	967
932	985
932	986
932	988
932	990
933	210
933	334
933	350
933	406
933	758
933	771
933	836
933	848
933	856
933	874
933	898
933	902
933	911
933	919
933	924
933	938
933	942
933	945
933	947
933	956
933	976
933	980
933	982
933	986
933	998
933	999
933	1000
934	91
934	228
934	299
934	487
934	661
934	681
934	696
934	716
934	773
934	777
934	830
934	840
934	883
934	894
934	899
934	912
934	919
934	930
934	932
934	936
934	944
934	958
934	967
934	985
934	988
934	990
934	997
935	3
935	23
935	65
935	86
935	149
935	183
935	195
935	348
935	418
935	423
935	456
935	478
935	540
935	617
935	619
935	663
935	717
935	744
935	766
935	799
935	817
935	865
935	900
935	931
935	977
935	978
935	981
936	35
936	127
936	248
936	287
936	299
936	539
936	598
936	678
936	681
936	760
936	778
936	830
936	840
936	883
936	894
936	912
936	919
936	930
936	932
936	934
936	944
936	958
936	967
936	975
936	985
936	988
936	990
937	293
937	303
937	321
937	395
937	445
937	503
937	511
937	552
937	573
937	576
937	581
937	585
937	603
937	604
937	638
937	669
937	710
937	726
937	772
937	809
937	811
937	820
937	881
937	926
937	955
937	984
937	993
937	997
938	386
938	742
938	746
938	762
938	778
938	782
938	793
938	808
938	824
938	827
938	838
938	846
938	899
938	905
938	911
938	915
938	933
938	941
938	942
938	947
938	957
938	966
938	976
938	980
938	982
938	992
938	995
938	998
938	1000
939	188
939	345
939	392
939	404
939	415
939	448
939	536
939	559
939	565
939	568
939	625
939	703
939	761
939	764
939	783
939	784
939	867
939	885
939	895
939	918
939	929
939	940
939	953
939	961
939	969
939	971
939	979
939	983
939	987
940	18
940	127
940	250
940	252
940	286
940	364
940	493
940	507
940	513
940	548
940	591
940	595
940	596
940	668
940	754
940	764
940	801
940	827
940	863
940	925
940	939
940	944
940	953
940	956
940	961
940	969
940	971
940	979
940	983
940	987
941	110
941	155
941	460
941	740
941	769
941	804
941	831
941	833
941	838
941	856
941	862
941	866
941	880
941	883
941	896
941	902
941	904
941	907
941	913
941	924
941	938
941	945
941	947
941	966
941	980
941	992
941	995
941	998
941	999
941	1000
942	165
942	213
942	309
942	360
942	464
942	666
942	667
942	701
942	731
942	747
942	778
942	847
942	848
942	874
942	904
942	905
942	907
942	933
942	938
942	947
942	952
942	957
942	966
942	976
942	980
942	982
942	995
942	998
942	999
942	1000
943	158
943	224
943	266
943	295
943	325
943	373
943	517
943	672
943	735
943	787
943	796
943	834
943	848
943	858
943	866
943	869
943	889
943	890
943	897
943	910
943	946
943	959
943	960
943	963
943	970
943	972
943	973
943	974
943	994
943	996
944	20
944	68
944	80
944	226
944	353
944	620
944	635
944	640
944	697
944	728
944	760
944	773
944	777
944	779
944	830
944	840
944	883
944	894
944	912
944	919
944	930
944	932
944	934
944	936
944	940
944	958
944	967
944	985
944	988
944	990
944	1000
945	12
945	39
945	206
945	232
945	424
945	492
945	557
945	566
945	612
945	701
945	709
945	778
945	812
945	841
945	896
945	898
945	899
945	902
945	907
945	915
945	923
945	933
945	941
945	947
945	952
945	976
945	992
945	995
945	998
945	999
945	1000
946	313
946	357
946	368
946	397
946	420
946	437
946	527
946	541
946	546
946	547
946	597
946	677
946	714
946	735
946	768
946	780
946	787
946	834
946	843
946	854
946	858
946	889
946	943
946	959
946	960
946	963
946	970
946	973
946	974
946	994
946	996
947	628
947	647
947	775
947	853
947	856
947	862
947	872
947	873
947	880
947	881
947	903
947	905
947	915
947	924
947	929
947	933
947	938
947	941
947	942
947	945
947	956
947	957
947	973
947	976
947	980
947	982
947	992
947	995
947	996
947	998
947	999
948	28
948	29
948	132
948	180
948	197
948	272
948	300
948	341
948	379
948	414
948	480
948	499
948	508
948	610
948	616
948	643
948	695
948	701
948	707
948	718
948	763
948	779
948	792
948	815
948	828
948	829
948	861
948	878
948	879
948	906
948	920
949	7
949	57
949	221
949	297
949	322
949	422
949	431
949	478
949	485
949	520
949	529
949	534
949	538
949	572
949	634
949	671
949	751
949	757
949	803
949	825
949	839
949	847
949	850
949	860
949	892
949	900
949	964
949	966
949	977
949	981
949	986
949	989
950	33
950	166
950	291
950	292
950	446
950	556
950	592
950	604
950	624
950	652
950	668
950	720
950	722
950	755
950	772
950	785
950	791
950	811
950	820
950	859
950	909
950	914
950	921
950	922
950	926
950	927
950	928
950	955
950	977
950	984
950	993
950	997
951	59
951	72
951	184
951	196
951	261
951	342
951	427
951	474
951	542
951	562
951	568
951	602
951	733
951	735
951	737
951	744
951	751
951	757
951	764
951	803
951	822
951	884
951	901
951	916
951	952
951	964
951	965
951	968
951	977
951	978
951	981
951	986
951	989
952	17
952	47
952	58
952	177
952	518
952	664
952	774
952	786
952	810
952	816
952	831
952	833
952	848
952	852
952	876
952	881
952	898
952	899
952	908
952	942
952	945
952	951
952	956
952	957
952	966
952	976
952	980
952	982
952	992
952	995
952	998
952	999
952	1000
953	234
953	245
953	319
953	507
953	514
953	548
953	554
953	560
953	569
953	595
953	599
953	609
953	615
953	639
953	680
953	784
953	800
953	807
953	827
953	837
953	885
953	886
953	895
953	910
953	925
953	939
953	940
953	961
953	971
953	979
953	983
953	987
953	992
954	138
954	222
954	238
954	280
954	315
954	388
954	484
954	486
954	511
954	573
954	581
954	584
954	669
954	674
954	700
954	715
954	767
954	790
954	791
954	818
954	842
954	844
954	851
954	859
954	870
954	893
954	909
954	914
954	928
954	955
954	984
954	985
954	993
954	997
955	4
955	38
955	43
955	54
955	137
955	235
955	291
955	445
955	563
955	573
955	601
955	710
955	713
955	729
955	750
955	767
955	790
955	806
955	809
955	835
955	851
955	858
955	859
955	864
955	891
955	914
955	921
955	923
955	926
955	927
955	937
955	950
955	954
955	984
955	993
956	210
956	253
956	354
956	427
956	460
956	491
956	530
956	533
956	580
956	693
956	720
956	786
956	819
956	824
956	853
956	856
956	880
956	896
956	902
956	904
956	905
956	907
956	911
956	924
956	933
956	940
956	947
956	952
956	976
956	980
956	982
956	992
956	995
956	999
956	1000
957	15
957	106
957	177
957	310
957	441
957	533
957	541
957	570
957	628
957	638
957	719
957	775
957	776
957	777
957	797
957	833
957	838
957	841
957	853
957	872
957	903
957	905
957	911
957	913
957	924
957	938
957	942
957	947
957	952
957	966
957	980
957	982
957	988
957	992
957	995
957	1000
958	20
958	202
958	288
958	364
958	426
958	531
958	539
958	590
958	620
958	634
958	640
958	678
958	681
958	696
958	697
958	716
958	760
958	773
958	777
958	830
958	840
958	883
958	894
958	903
958	912
958	919
958	930
958	932
958	934
958	936
958	944
958	967
958	977
958	985
958	988
958	990
959	217
959	266
959	290
959	352
959	381
959	512
959	525
959	547
959	561
959	597
959	618
959	636
959	655
959	672
959	677
959	687
959	714
959	796
959	834
959	852
959	858
959	866
959	869
959	897
959	943
959	946
959	960
959	963
959	964
959	970
959	972
959	973
959	974
959	984
959	994
959	995
959	996
960	69
960	328
960	352
960	357
960	420
960	458
960	465
960	473
960	479
960	525
960	550
960	552
960	577
960	630
960	650
960	673
960	677
960	687
960	714
960	722
960	768
960	787
960	796
960	843
960	852
960	858
960	866
960	897
960	943
960	946
960	959
960	963
960	972
960	973
960	984
960	994
960	996
961	118
961	129
961	241
961	275
961	276
961	301
961	380
961	514
961	565
961	593
961	607
961	615
961	623
961	680
961	703
961	752
961	761
961	783
961	784
961	807
961	816
961	823
961	849
961	895
961	902
961	908
961	910
961	918
961	925
961	929
961	939
961	940
961	953
961	971
961	979
961	982
961	983
961	987
962	24
962	60
962	78
962	115
962	133
962	187
962	231
962	259
962	263
962	279
962	290
962	335
962	383
962	397
962	432
962	453
962	476
962	600
962	608
962	627
962	654
962	685
962	690
962	743
962	753
962	808
962	814
962	821
962	845
962	868
962	875
962	877
962	882
962	886
962	887
962	917
962	932
962	991
963	89
963	131
963	181
963	229
963	357
963	497
963	512
963	523
963	526
963	535
963	561
963	630
963	636
963	672
963	673
963	714
963	735
963	765
963	768
963	780
963	785
963	787
963	789
963	834
963	852
963	869
963	889
963	897
963	931
963	943
963	946
963	959
963	960
963	970
963	972
963	973
963	974
963	994
963	996
964	113
964	152
964	318
964	322
964	394
964	400
964	421
964	422
964	485
964	489
964	504
964	568
964	572
964	691
964	704
964	717
964	759
964	766
964	769
964	794
964	803
964	832
964	836
964	839
964	847
964	916
964	920
964	931
964	949
964	951
964	959
964	965
964	975
964	977
964	978
964	981
964	986
964	989
964	992
965	7
965	42
965	135
965	195
965	207
965	262
965	346
965	390
965	415
965	485
965	489
965	510
965	562
965	653
965	688
965	689
965	725
965	749
965	756
965	759
965	781
965	799
965	817
965	832
965	836
965	847
965	850
965	855
965	860
965	884
965	900
965	915
965	931
965	951
965	964
965	975
965	978
965	980
965	989
966	402
966	479
966	484
966	530
966	541
966	557
966	566
966	570
966	613
966	679
966	762
966	774
966	775
966	810
966	824
966	873
966	888
966	896
966	899
966	903
966	905
966	911
966	913
966	915
966	923
966	938
966	941
966	942
966	949
966	952
966	957
966	976
966	980
966	992
966	993
966	994
966	995
966	998
966	999
966	1000
967	34
967	116
967	366
967	376
967	426
967	441
967	487
967	531
967	585
967	634
967	635
967	644
967	648
967	661
967	678
967	681
967	696
967	697
967	716
967	728
967	755
967	760
967	762
967	773
967	777
967	830
967	840
967	867
967	883
967	894
967	912
967	919
967	930
967	932
967	934
967	936
967	944
967	958
967	985
967	988
967	990
968	88
968	124
968	136
968	149
968	225
968	233
968	247
968	346
968	347
968	485
968	506
968	520
968	524
968	572
968	586
968	642
968	676
968	686
968	688
968	725
968	733
968	759
968	766
968	803
968	817
968	822
968	825
968	836
968	839
968	849
968	860
968	892
968	900
968	916
968	922
968	951
968	974
968	975
968	978
968	986
968	989
968	997
969	18
969	118
969	275
969	278
969	282
969	286
969	365
969	380
969	412
969	444
969	463
969	470
969	505
969	522
969	562
969	579
969	587
969	595
969	598
969	599
969	649
969	658
969	698
969	750
969	754
969	783
969	816
969	823
969	840
969	865
969	867
969	871
969	885
969	908
969	910
969	918
969	925
969	929
969	939
969	940
969	971
969	983
969	987
969	993
970	181
970	290
970	325
970	407
970	440
970	471
970	473
970	483
970	497
970	503
970	523
970	525
970	535
970	552
970	561
970	578
970	618
970	630
970	631
970	699
970	780
970	787
970	789
970	801
970	834
970	843
970	852
970	858
970	866
970	869
970	889
970	897
970	943
970	946
970	959
970	963
970	972
970	973
970	974
970	980
970	983
970	990
970	994
970	996
971	51
971	92
971	147
971	150
971	250
971	273
971	319
971	340
971	345
971	364
971	372
971	444
971	448
971	461
971	489
971	491
971	493
971	507
971	514
971	536
971	559
971	579
971	662
971	671
971	682
971	783
971	784
971	800
971	801
971	837
971	857
971	863
971	885
971	895
971	921
971	925
971	929
971	939
971	940
971	953
971	961
971	969
971	979
971	987
971	999
972	95
972	101
972	112
972	185
972	242
972	337
972	368
972	381
972	420
972	435
972	440
972	471
972	550
972	630
972	631
972	650
972	655
972	677
972	765
972	768
972	775
972	780
972	787
972	789
972	796
972	807
972	834
972	843
972	852
972	858
972	866
972	869
972	889
972	897
972	923
972	943
972	959
972	960
972	963
972	970
972	973
972	983
972	990
972	994
972	996
973	42
973	99
973	158
973	173
973	229
973	330
973	407
973	420
973	458
973	483
973	497
973	503
973	517
973	523
973	550
973	577
973	597
973	631
973	650
973	655
973	687
973	699
973	714
973	735
973	765
973	768
973	789
973	805
973	824
973	834
973	843
973	852
973	866
973	889
973	897
973	943
973	946
973	947
973	959
973	960
973	963
973	970
973	972
973	974
973	987
973	994
973	996
974	101
974	181
974	199
974	325
974	329
974	357
974	373
974	401
974	404
974	405
974	435
974	437
974	503
974	517
974	525
974	546
974	547
974	558
974	578
974	631
974	650
974	672
974	673
974	687
974	699
974	765
974	780
974	787
974	789
974	823
974	834
974	843
974	866
974	869
974	897
974	898
974	943
974	946
974	959
974	963
974	968
974	970
974	973
974	981
974	984
974	994
974	996
975	113
975	124
975	143
975	183
975	189
975	221
975	233
975	262
975	390
975	415
975	436
975	466
975	467
975	474
975	478
975	551
975	602
975	613
975	646
975	653
975	659
975	683
975	694
975	725
975	738
975	756
975	757
975	803
975	817
975	822
975	825
975	827
975	839
975	849
975	884
975	900
975	901
975	905
975	931
975	936
975	964
975	965
975	968
975	977
975	978
975	986
975	996
975	997
976	232
976	281
976	481
976	527
976	567
976	633
976	647
976	651
976	679
976	692
976	711
976	719
976	723
976	727
976	742
976	771
976	776
976	788
976	797
976	811
976	831
976	833
976	834
976	848
976	874
976	880
976	881
976	888
976	904
976	913
976	915
976	923
976	924
976	933
976	938
976	942
976	945
976	947
976	952
976	956
976	966
976	977
976	980
976	982
976	995
976	998
976	999
976	1000
977	61
977	146
977	152
977	169
977	182
977	196
977	244
977	317
977	318
977	326
977	400
977	476
977	488
977	489
977	586
977	613
977	639
977	642
977	691
977	695
977	717
977	744
977	756
977	769
977	803
977	825
977	836
977	850
977	855
977	860
977	884
977	892
977	900
977	901
977	916
977	931
977	935
977	949
977	950
977	951
977	958
977	964
977	975
977	976
977	978
977	981
977	986
977	989
978	62
978	71
978	117
978	143
978	154
978	174
978	192
978	199
978	230
978	251
978	289
978	297
978	307
978	326
978	339
978	431
978	443
978	478
978	495
978	521
978	594
978	646
978	648
978	659
978	665
978	686
978	689
978	713
978	717
978	721
978	732
978	756
978	759
978	766
978	817
978	860
978	883
978	884
978	900
978	916
978	920
978	931
978	935
978	951
978	964
978	965
978	968
978	975
978	977
978	986
978	989
978	999
979	5
979	56
979	109
979	179
979	273
979	276
979	278
979	319
979	329
979	340
979	434
979	439
979	497
979	505
979	522
979	534
979	559
979	565
979	569
979	579
979	615
979	625
979	649
979	658
979	682
979	698
979	750
979	764
979	770
979	783
979	784
979	800
979	801
979	807
979	816
979	823
979	841
979	857
979	863
979	865
979	871
979	895
979	908
979	910
979	918
979	925
979	929
979	939
979	940
979	953
979	961
979	971
979	982
979	983
979	987
979	994
980	73
980	75
980	110
980	302
980	377
980	391
980	402
980	416
980	472
980	494
980	535
980	567
980	723
980	727
980	740
980	742
980	762
980	776
980	778
980	786
980	788
980	797
980	804
980	824
980	848
980	853
980	856
980	862
980	876
980	880
980	881
980	899
980	904
980	905
980	907
980	915
980	923
980	928
980	933
980	938
980	941
980	942
980	947
980	952
980	956
980	957
980	965
980	966
980	970
980	976
980	982
980	992
980	996
980	998
980	999
980	1000
981	72
981	90
981	107
981	154
981	163
981	233
981	243
981	247
981	251
981	254
981	297
981	317
981	347
981	436
981	480
981	488
981	510
981	521
981	524
981	538
981	562
981	572
981	586
981	617
981	648
981	653
981	688
981	694
981	732
981	733
981	737
981	738
981	756
981	765
981	769
981	794
981	822
981	825
981	832
981	836
981	849
981	850
981	853
981	901
981	910
981	911
981	916
981	931
981	935
981	949
981	951
981	964
981	974
981	977
981	986
981	989
982	21
982	58
982	271
982	283
982	343
982	358
982	459
982	484
982	495
982	518
982	533
982	557
982	626
982	628
982	654
982	679
982	727
982	762
982	771
982	786
982	797
982	812
982	831
982	841
982	846
982	862
982	873
982	874
982	876
982	880
982	881
982	888
982	896
982	902
982	904
982	905
982	907
982	911
982	913
982	915
982	923
982	924
982	933
982	938
982	942
982	947
982	952
982	956
982	957
982	961
982	976
982	979
982	980
982	990
982	992
982	995
982	1000
983	114
983	134
983	141
983	179
983	198
983	239
983	246
983	276
983	278
983	324
983	345
983	359
983	363
983	386
983	448
983	450
983	505
983	536
983	549
983	565
983	582
983	595
983	596
983	609
983	614
983	649
983	658
983	662
983	668
983	671
983	680
983	698
983	703
983	750
983	761
983	764
983	770
983	795
983	800
983	807
983	837
983	857
983	863
983	867
983	871
983	895
983	910
983	918
983	939
983	940
983	953
983	961
983	969
983	970
983	972
983	979
983	987
983	998
983	999
984	14
984	29
984	45
984	79
984	130
984	148
984	186
984	204
984	206
984	215
984	235
984	270
984	313
984	316
984	367
984	369
984	542
984	543
984	571
984	605
984	632
984	640
984	652
984	657
984	669
984	684
984	700
984	710
984	711
984	741
984	767
984	791
984	805
984	809
984	811
984	813
984	818
984	826
984	835
984	844
984	864
984	891
984	893
984	901
984	904
984	909
984	914
984	922
984	926
984	928
984	937
984	950
984	954
984	955
984	959
984	960
984	974
984	993
984	997
985	80
985	91
985	116
985	122
985	126
985	151
985	166
985	172
985	214
985	217
985	248
985	267
985	268
985	284
985	305
985	353
985	360
985	366
985	376
985	425
985	441
985	482
985	516
985	539
985	590
985	598
985	620
985	634
985	640
985	644
985	661
985	678
985	681
985	696
985	697
985	716
985	728
985	760
985	773
985	777
985	830
985	840
985	873
985	883
985	894
985	895
985	898
985	912
985	919
985	930
985	932
985	934
985	936
985	944
985	954
985	958
985	967
985	988
985	990
985	992
986	103
986	117
986	129
986	136
986	146
986	154
986	212
986	257
986	342
986	371
986	394
986	403
986	410
986	431
986	495
986	521
986	529
986	532
986	588
986	602
986	613
986	617
986	642
986	646
986	683
986	686
986	688
986	689
986	691
986	694
986	717
986	725
986	737
986	738
986	749
986	751
986	759
986	766
986	794
986	836
986	839
986	847
986	849
986	855
986	860
986	892
986	901
986	920
986	931
986	932
986	933
986	949
986	951
986	964
986	968
986	975
986	977
986	978
986	981
986	990
987	5
987	92
987	94
987	118
987	141
987	150
987	167
987	178
987	194
987	198
987	234
987	245
987	246
987	282
987	338
987	372
987	380
987	412
987	450
987	481
987	522
987	569
987	593
987	614
987	625
987	658
987	662
987	671
987	682
987	698
987	761
987	766
987	783
987	784
987	795
987	796
987	800
987	807
987	816
987	823
987	837
987	857
987	863
987	865
987	867
987	871
987	885
987	895
987	910
987	925
987	929
987	939
987	940
987	953
987	961
987	969
987	971
987	973
987	979
987	983
987	1000
988	20
988	34
988	35
988	67
988	68
988	80
988	122
988	172
988	202
988	208
988	214
988	219
988	226
988	241
988	267
988	284
988	287
988	299
988	305
988	360
988	366
988	376
988	482
988	487
988	516
988	531
988	590
988	593
988	598
988	620
988	634
988	635
988	640
988	644
988	645
988	661
988	678
988	681
988	696
988	697
988	716
988	728
988	748
988	760
988	773
988	777
988	830
988	840
988	883
988	894
988	912
988	918
988	919
988	930
988	932
988	934
988	936
988	944
988	957
988	958
988	967
988	985
988	990
988	995
989	88
989	96
989	103
989	113
989	124
989	136
989	169
989	171
989	189
989	247
989	307
989	312
989	317
989	318
989	322
989	339
989	348
989	393
989	422
989	427
989	466
989	467
989	490
989	500
989	510
989	521
989	538
989	551
989	568
989	602
989	642
989	648
989	663
989	683
989	698
989	714
989	717
989	721
989	732
989	738
989	751
989	756
989	757
989	759
989	794
989	799
989	803
989	822
989	825
989	832
989	836
989	839
989	843
989	847
989	849
989	850
989	855
989	860
989	900
989	901
989	916
989	920
989	949
989	951
989	964
989	965
989	968
989	977
989	978
989	981
989	993
989	998
989	999
990	34
990	35
990	67
990	68
990	91
990	116
990	122
990	126
990	166
990	172
990	202
990	208
990	214
990	217
990	219
990	226
990	241
990	248
990	267
990	268
990	284
990	287
990	288
990	299
990	305
990	353
990	360
990	366
990	376
990	425
990	426
990	482
990	487
990	516
990	531
990	539
990	590
990	598
990	620
990	634
990	635
990	640
990	644
990	661
990	678
990	681
990	693
990	696
990	728
990	760
990	773
990	777
990	830
990	840
990	883
990	894
990	912
990	919
990	930
990	932
990	934
990	936
990	944
990	958
990	967
990	970
990	972
990	982
990	985
990	986
990	988
990	994
990	1000
991	22
991	24
991	32
991	41
991	48
991	53
991	63
991	78
991	87
991	93
991	108
991	111
991	121
991	156
991	187
991	190
991	211
991	240
991	260
991	263
991	279
991	296
991	304
991	308
991	332
991	335
991	383
991	408
991	409
991	410
991	411
991	419
991	462
991	468
991	515
991	519
991	544
991	564
991	589
991	600
991	608
991	611
991	621
991	622
991	637
991	654
991	685
991	690
991	705
991	708
991	724
991	743
991	747
991	753
991	790
991	808
991	814
991	821
991	845
991	868
991	875
991	877
991	880
991	881
991	882
991	885
991	886
991	887
991	897
991	902
991	917
991	927
991	962
991	999
992	19
992	36
992	39
992	47
992	89
992	98
992	155
992	191
992	198
992	223
992	294
992	309
992	311
992	344
992	361
992	377
992	416
992	459
992	464
992	479
992	481
992	494
992	530
992	541
992	545
992	580
992	629
992	645
992	664
992	672
992	706
992	719
992	727
992	736
992	742
992	762
992	771
992	774
992	776
992	782
992	793
992	797
992	810
992	819
992	824
992	831
992	838
992	856
992	862
992	874
992	876
992	881
992	888
992	902
992	905
992	911
992	915
992	923
992	938
992	941
992	945
992	947
992	952
992	953
992	956
992	957
992	964
992	966
992	980
992	982
992	985
992	995
992	998
992	999
992	1000
993	27
993	54
993	70
993	76
993	125
993	142
993	151
993	176
993	222
993	280
993	298
993	315
993	328
993	331
993	349
993	354
993	359
993	375
993	382
993	393
993	445
993	447
993	451
993	452
993	457
993	486
993	496
993	543
993	576
993	587
993	592
993	601
993	603
993	606
993	652
993	674
993	700
993	711
993	715
993	729
993	739
993	755
993	767
993	772
993	780
993	785
993	802
993	809
993	811
993	813
993	835
993	842
993	844
993	851
993	854
993	864
993	870
993	890
993	891
993	893
993	914
993	921
993	922
993	926
993	927
993	928
993	937
993	950
993	954
993	955
993	966
993	969
993	984
993	989
993	997
994	8
994	36
994	99
994	101
994	112
994	131
994	171
994	185
994	199
994	242
994	264
994	266
994	295
994	329
994	337
994	381
994	401
994	404
994	428
994	433
994	440
994	458
994	465
994	473
994	483
994	497
994	503
994	512
994	517
994	525
994	526
994	527
994	535
994	550
994	552
994	557
994	558
994	577
994	578
994	597
994	618
994	630
994	631
994	636
994	650
994	655
994	672
994	673
994	699
994	714
994	765
994	768
994	780
994	787
994	789
994	796
994	843
994	851
994	852
994	858
994	869
994	889
994	897
994	899
994	943
994	946
994	959
994	960
994	963
994	966
994	970
994	972
994	973
994	974
994	979
994	990
994	995
994	996
995	21
995	46
995	89
995	94
995	100
995	106
995	153
995	159
995	174
995	210
995	213
995	219
995	265
995	294
995	336
995	343
995	350
995	377
995	406
995	460
995	491
995	518
995	533
995	628
995	629
995	645
995	647
995	667
995	692
995	706
995	723
995	740
995	746
995	771
995	775
995	782
995	788
995	793
995	797
995	804
995	810
995	819
995	824
995	831
995	833
995	834
995	841
995	846
995	848
995	853
995	872
995	873
995	874
995	876
995	878
995	880
995	896
995	899
995	905
995	907
995	913
995	915
995	923
995	924
995	927
995	930
995	938
995	941
995	942
995	945
995	947
995	952
995	956
995	957
995	959
995	966
995	976
995	982
995	988
995	992
995	994
995	998
995	999
995	1000
996	95
996	99
996	131
996	135
996	145
996	158
996	171
996	173
996	203
996	224
996	229
996	295
996	329
996	330
996	337
996	352
996	368
996	373
996	381
996	397
996	405
996	407
996	428
996	433
996	435
996	437
996	440
996	465
996	471
996	473
996	483
996	512
996	517
996	523
996	526
996	527
996	535
996	546
996	547
996	550
996	558
996	561
996	577
996	597
996	610
996	618
996	630
996	631
996	632
996	650
996	655
996	673
996	677
996	687
996	699
996	717
996	735
996	736
996	765
996	768
996	780
996	787
996	789
996	834
996	843
996	852
996	858
996	866
996	869
996	889
996	897
996	943
996	946
996	947
996	959
996	960
996	963
996	970
996	972
996	973
996	974
996	975
996	980
996	994
996	1000
997	11
997	31
997	40
997	77
997	148
997	151
997	164
997	216
997	238
997	270
997	292
997	303
997	315
997	316
997	349
997	359
997	372
997	375
997	384
997	388
997	395
997	433
997	442
997	451
997	457
997	469
997	504
997	511
997	543
997	555
997	571
997	573
997	584
997	585
997	592
997	601
997	604
997	606
997	624
997	655
997	669
997	674
997	684
997	700
997	704
997	711
997	713
997	715
997	720
997	722
997	729
997	741
997	790
997	791
997	795
997	802
997	805
997	806
997	809
997	811
997	813
997	818
997	828
997	835
997	844
997	851
997	854
997	864
997	870
997	890
997	893
997	909
997	914
997	921
997	922
997	926
997	927
997	928
997	934
997	937
997	950
997	954
997	968
997	975
997	984
997	993
998	2
998	8
998	10
998	19
998	46
998	56
998	75
998	157
998	165
998	271
998	302
998	310
998	314
998	336
998	344
998	354
998	472
998	494
998	539
998	566
998	567
998	612
998	629
998	660
998	670
998	692
998	701
998	706
998	723
998	731
998	736
998	740
998	774
998	775
998	776
998	786
998	788
998	793
998	797
998	804
998	812
998	831
998	838
998	841
998	846
998	853
998	856
998	862
998	872
998	873
998	874
998	876
998	880
998	881
998	896
998	898
998	899
998	900
998	902
998	903
998	904
998	905
998	907
998	911
998	913
998	915
998	919
998	920
998	921
998	923
998	924
998	933
998	938
998	941
998	942
998	945
998	947
998	952
998	966
998	976
998	980
998	983
998	989
998	992
998	995
998	999
998	1000
999	10
999	12
999	17
999	19
999	55
999	58
999	148
999	155
999	301
999	310
999	311
999	334
999	350
999	377
999	396
999	459
999	464
999	479
999	481
999	484
999	530
999	545
999	557
999	567
999	570
999	583
999	628
999	633
999	647
999	651
999	656
999	666
999	701
999	723
999	736
999	740
999	742
999	746
999	762
999	774
999	775
999	776
999	778
999	782
999	788
999	797
999	804
999	810
999	812
999	819
999	824
999	838
999	841
999	846
999	848
999	856
999	861
999	862
999	872
999	873
999	874
999	878
999	880
999	888
999	896
999	899
999	902
999	903
999	905
999	907
999	911
999	913
999	915
999	923
999	924
999	933
999	941
999	942
999	945
999	947
999	952
999	956
999	966
999	971
999	976
999	978
999	980
999	983
999	989
999	991
999	992
999	995
999	998
999	1000
1000	8
1000	15
1000	39
1000	55
1000	73
1000	85
1000	98
1000	100
1000	119
1000	174
1000	193
1000	218
1000	232
1000	271
1000	281
1000	294
1000	314
1000	318
1000	327
1000	343
1000	358
1000	380
1000	406
1000	416
1000	446
1000	460
1000	472
1000	492
1000	545
1000	570
1000	629
1000	645
1000	651
1000	656
1000	664
1000	687
1000	692
1000	693
1000	700
1000	731
1000	742
1000	746
1000	774
1000	775
1000	776
1000	778
1000	782
1000	793
1000	804
1000	812
1000	819
1000	833
1000	838
1000	841
1000	846
1000	848
1000	855
1000	856
1000	862
1000	872
1000	874
1000	876
1000	881
1000	888
1000	896
1000	898
1000	899
1000	902
1000	904
1000	905
1000	907
1000	913
1000	923
1000	924
1000	933
1000	938
1000	941
1000	942
1000	944
1000	945
1000	952
1000	956
1000	957
1000	966
1000	976
1000	980
1000	982
1000	987
1000	990
1000	992
1000	995
1000	996
1000	998
1000	999
