1	152
1	776
1	888
2	971
2	992
2	1000
3	756
3	953
3	997
4	175
4	857
4	973
5	991
5	993
5	995
6	950
6	989
6	997
7	431
7	963
7	985
8	891
8	988
8	997
9	978
9	999
9	1000
10	871
10	906
10	923
11	569
11	605
11	965
12	794
12	888
12	916
13	145
13	894
13	903
14	840
14	989
14	997
15	857
15	917
15	942
16	932
16	989
16	997
17	915
17	917
17	957
18	954
18	973
18	1000
19	960
19	998
19	1000
20	724
20	911
20	958
21	306
21	659
21	960
22	131
22	398
22	995
23	977
23	994
23	996
24	58
24	767
24	986
25	827
25	926
25	967
26	671
26	981
26	983
27	990
27	993
27	995
28	455
28	887
28	997
29	826
29	956
29	1000
30	810
30	954
30	993
31	963
31	984
31	988
32	565
32	833
32	950
33	844
33	999
33	1000
34	834
34	876
34	942
35	962
35	982
35	995
36	136
36	927
36	987
37	351
37	437
37	974
38	877
38	942
38	975
39	557
39	974
39	976
40	423
40	964
40	986
41	540
41	975
41	998
42	901
42	924
42	995
43	874
43	991
43	995
44	993
44	995
44	999
45	915
45	957
45	998
46	691
46	933
46	973
47	738
47	991
47	993
48	796
48	833
48	932
49	574
49	926
49	998
50	695
50	729
50	888
51	688
51	827
51	976
52	930
52	935
52	987
53	898
53	944
53	946
54	940
54	947
54	993
55	546
55	925
55	964
56	157
56	576
56	981
57	537
57	626
57	981
58	24
58	944
58	964
59	790
59	957
59	998
60	312
60	768
60	946
61	725
61	778
61	979
62	642
62	893
62	974
63	863
63	932
63	989
64	912
64	967
64	976
65	246
65	910
65	998
66	915
66	952
66	998
67	677
67	968
67	982
68	341
68	979
68	983
69	679
69	714
69	799
70	696
70	990
70	993
71	316
71	448
71	780
72	875
72	918
72	985
73	986
73	988
73	989
74	948
74	977
74	989
75	489
75	649
75	913
76	638
76	816
76	898
77	803
77	991
77	995
78	901
78	970
78	993
79	395
79	979
79	981
80	553
80	786
80	933
81	772
81	837
81	957
82	428
82	614
82	983
83	363
83	961
83	999
84	819
84	982
84	993
85	937
85	992
85	999
86	970
86	990
86	993
87	347
87	957
87	998
88	848
88	865
88	880
89	732
89	854
89	994
90	980
90	984
90	997
91	862
91	872
91	981
92	152
92	979
92	981
93	436
93	894
93	983
94	217
94	863
94	956
95	830
95	992
95	1000
96	926
96	946
96	976
97	795
97	885
97	967
98	932
98	997
98	999
99	857
99	915
99	998
100	947
100	970
100	990
101	267
101	948
101	980
102	466
102	812
102	917
103	556
103	844
103	992
104	692
104	861
104	880
105	872
105	952
105	998
106	286
106	840
106	980
107	211
107	993
107	995
108	478
108	839
108	987
109	955
109	971
109	992
110	925
110	964
110	997
111	621
111	902
111	973
112	435
112	576
112	987
113	920
113	991
113	995
114	873
114	972
114	978
115	656
115	954
115	992
116	218
116	966
116	967
117	751
117	872
117	979
118	938
118	947
118	955
119	814
119	833
119	891
120	290
120	910
120	957
121	411
121	888
121	983
122	895
122	977
122	996
123	465
123	964
123	997
124	929
124	959
124	1000
125	864
125	985
125	996
126	880
126	943
126	997
127	903
127	916
127	996
128	897
128	906
128	988
129	877
129	942
129	975
130	962
130	991
130	995
131	22
131	543
131	948
132	903
132	969
132	996
133	564
133	984
133	989
134	712
134	892
134	903
135	855
135	952
135	998
136	36
136	882
136	987
137	505
137	966
137	992
138	433
138	801
138	987
139	908
139	994
139	996
140	693
140	912
140	976
141	969
141	973
141	1000
142	913
142	931
142	994
143	209
143	897
143	984
144	806
144	827
144	967
145	13
145	972
145	994
146	908
146	939
146	977
147	922
147	979
147	981
148	940
148	941
148	1000
149	913
149	972
149	994
150	943
150	988
150	989
151	750
151	961
151	992
152	1
152	92
152	360
153	968
153	993
153	995
154	784
154	942
154	952
155	877
155	968
155	995
156	828
156	948
156	985
157	56
157	888
157	983
158	914
158	936
158	969
159	837
159	857
159	917
160	781
160	930
160	987
161	526
161	627
161	996
162	757
162	833
162	976
163	952
163	969
163	998
164	905
164	982
164	995
165	924
165	990
165	995
166	216
166	799
166	971
167	906
167	986
167	988
168	921
168	987
168	996
169	950
169	984
169	989
170	893
170	898
170	974
171	327
171	666
171	862
172	861
172	950
172	963
173	761
173	921
173	987
174	511
174	897
174	953
175	4
175	917
175	975
176	874
176	993
176	995
177	908
177	951
177	985
178	327
178	501
178	952
179	680
179	953
179	964
180	262
180	879
180	994
181	667
181	883
181	946
182	563
182	883
182	948
183	302
183	957
183	998
184	980
184	997
184	999
185	810
185	957
185	998
186	767
186	979
186	981
187	959
187	961
187	1000
188	556
188	965
188	977
189	454
189	978
189	1000
190	333
190	876
190	993
191	895
191	962
191	982
192	885
192	892
192	976
193	604
193	737
193	904
194	626
194	984
194	997
195	721
195	914
195	982
196	951
196	977
196	994
197	869
197	888
197	904
198	873
198	896
198	997
199	592
199	803
199	996
200	748
200	907
200	995
201	924
201	990
201	995
202	302
202	910
202	943
203	706
203	926
203	946
204	813
204	932
204	963
205	350
205	379
205	992
206	553
206	992
206	1000
207	918
207	977
207	994
208	964
208	977
208	985
209	143
209	989
209	997
210	610
210	927
210	987
211	107
211	968
211	991
212	622
212	887
212	983
213	547
213	785
213	998
214	969
214	999
214	1000
215	741
215	903
215	996
216	166
216	975
216	998
217	94
217	754
217	890
218	116
218	926
218	967
219	848
219	960
219	978
220	307
220	904
220	979
221	864
221	903
221	993
222	670
222	993
222	995
223	688
223	967
223	974
224	702
224	890
224	917
225	928
225	956
225	980
226	364
226	882
226	987
227	683
227	822
227	940
228	948
228	956
228	963
229	968
229	990
229	993
230	488
230	924
230	990
231	685
231	773
231	957
232	484
232	854
232	994
233	948
233	953
233	997
234	835
234	904
234	940
235	966
235	994
235	996
236	975
236	997
236	998
237	750
237	992
237	1000
238	952
238	957
238	998
239	678
239	734
239	893
240	752
240	927
240	987
241	604
241	872
241	979
242	771
242	993
242	997
243	843
243	966
243	994
244	789
244	897
244	984
245	885
245	969
245	971
246	65
246	501
246	858
247	885
247	886
247	926
248	339
248	769
248	989
249	922
249	981
249	994
250	988
250	994
250	997
251	744
251	918
251	999
252	855
252	881
252	998
253	677
253	818
253	995
254	483
254	530
254	870
255	809
255	914
255	958
256	899
256	962
256	970
257	460
257	642
257	881
258	812
258	952
258	998
259	929
259	960
259	1000
260	386
260	909
260	991
261	815
261	939
261	966
262	180
262	548
262	916
263	962
263	990
263	995
264	599
264	850
264	987
265	952
265	975
265	1000
266	737
266	966
266	972
267	101
267	814
267	997
268	881
268	979
268	981
269	966
269	994
269	996
270	861
270	986
270	989
271	276
271	506
271	687
272	823
272	977
272	994
273	402
273	781
273	788
274	932
274	948
274	989
275	469
275	649
275	778
276	271
276	981
276	983
277	532
277	897
277	945
278	750
278	944
278	984
279	832
279	942
279	998
280	573
280	703
280	735
281	781
281	808
281	994
281	996
282	977
282	986
282	994
282	996
283	507
283	900
283	927
283	987
284	958
284	977
284	985
284	996
285	467
285	640
285	888
285	924
286	106
286	745
286	943
286	956
287	492
287	788
287	894
287	896
288	560
288	929
288	992
288	999
289	841
289	926
289	946
289	976
290	120
290	666
290	857
290	975
291	610
291	801
291	900
291	987
292	658
292	791
292	949
292	990
293	651
293	707
293	973
293	982
294	530
294	884
294	955
294	969
295	537
295	618
295	876
295	990
296	636
296	938
296	992
296	1000
297	415
297	420
297	608
297	979
298	793
298	977
298	994
298	996
299	845
299	943
299	978
299	999
300	960
300	965
300	973
300	999
301	777
301	817
301	956
301	984
302	183
302	202
302	595
302	910
303	687
303	856
303	872
303	981
304	559
304	915
304	952
304	998
305	468
305	504
305	923
305	984
306	21
306	624
306	933
306	999
307	220
307	614
307	872
307	983
308	561
308	870
308	904
308	983
309	374
309	910
309	942
309	975
310	919
310	990
310	993
310	995
311	768
311	795
311	886
311	974
312	60
312	946
312	974
312	976
313	668
313	900
313	921
313	987
314	904
314	979
314	983
314	992
315	517
315	607
315	926
315	967
316	71
316	745
316	825
316	962
317	376
317	894
317	903
317	939
318	658
318	731
318	822
318	984
319	524
319	694
319	817
319	988
320	841
320	893
320	976
320	993
321	982
321	991
321	993
321	995
322	327
322	934
322	957
322	965
323	940
323	969
323	971
323	983
324	609
324	620
324	965
324	975
325	942
325	965
325	999
325	1000
326	959
326	992
326	999
326	1000
327	171
327	178
327	322
327	934
328	821
328	951
328	983
328	996
329	652
329	708
329	889
329	951
330	927
330	930
330	935
330	987
331	384
331	892
331	961
331	999
332	640
332	767
332	881
332	922
333	190
333	945
333	989
333	997
334	389
334	955
334	992
334	999
335	437
335	821
335	849
335	996
336	632
336	947
336	991
336	999
337	916
337	977
337	985
337	996
338	813
338	911
338	971
338	999
339	248
339	980
339	986
339	989
340	955
340	958
340	971
340	978
341	68
341	664
341	869
341	981
342	479
342	991
342	993
342	995
343	686
343	856
343	919
343	990
344	723
344	914
344	962
344	982
345	869
345	881
345	981
345	983
346	678
346	883
346	946
346	976
347	87
347	501
347	858
347	998
348	889
348	966
348	972
348	983
349	948
349	981
349	988
349	997
350	205
350	432
350	797
350	971
351	37
351	958
351	992
351	1000
352	854
352	945
352	963
352	986
353	591
353	673
353	923
353	944
354	572
354	876
354	968
354	982
355	716
355	910
355	952
355	998
356	831
356	954
356	969
356	988
357	765
357	952
357	957
357	998
358	555
358	616
358	866
358	980
359	698
359	921
359	930
359	987
360	152
360	728
360	736
360	888
361	828
361	936
361	984
361	986
362	950
362	959
362	971
362	999
363	83
363	971
363	973
363	978
364	226
364	527
364	739
364	987
365	789
365	903
365	994
365	996
366	917
366	952
366	957
366	998
367	539
367	840
367	923
367	997
368	795
368	912
368	946
368	967
369	808
369	814
369	980
369	994
370	387
370	626
370	904
370	983
371	387
371	725
371	794
371	981
372	479
372	924
372	981
372	991
373	947
373	991
373	993
373	995
374	309
374	721
374	910
374	998
375	818
375	970
375	993
375	995
376	317
376	431
376	977
376	996
377	443
377	554
377	862
377	972
378	942
378	952
378	994
378	998
379	205
379	727
379	973
379	1000
380	736
380	922
380	983
380	992
381	784
381	895
381	951
381	994
382	835
382	958
382	961
382	999
383	735
383	953
383	963
383	964
384	331
384	766
384	992
384	1000
385	891
385	958
385	980
385	988
386	260
386	915
386	934
386	998
387	370
387	371
387	776
387	855
388	799
388	877
388	934
388	952
389	334
389	450
389	969
389	971
390	565
390	964
390	986
390	997
391	689
391	856
391	965
391	1000
392	506
392	778
392	981
392	983
393	579
393	906
393	980
393	997
394	920
394	993
394	995
394	998
395	79
395	449
395	981
395	983
396	762
396	851
396	887
396	986
397	665
397	857
397	975
397	998
398	22
398	649
398	979
398	983
399	770
399	829
399	921
399	987
400	866
400	912
400	945
400	989
401	970
401	990
401	993
401	995
402	273
402	913
402	972
402	985
403	910
403	934
403	952
403	975
404	921
404	947
404	962
404	991
405	858
405	952
405	975
405	998
406	937
406	959
406	971
406	992
407	887
407	928
407	945
407	988
408	855
408	862
408	915
408	998
409	844
409	988
409	992
409	1000
410	831
410	923
410	984
410	986
411	121
411	870
411	979
411	981
412	952
412	957
412	975
412	998
413	447
413	972
413	977
413	994
414	956
414	964
414	986
414	989
415	297
415	603
415	648
415	979
416	916
416	984
416	994
416	996
417	540
417	862
417	937
417	998
418	522
418	710
418	880
418	964
419	565
419	703
419	802
419	1000
420	297
420	474
420	640
420	981
421	973
421	979
421	981
421	983
422	851
422	927
422	930
422	935
423	40
423	823
423	865
423	997
424	738
424	964
424	986
424	988
425	762
425	956
425	963
425	997
426	964
426	980
426	984
426	989
427	467
427	798
427	881
427	917
428	82
428	846
428	981
428	983
429	694
429	858
429	942
429	975
430	821
430	896
430	972
430	994
431	7
431	376
431	781
431	994
432	350
432	961
432	971
432	978
433	138
433	478
433	656
433	987
434	556
434	615
434	968
434	993
435	112
435	853
435	935
435	987
436	93
436	639
436	725
436	798
437	37
437	335
437	816
437	976
438	970
438	982
438	990
438	991
439	557
439	588
439	902
439	967
440	441
440	815
440	939
440	996
441	440
441	931
441	977
441	996
442	941
442	954
442	961
442	992
443	377
443	753
443	783
443	994
444	951
444	972
444	994
444	996
445	916
445	939
445	951
445	996
446	583
446	632
446	982
446	990
447	413
447	835
447	860
447	889
448	71
448	962
448	982
448	991
449	395
449	798
449	981
449	983
450	389
450	972
450	985
450	994
451	597
451	991
451	993
451	995
452	806
452	912
452	926
452	974
453	886
453	946
453	967
453	976
454	189
454	954
454	955
454	999
455	28
455	866
455	956
455	963
456	544
456	580
456	990
456	991
457	809
457	946
457	967
457	974
457	976
458	779
458	785
458	952
458	957
458	998
459	693
459	820
459	912
459	967
459	974
460	257
460	558
460	575
460	778
460	872
461	711
461	917
461	930
461	935
461	987
462	521
462	937
462	959
462	960
462	988
463	529
463	569
463	786
463	941
463	999
464	699
464	836
464	949
464	991
464	993
465	123
465	846
465	949
465	989
465	997
466	102
466	814
466	837
466	917
466	998
467	285
467	427
467	705
467	798
467	979
468	305
468	896
468	925
468	980
468	989
469	275
469	575
469	608
469	649
469	979
470	636
470	710
470	933
470	999
470	1000
471	594
471	964
471	980
471	988
471	997
472	736
472	751
472	767
472	872
472	922
473	548
473	600
473	896
473	939
473	994
474	420
474	639
474	671
474	776
474	872
475	689
475	903
475	969
475	999
475	1000
476	493
476	716
476	857
476	957
476	975
477	577
477	852
477	930
477	935
477	987
478	108
478	433
478	927
478	930
478	987
479	342
479	372
479	905
479	982
479	991
480	816
480	912
480	926
480	967
480	974
481	830
481	959
481	968
481	999
481	1000
482	621
482	647
482	958
482	961
482	999
483	254
483	589
483	971
483	973
483	999
484	232
484	730
484	803
484	966
484	972
485	772
485	774
485	885
485	912
485	963
486	709
486	910
486	915
486	934
486	998
487	513
487	623
487	685
487	741
487	998
488	230
488	811
488	931
488	990
488	995
489	75
489	703
489	979
489	981
489	983
490	749
490	916
490	939
490	990
490	996
491	838
491	939
491	985
491	994
491	996
492	287
492	644
492	935
492	966
492	972
493	476
493	525
493	917
493	930
493	998
494	776
494	926
494	946
494	967
494	976
495	503
495	599
495	900
495	935
495	987
496	675
496	875
496	895
496	939
496	976
497	686
497	914
497	937
497	941
497	1000
498	581
498	602
498	777
498	863
498	932
499	820
499	883
499	885
499	967
499	976
500	644
500	824
500	903
500	977
500	994
501	178
501	246
501	347
501	957
501	998
502	692
502	743
502	952
502	991
502	998
503	495
503	861
503	930
503	935
503	987
504	305
504	756
504	949
504	950
504	986
505	137
505	809
505	938
505	961
505	999
506	271
506	392
506	918
506	981
506	983
507	283
507	739
507	851
507	852
507	987
508	552
508	802
508	950
508	953
508	984
509	916
509	931
509	970
509	994
509	996
510	545
510	641
510	961
510	965
510	978
511	174
511	762
511	945
511	953
511	993
512	909
512	927
512	991
512	993
512	995
513	487
513	646
513	855
513	910
513	998
514	938
514	969
514	992
514	996
514	1000
515	700
515	885
515	946
515	976
515	998
516	730
516	933
516	943
516	954
516	999
517	315
517	775
517	974
517	976
517	995
518	685
518	716
518	934
518	942
518	998
519	601
519	891
519	929
519	960
519	971
520	634
520	915
520	942
520	975
520	998
521	462
521	746
521	770
521	959
521	978
522	418
522	932
522	943
522	986
522	997
523	617
523	769
523	828
523	953
523	988
524	319
524	887
524	891
524	950
524	997
525	493
525	675
525	942
525	975
525	998
526	161
526	821
526	889
526	968
526	996
527	364
527	797
527	921
527	930
527	987
528	648
528	751
528	778
528	979
528	983
529	463
529	658
529	960
529	973
529	1000
530	254
530	294
530	585
530	981
530	983
531	707
531	727
531	742
531	999
531	1000
532	277
532	854
532	895
532	994
532	996
533	869
533	872
533	904
533	979
533	981
534	584
534	772
534	775
534	828
534	926
535	751
535	915
535	942
535	975
535	998
536	748
536	899
536	968
536	991
536	993
537	57
537	295
537	561
537	881
537	979
538	788
538	824
538	895
538	939
538	977
539	367
539	549
539	928
539	950
539	997
540	41
540	417
540	799
540	880
540	998
541	567
541	632
541	644
541	873
541	908
542	654
542	953
542	988
542	989
542	997
543	131
543	905
543	920
543	990
543	993
544	456
544	650
544	856
544	970
544	993
545	510
545	719
545	938
545	954
545	978
546	55
546	923
546	950
546	955
546	984
547	213
547	915
547	934
547	988
547	998
548	262
548	473
548	916
548	994
548	996
549	539
549	873
549	985
549	994
549	996
550	865
550	879
550	918
550	972
550	996
551	675
551	928
551	931
551	977
551	996
552	508
552	949
552	980
552	986
552	997
553	80
553	206
553	989
553	999
553	1000
554	377
554	823
554	889
554	951
554	985
554	994
555	358
555	825
555	901
555	968
555	991
555	995
556	103
556	188
556	434
556	760
556	960
556	999
557	39
557	439
557	753
557	772
557	974
557	976
558	460
558	566
558	947
558	990
558	991
558	995
559	304
559	740
559	960
559	978
559	992
559	1000
560	288
560	645
560	914
560	954
560	960
560	999
561	308
561	537
561	722
561	729
561	881
561	888
562	635
562	696
562	901
562	919
562	968
562	993
563	182
563	607
563	716
563	775
563	806
563	974
564	133
564	863
564	943
564	956
564	983
564	984
565	32
565	390
565	419
565	891
565	925
565	988
566	558
566	652
566	757
566	805
566	990
566	993
567	541
567	803
567	804
567	855
567	896
567	985
568	613
568	947
568	970
568	982
568	991
568	993
569	11
569	463
569	958
569	960
569	992
569	1000
570	726
570	755
570	807
570	839
570	935
570	987
571	907
571	962
571	968
571	982
571	993
571	995
572	354
572	937
572	940
572	954
572	959
572	999
573	280
573	800
573	897
573	956
573	963
573	997
574	49
574	773
574	917
574	957
574	975
574	998
575	460
575	469
575	583
575	904
575	933
575	983
576	56
576	112
576	579
576	701
576	881
576	904
577	477
577	919
577	990
577	991
577	993
577	995
578	750
578	884
578	909
578	969
578	999
578	1000
579	393
579	576
579	725
579	870
579	981
579	983
580	456
580	693
580	883
580	946
580	974
580	976
581	498
581	637
581	925
581	953
581	980
581	986
582	864
582	903
582	951
582	966
582	972
582	977
583	446
583	575
583	767
583	904
583	979
583	983
584	534
584	820
584	883
584	961
584	974
584	976
585	530
585	664
585	729
585	882
585	922
585	981
586	587
586	707
586	733
586	965
586	973
586	992
587	586
587	845
587	902
587	938
587	961
587	992
588	439
588	654
588	772
588	885
588	974
588	976
589	483
589	809
589	845
589	955
589	969
589	999
590	790
590	915
590	942
590	957
590	960
590	998
591	353
591	838
591	951
591	972
591	977
591	994
592	199
592	744
592	875
592	939
592	994
592	996
593	859
593	890
593	949
593	963
593	986
593	988
594	471
594	814
594	943
594	953
594	961
594	988
595	302
595	924
595	968
595	970
595	990
595	995
596	887
596	925
596	949
596	986
596	989
596	997
597	451
597	962
597	982
597	990
597	991
597	995
598	755
598	804
598	815
598	896
598	985
598	996
599	264
599	495
599	648
599	719
599	921
599	935
600	473
600	639
600	951
600	966
600	994
600	996
601	519
601	830
601	936
601	965
601	973
601	992
602	498
602	661
602	834
602	982
602	990
602	993
603	415
603	751
603	794
603	869
603	922
603	979
604	193
604	241
604	608
604	922
604	983
604	991
605	11
605	909
605	919
605	970
605	993
605	995
606	929
606	955
606	961
606	971
606	999
606	1000
607	315
607	563
607	774
607	946
607	976
607	978
608	297
608	469
608	604
608	904
608	979
608	983
609	324
609	892
609	936
609	937
609	978
609	1000
610	210
610	291
610	921
610	930
610	987
610	1000
611	612
611	962
611	968
611	970
611	991
611	995
612	611
612	954
612	961
612	978
612	999
612	1000
613	568
613	838
613	918
613	966
613	972
613	996
614	82
614	307
614	767
614	870
614	878
614	979
615	434
615	637
615	962
615	982
615	991
615	993
616	358
616	863
616	943
616	980
616	986
616	988
617	523
617	684
617	791
617	887
617	890
617	998
618	295
618	652
618	768
618	947
618	991
618	993
619	962
619	968
619	970
619	976
619	990
619	995
620	324
620	740
620	884
620	941
620	959
620	999
621	111
621	482
621	911
621	969
621	973
621	992
622	212
622	639
622	869
622	872
622	904
622	981
623	487
623	634
623	666
623	862
623	910
623	998
624	306
624	740
624	793
624	884
624	910
624	969
625	735
625	833
625	892
625	945
625	988
625	997
626	57
626	194
626	370
626	695
626	922
626	983
627	161
627	811
627	823
627	895
627	972
627	977
628	810
628	899
628	962
628	970
628	991
628	995
629	699
629	856
629	947
629	982
629	990
629	993
630	852
630	853
630	882
630	927
630	930
630	987
631	778
631	911
631	937
631	965
631	992
631	1000
632	336
632	446
632	541
632	834
632	968
632	995
633	894
633	918
633	945
633	966
633	972
633	977
634	520
634	623
634	812
634	877
634	942
634	998
635	562
635	856
635	909
635	919
635	962
635	978
635	995
636	296
636	470
636	884
636	929
636	941
636	961
636	1000
637	581
637	615
637	846
637	928
637	944
637	949
637	989
638	76
638	772
638	883
638	946
638	974
638	976
638	993
639	436
639	474
639	600
639	622
639	695
639	904
639	922
640	285
640	332
640	420
640	778
640	922
640	932
640	981
641	510
641	940
641	941
641	955
641	965
641	992
641	999
642	62
642	257
642	886
642	898
642	912
642	967
642	976
643	852
643	899
643	900
643	921
643	927
643	930
643	935
644	492
644	500
644	541
644	755
644	894
644	915
644	994
645	560
645	819
645	845
645	936
645	971
645	973
645	999
646	513
646	727
646	822
646	937
646	978
646	992
646	1000
647	482
647	829
647	851
647	921
647	927
647	930
647	987
648	415
648	528
648	599
648	722
648	922
648	981
648	983
649	75
649	275
649	398
649	469
649	671
649	729
649	979
650	544
650	743
650	773
650	934
650	957
650	975
650	998
651	293
651	911
651	936
651	958
651	959
651	992
651	1000
652	329
652	566
652	618
652	810
652	834
652	962
652	993
653	914
653	933
653	941
653	955
653	978
653	980
653	999
654	542
654	588
654	898
654	946
654	967
654	974
654	976
655	719
655	826
655	892
655	958
655	965
655	978
655	1000
656	115
656	433
656	955
656	969
656	973
656	999
656	1000
657	867
657	908
657	948
657	950
657	964
657	980
657	984
658	292
658	318
658	529
658	925
658	948
658	964
658	988
659	21
659	733
659	888
659	941
659	955
659	960
659	1000
660	861
660	950
660	963
660	984
660	986
660	988
660	997
661	602
661	878
661	947
661	978
661	982
661	991
661	995
662	817
662	859
662	944
662	953
662	963
662	980
662	988
663	677
663	707
663	811
663	909
663	919
663	990
663	993
664	341
664	585
664	870
664	979
664	981
664	983
664	997
665	397
665	743
665	790
665	900
665	910
665	915
665	998
666	171
666	290
666	623
666	774
666	799
666	877
666	975
667	181
667	676
667	681
667	688
667	795
667	893
667	974
668	313
668	829
668	850
668	882
668	930
668	935
668	987
669	765
669	855
669	858
669	934
669	952
669	957
669	998
670	222
670	715
670	792
670	982
670	990
670	993
670	995
671	26
671	474
671	649
671	872
671	922
671	981
671	983
672	723
672	810
672	904
672	920
672	924
672	970
672	991
673	353
673	858
673	928
673	980
673	986
673	988
673	997
674	807
674	836
674	907
674	970
674	990
674	993
674	995
675	496
675	525
675	551
675	789
675	931
675	985
675	994
676	667
676	768
676	775
676	898
676	967
676	974
676	976
677	67
677	253
677	663
677	878
677	901
677	990
677	997
678	239
678	346
678	768
678	935
678	946
678	974
678	976
679	69
679	694
679	709
679	716
679	785
679	942
679	998
680	179
680	866
680	880
680	887
680	950
680	952
680	997
681	667
681	684
681	774
681	816
681	893
681	926
681	967
682	802
682	831
682	965
682	973
682	978
682	999
682	1000
683	227
683	689
683	902
683	959
683	990
683	999
683	1000
684	617
684	681
684	943
684	950
684	964
684	989
684	997
685	231
685	487
685	518
685	837
685	927
685	975
685	998
686	343
686	497
686	742
686	826
686	892
686	999
686	1000
687	271
687	303
687	701
687	705
687	806
687	888
687	981
688	51
688	223
688	667
688	775
688	806
688	974
688	987
689	391
689	475
689	683
689	857
689	884
689	992
689	999
690	711
690	801
690	839
690	927
690	930
690	952
690	987
691	46
691	694
691	799
691	934
691	952
691	957
691	998
692	104
692	502
692	759
692	784
692	790
692	910
692	917
692	975
693	140
693	459
693	580
693	841
693	868
693	898
693	967
693	974
694	319
694	429
694	679
694	691
694	858
694	917
694	975
694	998
695	50
695	626
695	639
695	798
695	881
695	979
695	981
695	998
696	70
696	562
696	947
696	962
696	970
696	982
696	990
696	991
697	738
697	762
697	891
697	948
697	949
697	984
697	988
697	993
698	359
698	726
698	852
698	853
698	921
698	927
698	935
698	987
699	464
699	629
699	818
699	874
699	876
699	920
699	991
699	995
700	515
700	841
700	886
700	893
700	901
700	926
700	967
700	976
701	576
701	687
701	737
701	798
701	872
701	979
701	981
701	983
702	224
702	765
702	773
702	862
702	910
702	917
702	980
702	998
703	280
703	419
703	489
703	861
703	865
703	986
703	989
703	997
704	813
704	929
704	933
704	937
704	961
704	965
704	980
704	992
705	467
705	687
705	729
705	798
705	979
705	981
705	983
705	989
706	203
706	734
706	757
706	898
706	926
706	967
706	976
706	984
707	293
707	531
707	586
707	663
707	871
707	965
707	973
707	992
708	329
708	758
708	850
708	873
708	951
708	972
708	994
708	996
709	486
709	679
709	765
709	837
709	855
709	910
709	975
709	999
710	418
710	470
710	846
710	928
710	932
710	963
710	984
710	988
711	461
711	690
711	882
711	900
711	921
711	927
711	949
711	987
712	134
712	787
712	829
712	889
712	966
712	972
712	985
712	996
713	878
713	901
713	924
713	947
713	970
713	991
713	993
713	995
714	69
714	790
714	799
714	837
714	877
714	934
714	975
714	998
715	670
715	741
715	758
715	821
715	823
715	896
715	908
715	996
716	355
716	476
716	518
716	563
716	679
716	952
716	975
716	998
717	774
717	806
717	885
717	886
717	912
717	967
717	974
717	976
718	783
718	874
718	899
718	907
718	962
718	990
718	991
718	995
719	545
719	599
719	655
719	911
719	965
719	973
719	999
719	1000
720	878
720	896
720	899
720	962
720	968
720	990
720	991
720	995
721	195
721	374
721	825
721	836
721	899
721	990
721	993
721	995
722	561
722	648
722	751
722	825
722	869
722	979
722	981
722	983
723	344
723	672
723	874
723	901
723	962
723	968
723	982
723	995
724	20
724	831
724	933
724	960
724	961
724	978
724	999
724	1000
725	61
725	371
725	436
725	579
725	749
725	881
725	981
725	983
726	570
726	698
726	752
726	839
726	850
726	935
726	970
726	987
727	379
727	531
727	646
727	796
727	965
727	992
727	999
727	1000
728	360
728	760
728	813
728	847
728	938
728	969
728	999
728	1000
729	50
729	561
729	585
729	649
729	705
729	888
729	947
729	979
730	484
730	516
730	892
730	936
730	938
730	978
730	992
730	1000
731	318
731	897
731	921
731	944
731	949
731	956
731	986
731	997
732	89
732	824
732	903
732	931
732	951
732	985
732	994
732	996
733	586
733	659
733	911
733	941
733	954
733	955
733	992
733	999
734	239
734	706
734	885
734	893
734	926
734	935
734	946
734	967
734	974
735	280
735	383
735	625
735	777
735	932
735	944
735	986
735	995
735	997
736	360
736	380
736	472
736	776
736	869
736	870
736	897
736	981
736	983
737	193
737	266
737	701
737	776
737	870
737	872
737	888
737	981
737	983
738	47
738	424
738	697
738	945
738	950
738	953
738	963
738	988
738	997
739	364
739	507
739	752
739	807
739	851
739	852
739	935
739	962
739	987
740	559
740	620
740	624
740	822
740	871
740	905
740	914
740	955
740	1000
741	215
741	487
741	715
741	821
741	894
741	895
741	985
741	994
741	996
742	531
742	686
742	818
742	832
742	835
742	892
742	959
742	973
742	992
743	502
743	650
743	665
743	857
743	862
743	877
743	917
743	934
743	949
744	251
744	592
744	755
744	860
744	889
744	918
744	990
744	994
744	996
745	286
745	316
745	891
745	945
745	948
745	956
745	963
745	984
745	997
746	521
746	826
746	911
746	914
746	929
746	936
746	938
746	954
746	994
747	753
747	854
747	931
747	939
747	966
747	985
747	987
747	994
747	996
748	200
748	536
748	771
748	876
748	907
748	947
748	982
748	991
748	995
749	490
749	725
749	779
749	815
749	894
749	896
749	972
749	977
749	994
750	151
750	237
750	278
750	578
750	793
750	835
750	938
750	955
750	971
751	117
751	472
751	528
751	535
751	603
751	722
751	870
751	979
751	983
752	240
752	726
752	739
752	824
752	829
752	850
752	900
752	921
752	987
753	443
753	557
753	747
753	843
753	939
753	966
753	977
753	985
753	996
754	217
754	766
754	821
754	861
754	880
754	948
754	949
754	986
754	989
755	570
755	598
755	644
755	744
755	879
755	931
755	951
755	985
755	996
756	3
756	504
756	798
756	923
756	963
756	964
756	980
756	988
756	997
757	162
757	566
757	706
757	775
757	820
757	946
757	967
757	974
757	976
758	708
758	715
758	833
758	849
758	939
758	966
758	977
758	985
758	994
759	692
759	784
759	785
759	858
759	862
759	915
759	928
759	975
759	998
760	556
760	728
760	812
760	826
760	832
760	911
760	955
760	992
760	1000
761	173
761	852
761	853
761	886
761	900
761	927
761	930
761	935
761	987
762	396
762	425
762	511
762	697
762	932
762	945
762	948
762	988
762	997
763	874
763	899
763	909
763	920
763	947
763	970
763	989
763	993
763	995
764	906
764	937
764	944
764	950
764	956
764	980
764	984
764	989
764	997
765	357
765	669
765	702
765	709
765	804
765	812
765	855
765	877
765	998
766	384
766	754
766	863
766	865
766	891
766	964
766	980
766	984
766	986
766	989
767	24
767	186
767	332
767	472
767	583
767	614
767	881
767	888
767	979
767	983
768	60
768	311
768	618
768	676
768	678
768	820
768	827
768	926
768	967
768	974
769	248
769	523
769	828
769	861
769	865
769	928
769	941
769	948
769	953
769	984
770	399
770	521
770	813
770	911
770	941
770	959
770	961
770	969
770	971
770	1000
771	242
771	748
771	924
771	944
771	947
771	962
771	970
771	990
771	991
771	993
772	81
772	485
772	534
772	557
772	588
772	638
772	886
772	898
772	967
772	974
773	231
773	574
773	650
773	702
773	855
773	877
773	952
773	975
773	994
773	998
774	485
774	607
774	666
774	681
774	717
774	806
774	886
774	893
774	967
774	976
775	517
775	534
775	563
775	676
775	688
775	757
775	837
775	841
775	885
775	974
776	1
776	387
776	474
776	494
776	736
776	737
776	869
776	922
776	979
776	981
777	301
777	498
777	735
777	800
777	953
777	970
777	980
777	986
777	988
777	997
778	61
778	275
778	392
778	460
778	528
778	631
778	640
778	794
778	904
778	922
779	458
779	749
779	781
779	843
779	879
779	939
779	977
779	985
779	994
779	996
780	71
780	899
780	905
780	919
780	924
780	933
780	968
780	982
780	993
780	995
781	160
781	273
781	281
781	431
781	779
781	823
781	875
781	908
781	972
781	996
782	861
782	897
782	950
782	956
782	963
782	980
782	981
782	988
782	989
782	997
783	443
783	718
783	804
783	838
783	879
783	895
783	972
783	985
783	994
783	996
784	154
784	381
784	692
784	759
784	858
784	917
784	934
784	957
784	975
784	998
785	213
785	458
785	679
785	759
785	858
785	917
785	942
785	963
785	975
785	998
786	80
786	463
786	866
786	933
786	940
786	958
786	978
786	992
786	999
786	1000
787	712
787	815
787	817
787	849
787	864
787	895
787	896
787	916
787	994
787	996
788	273
788	287
788	538
788	804
788	860
788	896
788	942
788	951
788	985
788	994
789	244
789	365
789	675
789	873
789	875
789	951
789	966
789	985
789	994
789	996
790	59
790	590
790	665
790	692
790	714
790	882
790	942
790	957
790	975
790	998
791	292
791	617
791	802
791	906
791	943
791	945
791	980
791	984
791	986
791	991
791	997
792	670
792	818
792	834
792	907
792	941
792	968
792	982
792	990
792	991
792	993
792	995
793	298
793	624
793	750
793	819
793	826
793	940
793	955
793	959
793	965
793	971
793	1000
794	12
794	371
794	603
794	778
794	869
794	888
794	904
794	922
794	967
794	979
794	983
795	97
795	311
795	368
795	667
795	870
795	885
795	886
795	898
795	967
795	974
795	976
796	48
796	727
796	811
796	905
796	920
796	924
796	982
796	990
796	991
796	993
796	995
797	350
797	527
797	875
797	929
797	937
797	940
797	954
797	955
797	961
797	999
797	1000
798	427
798	436
798	449
798	467
798	695
798	701
798	705
798	756
798	870
798	979
798	981
799	69
799	166
799	388
799	540
799	666
799	691
799	714
799	915
799	917
799	961
799	998
800	573
800	777
800	863
800	877
800	925
800	949
800	980
800	984
800	986
800	988
800	989
801	138
801	291
801	690
801	807
801	851
801	867
801	900
801	910
801	930
801	935
801	987
802	419
802	508
802	682
802	791
802	833
802	865
802	866
802	887
802	944
802	984
802	997
803	77
803	199
803	484
803	567
803	821
803	864
803	951
803	977
803	985
803	994
803	996
804	567
804	598
804	765
804	783
804	788
804	860
804	908
804	931
804	951
804	985
804	994
805	566
805	825
805	901
805	905
805	909
805	924
805	968
805	970
805	985
805	990
805	995
806	144
806	452
806	563
806	687
806	688
806	717
806	774
806	883
806	946
806	974
806	976
807	570
807	674
807	739
807	801
807	851
807	882
807	900
807	921
807	927
807	935
807	987
808	281
808	369
808	848
808	943
808	944
808	948
808	953
808	980
808	984
808	986
808	989
809	255
809	457
809	505
809	589
809	914
809	936
809	955
809	958
809	978
809	999
809	1000
810	30
810	185
810	628
810	652
810	672
810	899
810	901
810	920
810	982
810	990
810	991
810	993
811	488
811	627
811	663
811	796
811	834
811	836
811	909
811	919
811	968
811	970
811	990
811	995
812	102
812	258
812	634
812	760
812	765
812	855
812	934
812	942
812	952
812	957
812	975
812	998
813	204
813	338
813	704
813	728
813	770
813	871
813	933
813	965
813	971
813	978
813	999
813	1000
814	119
814	267
814	369
814	466
814	594
814	891
814	925
814	943
814	953
814	956
814	989
814	997
815	261
815	440
815	598
815	749
815	787
815	875
815	913
815	931
815	966
815	987
815	994
815	996
816	76
816	437
816	480
816	681
816	826
816	827
816	883
816	893
816	912
816	926
816	967
816	974
817	301
817	319
817	662
817	787
817	863
817	867
817	868
817	906
817	923
817	932
817	984
817	997
818	253
818	375
818	699
818	742
818	792
818	905
818	920
818	962
818	968
818	991
818	993
818	995
819	84
819	645
819	793
819	830
819	902
819	938
819	960
819	969
819	973
819	992
819	999
819	1000
820	459
820	499
820	584
820	757
820	768
820	883
820	886
820	912
820	967
820	974
820	976
820	986
821	328
821	335
821	430
821	526
821	715
821	741
821	754
821	803
821	854
821	860
821	977
821	996
822	227
822	318
822	646
822	740
822	937
822	940
822	954
822	960
822	961
822	971
822	999
822	1000
823	272
823	423
823	554
823	627
823	715
823	781
823	875
823	913
823	951
823	972
823	985
823	994
824	500
824	538
824	732
824	752
824	860
824	913
824	918
824	966
824	972
824	977
824	985
824	996
825	316
825	555
825	721
825	722
825	805
825	907
825	909
825	968
825	970
825	990
825	993
825	995
826	29
826	655
826	686
826	746
826	760
826	793
826	816
826	902
826	938
826	958
826	973
826	999
827	25
827	51
827	144
827	768
827	816
827	883
827	926
827	946
827	953
827	957
827	967
827	974
828	156
828	361
828	523
828	534
828	769
828	846
828	923
828	928
828	950
828	986
828	988
828	997
829	399
829	647
829	668
829	712
829	752
829	839
829	850
829	882
829	900
829	930
829	935
829	987
830	95
830	481
830	601
830	819
830	914
830	938
830	954
830	965
830	969
830	971
830	975
830	999
831	356
831	410
831	682
831	724
831	939
831	958
831	959
831	960
831	961
831	973
831	978
831	999
831	1000
832	279
832	742
832	760
832	844
832	902
832	936
832	937
832	941
832	959
832	973
832	978
832	992
832	999
833	32
833	48
833	119
833	162
833	625
833	758
833	802
833	865
833	923
833	932
833	964
833	984
833	997
834	34
834	602
834	632
834	652
834	792
834	811
834	848
834	907
834	940
834	968
834	970
834	982
834	991
835	234
835	382
835	447
835	742
835	750
835	847
835	911
835	936
835	940
835	958
835	959
835	969
835	999
836	464
836	674
836	721
836	811
836	874
836	887
836	909
836	968
836	970
836	974
836	982
836	991
836	993
837	81
837	159
837	466
837	685
837	709
837	714
837	775
837	877
837	934
837	942
837	957
837	975
837	998
838	491
838	591
838	613
838	783
838	864
838	879
838	889
838	898
838	939
838	972
838	977
838	985
838	994
839	108
839	570
839	690
839	726
839	829
839	852
839	853
839	882
839	900
839	921
839	932
839	935
839	987
840	14
840	106
840	367
840	846
840	948
840	963
840	964
840	972
840	980
840	984
840	986
840	989
840	997
841	289
841	320
841	693
841	700
841	775
841	870
841	893
841	898
841	912
841	926
841	951
841	974
841	976
842	849
842	854
842	867
842	879
842	908
842	913
842	916
842	918
842	939
842	951
842	977
842	985
842	996
843	243
843	753
843	779
843	849
843	916
843	931
843	966
843	972
843	975
843	977
843	985
843	994
843	996
844	33
844	103
844	409
844	832
844	873
844	892
844	914
844	959
844	965
844	969
844	992
844	999
844	1000
845	299
845	587
845	589
845	645
845	871
845	929
845	933
845	937
845	945
845	965
845	978
845	985
845	1000
846	428
846	465
846	637
846	710
846	828
846	840
846	928
846	953
846	964
846	980
846	986
846	987
846	989
846	997
847	728
847	835
847	892
847	902
847	938
847	958
847	959
847	969
847	971
847	973
847	992
847	995
847	999
847	1000
848	88
848	219
848	808
848	834
848	863
848	897
848	932
848	943
848	945
848	956
848	986
848	988
848	989
848	997
849	335
849	758
849	787
849	842
849	843
849	923
849	931
849	939
849	951
849	966
849	977
849	985
849	994
849	996
850	264
850	668
850	708
850	726
850	752
850	829
850	852
850	853
850	882
850	921
850	927
850	935
850	987
850	999
851	396
851	422
851	507
851	647
851	739
851	801
851	807
851	853
851	882
851	900
851	921
851	927
851	930
851	987
852	477
852	507
852	630
852	643
852	698
852	739
852	761
852	839
852	850
852	900
852	927
852	935
852	987
852	993
853	435
853	630
853	698
853	761
853	839
853	850
853	851
853	882
853	900
853	921
853	927
853	930
853	962
853	987
854	89
854	232
854	352
854	532
854	747
854	821
854	842
854	894
854	895
854	896
854	918
854	931
854	966
854	994
854	996
855	135
855	252
855	387
855	408
855	513
855	567
855	669
855	709
855	765
855	773
855	812
855	858
855	915
855	942
855	998
856	303
856	343
856	391
856	544
856	629
856	635
856	919
856	924
856	947
856	968
856	982
856	990
856	991
856	993
856	995
857	4
857	15
857	99
857	159
857	290
857	397
857	476
857	689
857	743
857	934
857	952
857	957
857	975
857	993
857	998
858	246
858	347
858	405
858	429
858	669
858	673
858	694
858	759
858	784
858	785
858	855
858	917
858	934
858	952
858	975
858	998
859	593
859	662
859	863
859	865
859	866
859	925
859	928
859	944
859	948
859	956
859	963
859	980
859	988
859	989
859	991
859	997
860	447
860	744
860	788
860	804
860	821
860	824
860	864
860	879
860	916
860	931
860	966
860	972
860	985
860	989
860	994
860	996
861	104
861	172
861	270
861	503
861	660
861	703
861	754
861	769
861	782
861	880
861	943
861	944
861	949
861	975
861	988
861	989
862	91
862	171
862	377
862	408
862	417
862	623
862	702
862	743
862	759
862	877
862	917
862	934
862	942
862	952
862	975
862	998
863	63
863	94
863	498
863	564
863	616
863	766
863	800
863	817
863	848
863	859
863	868
863	891
863	963
863	989
863	992
863	997
864	125
864	221
864	582
864	787
864	803
864	838
864	860
864	895
864	908
864	918
864	966
864	972
864	979
864	985
864	994
864	1000
865	88
865	423
865	550
865	703
865	766
865	769
865	802
865	833
865	859
865	887
865	902
865	928
865	948
865	963
865	980
865	988
866	358
866	400
866	455
866	680
866	786
866	802
866	859
866	943
866	944
866	945
866	949
866	950
866	951
866	956
866	980
866	984
867	657
867	801
867	817
867	842
867	887
867	928
867	943
867	944
867	948
867	949
867	953
867	963
867	980
867	984
867	986
867	997
868	693
868	817
868	863
868	887
868	890
868	897
868	906
868	943
868	944
868	945
868	950
868	956
868	977
868	986
868	989
868	997
869	197
869	341
869	345
869	533
869	603
869	622
869	722
869	736
869	776
869	794
869	881
869	884
869	904
869	916
869	922
869	979
869	983
870	254
870	308
870	411
870	579
870	614
870	664
870	736
870	737
870	751
870	795
870	798
870	841
870	881
870	922
870	979
870	981
870	983
871	10
871	707
871	740
871	813
871	845
871	903
871	929
871	940
871	954
871	958
871	959
871	960
871	961
871	969
871	978
871	992
871	999
872	91
872	105
872	117
872	241
872	303
872	307
872	460
872	472
872	474
872	533
872	622
872	671
872	701
872	737
872	979
872	981
872	983
873	114
873	198
873	541
873	549
873	708
873	789
873	844
873	913
873	916
873	925
873	931
873	951
873	966
873	972
873	977
873	994
873	996
874	43
874	176
874	699
874	718
874	723
874	763
874	836
874	876
874	905
874	924
874	947
874	964
874	970
874	982
874	990
874	993
874	995
875	72
875	496
875	592
875	781
875	789
875	797
875	815
875	823
875	913
875	918
875	951
875	966
875	972
875	985
875	994
875	996
875	1000
876	34
876	190
876	295
876	354
876	699
876	748
876	874
876	878
876	924
876	947
876	954
876	970
876	974
876	982
876	991
876	993
876	995
877	38
877	129
877	155
877	388
877	634
877	666
877	714
877	743
877	765
877	773
877	800
877	837
877	862
877	942
877	952
877	957
877	975
877	998
878	614
878	661
878	677
878	713
878	720
878	876
878	901
878	905
878	909
878	944
878	947
878	962
878	968
878	982
878	990
878	991
878	993
878	995
879	180
879	550
879	755
879	779
879	783
879	838
879	842
879	860
879	895
879	896
879	913
879	931
879	966
879	982
879	985
879	994
879	996
879	1000
880	88
880	104
880	126
880	418
880	540
880	680
880	754
880	861
880	906
880	944
880	949
880	956
880	963
880	964
880	980
880	986
880	989
880	994
881	252
881	257
881	268
881	332
881	345
881	427
881	537
881	561
881	576
881	695
881	725
881	767
881	869
881	870
881	886
881	888
881	904
881	979
882	136
882	226
882	585
882	630
882	668
882	711
882	790
882	807
882	829
882	839
882	850
882	851
882	853
882	921
882	927
882	930
882	935
882	987
883	181
883	182
883	346
883	499
883	580
883	584
883	638
883	806
883	816
883	820
883	827
883	885
883	898
883	912
883	942
883	946
883	967
883	974
883	993
884	294
884	578
884	620
884	624
884	636
884	689
884	869
884	892
884	902
884	914
884	933
884	937
884	954
884	958
884	960
884	965
884	977
884	999
884	1000
885	97
885	192
885	245
885	247
885	485
885	499
885	515
885	588
885	717
885	734
885	775
885	795
885	883
885	893
885	898
885	926
885	946
885	974
885	976
886	247
886	311
886	453
886	642
886	700
886	717
886	761
886	772
886	774
886	795
886	820
886	881
886	893
886	912
886	926
886	946
886	967
886	974
886	976
887	28
887	212
887	396
887	407
887	524
887	596
887	617
887	680
887	802
887	836
887	865
887	867
887	868
887	897
887	923
887	980
887	984
887	988
887	989
888	1
888	12
888	50
888	121
888	157
888	197
888	285
888	360
888	561
888	659
888	687
888	729
888	737
888	767
888	794
888	881
888	922
888	955
888	979
889	329
889	348
889	447
889	526
889	554
889	712
889	744
889	838
889	894
889	903
889	913
889	916
889	918
889	939
889	951
889	960
889	977
889	985
889	996
889	998
890	217
890	224
890	593
890	617
890	868
890	891
890	906
890	909
890	923
890	928
890	943
890	944
890	948
890	949
890	950
890	953
890	964
890	984
890	988
890	989
891	8
891	119
891	385
891	519
891	524
891	565
891	697
891	745
891	766
891	814
891	863
891	890
891	906
891	949
891	951
891	964
891	984
891	986
891	988
891	989
892	134
892	192
892	331
892	609
892	625
892	655
892	686
892	730
892	742
892	844
892	847
892	884
892	911
892	958
892	959
892	961
892	965
892	969
892	971
892	973
892	978
893	62
893	170
893	239
893	320
893	667
893	681
893	700
893	734
893	774
893	816
893	841
893	885
893	886
893	898
893	912
893	926
893	946
893	965
893	974
893	975
893	976
894	13
894	93
894	287
894	317
894	633
894	644
894	741
894	749
894	854
894	889
894	895
894	903
894	908
894	918
894	931
894	951
894	977
894	981
894	985
894	994
894	996
895	122
895	191
895	381
895	496
895	532
895	538
895	627
895	741
895	783
895	787
895	854
895	864
895	879
895	894
895	918
895	922
895	939
895	966
895	985
895	994
895	996
896	198
896	287
896	430
896	468
896	473
896	567
896	598
896	715
896	720
896	749
896	787
896	788
896	854
896	879
896	903
896	908
896	913
896	966
896	972
896	994
896	996
897	128
897	143
897	174
897	244
897	277
897	573
897	731
897	736
897	782
897	848
897	868
897	887
897	944
897	950
897	956
897	963
897	966
897	984
897	986
897	988
897	997
898	53
898	76
898	170
898	642
898	654
898	676
898	693
898	706
898	772
898	795
898	838
898	841
898	883
898	885
898	893
898	912
898	931
898	946
898	967
898	974
898	976
899	256
899	536
899	628
899	643
899	718
899	720
899	721
899	763
899	780
899	810
899	901
899	905
899	909
899	919
899	924
899	946
899	962
899	968
899	982
899	990
899	995
900	283
900	291
900	313
900	495
900	643
900	665
900	711
900	752
900	761
900	801
900	807
900	829
900	839
900	851
900	852
900	853
900	921
900	935
900	987
900	988
900	992
901	42
901	78
901	555
901	562
901	677
901	700
901	713
901	723
901	805
901	810
901	878
901	899
901	909
901	920
901	962
901	970
901	982
901	990
901	991
901	993
901	995
901	996
902	111
902	439
902	587
902	683
902	819
902	826
902	832
902	847
902	865
902	884
902	936
902	940
902	941
902	960
902	961
902	965
902	969
902	971
902	978
902	992
902	999
902	1000
903	13
903	127
903	132
903	134
903	215
903	221
903	317
903	365
903	475
903	500
903	582
903	732
903	871
903	889
903	894
903	896
903	913
903	939
903	966
903	971
903	994
903	996
904	193
904	197
904	220
904	234
904	308
904	314
904	370
904	533
904	575
904	576
904	583
904	608
904	622
904	639
904	672
904	778
904	794
904	869
904	881
904	922
904	979
904	983
905	164
905	479
905	543
905	740
905	780
905	796
905	805
905	818
905	874
905	878
905	899
905	947
905	953
905	954
905	962
905	968
905	970
905	982
905	990
905	991
905	993
905	995
906	10
906	128
906	167
906	393
906	764
906	791
906	817
906	868
906	880
906	890
906	891
906	925
906	945
906	948
906	950
906	956
906	964
906	965
906	980
906	988
906	990
906	997
907	200
907	571
907	674
907	718
907	748
907	792
907	825
907	834
907	909
907	919
907	920
907	929
907	958
907	962
907	968
907	970
907	982
907	990
907	991
907	993
907	995
907	996
908	139
908	146
908	177
908	541
908	657
908	715
908	781
908	804
908	842
908	864
908	894
908	896
908	916
908	923
908	931
908	951
908	966
908	972
908	977
908	985
908	994
908	996
909	260
909	512
909	578
909	605
909	635
909	663
909	763
909	805
909	811
909	825
909	836
909	878
909	890
909	899
909	901
909	907
909	919
909	962
909	970
909	990
909	991
909	993
910	65
910	120
910	202
910	302
910	309
910	355
910	374
910	403
910	486
910	513
910	623
910	624
910	665
910	692
910	702
910	709
910	801
910	915
910	934
910	942
910	952
910	957
910	998
911	20
911	338
911	621
911	631
911	651
911	719
911	733
911	746
911	760
911	770
911	835
911	892
911	912
911	933
911	936
911	941
911	960
911	965
911	969
911	978
911	987
911	999
911	1000
912	64
912	140
912	368
912	400
912	452
912	459
912	480
912	485
912	642
912	717
912	816
912	820
912	841
912	883
912	886
912	893
912	898
912	911
912	926
912	946
912	967
912	974
912	976
913	75
913	142
913	149
913	402
913	815
913	823
913	824
913	842
913	873
913	875
913	879
913	889
913	896
913	903
913	916
913	918
913	931
913	951
913	969
913	972
913	977
913	985
913	996
914	158
914	195
914	255
914	344
914	497
914	560
914	653
914	740
914	746
914	809
914	830
914	844
914	884
914	929
914	933
914	936
914	940
914	954
914	960
914	971
914	973
914	992
914	999
914	1000
915	17
915	45
915	66
915	99
915	304
915	386
915	408
915	486
915	520
915	535
915	547
915	590
915	644
915	665
915	759
915	799
915	855
915	910
915	940
915	942
915	957
915	975
915	991
915	998
916	12
916	127
916	262
916	337
916	416
916	445
916	490
916	509
916	548
916	787
916	842
916	843
916	860
916	869
916	873
916	889
916	908
916	913
916	951
916	956
916	966
916	977
916	994
916	996
917	15
917	17
917	102
917	159
917	175
917	224
917	366
917	427
917	461
917	466
917	493
917	574
917	692
917	694
917	702
917	743
917	784
917	785
917	799
917	858
917	862
917	934
917	942
917	998
918	72
918	207
918	251
918	506
918	550
918	613
918	633
918	744
918	824
918	842
918	854
918	864
918	875
918	889
918	894
918	895
918	913
918	931
918	939
918	966
918	985
918	986
918	994
918	996
919	310
919	343
919	562
919	577
919	605
919	635
919	663
919	780
919	811
919	856
919	899
919	907
919	909
919	920
919	924
919	936
919	947
919	962
919	968
919	970
919	972
919	982
919	990
919	993
919	995
920	113
920	394
920	543
920	672
920	699
920	763
920	796
920	810
920	818
920	901
920	907
920	919
920	924
920	947
920	962
920	968
920	970
920	972
920	982
920	985
920	990
920	991
920	992
920	993
920	995
921	168
921	173
921	313
921	359
921	399
921	404
921	527
921	599
921	610
921	643
921	647
921	698
921	711
921	731
921	752
921	807
921	839
921	850
921	851
921	853
921	882
921	900
921	935
921	946
921	987
922	147
922	249
922	332
922	380
922	472
922	585
922	603
922	604
922	626
922	639
922	640
922	648
922	671
922	776
922	778
922	794
922	869
922	870
922	888
922	895
922	904
922	966
922	979
922	981
922	983
923	10
923	305
923	353
923	367
923	410
923	546
923	756
923	817
923	828
923	833
923	849
923	887
923	890
923	908
923	925
923	928
923	934
923	943
923	945
923	949
923	950
923	953
923	963
923	980
923	986
923	997
924	42
924	165
924	201
924	230
924	285
924	372
924	595
924	672
924	713
924	771
924	780
924	796
924	805
924	856
924	874
924	876
924	899
924	919
924	920
924	947
924	963
924	970
924	982
924	990
924	991
924	995
925	55
925	110
925	468
925	565
925	581
925	596
925	658
925	800
925	814
925	859
925	873
925	906
925	923
925	928
925	932
925	943
925	944
925	953
925	956
925	957
925	964
925	980
925	984
925	986
925	988
925	995
926	25
926	49
926	96
926	203
926	218
926	247
926	289
926	315
926	452
926	480
926	494
926	534
926	681
926	700
926	706
926	734
926	768
926	816
926	827
926	841
926	885
926	886
926	893
926	912
926	946
926	967
927	36
927	210
927	240
927	283
927	330
927	422
927	478
927	512
927	630
927	643
927	647
927	685
927	690
927	698
927	711
927	761
927	807
927	850
927	851
927	852
927	853
927	882
927	930
927	935
927	960
927	987
928	225
928	407
928	539
928	551
928	637
928	673
928	710
928	759
928	769
928	828
928	846
928	859
928	865
928	867
928	890
928	923
928	925
928	932
928	936
928	943
928	945
928	948
928	949
928	984
928	988
928	989
928	997
929	124
929	259
929	288
929	519
929	606
929	636
929	704
929	746
929	797
929	845
929	871
929	907
929	914
929	937
929	940
929	941
929	954
929	955
929	956
929	958
929	959
929	969
929	971
929	973
929	978
929	992
929	999
930	52
930	160
930	330
930	359
930	422
930	461
930	477
930	478
930	493
930	503
930	527
930	610
930	630
930	643
930	647
930	668
930	690
930	761
930	801
930	829
930	851
930	853
930	882
930	927
930	949
930	952
930	987
931	142
931	441
931	488
931	509
931	551
931	675
931	732
931	747
931	755
931	804
931	815
931	843
931	849
931	854
931	860
931	873
931	879
931	894
931	898
931	908
931	913
931	918
931	966
931	972
931	989
931	994
931	996
932	16
932	48
932	63
932	98
932	204
932	274
932	498
932	522
932	640
932	710
932	735
932	762
932	817
932	833
932	839
932	848
932	925
932	928
932	937
932	944
932	948
932	949
932	953
932	963
932	964
932	984
932	986
932	997
933	46
933	80
933	306
933	470
933	516
933	575
933	653
933	704
933	724
933	780
933	786
933	813
933	845
933	884
933	911
933	914
933	938
933	940
933	954
933	955
933	958
933	969
933	971
933	973
933	978
933	992
933	997
933	999
933	1000
934	322
934	327
934	386
934	388
934	403
934	486
934	518
934	547
934	650
934	669
934	691
934	714
934	743
934	784
934	812
934	837
934	857
934	858
934	862
934	910
934	917
934	923
934	942
934	952
934	957
934	962
934	969
934	975
934	998
935	52
935	330
935	422
935	435
935	461
935	477
935	492
935	495
935	503
935	570
935	599
935	643
935	668
935	678
935	698
935	726
935	734
935	739
935	761
935	801
935	807
935	829
935	839
935	850
935	852
935	882
935	900
935	921
935	927
935	987
936	158
936	361
936	601
936	609
936	645
936	651
936	730
936	746
936	809
936	832
936	835
936	902
936	911
936	914
936	919
936	928
936	937
936	938
936	940
936	941
936	954
936	955
936	958
936	959
936	960
936	961
936	973
936	978
936	992
936	999
937	85
937	406
937	417
937	462
937	497
937	572
937	609
937	631
937	646
937	704
937	764
937	797
937	822
937	832
937	845
937	884
937	929
937	932
937	936
937	940
937	954
937	955
937	958
937	960
937	961
937	969
937	971
937	973
937	978
937	999
937	1000
938	118
938	296
938	505
938	514
938	545
938	587
938	728
938	730
938	746
938	750
938	819
938	826
938	830
938	847
938	933
938	936
938	940
938	954
938	955
938	958
938	959
938	961
938	965
938	969
938	971
938	973
938	977
938	980
938	992
938	998
938	999
938	1000
939	146
939	261
939	317
939	440
939	445
939	473
939	490
939	491
939	496
939	538
939	592
939	747
939	753
939	758
939	779
939	831
939	838
939	842
939	849
939	889
939	895
939	903
939	918
939	951
939	955
939	966
939	972
939	977
939	980
939	985
939	994
939	996
940	54
940	148
940	227
940	234
940	323
940	572
940	641
940	786
940	793
940	797
940	822
940	834
940	835
940	871
940	902
940	914
940	915
940	929
940	933
940	936
940	937
940	938
940	941
940	955
940	958
940	960
940	969
940	973
940	992
940	993
940	999
940	1000
941	148
941	442
941	463
941	497
941	620
941	636
941	641
941	653
941	659
941	733
941	769
941	770
941	792
941	832
941	902
941	911
941	929
941	936
941	940
941	954
941	955
941	958
941	959
941	960
941	961
941	969
941	971
941	978
941	992
941	998
941	999
941	1000
942	15
942	34
942	38
942	129
942	154
942	279
942	309
942	325
942	378
942	429
942	518
942	520
942	525
942	535
942	590
942	634
942	679
942	785
942	788
942	790
942	812
942	837
942	855
942	862
942	877
942	883
942	910
942	915
942	917
942	934
942	957
942	975
942	998
943	126
943	150
943	202
943	286
943	299
943	516
943	522
943	564
943	594
943	616
943	684
943	791
943	808
943	814
943	848
943	861
943	866
943	867
943	868
943	890
943	923
943	925
943	928
943	945
943	948
943	949
943	950
943	953
943	963
943	984
943	986
943	988
943	989
943	997
944	53
944	58
944	278
944	353
944	637
944	662
944	731
944	735
944	764
944	771
944	802
944	808
944	859
944	861
944	866
944	867
944	868
944	878
944	880
944	890
944	897
944	925
944	932
944	948
944	949
944	950
944	956
944	963
944	964
944	980
944	984
944	988
944	989
944	997
945	277
945	333
945	352
945	400
945	407
945	511
945	625
945	633
945	738
945	745
945	762
945	791
945	845
945	848
945	866
945	868
945	906
945	923
945	928
945	943
945	949
945	950
945	953
945	956
945	963
945	964
945	971
945	972
945	980
945	984
945	986
945	988
945	989
945	997
946	53
946	60
946	96
946	181
946	203
946	289
946	312
946	346
946	368
946	453
946	457
946	494
946	515
946	580
946	607
946	638
946	654
946	678
946	734
946	757
946	806
946	827
946	883
946	885
946	886
946	893
946	898
946	899
946	912
946	921
946	926
946	959
946	967
946	976
947	54
947	100
947	118
947	336
947	373
947	404
947	558
947	568
947	618
947	629
947	661
947	696
947	713
947	729
947	748
947	763
947	771
947	856
947	874
947	876
947	878
947	905
947	919
947	920
947	924
947	962
947	968
947	970
947	982
947	990
947	991
947	993
947	995
947	999
948	74
948	101
948	131
948	156
948	182
948	228
948	233
948	274
948	349
948	657
948	658
948	697
948	745
948	754
948	762
948	769
948	808
948	840
948	859
948	865
948	867
948	890
948	906
948	928
948	932
948	943
948	944
948	956
948	964
948	972
948	980
948	986
948	988
948	989
948	997
949	292
949	464
949	465
949	504
949	552
949	593
949	596
949	637
949	697
949	711
949	731
949	743
949	754
949	800
949	861
949	866
949	867
949	880
949	890
949	891
949	923
949	928
949	930
949	932
949	943
949	944
949	945
949	950
949	953
949	963
949	964
949	980
949	988
949	989
949	997
950	6
950	32
950	169
950	172
950	362
950	504
950	508
950	524
950	539
950	546
950	657
950	660
950	680
950	684
950	738
950	764
950	782
950	828
950	866
950	868
950	890
950	897
950	906
950	923
950	943
950	944
950	945
950	949
950	954
950	963
950	973
950	986
950	988
950	989
950	991
950	997
951	177
951	196
951	328
951	329
951	381
951	444
951	445
951	554
951	582
951	591
951	600
951	708
951	732
951	755
951	788
951	789
951	803
951	804
951	823
951	841
951	842
951	849
951	866
951	873
951	875
951	889
951	891
951	894
951	908
951	913
951	916
951	939
951	972
951	977
951	985
951	994
951	996
952	66
952	105
952	135
952	154
952	163
952	178
952	238
952	258
952	265
952	304
952	355
952	357
952	366
952	378
952	388
952	403
952	405
952	412
952	458
952	502
952	669
952	680
952	690
952	691
952	716
952	773
952	812
952	857
952	858
952	862
952	877
952	910
952	930
952	934
952	957
952	975
952	998
953	3
953	174
953	179
953	233
953	383
953	508
953	511
953	523
953	542
953	581
953	594
953	662
953	738
953	769
953	777
953	808
953	814
953	827
953	846
953	867
953	890
953	905
953	923
953	925
953	932
953	943
953	945
953	949
953	956
953	963
953	964
953	965
953	967
953	984
953	986
953	989
953	997
954	18
954	30
954	115
954	356
954	442
954	454
954	516
954	545
954	560
954	572
954	612
954	733
954	746
954	797
954	822
954	830
954	871
954	876
954	884
954	905
954	914
954	929
954	933
954	936
954	937
954	938
954	941
954	950
954	955
954	958
954	960
954	961
954	969
954	971
954	973
954	978
954	992
954	1000
955	109
955	118
955	294
955	334
955	340
955	454
955	546
955	589
955	606
955	641
955	653
955	656
955	659
955	733
955	740
955	750
955	760
955	793
955	797
955	809
955	888
955	929
955	933
955	936
955	937
955	938
955	939
955	940
955	941
955	954
955	959
955	965
955	969
955	971
955	973
955	978
955	999
955	1000
956	29
956	94
956	225
956	228
956	286
956	301
956	414
956	425
956	455
956	564
956	573
956	731
956	745
956	764
956	782
956	814
956	848
956	859
956	866
956	868
956	880
956	897
956	906
956	916
956	925
956	929
956	944
956	945
956	948
956	953
956	963
956	964
956	968
956	980
956	986
956	988
956	989
956	997
957	17
957	45
957	59
957	81
957	87
957	120
957	183
957	185
957	231
957	238
957	322
957	357
957	366
957	412
957	458
957	476
957	501
957	574
957	590
957	650
957	669
957	691
957	784
957	790
957	812
957	827
957	837
957	857
957	877
957	910
957	915
957	925
957	934
957	942
957	952
957	962
957	964
957	975
957	998
958	20
958	255
958	284
958	340
958	351
958	382
958	385
958	482
958	569
958	651
958	655
958	786
958	809
958	826
958	831
958	835
958	847
958	871
958	884
958	892
958	907
958	929
958	933
958	936
958	937
958	938
958	940
958	941
958	954
958	959
958	960
958	961
958	965
958	969
958	973
958	992
958	994
958	999
958	1000
959	124
959	187
959	326
959	362
959	406
959	462
959	481
959	521
959	572
959	620
959	651
959	683
959	742
959	770
959	793
959	831
959	832
959	835
959	844
959	847
959	871
959	892
959	929
959	936
959	938
959	941
959	946
959	955
959	958
959	965
959	969
959	970
959	971
959	973
959	987
959	992
959	996
959	999
959	1000
960	19
960	21
960	219
960	259
960	300
960	462
960	519
960	529
960	556
960	559
960	560
960	569
960	590
960	659
960	724
960	819
960	822
960	831
960	871
960	884
960	889
960	902
960	911
960	914
960	927
960	936
960	937
960	940
960	941
960	954
960	958
960	965
960	969
960	971
960	973
960	976
960	978
960	992
960	999
961	83
961	151
961	187
961	331
961	382
961	432
961	442
961	482
961	505
961	510
961	584
961	587
961	594
961	606
961	612
961	636
961	704
961	724
961	770
961	797
961	799
961	822
961	831
961	871
961	892
961	902
961	936
961	937
961	938
961	941
961	954
961	958
961	964
961	965
961	969
961	971
961	978
961	992
961	999
961	1000
962	35
962	130
962	191
962	256
962	263
962	316
962	344
962	404
962	448
962	571
962	597
962	611
962	615
962	619
962	628
962	635
962	652
962	696
962	718
962	720
962	723
962	739
962	771
962	818
962	853
962	878
962	899
962	901
962	905
962	907
962	909
962	919
962	920
962	934
962	947
962	957
962	968
962	982
962	990
962	991
962	993
963	7
963	31
963	172
963	204
963	228
963	352
963	383
963	425
963	455
963	485
963	573
963	593
963	660
963	662
963	710
963	738
963	745
963	756
963	782
963	785
963	840
963	859
963	863
963	865
963	867
963	880
963	897
963	923
963	924
963	932
963	943
963	944
963	945
963	949
963	950
963	953
963	956
963	964
963	986
963	989
963	997
964	40
964	55
964	58
964	110
964	123
964	179
964	208
964	383
964	390
964	414
964	418
964	424
964	426
964	471
964	657
964	658
964	684
964	756
964	766
964	833
964	840
964	846
964	874
964	880
964	890
964	891
964	906
964	925
964	932
964	944
964	945
964	948
964	949
964	953
964	956
964	957
964	961
964	963
964	984
964	986
964	989
964	997
965	11
965	188
965	300
965	322
965	324
965	325
965	391
965	510
965	586
965	601
965	631
965	641
965	655
965	682
965	704
965	707
965	719
965	727
965	793
965	813
965	830
965	844
965	845
965	884
965	892
965	893
965	902
965	906
965	911
965	938
965	953
965	955
965	958
965	959
965	960
965	961
965	969
965	971
965	973
965	978
965	992
965	999
965	1000
966	116
966	137
966	235
966	243
966	261
966	266
966	269
966	348
966	484
966	492
966	582
966	600
966	613
966	633
966	712
966	747
966	753
966	758
966	789
966	815
966	824
966	843
966	849
966	854
966	860
966	864
966	873
966	875
966	879
966	895
966	896
966	897
966	903
966	908
966	916
966	918
966	922
966	931
966	939
966	972
966	977
966	985
966	995
966	996
967	25
967	64
967	97
967	116
967	144
967	218
967	223
967	315
967	368
967	439
967	453
967	457
967	459
967	480
967	494
967	499
967	642
967	654
967	676
967	681
967	693
967	700
967	706
967	717
967	734
967	757
967	768
967	772
967	774
967	794
967	795
967	816
967	820
967	827
967	883
967	886
967	898
967	912
967	926
967	946
967	953
967	973
967	974
967	976
967	999
968	67
968	153
968	155
968	211
968	229
968	354
968	434
968	481
968	526
968	536
968	555
968	562
968	571
968	595
968	611
968	619
968	632
968	720
968	723
968	780
968	792
968	805
968	811
968	818
968	825
968	834
968	836
968	856
968	878
968	899
968	905
968	907
968	919
968	920
968	947
968	956
968	962
968	970
968	982
968	986
968	990
968	991
968	993
968	995
968	1000
969	132
969	141
969	158
969	163
969	214
969	245
969	294
969	323
969	356
969	389
969	475
969	514
969	578
969	589
969	621
969	624
969	656
969	728
969	770
969	819
969	830
969	835
969	844
969	847
969	871
969	892
969	902
969	911
969	913
969	929
969	933
969	934
969	937
969	938
969	940
969	941
969	954
969	955
969	958
969	959
969	960
969	961
969	965
969	978
969	992
969	999
970	78
970	86
970	100
970	256
970	375
970	401
970	438
970	509
970	544
970	568
970	595
970	605
970	611
970	619
970	628
970	672
970	674
970	696
970	713
970	726
970	763
970	771
970	777
970	805
970	811
970	825
970	834
970	836
970	874
970	876
970	901
970	905
970	907
970	909
970	919
970	920
970	924
970	947
970	959
970	968
970	979
970	982
970	990
970	991
970	993
970	995
971	2
971	109
971	166
971	245
971	323
971	338
971	340
971	350
971	362
971	363
971	389
971	406
971	432
971	483
971	519
971	606
971	645
971	750
971	770
971	793
971	813
971	822
971	830
971	847
971	892
971	902
971	903
971	914
971	929
971	933
971	937
971	938
971	941
971	945
971	954
971	955
971	959
971	960
971	961
971	965
971	973
971	978
971	985
971	992
971	996
971	999
971	1000
972	114
972	145
972	149
972	266
972	348
972	377
972	402
972	413
972	430
972	444
972	450
972	484
972	492
972	550
972	582
972	591
972	613
972	627
972	633
972	708
972	712
972	749
972	781
972	783
972	823
972	824
972	838
972	840
972	843
972	860
972	864
972	873
972	875
972	896
972	908
972	913
972	919
972	920
972	931
972	939
972	945
972	948
972	951
972	966
972	977
972	985
972	994
973	4
973	18
973	46
973	111
973	141
973	293
973	300
973	363
973	379
973	421
973	483
973	529
973	586
973	601
973	621
973	645
973	656
973	682
973	707
973	719
973	742
973	819
973	826
973	831
973	832
973	847
973	892
973	914
973	929
973	933
973	936
973	937
973	938
973	940
973	950
973	954
973	955
973	958
973	959
973	960
973	965
973	967
973	971
973	978
973	992
973	999
973	1000
974	37
974	39
974	62
974	170
974	223
974	311
974	312
974	452
974	457
974	459
974	480
974	517
974	557
974	563
974	580
974	584
974	588
974	638
974	654
974	667
974	676
974	678
974	688
974	693
974	717
974	734
974	757
974	768
974	772
974	775
974	795
974	806
974	816
974	820
974	827
974	836
974	841
974	876
974	883
974	885
974	886
974	893
974	898
974	912
974	967
974	976
974	979
974	996
975	38
975	41
975	129
975	175
975	216
975	236
975	265
975	290
975	309
975	324
975	397
975	403
975	405
975	412
975	429
975	476
975	520
975	525
975	535
975	574
975	650
975	666
975	685
975	692
975	694
975	709
975	714
975	716
975	759
975	773
975	784
975	785
975	790
975	812
975	830
975	837
975	843
975	857
975	858
975	861
975	862
975	877
975	893
975	915
975	934
975	942
975	952
975	957
975	998
976	39
976	51
976	64
976	96
976	140
976	162
976	192
976	289
976	312
976	320
976	346
976	437
976	453
976	457
976	494
976	496
976	499
976	515
976	517
976	557
976	580
976	584
976	588
976	607
976	619
976	638
976	642
976	654
976	676
976	678
976	700
976	706
976	717
976	757
976	774
976	795
976	806
976	820
976	841
976	885
976	886
976	893
976	898
976	912
976	946
976	960
976	967
976	974
976	986
976	997
977	23
977	74
977	122
977	146
977	188
977	196
977	207
977	208
977	272
977	282
977	284
977	298
977	337
977	376
977	413
977	441
977	500
977	538
977	551
977	582
977	591
977	627
977	633
977	749
977	753
977	758
977	779
977	803
977	821
977	824
977	838
977	842
977	843
977	849
977	868
977	873
977	884
977	889
977	894
977	908
977	913
977	916
977	938
977	939
977	951
977	966
977	972
977	985
977	994
977	996
978	9
978	114
978	189
978	219
978	299
978	340
978	363
978	432
978	510
978	521
978	545
978	559
978	607
978	609
978	612
978	635
978	646
978	653
978	655
978	661
978	682
978	724
978	730
978	786
978	809
978	813
978	831
978	832
978	845
978	871
978	892
978	902
978	911
978	929
978	933
978	936
978	937
978	941
978	954
978	955
978	960
978	961
978	965
978	969
978	971
978	973
978	984
978	992
978	999
978	1000
979	61
979	68
979	79
979	92
979	117
979	147
979	186
979	220
979	241
979	268
979	297
979	314
979	398
979	411
979	415
979	421
979	467
979	469
979	489
979	528
979	533
979	537
979	583
979	603
979	608
979	614
979	649
979	664
979	695
979	701
979	705
979	722
979	729
979	751
979	767
979	776
979	794
979	798
979	864
979	869
979	870
979	872
979	881
979	888
979	904
979	922
979	970
979	974
979	981
979	983
979	984
979	995
980	90
980	101
980	106
980	184
980	225
980	339
980	358
980	369
980	385
980	393
980	426
980	468
980	471
980	552
980	581
980	616
980	653
980	657
980	662
980	673
980	702
980	704
980	756
980	764
980	766
980	777
980	782
980	791
980	800
980	808
980	840
980	846
980	859
980	865
980	866
980	867
980	880
980	887
980	906
980	923
980	925
980	938
980	939
980	944
980	945
980	948
980	949
980	956
980	984
980	986
980	988
980	989
980	997
981	26
981	56
981	57
981	79
981	91
981	92
981	147
981	186
981	249
981	268
981	276
981	303
981	341
981	345
981	349
981	371
981	372
981	392
981	395
981	411
981	420
981	421
981	428
981	449
981	489
981	506
981	530
981	533
981	579
981	585
981	622
981	640
981	648
981	664
981	671
981	687
981	695
981	701
981	705
981	722
981	725
981	736
981	737
981	776
981	782
981	798
981	870
981	872
981	894
981	922
981	979
981	983
981	988
982	35
982	67
982	84
982	164
982	191
982	195
982	293
982	321
982	344
982	354
982	438
982	446
982	448
982	479
982	568
982	571
982	597
982	602
982	615
982	629
982	661
982	670
982	696
982	723
982	748
982	780
982	792
982	796
982	810
982	834
982	836
982	856
982	874
982	876
982	878
982	879
982	899
982	901
982	905
982	907
982	919
982	920
982	924
982	947
982	962
982	968
982	970
982	984
982	989
982	990
982	991
982	993
982	995
982	996
983	26
983	68
983	82
983	93
983	121
983	157
983	212
983	276
983	307
983	308
983	314
983	323
983	328
983	345
983	348
983	370
983	380
983	392
983	395
983	398
983	421
983	428
983	449
983	489
983	506
983	528
983	530
983	564
983	575
983	579
983	583
983	604
983	608
983	626
983	648
983	664
983	671
983	701
983	705
983	722
983	725
983	736
983	737
983	751
983	767
983	794
983	869
983	870
983	872
983	904
983	922
983	979
983	981
983	998
984	31
984	90
984	133
984	143
984	169
984	194
984	244
984	278
984	301
984	305
984	318
984	361
984	410
984	416
984	426
984	508
984	546
984	564
984	657
984	660
984	697
984	706
984	710
984	745
984	764
984	766
984	769
984	791
984	800
984	802
984	808
984	817
984	833
984	840
984	866
984	867
984	887
984	890
984	891
984	897
984	925
984	928
984	932
984	943
984	944
984	945
984	953
984	964
984	978
984	979
984	980
984	982
984	986
984	988
984	989
984	997
985	7
985	72
985	125
985	156
985	177
985	208
985	284
985	337
985	402
985	450
985	491
985	549
985	554
985	567
985	598
985	675
985	712
985	732
985	741
985	747
985	753
985	755
985	758
985	779
985	783
985	788
985	789
985	803
985	804
985	805
985	823
985	824
985	838
985	842
985	843
985	845
985	849
985	860
985	864
985	875
985	879
985	889
985	894
985	895
985	908
985	913
985	918
985	920
985	939
985	951
985	966
985	971
985	972
985	977
985	994
985	995
985	996
986	24
986	40
986	73
986	167
986	270
986	282
986	339
986	352
986	361
986	390
986	396
986	410
986	414
986	424
986	504
986	522
986	552
986	581
986	593
986	596
986	616
986	660
986	673
986	703
986	731
986	735
986	754
986	766
986	777
986	791
986	800
986	808
986	820
986	828
986	840
986	846
986	848
986	867
986	868
986	880
986	891
986	897
986	918
986	923
986	925
986	932
986	943
986	945
986	948
986	950
986	953
986	956
986	963
986	964
986	968
986	976
986	980
986	984
986	989
986	990
986	997
987	36
987	52
987	108
987	112
987	136
987	138
987	160
987	168
987	173
987	210
987	226
987	240
987	264
987	283
987	291
987	313
987	330
987	359
987	364
987	399
987	433
987	435
987	461
987	477
987	478
987	495
987	503
987	507
987	527
987	570
987	610
987	630
987	647
987	668
987	688
987	690
987	698
987	711
987	726
987	739
987	747
987	752
987	761
987	801
987	807
987	815
987	829
987	839
987	846
987	850
987	851
987	852
987	853
987	882
987	900
987	911
987	921
987	927
987	930
987	935
987	959
988	8
988	31
988	73
988	128
988	150
988	167
988	250
988	319
988	349
988	356
988	385
988	407
988	409
988	424
988	462
988	471
988	523
988	542
988	547
988	565
988	593
988	594
988	616
988	625
988	658
988	660
988	662
988	673
988	697
988	710
988	738
988	756
988	762
988	777
988	782
988	800
988	828
988	848
988	859
988	861
988	865
988	887
988	890
988	891
988	897
988	900
988	906
988	925
988	928
988	943
988	944
988	945
988	948
988	949
988	950
988	956
988	980
988	981
988	984
988	989
988	997
989	6
989	14
989	16
989	63
989	73
989	74
989	133
989	150
989	169
989	209
989	248
989	270
989	274
989	333
989	339
989	400
989	414
989	426
989	465
989	468
989	542
989	553
989	596
989	637
989	684
989	703
989	705
989	754
989	763
989	764
989	766
989	782
989	800
989	808
989	814
989	840
989	846
989	848
989	859
989	860
989	861
989	863
989	868
989	880
989	887
989	890
989	891
989	928
989	931
989	943
989	944
989	945
989	948
989	949
989	950
989	953
989	956
989	963
989	964
989	980
989	982
989	984
989	986
989	988
989	997
990	27
990	70
990	86
990	100
990	165
990	201
990	229
990	230
990	263
990	292
990	295
990	310
990	343
990	401
990	438
990	446
990	456
990	488
990	490
990	543
990	558
990	566
990	577
990	595
990	597
990	602
990	619
990	629
990	663
990	670
990	674
990	677
990	683
990	696
990	718
990	720
990	721
990	744
990	771
990	792
990	796
990	805
990	810
990	811
990	825
990	856
990	874
990	878
990	899
990	901
990	905
990	906
990	907
990	909
990	919
990	920
990	924
990	947
990	962
990	968
990	970
990	982
990	986
990	991
990	993
990	995
990	997
991	5
991	43
991	47
991	77
991	113
991	130
991	211
991	260
991	321
991	336
991	342
991	372
991	373
991	404
991	438
991	448
991	451
991	456
991	464
991	479
991	502
991	512
991	536
991	555
991	558
991	568
991	577
991	597
991	604
991	611
991	615
991	618
991	628
991	661
991	672
991	696
991	699
991	713
991	718
991	720
991	748
991	771
991	791
991	792
991	796
991	810
991	818
991	834
991	836
991	856
991	859
991	876
991	878
991	901
991	905
991	907
991	909
991	915
991	920
991	924
991	947
991	950
991	962
991	968
991	970
991	982
991	990
991	993
991	995
991	1000
992	2
992	85
992	95
992	103
992	109
992	115
992	137
992	151
992	205
992	206
992	237
992	288
992	296
992	314
992	326
992	334
992	351
992	380
992	384
992	406
992	409
992	442
992	514
992	559
992	569
992	586
992	587
992	601
992	621
992	631
992	641
992	646
992	651
992	689
992	704
992	707
992	727
992	730
992	733
992	742
992	760
992	786
992	819
992	832
992	844
992	847
992	863
992	871
992	900
992	902
992	914
992	920
992	929
992	933
992	936
992	938
992	940
992	941
992	954
992	958
992	959
992	960
992	961
992	965
992	969
992	971
992	973
992	978
992	995
992	996
992	999
992	1000
993	5
993	27
993	30
993	44
993	47
993	54
993	70
993	78
993	84
993	86
993	107
993	153
993	176
993	190
993	221
993	222
993	229
993	242
993	310
993	320
993	321
993	342
993	373
993	375
993	394
993	401
993	434
993	451
993	464
993	511
993	512
993	536
993	543
993	544
993	562
993	566
993	568
993	571
993	577
993	602
993	605
993	615
993	618
993	629
993	638
993	652
993	663
993	670
993	674
993	697
993	713
993	721
993	763
993	771
993	780
993	792
993	796
993	810
993	818
993	825
993	836
993	852
993	856
993	857
993	874
993	876
993	878
993	883
993	901
993	905
993	907
993	909
993	919
993	920
993	940
993	947
993	962
993	968
993	970
993	982
993	990
993	991
993	995
994	23
994	89
994	139
994	142
994	145
994	149
994	180
994	196
994	207
994	232
994	235
994	243
994	249
994	250
994	269
994	272
994	281
994	282
994	298
994	365
994	369
994	378
994	381
994	413
994	416
994	430
994	431
994	443
994	444
994	450
994	473
994	491
994	500
994	509
994	532
994	548
994	549
994	554
994	591
994	592
994	600
994	644
994	675
994	708
994	732
994	741
994	744
994	746
994	747
994	749
994	758
994	773
994	779
994	783
994	787
994	788
994	789
994	803
994	804
994	815
994	823
994	838
994	843
994	849
994	854
994	860
994	864
994	873
994	875
994	879
994	880
994	894
994	895
994	896
994	903
994	908
994	916
994	918
994	931
994	939
994	951
994	958
994	972
994	977
994	985
994	996
994	1000
995	5
995	22
995	27
995	35
995	42
995	43
995	44
995	77
995	107
995	113
995	130
995	153
995	155
995	164
995	165
995	176
995	200
995	201
995	222
995	253
995	263
995	310
995	321
995	342
995	373
995	375
995	394
995	401
995	451
995	488
995	512
995	517
995	555
995	558
995	571
995	577
995	595
995	597
995	605
995	611
995	619
995	628
995	632
995	635
995	661
995	670
995	674
995	699
995	713
995	718
995	720
995	721
995	723
995	735
995	748
995	763
995	780
995	792
995	796
995	805
995	811
995	818
995	825
995	847
995	856
995	874
995	876
995	878
995	899
995	901
995	905
995	907
995	919
995	920
995	924
995	925
995	947
995	966
995	968
995	970
995	979
995	982
995	985
995	990
995	991
995	992
995	993
995	997
996	23
996	122
996	125
996	127
996	132
996	139
996	161
996	168
996	199
996	215
996	235
996	269
996	281
996	282
996	284
996	298
996	328
996	335
996	337
996	365
996	376
996	416
996	440
996	441
996	444
996	445
996	490
996	491
996	509
996	514
996	526
996	532
996	548
996	549
996	550
996	551
996	592
996	598
996	600
996	613
996	708
996	712
996	715
996	732
996	741
996	744
996	747
996	753
996	755
996	779
996	781
996	783
996	787
996	789
996	803
996	815
996	821
996	824
996	842
996	843
996	849
996	854
996	860
996	873
996	875
996	879
996	889
996	894
996	895
996	896
996	901
996	903
996	907
996	908
996	913
996	916
996	918
996	931
996	939
996	951
996	959
996	966
996	971
996	974
996	977
996	982
996	985
996	992
996	994
997	3
997	6
997	8
997	14
997	16
997	28
997	90
997	98
997	110
997	123
997	126
997	184
997	194
997	198
997	209
997	233
997	236
997	242
997	250
997	267
997	333
997	349
997	367
997	390
997	393
997	423
997	425
997	465
997	471
997	522
997	524
997	539
997	542
997	552
997	573
997	596
997	625
997	660
997	664
997	673
997	677
997	680
997	684
997	703
997	731
997	735
997	738
997	745
997	756
997	762
997	764
997	777
997	782
997	791
997	802
997	814
997	817
997	828
997	833
997	840
997	846
997	848
997	859
997	863
997	867
997	868
997	897
997	906
997	923
997	928
997	932
997	933
997	943
997	944
997	945
997	948
997	949
997	950
997	953
997	956
997	963
997	964
997	976
997	980
997	984
997	986
997	988
997	989
997	990
997	995
998	19
998	41
998	45
998	49
998	59
998	65
998	66
998	87
998	99
998	105
998	135
998	163
998	183
998	185
998	213
998	216
998	236
998	238
998	252
998	258
998	279
998	304
998	347
998	355
998	357
998	366
998	374
998	378
998	386
998	394
998	397
998	405
998	408
998	412
998	417
998	458
998	466
998	486
998	487
998	493
998	501
998	502
998	513
998	515
998	518
998	520
998	525
998	535
998	540
998	547
998	574
998	590
998	617
998	623
998	634
998	650
998	665
998	669
998	679
998	685
998	691
998	694
998	695
998	702
998	714
998	716
998	759
998	765
998	773
998	784
998	785
998	790
998	799
998	812
998	837
998	855
998	857
998	858
998	862
998	877
998	889
998	910
998	915
998	917
998	934
998	938
998	941
998	942
998	952
998	957
998	975
998	983
998	999
999	9
999	33
999	44
999	83
999	85
999	98
999	184
999	214
999	251
999	288
999	299
999	300
999	306
999	325
999	326
999	331
999	334
999	336
999	338
999	362
999	382
999	454
999	463
999	470
999	475
999	481
999	482
999	483
999	505
999	516
999	531
999	553
999	556
999	560
999	572
999	578
999	589
999	606
999	612
999	620
999	641
999	645
999	653
999	656
999	682
999	683
999	686
999	689
999	709
999	719
999	724
999	727
999	728
999	733
999	786
999	797
999	809
999	813
999	819
999	822
999	826
999	830
999	831
999	832
999	835
999	844
999	847
999	850
999	871
999	884
999	902
999	911
999	914
999	929
999	933
999	936
999	937
999	938
999	940
999	941
999	947
999	955
999	958
999	959
999	960
999	961
999	965
999	967
999	969
999	971
999	973
999	978
999	992
999	998
999	1000
1000	2
1000	9
1000	18
1000	19
1000	29
1000	33
1000	95
1000	124
1000	141
1000	148
1000	187
1000	189
1000	206
1000	214
1000	237
1000	259
1000	265
1000	296
1000	325
1000	326
1000	351
1000	379
1000	384
1000	391
1000	409
1000	419
1000	470
1000	475
1000	481
1000	497
1000	514
1000	529
1000	531
1000	553
1000	559
1000	569
1000	578
1000	606
1000	609
1000	610
1000	612
1000	631
1000	636
1000	646
1000	651
1000	655
1000	656
1000	659
1000	682
1000	683
1000	686
1000	719
1000	724
1000	727
1000	728
1000	730
1000	740
1000	760
1000	770
1000	786
1000	793
1000	797
1000	809
1000	813
1000	819
1000	822
1000	831
1000	844
1000	845
1000	847
1000	864
1000	875
1000	879
1000	884
1000	902
1000	911
1000	914
1000	933
1000	937
1000	938
1000	940
1000	941
1000	954
1000	955
1000	958
1000	959
1000	961
1000	965
1000	968
1000	971
1000	973
1000	978
1000	991
1000	992
1000	994
1000	999
