1	944
1	947
1	991
2	228
2	993
2	995
3	969
3	977
3	979
4	979
4	987
4	996
5	804
5	921
5	997
6	889
6	988
6	995
7	972
7	977
7	990
8	642
8	683
8	929
9	915
9	932
9	959
10	728
10	926
10	999
11	824
11	943
11	965
12	532
12	915
12	968
13	511
13	938
13	956
14	873
14	990
14	994
15	485
15	599
15	828
16	148
16	875
16	954
17	901
17	993
17	995
18	815
18	987
18	996
19	936
19	982
19	997
20	958
20	985
20	997
21	697
21	974
21	994
22	519
22	985
22	997
23	954
23	976
23	986
24	721
24	757
24	906
25	722
25	845
25	968
26	523
26	960
26	971
27	731
27	973
27	997
28	855
28	990
28	994
29	532
29	746
29	932
30	651
30	981
30	999
31	880
31	979
31	996
32	896
32	987
32	996
33	846
33	959
33	968
34	782
34	985
34	998
35	909
35	983
35	984
36	973
36	982
36	998
37	805
37	912
37	998
38	113
38	614
38	985
39	907
39	960
39	967
40	813
40	941
40	996
41	940
41	952
41	998
42	214
42	980
42	989
43	981
43	982
43	985
44	755
44	988
44	993
45	871
45	997
45	998
46	924
46	975
46	993
47	505
47	899
47	906
48	194
48	852
48	867
49	843
49	961
49	989
50	844
50	983
50	989
51	944
51	948
51	951
52	888
52	917
52	980
53	856
53	992
53	999
54	869
54	997
54	998
55	642
55	962
55	991
56	898
56	985
56	994
57	963
57	992
57	999
58	815
58	993
58	995
59	689
59	925
59	984
60	794
60	981
60	992
61	981
61	989
61	1000
62	505
62	783
62	916
63	501
63	887
63	905
64	482
64	907
64	960
65	734
65	851
65	971
66	908
66	929
66	951
67	953
67	992
67	1000
68	988
68	993
68	995
69	417
69	973
69	998
70	535
70	837
70	882
71	176
71	859
71	960
72	504
72	973
72	998
73	936
73	941
73	995
74	617
74	930
74	997
75	252
75	887
75	967
76	78
76	633
76	742
77	879
77	920
77	942
78	76
78	374
78	991
79	722
79	932
79	959
80	412
80	837
80	967
81	778
81	982
81	997
82	776
82	921
82	997
83	791
83	990
83	994
84	764
84	833
84	992
85	958
85	982
85	985
86	327
86	915
86	945
87	556
87	954
87	962
88	538
88	754
88	1000
89	432
89	930
89	973
90	950
90	980
90	998
91	260
91	493
91	586
92	476
92	986
92	987
93	851
93	912
93	985
94	876
94	881
94	984
95	332
95	599
95	638
96	692
96	926
96	963
97	846
97	992
97	999
98	868
98	950
98	997
99	871
99	961
99	964
100	988
100	993
100	995
101	894
101	954
101	991
102	938
102	941
102	956
103	798
103	851
103	882
104	972
104	990
104	1000
105	984
105	986
105	996
106	943
106	990
106	994
107	734
107	906
107	967
108	840
108	932
108	947
109	936
109	988
109	995
110	955
110	974
110	990
111	502
111	639
111	953
112	897
112	948
112	951
113	38
113	986
113	996
114	850
114	967
114	993
115	684
115	719
115	799
116	974
116	977
116	994
117	935
117	961
117	980
118	992
118	999
118	1000
119	775
119	901
119	995
120	155
120	286
120	999
121	521
121	913
121	996
122	969
122	977
122	994
123	279
123	921
123	965
124	809
124	960
124	971
125	654
125	764
125	960
126	868
126	890
126	978
127	501
127	734
127	882
128	988
128	993
128	995
129	988
129	993
129	995
130	511
130	990
130	994
131	334
131	704
131	925
132	627
132	709
132	989
133	727
133	993
133	995
134	949
134	957
134	996
135	685
135	896
135	979
136	634
136	886
136	892
137	969
137	990
137	994
138	927
138	930
138	998
139	631
139	908
139	962
140	366
140	970
140	986
141	535
141	965
141	982
142	696
142	704
142	921
143	963
143	999
143	1000
144	986
144	987
144	996
145	811
145	984
145	996
146	818
146	999
146	1000
147	913
147	942
147	985
148	16
148	988
148	995
149	732
149	988
149	993
150	222
150	784
150	954
151	970
151	986
151	996
152	402
152	997
152	998
153	703
153	950
153	982
154	239
154	591
154	723
155	120
155	530
155	991
156	761
156	999
156	1000
157	886
157	978
157	998
158	908
158	948
158	954
159	655
159	993
159	995
160	562
160	970
160	996
161	975
161	993
161	995
162	949
162	963
162	999
163	949
163	994
163	1000
164	367
164	928
164	991
165	269
165	757
165	906
166	488
166	877
166	985
167	986
167	987
167	996
168	651
168	902
168	1000
169	980
169	983
169	989
170	502
170	729
170	960
171	973
171	982
171	997
172	765
172	999
172	1000
173	904
173	980
173	989
174	931
174	948
174	976
175	899
175	960
175	971
176	71
176	887
176	971
177	963
177	999
177	1000
178	917
178	990
178	994
179	966
179	969
179	974
180	978
180	997
180	998
181	935
181	984
181	989
182	572
182	981
182	999
183	563
183	606
183	914
184	521
184	784
184	929
185	402
185	925
185	998
186	728
186	992
186	999
187	855
187	905
187	994
188	582
188	945
188	994
189	608
189	681
189	823
190	955
190	974
190	977
191	805
191	973
191	998
192	944
192	976
192	991
193	857
193	988
193	995
194	48
194	897
194	991
195	934
195	987
195	996
196	649
196	833
196	1000
197	721
197	834
197	989
198	729
198	837
198	967
199	863
199	903
199	997
200	802
200	929
200	988
201	970
201	979
201	996
202	625
202	940
202	982
203	360
203	919
203	964
204	915
204	916
204	922
205	333
205	549
205	906
206	668
206	997
206	998
207	404
207	760
207	949
208	943
208	990
208	994
209	746
209	981
209	999
210	679
210	908
210	944
211	505
211	781
211	932
212	652
212	874
212	947
213	946
213	999
213	1000
214	42
214	980
214	984
215	795
215	912
215	985
216	849
216	947
216	963
217	826
217	993
217	995
218	797
218	939
218	981
219	954
219	976
219	991
220	717
220	900
220	981
221	385
221	980
221	989
222	150
222	858
222	928
223	675
223	937
223	944
224	955
224	990
224	994
225	992
225	999
225	1000
226	986
226	993
226	995
227	956
227	990
227	994
228	2
228	938
228	956
229	885
229	926
229	1000
230	980
230	983
230	984
231	413
231	914
231	962
232	988
232	993
232	995
233	891
233	951
233	996
234	901
234	975
234	995
235	689
235	878
235	984
236	759
236	978
236	998
237	567
237	651
237	922
238	886
238	927
238	997
239	154
239	911
239	914
240	942
240	997
240	1000
241	656
241	879
241	998
242	738
242	966
242	977
243	940
243	985
243	998
244	412
244	837
244	971
245	962
245	980
245	984
246	862
246	977
246	990
247	615
247	935
247	989
248	280
248	931
248	954
249	769
249	978
249	998
250	644
250	937
250	991
251	804
251	909
251	965
252	75
252	887
252	960
253	785
253	910
253	969
254	933
254	961
254	964
255	765
255	769
255	923
256	969
256	972
256	990
257	679
257	858
257	914
258	981
258	999
258	1000
259	325
259	767
259	814
260	91
260	591
260	914
261	964
261	980
261	983
262	877
262	978
262	982
263	924
263	992
263	1000
264	440
264	964
264	989
265	866
265	967
265	971
266	428
266	631
266	991
267	740
267	950
267	982
268	969
268	974
268	990
269	165
269	906
269	971
270	886
270	965
270	997
271	424
271	987
271	996
272	761
272	999
272	1000
273	423
273	915
273	968
274	929
274	938
274	991
275	935
275	980
275	990
276	475
276	662
276	954
277	919
277	987
277	996
278	816
278	993
278	995
279	123
279	958
279	1000
280	248
280	801
280	813
281	957
281	979
281	996
282	963
282	999
282	1000
283	698
283	810
283	992
284	505
284	916
284	968
285	872
285	991
285	998
286	120
286	902
286	999
287	949
287	963
287	999
288	325
288	859
288	971
289	986
289	987
289	996
290	895
290	911
290	941
291	935
291	983
291	989
292	705
292	850
292	926
293	501
293	563
293	590
294	850
294	960
294	971
295	695
295	949
295	953
296	736
296	993
296	995
297	836
297	912
297	982
298	955
298	987
298	996
299	829
299	998
299	1000
300	950
300	966
300	998
301	718
301	905
301	972
302	569
302	829
302	945
302	966
303	786
303	988
303	993
303	995
304	950
304	968
304	997
304	998
305	836
305	942
305	985
305	998
306	734
306	882
306	960
306	971
307	857
307	988
307	993
307	995
308	592
308	878
308	964
308	989
309	644
309	853
309	929
309	991
310	685
310	898
310	938
310	972
311	874
311	917
311	977
311	994
312	342
312	861
312	999
312	1000
313	588
313	884
313	999
313	1000
314	526
314	988
314	993
314	995
315	957
315	979
315	987
315	996
316	319
316	451
316	464
316	989
317	831
317	988
317	993
317	995
318	735
318	939
318	963
318	981
319	316
319	980
319	983
319	984
320	441
320	922
320	963
320	1000
321	786
321	889
321	993
321	995
322	617
322	776
322	950
322	998
323	839
323	963
323	981
323	999
324	450
324	859
324	907
324	967
325	259
325	288
325	478
325	851
326	668
326	811
326	983
326	984
327	86
327	796
327	840
327	947
328	531
328	820
328	904
328	980
329	931
329	952
329	958
329	997
330	814
330	867
330	960
330	971
331	917
331	969
331	974
331	977
332	95
332	883
332	981
332	992
333	205
333	866
333	967
333	971
334	131
334	891
334	970
334	979
335	936
335	975
335	988
335	995
336	540
336	979
336	986
336	996
337	988
337	993
337	994
337	995
338	706
338	837
338	867
338	882
339	878
339	964
339	983
339	989
340	949
340	998
340	999
340	1000
341	933
341	983
341	984
341	989
342	312
342	612
342	833
342	1000
343	647
343	681
343	830
343	976
344	792
344	985
344	997
344	998
345	975
345	988
345	993
345	995
346	618
346	780
346	808
346	953
347	911
347	948
347	976
347	991
348	942
348	988
348	993
348	995
349	986
349	987
349	993
349	996
350	956
350	966
350	990
350	994
351	870
351	927
351	978
351	997
352	547
352	966
352	992
352	1000
353	957
353	979
353	986
353	987
354	698
354	796
354	983
354	989
355	638
355	854
355	985
355	998
356	957
356	986
356	987
356	996
357	664
357	979
357	986
357	996
358	723
358	941
358	962
358	998
359	753
359	810
359	983
359	989
360	203
360	762
360	980
360	984
361	926
361	981
361	990
361	999
362	842
362	885
362	946
362	992
363	447
363	857
363	988
363	995
364	817
364	988
364	993
364	995
365	790
365	845
365	947
365	998
366	140
366	811
366	983
366	984
367	164
367	801
367	813
367	951
368	952
368	982
368	997
368	998
369	864
369	986
369	987
369	996
370	913
370	979
370	987
370	996
371	630
371	873
371	955
371	966
372	616
372	917
372	979
372	987
373	531
373	613
373	983
373	989
374	78
374	780
374	894
374	944
375	815
375	975
375	988
375	993
376	830
376	940
376	985
376	997
377	634
377	700
377	763
377	964
378	552
378	816
378	873
378	994
379	866
379	887
379	967
379	993
380	445
380	938
380	972
380	990
381	830
381	940
381	985
381	998
382	746
382	758
382	790
382	959
383	850
383	867
383	907
383	997
384	845
384	915
384	922
384	959
385	221
385	741
385	980
385	984
386	731
386	940
386	973
386	997
387	902
387	988
387	993
387	995
388	819
388	979
388	987
388	996
389	430
389	801
389	895
389	962
390	677
390	810
390	924
390	999
391	896
391	912
391	930
391	973
392	582
392	913
392	986
392	996
393	825
393	873
393	964
393	989
394	524
394	849
394	885
394	1000
395	644
395	937
395	951
395	991
396	795
396	885
396	965
396	982
397	955
397	961
397	980
397	989
398	955
398	966
398	974
398	994
399	635
399	983
399	984
399	989
400	824
400	979
400	987
400	996
401	578
401	687
401	845
401	959
402	152
402	185
402	985
402	997
403	810
403	992
403	999
403	1000
404	207
404	818
404	999
404	1000
405	802
405	844
405	928
405	962
406	713
406	963
406	981
406	1000
407	751
407	937
407	962
407	991
408	905
408	956
408	977
408	990
409	798
409	866
409	906
409	967
410	579
410	647
410	895
410	954
411	957
411	986
411	987
411	996
412	80
412	244
412	899
412	967
413	231
413	598
413	760
413	999
414	460
414	877
414	909
414	973
415	890
415	940
415	950
415	997
416	909
416	943
416	990
416	994
417	69
417	758
417	905
417	977
418	799
418	947
418	959
418	968
419	883
419	946
419	992
419	999
420	578
420	689
420	722
420	915
421	457
421	554
421	589
421	991
422	695
422	924
422	999
422	1000
423	273
423	543
423	739
423	922
424	271
424	986
424	994
424	996
425	957
425	986
425	987
425	996
426	538
426	774
426	949
426	1000
427	617
427	759
427	841
427	998
428	266
428	570
428	906
428	976
429	688
429	858
429	951
429	976
430	389
430	975
430	993
430	995
431	871
431	961
431	984
431	989
432	89
432	857
432	993
432	995
433	840
433	915
433	932
433	968
434	767
434	814
434	899
434	960
435	479
435	738
435	990
435	994
436	575
436	626
436	947
436	959
437	880
437	891
437	957
437	996
438	815
438	975
438	993
438	995
439	557
439	656
439	658
439	991
440	264
440	893
440	896
440	996
441	320
441	972
441	999
441	1000
442	809
442	884
442	919
442	996
443	864
443	976
443	987
443	996
444	461
444	550
444	981
444	992
445	380
445	790
445	959
445	968
446	624
446	877
446	939
446	1000
447	363
447	827
447	993
447	995
448	720
448	892
448	964
448	983
449	661
449	767
449	971
449	980
450	324
450	887
450	899
450	971
451	316
451	871
451	964
451	984
452	670
452	737
452	825
452	964
453	904
453	964
453	970
453	980
454	823
454	966
454	969
454	974
455	901
455	918
455	975
455	988
456	699
456	908
456	928
456	954
457	421
457	925
457	997
457	998
458	853
458	941
458	951
458	952
459	692
459	902
459	999
459	1000
460	414
460	942
460	958
460	978
461	444
461	481
461	783
461	968
462	619
462	654
462	907
462	940
463	970
463	979
463	986
463	987
464	316
464	486
464	933
464	983
465	820
465	904
465	964
465	983
465	984
466	639
466	774
466	963
466	992
466	1000
467	886
467	899
467	978
467	997
467	998
468	901
468	961
468	975
468	988
468	995
469	651
469	713
469	734
469	981
469	992
470	536
470	921
470	965
470	973
470	978
471	822
471	945
471	974
471	990
471	993
472	497
472	975
472	988
472	993
472	995
473	576
473	854
473	921
473	942
473	998
474	890
474	978
474	982
474	985
474	997
475	276
475	852
475	941
475	948
475	991
476	92
476	687
476	970
476	987
476	996
477	957
477	969
477	970
477	987
477	996
478	325
478	799
478	851
478	866
478	899
479	435
479	969
479	972
479	974
479	994
480	692
480	835
480	981
480	999
480	1000
481	461
481	578
481	838
481	916
481	968
482	64
482	619
482	659
482	850
482	967
483	970
483	979
483	986
483	987
483	996
484	785
484	828
484	873
484	990
484	994
485	15
485	886
485	920
485	973
485	997
486	464
486	653
486	891
486	980
486	984
487	594
487	970
487	986
487	987
487	996
488	166
488	888
488	980
488	983
488	989
489	801
489	819
489	951
489	954
489	976
490	524
490	886
490	925
490	973
490	998
491	662
491	830
491	868
491	921
491	998
492	922
492	947
492	959
492	968
492	977
493	91
493	584
493	928
493	976
493	991
494	802
494	829
494	965
494	982
494	998
495	530
495	656
495	897
495	941
495	991
496	880
496	919
496	979
496	986
496	996
497	472
497	827
497	988
497	993
497	995
498	961
498	964
498	983
498	989
498	997
499	624
499	845
499	849
499	999
499	1000
500	741
500	975
500	988
500	993
500	995
501	63
501	127
501	293
501	965
501	971
502	111
502	170
502	798
502	960
502	967
503	918
503	981
503	992
503	999
503	1000
504	72
504	916
504	947
504	959
504	968
505	47
505	62
505	211
505	284
505	916
506	567
506	936
506	975
506	988
506	993
507	897
507	953
507	981
507	992
507	1000
508	570
508	946
508	992
508	999
508	1000
509	819
509	957
509	979
509	987
509	996
510	901
510	969
510	974
510	977
510	994
511	13
511	130
511	738
511	974
511	994
512	605
512	744
512	980
512	983
512	984
513	896
513	934
513	957
513	970
513	996
514	841
514	958
514	982
514	997
514	998
515	707
515	810
515	902
515	949
515	1000
516	776
516	869
516	890
516	997
516	998
517	559
517	640
517	730
517	914
517	948
518	910
518	943
518	955
518	990
518	994
519	22
519	812
519	890
519	952
519	999
520	797
520	888
520	946
520	953
520	1000
521	121
521	184
521	911
521	962
521	976
522	874
522	929
522	938
522	969
522	977
523	26
523	782
523	963
523	967
523	971
524	394
524	490
524	638
524	772
524	997
525	658
525	681
525	829
525	927
525	997
526	314
526	663
526	857
526	988
526	995
527	633
527	943
527	955
527	972
527	994
528	686
528	922
528	932
528	947
528	968
529	687
529	932
529	947
529	959
529	968
530	155
530	495
530	937
530	944
530	962
531	328
531	373
531	935
531	980
531	984
532	12
532	29
532	544
532	567
532	722
533	580
533	781
533	916
533	959
533	968
534	763
534	933
534	961
534	964
534	980
535	70
535	141
535	659
535	859
535	866
536	470
536	877
536	925
536	965
536	998
537	934
537	979
537	986
537	987
537	996
538	88
538	426
538	754
538	963
538	999
539	924
539	926
539	939
539	992
539	999
540	336
540	919
540	986
540	987
540	996
541	725
541	979
541	986
541	987
541	996
542	688
542	808
542	853
542	894
542	976
543	423
543	706
543	910
543	956
543	994
544	532
544	787
544	981
544	992
544	999
545	722
545	915
545	947
545	959
545	968
546	957
546	986
546	987
546	991
546	996
547	352
547	616
547	632
547	902
547	1000
548	853
548	908
548	931
548	937
548	991
549	205
549	906
549	960
549	967
549	971
550	444
550	926
550	946
550	992
550	1000
551	777
551	924
551	955
551	972
551	977
552	378
552	752
552	910
552	990
552	994
553	646
553	957
553	970
553	986
553	996
554	421
554	656
554	951
554	954
554	976
555	667
555	955
555	969
555	990
555	994
556	87
556	835
556	852
556	897
556	911
557	439
557	948
557	962
557	976
557	978
558	853
558	870
558	962
558	983
558	991
559	517
559	826
559	929
559	973
559	976
560	851
560	858
560	859
560	960
560	967
561	693
561	923
561	940
561	985
561	997
562	160
562	757
562	887
562	906
562	971
563	183
563	293
563	771
563	779
563	837
564	634
564	676
564	881
564	980
564	984
565	917
565	945
565	969
565	974
565	985
566	715
566	754
566	810
566	900
566	992
566	1000
567	237
567	506
567	532
567	626
567	932
567	968
568	649
568	744
568	825
568	843
568	888
568	984
569	302
569	726
569	864
569	945
569	955
569	966
570	428
570	508
570	591
570	802
570	976
570	991
571	893
571	970
571	979
571	986
571	987
571	996
572	182
572	674
572	761
572	862
572	939
572	1000
573	893
573	935
573	979
573	986
573	987
573	996
574	876
574	881
574	933
574	980
574	983
574	989
575	436
575	838
575	916
575	932
575	959
575	968
576	473
576	772
576	925
576	965
576	985
576	998
577	812
577	923
577	973
577	976
577	985
577	997
578	401
578	420
578	481
578	684
578	799
578	922
579	410
579	760
579	858
579	954
579	976
579	991
580	533
580	739
580	838
580	915
580	922
580	968
581	888
581	935
581	961
581	964
581	971
581	984
582	188
582	392
582	847
582	966
582	972
582	994
583	910
583	956
583	969
583	972
583	990
583	994
584	493
584	742
584	861
584	951
584	962
584	976
585	797
585	926
585	946
585	985
585	992
585	1000
586	91
586	631
586	875
586	941
586	958
586	991
587	752
587	770
587	905
587	917
587	938
587	966
588	313
588	849
588	884
588	997
588	999
588	1000
589	421
589	762
589	784
589	894
589	911
589	976
590	293
590	734
590	866
590	906
590	960
590	971
591	154
591	260
591	570
591	929
591	951
591	976
592	308
592	789
592	961
592	983
592	984
592	989
593	926
593	937
593	981
593	992
593	999
593	1000
594	487
594	970
594	979
594	986
594	987
594	996
595	682
595	861
595	870
595	911
595	931
595	991
596	628
596	838
596	966
596	972
596	990
596	994
597	913
597	934
597	970
597	981
597	986
597	987
598	413
598	914
598	937
598	951
598	976
598	991
599	15
599	95
599	795
599	854
599	978
599	997
600	608
600	788
600	852
600	914
600	937
600	977
601	610
601	701
601	793
601	848
601	993
601	995
602	625
602	687
602	915
602	947
602	959
602	968
603	945
603	972
603	974
603	977
603	990
603	997
604	880
604	919
604	979
604	986
604	987
604	996
605	512
605	768
605	926
605	953
605	992
605	1000
606	183
606	705
606	779
606	837
606	887
606	967
607	733
607	843
607	892
607	897
607	961
607	989
608	189
608	600
608	671
608	780
608	928
608	951
609	635
609	753
609	863
609	958
609	965
609	985
610	601
610	773
610	817
610	901
610	993
610	995
611	780
611	860
611	936
611	975
611	993
611	995
612	342
612	758
612	803
612	969
612	977
612	990
613	373
613	644
613	699
613	931
613	948
613	991
614	38
614	807
614	927
614	940
614	982
614	997
615	247
615	720
615	811
615	904
615	964
615	983
616	372
616	547
616	800
616	970
616	979
616	996
617	74
617	322
617	427
617	863
617	944
617	982
618	346
618	723
618	813
618	911
618	944
618	976
619	462
619	482
619	779
619	899
619	967
619	971
620	720
620	741
620	954
620	980
620	984
620	989
621	878
621	902
621	924
621	946
621	992
621	999
622	638
622	647
622	952
622	978
622	982
622	997
623	838
623	840
623	916
623	947
623	959
623	968
624	446
624	499
624	646
624	992
624	999
624	1000
625	202
625	602
625	909
625	950
625	958
625	997
626	436
626	567
626	915
626	932
626	947
626	968
627	132
627	844
627	881
627	980
627	989
627	995
628	596
628	823
628	925
628	972
628	977
628	994
629	919
629	934
629	979
629	986
629	987
629	996
630	371
630	956
630	966
630	974
630	990
630	994
631	139
631	266
631	586
631	667
631	931
631	948
631	962
632	547
632	737
632	787
632	818
632	846
632	884
632	999
633	76
633	527
633	745
633	808
633	937
633	951
633	991
634	136
634	377
634	564
634	825
634	933
634	984
634	989
635	399
635	609
635	841
635	973
635	982
635	997
635	998
636	703
636	806
636	869
636	965
636	978
636	997
636	998
637	704
637	724
637	863
637	903
637	930
637	974
637	978
638	95
638	355
638	524
638	622
638	931
638	958
638	998
639	111
639	466
639	695
639	761
639	900
639	992
639	999
640	517
640	768
640	900
640	949
640	981
640	992
640	999
641	831
641	865
641	936
641	975
641	988
641	993
641	995
642	8
642	55
642	688
642	941
642	954
642	976
642	996
643	858
643	894
643	914
643	931
643	954
643	991
643	995
644	250
644	309
644	395
644	613
644	908
644	944
644	962
645	691
645	936
645	975
645	988
645	993
645	994
645	995
646	553
646	624
646	913
646	970
646	986
646	987
646	996
647	343
647	410
647	622
647	853
647	858
647	895
647	928
648	658
648	869
648	952
648	973
648	985
648	992
648	997
649	196
649	568
649	849
649	900
649	946
649	999
649	1000
650	783
650	845
650	915
650	932
650	947
650	959
650	996
651	30
651	168
651	237
651	469
651	717
651	765
651	1000
652	212
652	781
652	790
652	916
652	922
652	959
652	968
653	486
653	815
653	876
653	878
653	881
653	964
653	989
654	125
654	462
654	705
654	814
654	821
654	866
654	887
655	159
655	847
655	945
655	955
655	969
655	990
655	994
656	241
656	439
656	495
656	554
656	861
656	928
656	931
657	756
657	860
657	918
657	975
657	988
657	993
657	995
658	439
658	525
658	648
658	795
658	958
658	978
658	982
659	482
659	535
659	682
659	729
659	814
659	882
659	967
660	763
660	878
660	904
660	933
660	942
660	961
660	984
661	449
661	779
661	789
661	850
661	899
661	960
661	971
662	276
662	491
662	805
662	868
662	921
662	930
662	965
663	526
663	708
663	900
663	902
663	939
663	963
663	992
664	357
664	803
664	824
664	917
664	969
664	974
664	994
665	755
665	793
665	865
665	889
665	936
665	975
665	995
666	952
666	957
666	970
666	979
666	986
666	987
666	996
667	555
667	631
667	822
667	945
667	955
667	972
667	994
668	206
668	326
668	904
668	935
668	980
668	984
668	989
669	917
669	945
669	955
669	972
669	977
669	979
669	994
670	452
670	871
670	935
670	980
670	984
670	987
670	989
671	608
671	781
671	813
671	894
671	941
671	944
671	991
672	690
672	812
672	909
672	923
672	930
672	978
672	998
673	955
673	965
673	966
673	969
673	972
673	990
673	994
674	572
674	926
674	953
674	956
674	992
674	999
674	1000
675	223
675	679
675	788
675	808
675	858
675	878
675	914
676	564
676	733
676	766
676	871
676	881
676	935
676	989
677	390
677	934
677	970
677	979
677	986
677	987
677	996
678	818
678	856
678	939
678	946
678	963
678	992
678	999
679	210
679	257
679	675
679	771
679	853
679	928
679	944
679	976
680	911
680	934
680	957
680	970
680	979
680	986
680	987
680	996
681	189
681	343
681	525
681	894
681	914
681	944
681	951
681	962
682	595
682	659
682	801
682	928
682	929
682	941
682	948
682	951
683	8
683	784
683	826
683	875
683	897
683	941
683	976
683	991
684	115
684	578
684	722
684	781
684	901
684	947
684	959
684	968
685	135
685	310
685	862
685	874
685	955
685	966
685	974
685	994
686	528
686	739
686	840
686	845
686	915
686	916
686	968
686	989
687	401
687	476
687	529
687	602
687	838
687	916
687	947
687	959
688	429
688	542
688	642
688	875
688	928
688	941
688	962
688	983
689	59
689	235
689	420
689	741
689	753
689	983
689	984
689	989
690	672
690	716
690	747
690	786
690	975
690	988
690	993
690	995
691	645
691	816
691	889
691	944
691	975
691	988
691	993
691	995
692	96
692	459
692	480
692	765
692	884
692	913
692	926
692	949
693	561
693	776
693	841
693	921
693	942
693	992
693	997
693	998
694	808
694	832
694	921
694	927
694	950
694	958
694	982
694	997
695	295
695	422
695	639
695	838
695	884
695	953
695	999
695	1000
696	142
696	830
696	879
696	946
696	950
696	952
696	978
696	998
697	21
697	794
697	926
697	953
697	963
697	981
697	992
697	1000
698	283
698	354
698	924
698	949
698	963
698	981
698	999
698	1000
699	456
699	613
699	723
699	914
699	941
699	948
699	956
699	976
700	377
700	752
700	785
700	945
700	956
700	974
700	977
700	994
701	601
701	913
701	934
701	957
701	970
701	979
701	986
701	996
702	800
702	919
702	934
702	957
702	966
702	979
702	986
702	996
703	153
703	636
703	863
703	890
703	930
703	958
703	960
703	997
704	131
704	142
704	637
704	806
704	923
704	976
704	982
704	997
705	292
705	606
705	654
705	734
705	882
705	960
705	967
705	971
706	338
706	543
706	938
706	945
706	955
706	974
706	977
706	994
707	515
707	910
707	945
707	956
707	966
707	969
707	974
707	990
708	663
708	735
708	764
708	902
708	953
708	963
708	983
708	1000
709	132
709	812
709	820
709	888
709	892
709	980
709	984
709	989
710	727
710	918
710	936
710	975
710	988
710	991
710	993
710	995
711	760
711	875
711	908
711	911
711	931
711	941
711	991
711	999
712	796
712	878
712	933
712	938
712	961
712	983
712	984
712	989
713	406
713	469
713	717
713	794
713	924
713	946
713	999
713	1000
714	831
714	898
714	943
714	956
714	972
714	977
714	990
714	994
715	566
715	787
715	818
715	886
715	924
715	946
715	992
715	999
716	690
716	847
716	865
716	901
716	936
716	988
716	993
716	995
717	220
717	651
717	713
717	797
717	827
717	884
717	939
717	999
717	1000
718	301
718	822
718	943
718	956
718	966
718	977
718	978
718	990
718	994
719	115
719	739
719	916
719	922
719	930
719	932
719	947
719	959
719	968
720	448
720	615
720	620
720	811
720	888
720	968
720	980
720	983
720	984
721	24
721	197
721	811
721	871
721	933
721	961
721	983
721	984
721	989
722	25
722	79
722	420
722	532
722	545
722	684
722	799
722	932
722	968
723	154
723	358
723	618
723	699
723	928
723	937
723	954
723	962
723	991
724	637
724	868
724	930
724	940
724	950
724	958
724	965
724	985
724	986
725	541
725	864
725	934
725	939
725	957
725	979
725	986
725	987
725	996
726	569
726	791
726	822
726	828
726	847
726	873
726	898
726	966
726	978
727	133
727	710
727	918
727	936
727	975
727	988
727	993
727	995
727	997
728	10
728	186
728	853
728	885
728	946
728	949
728	953
728	992
728	1000
729	170
729	198
729	659
729	866
729	867
729	882
729	907
729	927
729	967
730	517
730	801
730	852
730	908
730	931
730	937
730	948
730	954
730	982
731	27
731	386
731	832
731	875
731	920
731	921
731	965
731	978
731	997
732	149
732	773
732	816
732	936
732	960
732	975
732	988
732	993
732	995
733	607
733	676
733	744
733	762
733	802
733	933
733	980
733	983
733	989
734	65
734	107
734	127
734	306
734	469
734	590
734	705
734	899
734	971
735	318
735	708
735	737
735	849
735	924
735	939
735	981
735	999
735	1000
736	296
736	815
736	831
736	865
736	889
736	936
736	975
736	988
736	995
737	452
737	632
737	735
737	926
737	946
737	953
737	992
737	999
737	1000
738	242
738	435
738	511
738	847
738	893
738	956
738	977
738	990
738	994
739	423
739	580
739	686
739	719
739	916
739	932
739	936
739	947
739	968
740	267
740	826
740	942
740	952
740	958
740	973
740	985
740	997
740	998
741	385
741	500
741	620
741	689
741	888
741	904
741	961
741	983
741	984
742	76
742	584
742	811
742	895
742	948
742	951
742	954
742	976
742	991
743	792
743	807
743	920
743	958
743	967
743	978
743	985
743	997
743	998
744	512
744	568
744	733
744	876
744	888
744	955
744	961
744	964
744	983
745	633
745	801
745	852
745	908
745	911
745	928
745	929
745	951
745	974
746	29
746	209
746	382
746	916
746	922
746	932
746	947
746	959
746	968
747	690
747	860
747	901
747	918
747	950
747	975
747	988
747	993
747	995
748	796
748	844
748	876
748	892
748	904
748	911
748	935
748	983
748	989
749	896
749	913
749	934
749	945
749	957
749	970
749	979
749	986
749	996
750	846
750	902
750	949
750	953
750	954
750	963
750	992
750	999
750	1000
751	407
751	852
751	876
751	894
751	897
751	937
751	941
751	948
751	962
752	552
752	587
752	700
752	767
752	824
752	956
752	966
752	974
752	990
753	359
753	609
753	689
753	762
753	834
753	843
753	961
753	983
753	984
754	88
754	538
754	566
754	764
754	895
754	900
754	946
754	999
754	1000
755	44
755	665
755	831
755	857
755	889
755	918
755	951
755	988
755	993
755	995
756	657
756	831
756	863
756	865
756	901
756	936
756	975
756	988
756	993
756	995
757	24
757	165
757	562
757	798
757	859
757	867
757	887
757	899
757	907
757	968
758	382
758	417
758	612
758	785
758	898
758	943
758	955
758	977
758	990
758	994
759	236
759	427
759	863
759	879
759	921
759	942
759	965
759	978
759	996
759	998
760	207
760	413
760	579
760	711
760	861
760	895
760	928
760	948
760	976
760	991
761	156
761	272
761	572
761	639
761	900
761	924
761	957
761	992
761	999
761	1000
762	360
762	589
762	733
762	753
762	834
762	892
762	933
762	964
762	983
762	984
763	377
763	534
763	660
763	789
763	820
763	902
763	961
763	980
763	984
763	989
764	84
764	125
764	708
764	754
764	924
764	949
764	963
764	992
764	999
764	1000
765	172
765	255
765	651
765	692
765	818
765	900
765	902
765	946
765	953
765	981
766	676
766	847
766	898
766	938
766	956
766	969
766	972
766	974
766	990
766	994
767	259
767	434
767	449
767	752
767	798
767	851
767	867
767	960
767	967
767	971
768	605
768	640
768	856
768	902
768	924
768	933
768	939
768	949
768	981
768	1000
769	249
769	255
769	778
769	923
769	930
769	973
769	982
769	985
769	988
769	998
770	587
770	923
770	930
770	940
770	942
770	952
770	965
770	973
770	985
770	998
771	563
771	679
771	821
771	851
771	882
771	887
771	906
771	907
771	960
771	967
772	524
772	576
772	776
772	800
772	903
772	930
772	950
772	973
772	978
772	998
773	610
773	732
773	816
773	831
773	918
773	943
773	975
773	988
773	993
773	995
774	426
774	466
774	849
774	885
774	900
774	924
774	961
774	963
774	992
774	999
775	119
775	891
775	896
775	919
775	934
775	970
775	979
775	986
775	987
775	996
776	82
776	322
776	516
776	693
776	772
776	829
776	952
776	958
776	979
776	997
777	551
777	828
777	917
777	938
777	943
777	945
777	966
777	990
777	993
777	994
778	81
778	769
778	807
778	836
778	854
778	882
778	942
778	982
778	997
778	998
779	563
779	606
779	619
779	661
779	798
779	814
779	850
779	908
779	960
779	967
780	346
780	374
780	608
780	611
780	852
780	914
780	929
780	931
780	976
780	991
781	211
781	533
781	652
781	671
781	684
781	783
781	838
781	915
781	922
781	959
782	34
782	523
782	798
782	814
782	859
782	867
782	907
782	960
782	967
782	971
783	62
783	461
783	650
783	781
783	840
783	880
783	922
783	932
783	947
783	968
784	150
784	184
784	589
784	683
784	858
784	897
784	911
784	925
784	937
784	991
785	253
785	484
785	700
785	758
785	862
785	898
785	917
785	953
785	972
785	974
785	990
786	303
786	321
786	690
786	848
786	849
786	901
786	918
786	975
786	988
786	993
786	995
787	544
787	632
787	715
787	818
787	842
787	883
787	885
787	924
787	988
787	992
787	999
788	600
788	675
788	826
788	870
788	908
788	911
788	941
788	962
788	976
788	991
788	994
789	592
789	661
789	763
789	796
789	871
789	892
789	933
789	964
789	983
789	984
789	989
790	365
790	382
790	445
790	652
790	874
790	916
790	922
790	932
790	947
790	959
790	968
791	83
791	726
791	804
791	917
791	938
791	945
791	966
791	972
791	974
791	977
791	990
792	344
792	743
792	837
792	841
792	879
792	925
792	942
792	952
792	973
792	985
792	998
793	601
793	665
793	806
793	848
793	860
793	901
793	936
793	975
793	988
793	993
793	995
794	60
794	697
794	713
794	856
794	907
794	939
794	963
794	981
794	992
794	999
794	1000
795	215
795	396
795	599
795	658
795	803
795	942
795	965
795	982
795	985
795	997
795	998
796	327
796	354
796	712
796	748
796	789
796	881
796	904
796	933
796	935
796	983
796	989
797	218
797	520
797	585
797	717
797	839
797	883
797	919
797	924
797	981
797	992
797	999
798	103
798	409
798	502
798	757
798	767
798	779
798	782
798	887
798	908
798	967
798	971
799	115
799	418
799	478
799	578
799	722
799	822
799	838
799	840
799	915
799	916
799	968
800	616
800	702
800	772
800	891
800	893
800	913
800	919
800	957
800	970
800	986
800	987
800	996
801	280
801	367
801	389
801	489
801	682
801	730
801	745
801	861
801	870
801	894
801	908
801	938
802	200
802	405
802	494
802	570
802	733
802	808
802	813
802	852
802	897
802	908
802	954
802	991
803	612
803	664
803	795
803	828
803	943
803	956
803	966
803	969
803	974
803	977
803	990
803	994
804	5
804	251
804	791
804	912
804	920
804	950
804	952
804	965
804	978
804	982
804	997
804	998
805	37
805	191
805	662
805	834
805	920
805	923
805	925
805	965
805	978
805	982
805	993
805	997
806	636
806	704
806	793
806	868
806	903
806	942
806	950
806	965
806	982
806	985
806	997
806	998
807	614
807	743
807	778
807	886
807	903
807	927
807	942
807	952
807	973
807	982
807	985
807	999
808	346
808	542
808	633
808	675
808	694
808	802
808	826
808	931
808	937
808	954
808	962
808	991
809	124
809	442
809	864
809	880
809	891
809	919
809	934
809	970
809	979
809	986
809	987
809	996
810	283
810	359
810	390
810	403
810	515
810	566
810	883
810	926
810	949
810	953
810	981
810	999
811	145
811	326
811	366
811	615
811	720
811	721
811	742
811	876
811	961
811	980
811	983
811	989
812	519
812	577
812	672
812	709
812	909
812	915
812	921
812	952
812	973
812	978
812	985
812	998
813	40
813	280
813	367
813	618
813	671
813	802
813	855
813	894
813	895
813	914
813	929
813	976
814	259
814	330
814	434
814	654
814	659
814	779
814	782
814	833
814	882
814	907
814	967
814	971
815	18
815	58
815	375
815	438
815	653
815	736
815	860
815	918
815	975
815	988
815	993
815	995
816	278
816	378
816	691
816	732
816	773
816	817
816	860
816	918
816	975
816	988
816	993
816	995
817	364
817	610
817	816
817	848
817	865
817	901
817	912
817	936
817	975
817	988
817	993
817	995
818	146
818	404
818	632
818	678
818	715
818	765
818	787
818	885
818	963
818	981
818	985
818	1000
819	388
819	489
819	509
819	893
819	913
819	919
819	934
819	957
819	970
819	979
819	986
819	987
819	996
820	328
820	465
820	709
820	763
820	836
820	844
820	871
820	878
820	892
820	961
820	983
820	984
820	989
821	654
821	771
821	837
821	850
821	859
821	887
821	891
821	906
821	907
821	960
821	967
821	971
821	978
822	471
822	667
822	718
822	726
822	799
822	874
822	881
822	966
822	972
822	974
822	977
822	990
822	994
823	189
823	454
823	628
823	828
823	895
823	905
823	910
823	938
823	943
823	969
823	972
823	977
823	994
824	11
824	400
824	664
824	752
824	873
824	898
824	917
824	945
824	956
824	972
824	974
824	977
824	990
825	393
825	452
825	568
825	634
825	843
825	888
825	933
825	954
825	964
825	980
825	983
825	984
825	989
826	217
826	559
826	683
826	740
826	788
826	808
826	897
826	911
826	944
826	948
826	954
826	976
826	991
827	447
827	497
827	717
827	848
827	857
827	889
827	901
827	918
827	936
827	975
827	988
827	993
827	995
828	15
828	484
828	726
828	777
828	803
828	823
828	898
828	955
828	966
828	969
828	976
828	977
828	994
829	299
829	302
829	494
829	525
829	776
829	836
829	862
829	920
829	921
829	965
829	973
829	997
829	998
830	343
830	376
830	381
830	491
830	696
830	925
830	940
830	952
830	965
830	973
830	985
830	997
830	998
831	317
831	641
831	714
831	736
831	755
831	756
831	773
831	865
831	918
831	975
831	988
831	993
831	995
832	694
832	731
832	912
832	923
832	930
832	958
832	961
832	965
832	973
832	978
832	985
832	997
832	998
833	84
833	196
833	342
833	814
833	842
833	900
833	902
833	939
833	944
833	946
833	992
833	999
833	1000
834	197
834	753
834	762
834	805
834	843
834	844
834	892
834	935
834	961
834	964
834	983
834	984
834	989
835	480
835	556
835	853
835	894
835	895
835	897
835	908
835	911
835	926
835	941
835	944
835	951
835	962
835	991
836	297
836	305
836	778
836	820
836	829
836	863
836	868
836	905
836	930
836	950
836	978
836	982
836	985
836	997
837	70
837	80
837	198
837	244
837	338
837	563
837	606
837	792
837	821
837	850
837	859
837	866
837	899
837	967
838	481
838	575
838	580
838	596
838	623
838	687
838	695
838	781
838	799
838	845
838	922
838	947
838	959
838	968
839	323
839	797
839	840
839	900
839	926
839	939
839	946
839	949
839	953
839	963
839	981
839	992
839	999
839	1000
840	108
840	327
840	433
840	623
840	686
840	783
840	799
840	839
840	915
840	916
840	922
840	932
840	959
840	977
841	427
841	514
841	635
841	693
841	792
841	889
841	912
841	923
841	958
841	965
841	978
841	982
841	997
841	998
842	362
842	787
842	833
842	883
842	904
842	924
842	926
842	946
842	949
842	953
842	963
842	981
842	999
842	1000
843	49
843	568
843	607
843	753
843	825
843	834
843	888
843	892
843	935
843	961
843	964
843	969
843	980
843	983
844	50
844	405
844	627
844	748
844	820
844	834
844	876
844	878
844	933
844	961
844	980
844	983
844	984
844	989
845	25
845	365
845	384
845	401
845	499
845	650
845	686
845	838
845	922
845	932
845	947
845	959
845	968
845	979
846	33
846	97
846	632
846	750
846	885
846	902
846	926
846	939
846	946
846	949
846	953
846	981
846	992
846	999
847	582
847	655
847	716
847	726
847	738
847	766
847	943
847	945
847	955
847	966
847	972
847	974
847	977
847	994
848	601
848	786
848	793
848	817
848	827
848	857
848	860
848	889
848	918
848	922
848	936
848	988
848	993
848	995
849	216
849	394
849	499
849	588
849	649
849	735
849	774
849	786
849	898
849	939
849	963
849	981
849	999
849	1000
850	114
850	292
850	294
850	383
850	482
850	661
850	779
850	821
850	837
850	851
850	867
850	907
850	967
850	971
850	1000
851	65
851	93
851	103
851	325
851	478
851	560
851	767
851	771
851	850
851	866
851	882
851	887
851	906
851	907
851	960
852	48
852	475
852	556
852	600
852	730
852	745
852	751
852	780
852	802
852	908
852	914
852	928
852	929
852	991
852	1000
853	309
853	458
853	542
853	548
853	558
853	647
853	679
853	728
853	835
853	870
853	931
853	948
853	954
853	962
853	991
854	355
854	473
854	599
854	778
854	898
854	903
854	912
854	925
854	940
854	973
854	978
854	982
854	985
854	989
854	997
855	28
855	187
855	813
855	862
855	879
855	905
855	910
855	938
855	943
855	955
855	956
855	966
855	969
855	974
855	994
856	53
856	678
856	768
856	794
856	883
856	884
856	900
856	902
856	926
856	952
856	963
856	981
856	992
856	999
856	1000
857	193
857	307
857	363
857	432
857	526
857	755
857	827
857	848
857	865
857	877
857	889
857	918
857	936
857	993
857	995
858	222
858	257
858	429
858	560
858	579
858	643
858	647
858	675
858	784
858	892
858	894
858	897
858	908
858	948
858	991
859	71
859	288
859	324
859	535
859	560
859	757
859	782
859	821
859	837
859	899
859	906
859	907
859	923
859	960
859	967
859	971
860	611
860	657
860	747
860	793
860	815
860	816
860	848
860	889
860	896
860	901
860	918
860	921
860	975
860	988
860	993
860	995
861	312
861	584
861	595
861	656
861	760
861	801
861	875
861	895
861	914
861	928
861	932
861	937
861	941
861	944
861	948
861	991
862	246
862	572
862	685
862	785
862	829
862	855
862	874
862	917
862	943
862	955
862	966
862	969
862	974
862	977
862	990
862	994
863	199
863	609
863	617
863	637
863	703
863	756
863	759
863	836
863	872
863	903
863	930
863	950
863	963
863	982
863	985
863	998
864	369
864	443
864	569
864	725
864	809
864	869
864	893
864	896
864	913
864	919
864	934
864	957
864	970
864	979
864	986
864	987
864	996
865	641
865	665
865	716
865	736
865	756
865	817
865	831
865	857
865	889
865	904
865	918
865	936
865	975
865	980
865	988
865	993
865	995
866	265
866	333
866	379
866	409
866	478
866	535
866	590
866	654
866	729
866	837
866	851
866	867
866	882
866	907
866	960
866	967
866	995
867	48
867	330
867	338
867	383
867	729
867	757
867	767
867	782
867	850
867	866
867	882
867	899
867	906
867	907
867	960
867	967
867	971
868	98
868	126
868	491
868	662
868	724
868	806
868	836
868	920
868	925
868	944
868	952
868	970
868	973
868	982
868	985
868	997
868	998
869	54
869	516
869	636
869	648
869	864
869	872
869	879
869	909
869	920
869	930
869	940
869	973
869	978
869	982
869	985
869	987
869	997
870	351
870	558
870	595
870	788
870	801
870	853
870	895
870	897
870	914
870	924
870	931
870	937
870	948
870	951
870	954
870	962
870	991
871	45
871	99
871	431
871	451
871	670
871	676
871	721
871	789
871	820
871	881
871	935
871	964
871	969
871	980
871	983
871	984
871	989
872	285
872	863
872	869
872	886
872	909
872	912
872	923
872	925
872	927
872	940
872	950
872	952
872	959
872	965
872	978
872	985
872	998
873	14
873	371
873	378
873	393
873	484
873	726
873	824
873	898
873	943
873	956
873	966
873	969
873	972
873	974
873	981
873	990
873	994
874	212
874	311
874	522
874	685
874	790
874	822
874	862
874	898
874	910
874	917
874	938
874	943
874	966
874	969
874	977
874	990
874	994
875	16
875	586
875	683
875	688
875	711
875	731
875	861
875	894
875	914
875	929
875	931
875	937
875	948
875	954
875	962
875	976
875	991
875	992
876	94
876	574
876	653
876	744
876	748
876	751
876	811
876	844
876	878
876	904
876	933
876	943
876	961
876	964
876	980
876	983
876	984
876	989
877	166
877	262
877	414
877	446
877	536
877	857
877	879
877	903
877	920
877	923
877	930
877	940
877	942
877	952
877	958
877	982
877	997
877	998
878	235
878	308
878	339
878	621
878	653
878	660
878	675
878	712
878	820
878	844
878	876
878	904
878	935
878	961
878	980
878	983
878	984
878	989
879	77
879	241
879	696
879	759
879	792
879	855
879	869
879	877
879	912
879	921
879	927
879	940
879	942
879	968
879	973
879	978
879	997
879	998
880	31
880	437
880	496
880	604
880	783
880	809
880	891
880	893
880	896
880	913
880	919
880	934
880	957
880	970
880	979
880	986
880	987
880	996
881	94
881	564
881	574
881	627
881	653
881	676
881	796
881	822
881	871
881	888
881	933
881	935
881	961
881	964
881	980
881	983
881	984
881	989
881	1000
882	70
882	103
882	127
882	306
882	338
882	659
882	705
882	729
882	771
882	778
882	814
882	851
882	866
882	867
882	899
882	941
882	960
882	967
882	971
883	332
883	419
883	787
883	797
883	810
883	842
883	856
883	884
883	885
883	939
883	946
883	949
883	953
883	961
883	963
883	989
883	992
883	999
883	1000
884	313
884	442
884	588
884	632
884	692
884	695
884	717
884	856
884	883
884	907
884	926
884	939
884	946
884	949
884	953
884	981
884	992
884	999
884	1000
885	229
885	362
885	394
885	396
885	728
885	774
885	787
885	818
885	846
885	883
885	902
885	939
885	949
885	953
885	977
885	981
885	992
885	999
885	1000
886	136
886	157
886	238
886	270
886	467
886	485
886	490
886	715
886	807
886	872
886	890
886	909
886	942
886	958
886	965
886	978
886	985
886	997
886	998
887	63
887	75
887	176
887	252
887	379
887	450
887	562
887	606
887	654
887	757
887	771
887	798
887	821
887	851
887	933
887	960
887	964
887	967
887	971
888	52
888	488
888	520
888	568
888	581
888	709
888	720
888	741
888	744
888	825
888	843
888	881
888	892
888	933
888	935
888	964
888	983
888	984
888	989
888	998
889	6
889	321
889	665
889	691
889	736
889	755
889	827
889	841
889	848
889	857
889	860
889	865
889	900
889	901
889	918
889	936
889	975
889	988
889	993
889	995
890	126
890	415
890	474
890	516
890	519
890	703
890	886
890	903
890	925
890	927
890	940
890	942
890	958
890	978
890	982
890	985
890	988
890	989
890	997
890	998
891	233
891	334
891	437
891	486
891	775
891	800
891	809
891	821
891	880
891	893
891	896
891	913
891	919
891	934
891	957
891	970
891	979
891	986
891	987
891	996
892	136
892	448
892	607
892	709
892	748
892	762
892	789
892	820
892	834
892	843
892	858
892	888
892	923
892	933
892	961
892	964
892	980
892	983
892	984
892	989
893	440
893	571
893	573
893	738
893	800
893	819
893	864
893	880
893	891
893	896
893	913
893	919
893	934
893	957
893	970
893	979
893	986
893	987
893	990
893	996
894	101
894	374
894	542
894	589
894	643
894	671
894	681
894	751
894	801
894	813
894	835
894	858
894	875
894	897
894	900
894	931
894	941
894	962
894	972
894	991
895	290
895	389
895	410
895	647
895	742
895	754
895	760
895	813
895	823
895	835
895	861
895	870
895	908
895	929
895	931
895	937
895	944
895	951
895	976
895	991
896	32
896	135
896	391
896	440
896	513
896	749
896	775
896	860
896	864
896	880
896	891
896	893
896	913
896	919
896	934
896	957
896	970
896	979
896	986
896	987
896	996
897	112
897	194
897	495
897	507
897	556
897	607
897	683
897	751
897	784
897	802
897	826
897	835
897	858
897	870
897	894
897	911
897	941
897	944
897	962
897	976
897	991
898	56
898	310
898	714
898	726
898	758
898	766
898	785
898	824
898	828
898	849
898	854
898	873
898	874
898	910
898	938
898	945
898	956
898	966
898	972
898	990
898	994
899	47
899	175
899	412
899	434
899	450
899	467
899	478
899	619
899	661
899	734
899	757
899	837
899	859
899	867
899	882
899	906
899	907
899	932
899	960
899	967
899	971
900	220
900	566
900	639
900	640
900	649
900	663
900	754
900	761
900	765
900	774
900	833
900	839
900	856
900	889
900	894
900	939
900	981
900	982
900	992
900	999
900	1000
901	17
901	119
901	234
901	455
901	468
901	510
901	610
901	684
901	716
901	747
901	756
901	786
901	793
901	817
901	827
901	860
901	889
901	936
901	975
901	988
901	993
901	995
902	168
902	286
902	387
902	459
902	515
902	547
902	621
902	663
902	708
902	750
902	763
902	765
902	768
902	833
902	846
902	856
902	885
902	953
902	981
902	992
902	999
902	1000
903	199
903	637
903	772
903	806
903	807
903	854
903	863
903	877
903	890
903	920
903	921
903	930
903	942
903	948
903	950
903	952
903	965
903	969
903	973
903	985
903	997
903	998
904	173
904	328
904	453
904	465
904	615
904	660
904	668
904	741
904	748
904	796
904	842
904	865
904	876
904	878
904	935
904	946
904	961
904	964
904	980
904	983
904	984
904	989
905	63
905	187
905	301
905	408
905	417
905	587
905	823
905	836
905	855
905	910
905	938
905	943
905	945
905	955
905	956
905	966
905	967
905	969
905	972
905	977
905	990
905	994
906	24
906	47
906	107
906	165
906	205
906	269
906	409
906	428
906	549
906	562
906	590
906	771
906	821
906	851
906	859
906	867
906	899
906	907
906	960
906	967
906	971
906	979
907	39
907	64
907	324
907	383
907	462
907	729
907	757
907	771
907	782
907	794
907	814
907	821
907	850
907	851
907	859
907	866
907	867
907	884
907	899
907	906
907	960
907	967
907	971
908	66
908	139
908	158
908	210
908	456
908	548
908	644
908	711
908	730
908	745
908	779
908	788
908	798
908	801
908	802
908	835
908	852
908	858
908	895
908	944
908	954
908	976
908	991
909	35
909	251
909	414
909	416
909	625
909	672
909	812
909	869
909	872
909	886
909	923
909	925
909	940
909	942
909	958
909	965
909	973
909	978
909	982
909	985
909	992
909	997
909	998
910	253
910	518
910	543
910	552
910	583
910	707
910	823
910	855
910	874
910	898
910	905
910	917
910	920
910	927
910	943
910	945
910	955
910	956
910	972
910	974
910	977
910	990
910	994
911	239
911	290
911	347
911	521
911	556
911	589
911	595
911	618
911	680
911	711
911	745
911	748
911	784
911	788
911	826
911	835
911	897
911	937
911	941
911	944
911	954
911	976
911	991
912	37
912	93
912	215
912	297
912	391
912	804
912	817
912	832
912	841
912	854
912	872
912	879
912	920
912	925
912	940
912	952
912	965
912	973
912	978
912	982
912	985
912	997
912	998
912	999
913	121
913	147
913	370
913	392
913	597
913	646
913	692
913	701
913	749
913	800
913	819
913	864
913	880
913	891
913	893
913	896
913	919
913	957
913	970
913	972
913	979
913	986
913	987
913	996
914	183
914	231
914	239
914	257
914	260
914	517
914	598
914	600
914	643
914	675
914	681
914	699
914	780
914	813
914	852
914	861
914	870
914	875
914	918
914	929
914	948
914	951
914	976
914	991
915	9
915	12
915	86
915	204
915	273
915	384
915	420
915	433
915	545
915	580
915	602
915	626
915	650
915	686
915	781
915	799
915	812
915	840
915	916
915	922
915	932
915	947
915	959
915	968
915	987
916	62
916	204
916	284
916	481
916	504
916	505
916	533
916	575
916	623
916	652
916	686
916	687
916	719
916	739
916	746
916	790
916	799
916	840
916	915
916	932
916	947
916	959
916	968
916	991
916	997
917	52
917	178
917	311
917	331
917	372
917	565
917	587
917	664
917	669
917	777
917	785
917	791
917	824
917	862
917	874
917	910
917	945
917	956
917	969
917	972
917	974
917	977
917	984
917	990
917	994
918	455
918	503
918	657
918	710
918	727
918	747
918	755
918	773
918	786
918	815
918	816
918	827
918	831
918	848
918	857
918	860
918	865
918	889
918	914
918	936
918	975
918	987
918	988
918	993
918	995
919	203
919	277
919	442
919	496
919	540
919	604
919	629
919	702
919	775
919	797
919	800
919	809
919	819
919	864
919	880
919	891
919	893
919	896
919	913
919	934
919	957
919	970
919	986
919	987
919	996
920	77
920	485
920	731
920	743
920	804
920	805
920	829
920	868
920	869
920	877
920	903
920	910
920	912
920	927
920	940
920	942
920	952
920	965
920	969
920	973
920	982
920	985
920	992
920	997
920	998
921	5
921	82
921	123
921	142
921	470
921	473
921	491
921	662
921	693
921	694
921	731
921	759
921	812
921	829
921	860
921	879
921	903
921	925
921	927
921	952
921	962
921	978
921	985
921	986
921	998
922	204
922	237
922	320
922	384
922	423
922	492
922	528
922	578
922	580
922	652
922	719
922	746
922	781
922	783
922	790
922	838
922	840
922	845
922	848
922	915
922	932
922	947
922	959
922	968
922	984
923	255
923	561
923	577
923	672
923	704
923	769
923	770
923	805
923	832
923	841
923	859
923	872
923	877
923	892
923	909
923	930
923	940
923	950
923	958
923	965
923	978
923	982
923	985
923	996
923	997
923	998
924	46
924	263
924	390
924	422
924	539
924	551
924	621
924	698
924	713
924	715
924	735
924	761
924	764
924	768
924	774
924	787
924	797
924	842
924	870
924	939
924	949
924	953
924	963
924	992
924	999
924	1000
925	59
925	131
925	185
925	457
925	490
925	536
925	576
925	628
925	784
925	792
925	805
925	830
925	854
925	868
925	872
925	890
925	909
925	912
925	921
925	930
925	950
925	952
925	978
925	985
925	997
925	998
926	10
926	96
926	229
926	292
926	361
926	539
926	550
926	585
926	593
926	605
926	674
926	692
926	697
926	737
926	810
926	835
926	839
926	842
926	846
926	856
926	884
926	946
926	981
926	985
926	992
926	999
927	138
927	238
927	351
927	525
927	614
927	694
927	729
927	807
927	872
927	879
927	890
927	910
927	920
927	921
927	930
927	942
927	950
927	952
927	958
927	965
927	973
927	978
927	985
927	997
927	998
927	1000
928	164
928	222
928	405
928	456
928	493
928	608
928	647
928	656
928	679
928	682
928	688
928	723
928	745
928	760
928	852
928	861
928	929
928	937
928	941
928	944
928	949
928	951
928	954
928	957
928	962
928	966
928	976
929	8
929	66
929	184
929	200
929	274
929	309
929	522
929	559
929	591
929	682
929	745
929	780
929	813
929	852
929	875
929	895
929	914
929	928
929	931
929	941
929	944
929	954
929	962
929	971
929	976
929	987
929	991
930	74
930	89
930	138
930	391
930	637
930	662
930	672
930	703
930	719
930	724
930	769
930	770
930	772
930	832
930	836
930	863
930	869
930	877
930	903
930	923
930	925
930	927
930	942
930	943
930	958
930	973
930	974
930	985
931	174
931	248
931	329
931	548
931	595
931	613
931	631
931	638
931	643
931	656
931	711
931	730
931	780
931	808
931	853
931	870
931	875
931	894
931	895
931	929
931	937
931	948
931	951
931	954
931	962
931	976
931	991
931	993
932	9
932	29
932	79
932	108
932	211
932	433
932	528
932	529
932	567
932	575
932	626
932	650
932	719
932	722
932	739
932	746
932	783
932	790
932	840
932	845
932	861
932	899
932	915
932	916
932	922
932	947
932	959
932	968
932	997
933	254
933	341
933	464
933	534
933	574
933	634
933	660
933	712
933	721
933	733
933	762
933	768
933	789
933	796
933	825
933	844
933	876
933	881
933	887
933	888
933	892
933	935
933	946
933	961
933	964
933	980
933	983
933	984
933	989
934	195
934	513
934	537
934	597
934	629
934	677
934	680
934	701
934	702
934	725
934	749
934	775
934	809
934	819
934	864
934	880
934	891
934	893
934	896
934	919
934	949
934	957
934	970
934	972
934	979
934	986
934	987
934	990
934	996
935	117
935	181
935	247
935	275
935	291
935	531
935	573
935	581
935	668
935	670
935	676
935	748
935	796
935	834
935	843
935	871
935	878
935	881
935	888
935	904
935	933
935	951
935	961
935	964
935	971
935	980
935	983
935	984
935	989
936	19
936	73
936	109
936	335
936	506
936	611
936	641
936	645
936	665
936	710
936	716
936	727
936	732
936	736
936	739
936	756
936	793
936	817
936	827
936	848
936	857
936	865
936	889
936	901
936	918
936	948
936	975
936	988
936	993
936	995
937	223
937	250
937	395
937	407
937	530
937	548
937	593
937	598
937	600
937	633
937	723
937	730
937	751
937	784
937	808
937	861
937	870
937	875
937	895
937	911
937	928
937	931
937	941
937	944
937	948
937	951
937	958
937	962
937	991
937	994
938	13
938	102
938	228
938	274
938	310
938	380
938	522
938	587
938	706
938	712
938	766
938	777
938	791
938	801
938	823
938	855
938	874
938	898
938	905
938	943
938	945
938	955
938	956
938	966
938	969
938	972
938	974
938	977
938	990
938	994
939	218
939	318
939	446
939	539
939	572
939	663
939	678
939	717
939	725
939	735
939	768
939	794
939	833
939	839
939	846
939	849
939	883
939	884
939	885
939	900
939	924
939	946
939	950
939	953
939	963
939	964
939	981
939	992
939	999
939	1000
940	41
940	202
940	243
940	376
940	381
940	386
940	415
940	462
940	561
940	614
940	724
940	770
940	830
940	854
940	869
940	872
940	877
940	879
940	890
940	909
940	912
940	920
940	923
940	950
940	958
940	963
940	978
940	982
940	989
940	997
940	998
941	40
941	73
941	102
941	290
941	358
941	458
941	475
941	495
941	586
941	642
941	671
941	682
941	683
941	688
941	699
941	711
941	751
941	788
941	835
941	861
941	882
941	894
941	897
941	911
941	928
941	929
941	937
941	944
941	948
941	951
941	962
942	77
942	147
942	240
942	305
942	348
942	460
942	473
942	660
942	693
942	740
942	759
942	770
942	778
942	792
942	795
942	806
942	807
942	877
942	879
942	886
942	890
942	903
942	909
942	920
942	927
942	930
942	958
942	965
942	978
942	982
942	991
942	997
943	11
943	106
943	208
943	416
943	518
943	527
943	714
943	718
943	758
943	773
943	777
943	803
943	823
943	847
943	855
943	862
943	873
943	874
943	876
943	905
943	910
943	930
943	938
943	955
943	956
943	969
943	972
943	974
943	977
943	980
943	990
943	994
944	1
944	51
944	192
944	210
944	223
944	374
944	530
944	617
944	618
944	644
944	671
944	679
944	681
944	691
944	826
944	833
944	835
944	861
944	868
944	895
944	897
944	908
944	911
944	928
944	929
944	937
944	941
944	948
944	951
944	962
944	976
944	991
945	86
945	188
945	302
945	471
945	565
945	569
945	603
945	655
945	667
945	669
945	700
945	706
945	707
945	749
945	777
945	791
945	824
945	847
945	898
945	905
945	910
945	917
945	938
945	955
945	956
945	966
945	972
945	973
945	974
945	977
945	990
945	994
946	213
946	362
946	419
946	508
946	520
946	550
946	585
946	621
946	649
946	678
946	696
946	713
946	715
946	728
946	737
946	754
946	765
946	833
946	839
946	842
946	846
946	883
946	884
946	904
946	926
946	933
946	939
946	949
946	953
946	981
946	992
946	999
946	1000
947	1
947	108
947	212
947	216
947	327
947	365
947	418
947	436
947	492
947	504
947	528
947	529
947	545
947	602
947	623
947	626
947	650
947	684
947	687
947	719
947	739
947	746
947	783
947	790
947	838
947	845
947	915
947	916
947	922
947	932
947	953
947	959
947	968
948	51
948	112
948	158
948	174
948	347
948	475
948	517
948	557
948	613
948	631
948	682
948	699
948	730
948	742
948	751
948	760
948	826
948	853
948	858
948	861
948	870
948	875
948	903
948	914
948	931
948	936
948	937
948	941
948	944
948	954
948	964
948	976
948	991
949	134
949	162
949	163
949	207
949	287
949	295
949	340
949	426
949	515
949	640
949	692
949	698
949	728
949	750
949	764
949	768
949	810
949	839
949	842
949	846
949	883
949	884
949	885
949	924
949	928
949	934
949	946
949	953
949	963
949	981
949	992
949	999
949	1000
950	90
950	98
950	153
950	267
950	300
950	304
950	322
950	415
950	625
950	694
950	696
950	724
950	747
950	772
950	804
950	806
950	836
950	863
950	872
950	903
950	923
950	925
950	927
950	939
950	940
950	952
950	973
950	978
950	981
950	982
950	985
950	997
950	998
951	51
951	66
951	112
951	233
951	367
951	395
951	429
951	458
951	489
951	554
951	584
951	591
951	598
951	608
951	633
951	681
951	682
951	742
951	745
951	755
951	835
951	870
951	895
951	914
951	928
951	931
951	935
951	937
951	941
951	944
951	962
951	976
951	979
951	991
952	41
952	329
952	368
952	458
952	519
952	622
952	648
952	666
952	696
952	740
952	770
952	776
952	792
952	804
952	807
952	812
952	830
952	856
952	868
952	872
952	877
952	903
952	912
952	920
952	921
952	925
952	927
952	950
952	965
952	973
952	982
952	985
952	997
952	998
953	67
953	111
953	295
953	346
953	507
953	520
953	605
953	674
953	695
953	697
953	708
953	728
953	737
953	750
953	765
953	785
953	810
953	839
953	842
953	846
953	883
953	884
953	885
953	902
953	924
953	939
953	946
953	947
953	949
953	963
953	981
953	992
953	995
953	999
953	1000
954	16
954	23
954	87
954	101
954	150
954	158
954	219
954	248
954	276
954	410
954	456
954	489
954	554
954	579
954	620
954	642
954	643
954	723
954	730
954	742
954	750
954	802
954	808
954	825
954	826
954	853
954	870
954	875
954	908
954	911
954	928
954	929
954	931
954	948
954	962
954	991
955	110
955	190
955	224
955	298
955	371
955	397
955	398
955	518
955	527
955	551
955	555
955	569
955	655
955	667
955	669
955	673
955	685
955	706
955	744
955	758
955	828
955	847
955	855
955	862
955	905
955	910
955	938
955	943
955	945
955	966
955	969
955	972
955	974
955	977
955	990
955	994
956	13
956	102
956	227
956	228
956	350
956	408
956	543
956	583
956	630
956	674
956	699
956	700
956	707
956	714
956	718
956	738
956	752
956	766
956	803
956	824
956	855
956	873
956	898
956	905
956	910
956	917
956	938
956	943
956	945
956	966
956	969
956	972
956	974
956	990
956	994
956	999
956	1000
957	134
957	281
957	315
957	353
957	356
957	411
957	425
957	437
957	477
957	509
957	513
957	546
957	553
957	666
957	680
957	701
957	702
957	725
957	749
957	761
957	800
957	819
957	864
957	880
957	891
957	893
957	896
957	913
957	919
957	928
957	934
957	970
957	971
957	979
957	986
957	987
957	996
958	20
958	85
958	279
958	329
958	460
958	514
958	586
958	609
958	625
958	638
958	658
958	694
958	703
958	724
958	740
958	743
958	776
958	832
958	841
958	877
958	886
958	890
958	909
958	923
958	927
958	930
958	937
958	940
958	942
958	965
958	973
958	978
958	983
958	984
958	985
958	997
958	998
959	9
959	33
959	79
959	382
959	384
959	401
959	418
959	436
959	445
959	492
959	504
959	529
959	533
959	545
959	575
959	602
959	623
959	650
959	652
959	684
959	687
959	719
959	746
959	781
959	790
959	838
959	840
959	845
959	872
959	915
959	916
959	922
959	932
959	947
959	962
959	968
959	998
960	26
960	39
960	64
960	71
960	124
960	125
960	170
960	175
960	252
960	294
960	306
960	330
960	434
960	502
960	549
960	560
960	590
960	661
960	703
960	705
960	732
960	767
960	771
960	779
960	782
960	821
960	851
960	859
960	866
960	867
960	882
960	887
960	899
960	906
960	907
960	971
960	986
960	995
961	49
961	99
961	117
961	254
961	397
961	431
961	468
961	498
961	534
961	581
961	592
961	607
961	660
961	712
961	721
961	741
961	744
961	753
961	763
961	774
961	811
961	820
961	832
961	834
961	843
961	844
961	876
961	878
961	881
961	883
961	892
961	904
961	933
961	935
961	964
961	980
961	983
961	984
961	989
962	55
962	87
962	139
962	231
962	245
962	358
962	389
962	405
962	407
962	521
962	530
962	557
962	558
962	584
962	631
962	644
962	681
962	688
962	723
962	751
962	788
962	808
962	835
962	853
962	870
962	875
962	894
962	897
962	921
962	928
962	929
962	931
962	937
962	941
962	944
962	951
962	954
962	959
962	976
962	981
962	991
963	57
963	96
963	143
963	162
963	177
963	216
963	282
963	287
963	318
963	320
963	323
963	406
963	466
963	523
963	538
963	663
963	678
963	697
963	698
963	708
963	750
963	764
963	774
963	794
963	818
963	839
963	842
963	849
963	856
963	863
963	883
963	924
963	939
963	940
963	949
963	953
963	981
963	984
963	992
963	999
963	1000
964	99
964	203
964	254
964	261
964	264
964	308
964	339
964	377
964	393
964	448
964	451
964	452
964	453
964	465
964	498
964	534
964	581
964	615
964	653
964	744
964	762
964	789
964	825
964	834
964	843
964	871
964	876
964	881
964	887
964	888
964	892
964	904
964	933
964	935
964	939
964	948
964	961
964	980
964	983
964	989
964	993
965	11
965	123
965	141
965	251
965	270
965	396
965	470
965	494
965	501
965	536
965	576
965	609
965	636
965	662
965	673
965	724
965	731
965	759
965	770
965	795
965	804
965	805
965	806
965	829
965	830
965	832
965	841
965	872
965	886
965	903
965	909
965	912
965	920
965	923
965	927
965	942
965	952
965	958
965	982
965	985
965	986
965	997
965	998
966	179
966	242
966	300
966	302
966	350
966	352
966	371
966	398
966	454
966	569
966	582
966	587
966	596
966	630
966	673
966	685
966	702
966	707
966	718
966	726
966	752
966	777
966	791
966	803
966	822
966	828
966	847
966	855
966	862
966	873
966	874
966	898
966	905
966	928
966	938
966	945
966	955
966	956
966	969
966	972
966	977
966	990
966	994
966	996
967	39
967	75
967	80
967	107
967	114
967	198
967	265
967	324
967	333
967	379
967	409
967	412
967	482
967	502
967	523
967	549
967	560
967	606
967	619
967	659
967	705
967	729
967	743
967	767
967	771
967	779
967	782
967	798
967	814
967	821
967	837
967	850
967	859
967	866
967	867
967	882
967	887
967	899
967	905
967	906
967	907
967	971
967	973
967	995
968	12
968	25
968	33
968	273
968	284
968	304
968	418
968	433
968	445
968	461
968	481
968	492
968	504
968	528
968	529
968	533
968	545
968	567
968	575
968	580
968	602
968	623
968	626
968	652
968	684
968	686
968	719
968	720
968	722
968	739
968	746
968	757
968	783
968	790
968	799
968	838
968	845
968	879
968	915
968	916
968	922
968	932
968	947
968	959
969	3
969	122
969	137
969	179
969	253
969	256
969	268
969	331
969	454
969	477
969	479
969	510
969	522
969	555
969	565
969	583
969	612
969	655
969	664
969	673
969	707
969	766
969	803
969	823
969	828
969	843
969	855
969	862
969	871
969	873
969	874
969	903
969	905
969	917
969	920
969	938
969	943
969	955
969	956
969	966
969	972
969	977
969	990
969	994
970	140
970	151
970	160
970	201
970	334
970	453
970	463
970	476
970	477
970	483
970	487
970	513
970	553
970	571
970	594
970	597
970	616
970	646
970	666
970	677
970	680
970	701
970	749
970	775
970	800
970	809
970	819
970	864
970	868
970	880
970	891
970	893
970	896
970	913
970	919
970	934
970	957
970	973
970	979
970	981
970	986
970	987
970	996
970	999
971	26
971	65
971	124
971	175
971	176
971	244
971	265
971	269
971	288
971	294
971	306
971	330
971	333
971	449
971	450
971	501
971	523
971	549
971	562
971	581
971	590
971	619
971	661
971	705
971	734
971	767
971	782
971	798
971	814
971	821
971	850
971	859
971	867
971	882
971	887
971	899
971	906
971	907
971	929
971	935
971	957
971	960
971	967
971	998
972	7
972	104
972	256
972	301
972	310
972	380
972	441
972	479
972	527
972	551
972	582
972	583
972	596
972	603
972	628
972	667
972	669
972	673
972	714
972	766
972	785
972	791
972	822
972	823
972	824
972	847
972	873
972	894
972	898
972	905
972	910
972	913
972	917
972	934
972	938
972	943
972	945
972	955
972	956
972	966
972	969
972	974
972	977
972	990
972	994
973	27
973	36
973	69
973	72
973	89
973	171
973	191
973	386
973	391
973	414
973	470
973	485
973	490
973	559
973	577
973	635
973	648
973	740
973	769
973	770
973	772
973	792
973	807
973	812
973	829
973	830
973	832
973	854
973	868
973	869
973	879
973	903
973	909
973	912
973	920
973	927
973	930
973	945
973	950
973	952
973	958
973	967
973	970
973	978
973	982
973	997
973	998
974	21
974	110
974	116
974	179
974	190
974	268
974	331
974	398
974	454
974	471
974	479
974	510
974	511
974	565
974	603
974	630
974	637
974	664
974	685
974	700
974	706
974	707
974	745
974	752
974	766
974	785
974	791
974	803
974	822
974	824
974	847
974	855
974	862
974	873
974	910
974	917
974	930
974	938
974	943
974	945
974	955
974	956
974	972
974	975
974	977
974	990
974	994
974	995
975	46
975	161
975	234
975	335
975	345
975	375
975	430
975	438
975	455
975	468
975	472
975	500
975	506
975	611
975	641
975	645
975	657
975	665
975	690
975	691
975	710
975	727
975	732
975	736
975	747
975	756
975	773
975	786
975	793
975	815
975	816
975	817
975	827
975	831
975	860
975	865
975	889
975	901
975	918
975	936
975	974
975	986
975	988
975	990
975	993
975	994
975	995
975	997
976	23
976	174
976	192
976	219
976	343
976	347
976	428
976	429
976	443
976	489
976	493
976	521
976	542
976	554
976	557
976	559
976	570
976	577
976	579
976	584
976	589
976	591
976	598
976	618
976	642
976	679
976	683
976	699
976	704
976	742
976	760
976	780
976	788
976	813
976	826
976	828
976	875
976	895
976	897
976	908
976	911
976	914
976	928
976	929
976	931
976	944
976	948
976	951
976	962
976	991
976	994
977	3
977	7
977	116
977	122
977	190
977	242
977	246
977	311
977	331
977	408
977	417
977	492
977	510
977	522
977	551
977	600
977	603
977	612
977	628
977	669
977	700
977	706
977	714
977	718
977	738
977	758
977	791
977	803
977	822
977	823
977	824
977	828
977	840
977	847
977	862
977	874
977	885
977	905
977	910
977	917
977	938
977	943
977	945
977	955
977	966
977	969
977	972
977	974
977	990
977	994
977	997
977	999
978	126
978	157
978	180
978	236
978	249
978	262
978	351
978	460
978	467
978	470
978	474
978	557
978	599
978	622
978	636
978	637
978	658
978	672
978	696
978	718
978	726
978	731
978	743
978	759
978	772
978	804
978	805
978	812
978	821
978	832
978	836
978	841
978	854
978	869
978	872
978	879
978	886
978	890
978	909
978	912
978	921
978	923
978	925
978	927
978	940
978	942
978	950
978	958
978	973
978	991
978	997
978	998
979	3
979	4
979	31
979	135
979	201
979	281
979	315
979	334
979	336
979	353
979	357
979	370
979	372
979	388
979	400
979	463
979	483
979	496
979	509
979	537
979	541
979	571
979	573
979	594
979	604
979	616
979	629
979	666
979	669
979	677
979	680
979	701
979	702
979	725
979	749
979	775
979	776
979	809
979	819
979	845
979	864
979	880
979	891
979	893
979	896
979	906
979	913
979	934
979	951
979	957
979	970
979	986
979	987
979	996
980	42
980	52
980	90
980	117
980	169
980	173
980	214
980	221
980	230
980	245
980	261
980	275
980	319
980	328
980	360
980	385
980	397
980	449
980	453
980	486
980	488
980	512
980	531
980	534
980	564
980	574
980	620
980	627
980	668
980	670
980	709
980	720
980	733
980	763
980	811
980	825
980	843
980	844
980	865
980	871
980	876
980	878
980	881
980	892
980	904
980	933
980	935
980	943
980	961
980	964
980	983
980	984
980	989
980	998
981	30
981	43
981	60
981	61
981	182
981	209
981	218
981	220
981	258
981	318
981	323
981	332
981	361
981	406
981	444
981	469
981	480
981	503
981	507
981	544
981	593
981	597
981	640
981	697
981	698
981	735
981	765
981	768
981	794
981	797
981	810
981	818
981	839
981	842
981	846
981	849
981	856
981	873
981	884
981	885
981	900
981	902
981	926
981	939
981	946
981	949
981	950
981	953
981	962
981	963
981	970
981	992
981	999
981	1000
982	19
982	36
982	43
982	81
982	85
982	141
982	153
982	171
982	202
982	262
982	267
982	297
982	368
982	396
982	474
982	494
982	514
982	614
982	617
982	622
982	635
982	658
982	694
982	704
982	730
982	769
982	778
982	795
982	804
982	805
982	806
982	807
982	836
982	841
982	854
982	863
982	868
982	869
982	877
982	890
982	900
982	909
982	912
982	920
982	923
982	940
982	942
982	950
982	952
982	965
982	973
982	983
982	985
982	988
982	995
982	997
982	998
983	35
983	50
983	169
983	230
983	261
983	291
983	319
983	326
983	339
983	341
983	354
983	359
983	366
983	373
983	399
983	448
983	464
983	465
983	488
983	498
983	512
983	558
983	574
983	592
983	615
983	688
983	689
983	708
983	712
983	720
983	721
983	733
983	741
983	744
983	748
983	753
983	762
983	789
983	796
983	811
983	820
983	825
983	834
983	843
983	844
983	871
983	876
983	878
983	881
983	888
983	892
983	904
983	933
983	935
983	958
983	961
983	964
983	980
983	982
983	984
983	989
983	992
984	35
984	59
984	94
984	105
984	145
984	181
984	214
984	230
984	235
984	245
984	319
984	326
984	341
984	360
984	366
984	385
984	399
984	431
984	451
984	465
984	486
984	512
984	531
984	564
984	568
984	581
984	592
984	620
984	634
984	660
984	668
984	670
984	689
984	709
984	712
984	720
984	721
984	741
984	753
984	762
984	763
984	789
984	820
984	825
984	834
984	844
984	871
984	876
984	878
984	881
984	888
984	892
984	904
984	917
984	922
984	933
984	935
984	958
984	961
984	963
984	980
984	983
984	989
984	997
985	20
985	22
985	34
985	38
985	43
985	56
985	85
985	93
985	147
985	166
985	215
985	243
985	305
985	344
985	355
985	376
985	381
985	402
985	474
985	561
985	565
985	576
985	577
985	585
985	609
985	648
985	724
985	740
985	743
985	769
985	770
985	792
985	795
985	806
985	807
985	812
985	818
985	830
985	832
985	836
985	854
985	863
985	868
985	869
985	872
985	886
985	890
985	903
985	909
985	912
985	920
985	921
985	923
985	925
985	926
985	927
985	930
985	950
985	952
985	958
985	965
985	982
985	990
985	997
985	998
986	23
986	92
986	105
986	113
986	140
986	144
986	151
986	167
986	226
986	289
986	336
986	349
986	353
986	356
986	357
986	369
986	392
986	411
986	424
986	425
986	463
986	483
986	487
986	496
986	537
986	540
986	541
986	546
986	553
986	571
986	573
986	594
986	597
986	604
986	629
986	646
986	666
986	677
986	680
986	701
986	702
986	724
986	725
986	749
986	775
986	800
986	809
986	819
986	864
986	880
986	891
986	893
986	896
986	913
986	919
986	921
986	934
986	957
986	960
986	965
986	970
986	975
986	979
986	987
986	996
987	4
987	18
987	32
987	92
987	144
987	167
987	195
987	271
987	277
987	289
987	298
987	315
987	349
987	353
987	356
987	369
987	370
987	372
987	388
987	400
987	411
987	425
987	443
987	463
987	476
987	477
987	483
987	487
987	509
987	537
987	540
987	541
987	546
987	571
987	573
987	594
987	597
987	604
987	629
987	646
987	666
987	670
987	677
987	680
987	725
987	775
987	800
987	809
987	819
987	864
987	869
987	880
987	891
987	893
987	896
987	913
987	915
987	918
987	919
987	929
987	934
987	957
987	970
987	979
987	986
987	996
987	998
988	6
988	44
988	68
988	100
988	109
988	128
988	129
988	148
988	149
988	193
988	200
988	232
988	303
988	307
988	314
988	317
988	335
988	337
988	345
988	348
988	363
988	364
988	375
988	387
988	455
988	468
988	472
988	497
988	500
988	506
988	526
988	641
988	645
988	657
988	690
988	691
988	710
988	716
988	727
988	732
988	736
988	747
988	755
988	756
988	769
988	773
988	786
988	787
988	793
988	815
988	816
988	817
988	827
988	831
988	848
988	860
988	865
988	889
988	890
988	901
988	918
988	936
988	975
988	982
988	993
988	995
988	1000
989	42
989	49
989	50
989	61
989	132
989	169
989	173
989	181
989	197
989	221
989	247
989	264
989	291
989	308
989	316
989	339
989	341
989	354
989	359
989	373
989	393
989	397
989	399
989	431
989	488
989	498
989	574
989	592
989	607
989	620
989	627
989	634
989	653
989	668
989	670
989	676
989	686
989	689
989	709
989	712
989	721
989	733
989	748
989	763
989	789
989	796
989	811
989	820
989	825
989	834
989	844
989	854
989	871
989	876
989	878
989	881
989	883
989	888
989	890
989	892
989	904
989	933
989	935
989	940
989	961
989	964
989	980
989	983
989	984
990	7
990	14
990	28
990	83
990	104
990	106
990	110
990	130
990	137
990	178
990	208
990	224
990	227
990	246
990	256
990	268
990	275
990	350
990	361
990	380
990	408
990	416
990	435
990	471
990	484
990	518
990	552
990	555
990	583
990	596
990	603
990	612
990	630
990	655
990	673
990	707
990	714
990	718
990	738
990	752
990	758
990	766
990	777
990	785
990	791
990	803
990	822
990	824
990	862
990	873
990	874
990	893
990	898
990	905
990	910
990	917
990	934
990	938
990	943
990	945
990	955
990	956
990	966
990	969
990	972
990	974
990	975
990	977
990	985
990	991
990	994
991	1
991	55
991	78
991	101
991	155
991	164
991	192
991	194
991	219
991	250
991	266
991	274
991	285
991	309
991	347
991	395
991	407
991	421
991	439
991	475
991	493
991	495
991	546
991	548
991	558
991	570
991	579
991	586
991	595
991	598
991	613
991	633
991	643
991	671
991	683
991	710
991	711
991	723
991	742
991	760
991	780
991	784
991	788
991	802
991	808
991	826
991	835
991	852
991	853
991	858
991	861
991	870
991	875
991	894
991	895
991	897
991	908
991	911
991	914
991	916
991	929
991	931
991	937
991	942
991	944
991	948
991	951
991	954
991	962
991	976
991	978
991	990
991	996
992	53
992	57
992	60
992	67
992	84
992	97
992	118
992	186
992	225
992	263
992	283
992	332
992	352
992	362
992	403
992	419
992	444
992	466
992	469
992	503
992	507
992	508
992	539
992	544
992	550
992	566
992	585
992	593
992	605
992	621
992	624
992	639
992	640
992	648
992	663
992	674
992	678
992	693
992	697
992	715
992	728
992	737
992	750
992	761
992	764
992	774
992	787
992	794
992	797
992	833
992	839
992	846
992	856
992	875
992	883
992	884
992	885
992	900
992	902
992	909
992	920
992	924
992	926
992	939
992	946
992	949
992	953
992	963
992	981
992	983
992	996
992	999
992	1000
993	2
993	17
993	44
993	46
993	58
993	68
993	100
993	114
993	128
993	129
993	133
993	149
993	159
993	161
993	217
993	226
993	232
993	278
993	296
993	303
993	307
993	314
993	317
993	321
993	337
993	345
993	348
993	349
993	364
993	375
993	379
993	387
993	430
993	432
993	438
993	447
993	471
993	472
993	497
993	500
993	506
993	601
993	610
993	611
993	641
993	645
993	657
993	690
993	691
993	710
993	716
993	727
993	732
993	747
993	755
993	756
993	773
993	777
993	786
993	793
993	805
993	815
993	816
993	817
993	827
993	831
993	848
993	857
993	860
993	865
993	889
993	901
993	918
993	931
993	936
993	964
993	975
993	988
993	995
994	14
994	21
994	28
994	56
994	83
994	106
994	116
994	122
994	130
994	137
994	163
994	178
994	187
994	188
994	208
994	224
994	227
994	311
994	337
994	350
994	378
994	398
994	416
994	424
994	435
994	479
994	484
994	510
994	511
994	518
994	527
994	543
994	552
994	555
994	582
994	583
994	596
994	628
994	630
994	645
994	655
994	664
994	667
994	669
994	673
994	685
994	700
994	706
994	714
994	718
994	738
994	758
994	766
994	777
994	788
994	803
994	822
994	823
994	828
994	847
994	855
994	862
994	873
994	874
994	898
994	905
994	910
994	917
994	937
994	938
994	943
994	945
994	955
994	956
994	966
994	969
994	972
994	974
994	975
994	976
994	977
994	990
994	998
995	2
995	6
995	17
995	58
995	68
995	73
995	100
995	109
995	119
995	128
995	129
995	133
995	148
995	159
995	161
995	193
995	217
995	226
995	232
995	234
995	278
995	296
995	303
995	307
995	314
995	317
995	321
995	335
995	337
995	345
995	348
995	363
995	364
995	387
995	430
995	432
995	438
995	447
995	468
995	472
995	497
995	500
995	526
995	601
995	610
995	611
995	627
995	641
995	643
995	645
995	657
995	665
995	690
995	691
995	710
995	716
995	727
995	732
995	736
995	747
995	755
995	756
995	773
995	786
995	793
995	815
995	816
995	817
995	827
995	831
995	848
995	857
995	860
995	865
995	866
995	889
995	901
995	918
995	936
995	953
995	960
995	967
995	974
995	975
995	982
995	988
995	993
995	999
996	4
996	18
996	31
996	32
996	40
996	105
996	113
996	121
996	134
996	144
996	145
996	151
996	160
996	167
996	195
996	201
996	233
996	271
996	277
996	281
996	289
996	298
996	315
996	336
996	349
996	356
996	357
996	369
996	370
996	388
996	392
996	400
996	411
996	424
996	425
996	437
996	440
996	442
996	443
996	476
996	477
996	483
996	487
996	496
996	509
996	513
996	537
996	540
996	541
996	546
996	553
996	571
996	573
996	594
996	604
996	616
996	629
996	642
996	646
996	650
996	666
996	677
996	680
996	701
996	702
996	725
996	749
996	759
996	775
996	800
996	809
996	819
996	864
996	880
996	891
996	893
996	896
996	913
996	919
996	923
996	934
996	957
996	966
996	970
996	979
996	986
996	987
996	991
996	992
997	5
997	19
997	20
997	22
997	27
997	45
997	54
997	74
997	81
997	82
997	98
997	152
997	171
997	180
997	199
997	206
997	238
997	240
997	270
997	304
997	329
997	344
997	351
997	368
997	376
997	383
997	386
997	402
997	415
997	457
997	467
997	474
997	485
997	498
997	514
997	516
997	524
997	525
997	561
997	577
997	588
997	599
997	603
997	614
997	622
997	625
997	635
997	636
997	648
997	693
997	694
997	703
997	704
997	727
997	731
997	740
997	743
997	776
997	778
997	795
997	804
997	805
997	806
997	829
997	830
997	832
997	836
997	841
997	854
997	868
997	869
997	877
997	879
997	886
997	890
997	903
997	909
997	912
997	916
997	920
997	923
997	925
997	927
997	932
997	940
997	942
997	950
997	952
997	958
997	965
997	973
997	975
997	977
997	978
997	982
997	984
997	985
997	998
998	34
998	36
998	37
998	41
998	45
998	54
998	69
998	72
998	90
998	138
998	152
998	157
998	180
998	185
998	191
998	206
998	236
998	241
998	243
998	249
998	285
998	299
998	300
998	304
998	305
998	322
998	340
998	344
998	355
998	358
998	365
998	368
998	381
998	427
998	457
998	467
998	473
998	490
998	491
998	494
998	514
998	516
998	536
998	576
998	635
998	636
998	638
998	672
998	693
998	696
998	740
998	743
998	759
998	769
998	770
998	772
998	778
998	792
998	795
998	804
998	806
998	812
998	829
998	830
998	832
998	841
998	863
998	868
998	872
998	877
998	879
998	886
998	888
998	890
998	903
998	909
998	912
998	920
998	921
998	923
998	925
998	927
998	940
998	950
998	952
998	958
998	959
998	965
998	971
998	973
998	978
998	980
998	982
998	985
998	987
998	994
998	997
998	999
999	10
999	30
999	53
999	57
999	97
999	118
999	120
999	143
999	146
999	156
999	162
999	172
999	177
999	182
999	186
999	209
999	213
999	225
999	258
999	272
999	282
999	286
999	287
999	312
999	313
999	323
999	340
999	361
999	390
999	403
999	404
999	413
999	419
999	422
999	441
999	459
999	480
999	499
999	503
999	508
999	519
999	538
999	539
999	544
999	588
999	593
999	621
999	624
999	632
999	639
999	640
999	649
999	674
999	678
999	695
999	698
999	711
999	713
999	715
999	717
999	735
999	737
999	750
999	754
999	761
999	764
999	774
999	787
999	794
999	797
999	807
999	810
999	833
999	839
999	842
999	846
999	849
999	856
999	883
999	884
999	885
999	900
999	902
999	912
999	924
999	926
999	939
999	946
999	949
999	953
999	956
999	963
999	970
999	977
999	981
999	992
999	995
999	998
999	1000
1000	61
1000	67
1000	88
1000	104
1000	118
1000	143
1000	146
1000	156
1000	163
1000	168
1000	172
1000	177
1000	196
1000	213
1000	225
1000	229
1000	240
1000	258
1000	263
1000	272
1000	279
1000	282
1000	299
1000	312
1000	313
1000	320
1000	340
1000	342
1000	352
1000	394
1000	403
1000	404
1000	406
1000	422
1000	426
1000	441
1000	446
1000	459
1000	466
1000	480
1000	499
1000	503
1000	507
1000	508
1000	515
1000	520
1000	547
1000	550
1000	566
1000	572
1000	585
1000	588
1000	593
1000	605
1000	624
1000	649
1000	651
1000	674
1000	695
1000	697
1000	698
1000	708
1000	713
1000	717
1000	728
1000	735
1000	737
1000	750
1000	754
1000	761
1000	764
1000	768
1000	794
1000	818
1000	833
1000	839
1000	842
1000	849
1000	850
1000	852
1000	856
1000	881
1000	883
1000	884
1000	885
1000	900
1000	902
1000	924
1000	927
1000	939
1000	946
1000	949
1000	953
1000	956
1000	963
1000	981
1000	988
1000	992
1000	999
