1	633
1	968
1	985
2	684
2	882
2	969
3	920
3	952
3	976
4	554
4	887
4	956
5	740
5	801
5	998
6	739
6	855
6	966
7	808
7	816
7	830
8	783
8	964
8	976
9	929
9	969
9	984
10	444
10	707
10	997
11	428
11	808
11	905
12	699
12	991
12	998
13	346
13	820
13	953
14	824
14	971
14	995
15	725
15	984
15	999
16	847
16	941
16	994
17	954
17	975
17	993
18	991
18	997
18	998
19	957
19	988
19	998
20	655
20	954
20	995
21	990
21	992
21	1000
22	895
22	952
22	990
23	714
23	984
23	996
24	854
24	964
24	976
25	308
25	872
25	985
26	969
26	987
26	996
27	984
27	996
27	999
28	784
28	885
28	902
29	986
29	988
29	998
30	872
30	945
30	958
31	944
31	973
31	985
32	850
32	984
32	989
33	978
33	992
33	1000
34	53
34	924
34	943
35	77
35	955
35	979
36	477
36	796
36	966
37	900
37	980
37	994
38	923
38	940
38	994
39	492
39	955
39	973
40	703
40	987
40	989
41	973
41	983
41	998
42	990
42	992
42	1000
43	285
43	321
43	927
44	987
44	989
44	999
45	240
45	348
45	954
46	887
46	923
46	941
47	122
47	873
47	927
48	777
48	944
48	979
49	946
49	970
49	980
50	933
50	990
50	1000
51	926
51	932
51	998
52	892
52	915
52	993
53	34
53	582
53	943
54	558
54	970
54	994
55	595
55	910
55	934
56	871
56	962
56	964
57	952
57	964
57	976
58	668
58	991
58	998
59	546
59	919
59	976
60	761
60	883
60	944
61	986
61	997
61	998
62	852
62	923
62	994
63	649
63	855
63	953
64	375
64	891
64	973
65	832
65	992
65	1000
66	625
66	816
66	994
67	975
67	985
67	995
68	988
68	991
68	997
69	917
69	940
69	994
70	972
70	992
70	1000
71	942
71	991
71	997
72	657
72	919
72	976
73	259
73	303
73	947
74	722
74	869
74	917
75	946
75	992
75	1000
76	918
76	954
76	959
77	35
77	952
77	976
78	968
78	990
78	1000
79	682
79	964
79	976
80	986
80	991
80	997
81	990
81	992
81	1000
82	857
82	939
82	986
83	744
83	970
83	994
84	938
84	988
84	997
85	944
85	979
85	983
86	715
86	987
86	999
87	590
87	979
87	983
88	499
88	997
88	998
89	330
89	950
89	985
90	330
90	581
90	979
91	800
91	803
91	996
92	881
92	930
92	984
93	907
93	988
93	997
94	955
94	973
94	979
95	893
95	968
95	1000
96	777
96	942
96	945
97	881
97	988
97	996
98	825
98	977
98	995
99	140
99	227
99	993
100	772
100	950
100	980
101	553
101	956
101	994
102	415
102	956
102	980
103	981
103	990
103	1000
104	907
104	986
104	998
105	927
105	948
105	998
106	300
106	532
106	733
107	821
107	984
107	999
108	796
108	830
108	966
109	348
109	848
109	993
110	271
110	953
110	979
111	871
111	951
111	991
112	152
112	989
112	999
113	883
113	891
113	973
114	601
114	867
114	884
115	372
115	647
115	953
116	926
116	932
116	996
117	950
117	959
117	993
118	790
118	865
118	908
119	978
119	981
119	1000
120	511
120	809
120	953
121	627
121	782
121	989
122	47
122	482
122	686
123	704
123	915
123	993
124	962
124	964
124	976
125	463
125	962
125	976
126	607
126	985
126	993
127	952
127	977
127	982
128	498
128	922
128	974
129	951
129	961
129	991
130	525
130	737
130	983
131	820
131	952
131	976
132	420
132	986
132	991
133	952
133	964
133	976
134	854
134	962
134	976
135	521
135	982
135	985
136	952
136	964
136	976
137	797
137	837
137	853
138	829
138	831
138	994
139	910
139	986
139	991
140	99
140	556
140	959
141	176
141	810
141	974
142	674
142	964
142	976
143	427
143	984
143	999
144	535
144	987
144	996
145	896
145	993
145	995
146	757
146	762
146	983
147	925
147	927
147	995
148	955
148	973
148	979
149	733
149	760
149	867
150	568
150	926
150	967
151	949
151	990
151	1000
152	112
152	763
152	984
153	168
153	924
153	958
154	698
154	847
154	969
155	332
155	787
155	859
156	612
156	939
156	986
157	971
157	985
157	996
158	812
158	915
158	975
159	329
159	737
159	973
160	972
160	978
160	1000
161	939
161	988
161	998
162	962
162	964
162	976
163	920
163	962
163	964
164	919
164	946
164	994
165	959
165	977
165	993
166	560
166	960
166	991
167	889
167	977
167	993
168	153
168	988
168	997
169	631
169	985
169	995
170	865
170	994
170	996
171	880
171	987
171	996
172	468
172	912
172	967
173	990
173	991
173	992
174	510
174	941
174	980
175	978
175	990
175	1000
176	141
176	845
176	863
177	963
177	986
177	998
178	845
178	979
178	983
179	674
179	960
179	961
180	605
180	956
180	970
181	428
181	878
181	966
182	217
182	759
182	994
183	972
183	992
183	1000
184	988
184	997
184	998
185	707
185	735
185	905
186	515
186	837
186	953
187	969
187	989
187	996
188	620
188	962
188	964
189	874
189	897
189	994
190	740
190	997
190	998
191	574
191	770
191	983
192	620
192	884
192	966
193	986
193	997
193	998
194	777
194	905
194	983
195	853
195	967
195	996
196	811
196	931
196	999
197	615
197	954
197	986
198	849
198	928
198	947
199	930
199	996
199	999
200	733
200	953
200	966
201	960
201	988
201	997
202	470
202	738
202	960
203	518
203	730
203	987
204	981
204	992
204	1000
205	986
205	991
205	998
206	320
206	908
206	958
207	911
207	987
207	989
208	937
208	982
208	993
209	890
209	967
209	996
210	960
210	991
210	997
211	841
211	853
211	953
212	667
212	729
212	945
213	670
213	988
213	990
214	677
214	847
214	999
215	521
215	862
215	959
216	834
216	905
216	979
217	182
217	981
217	1000
218	969
218	987
218	999
219	968
219	981
219	1000
220	862
220	927
220	986
221	588
221	958
221	995
222	915
222	993
222	995
223	975
223	985
223	993
224	957
224	988
224	998
225	458
225	862
225	985
226	889
226	977
226	981
227	99
227	971
227	993
228	969
228	984
228	989
229	897
229	970
229	980
230	746
230	788
230	928
231	978
231	990
231	1000
232	746
232	929
232	930
233	721
233	925
233	982
234	817
234	986
234	997
235	597
235	916
235	974
236	957
236	991
236	998
237	919
237	962
237	976
238	809
238	989
238	996
239	907
239	957
239	986
240	45
240	950
240	995
241	970
241	980
241	994
242	653
242	935
242	974
243	890
243	989
243	999
244	500
244	559
244	950
245	972
245	978
245	992
246	968
246	992
246	1000
247	872
247	971
247	975
248	477
248	933
248	993
249	990
249	992
249	1000
250	523
250	925
250	971
251	501
251	730
251	969
252	952
252	962
252	964
253	694
253	806
253	883
254	499
254	988
254	991
255	850
255	970
255	980
256	944
256	974
256	983
257	837
257	953
257	966
258	938
258	992
258	1000
259	73
259	821
259	881
260	862
260	864
260	945
261	847
261	890
261	967
262	825
262	918
262	995
263	949
263	996
263	999
264	939
264	986
264	997
265	748
265	851
265	936
266	971
266	977
266	995
267	411
267	508
267	853
268	627
268	711
268	987
269	981
269	992
269	1000
270	447
270	930
270	999
271	110
271	762
271	942
272	693
272	946
272	980
273	990
273	992
273	1000
274	965
274	978
274	992
275	839
275	953
275	966
276	924
276	945
276	974
277	825
277	971
277	977
278	975
278	995
278	1000
279	819
279	912
279	967
280	597
280	769
280	997
281	920
281	952
281	976
282	511
282	991
282	998
283	471
283	989
283	996
284	677
284	969
284	984
285	43
285	970
285	994
286	875
286	939
286	957
287	926
287	984
287	999
288	398
288	974
288	984
289	846
289	979
289	983
290	981
290	992
290	1000
291	834
291	866
291	979
292	888
292	908
292	947
293	936
293	946
293	994
294	892
294	954
294	982
295	968
295	990
295	1000
296	765
296	771
296	958
297	820
297	953
297	966
298	944
298	973
298	983
299	838
299	991
299	997
300	106
300	724
300	983
301	965
301	978
301	1000
302	882
302	911
302	984
303	73
303	519
303	935
304	946
304	980
304	994
305	931
305	933
305	996
306	747
306	902
306	974
307	942
307	944
307	973
308	25
308	996
308	999
309	722
309	962
309	976
310	972
310	992
310	1000
311	964
311	976
311	983
312	906
312	991
312	997
313	813
313	942
313	979
314	937
314	986
314	997
315	592
315	981
315	1000
316	777
316	844
316	983
317	963
317	986
317	997
318	475
318	935
318	945
318	974
319	505
319	620
319	739
319	839
320	206
320	687
320	823
320	879
321	43
321	903
321	959
321	971
322	460
322	741
322	861
322	878
323	651
323	928
323	945
323	958
324	896
324	975
324	977
324	982
325	472
325	918
325	975
325	993
326	920
326	962
326	964
326	976
327	848
327	937
327	986
327	988
328	794
328	973
328	979
328	983
329	159
329	942
329	945
329	973
330	89
330	90
330	806
330	872
331	981
331	990
331	992
331	1000
332	155
332	911
332	924
332	996
333	377
333	571
333	573
333	974
334	860
334	883
334	983
334	989
335	888
335	922
335	924
335	943
336	822
336	842
336	908
336	958
337	957
337	963
337	986
337	988
338	940
338	962
338	964
338	976
339	800
339	919
339	925
339	985
340	957
340	988
340	997
340	998
341	843
341	975
341	993
341	995
342	885
342	889
342	950
342	982
343	816
343	923
343	980
343	994
344	929
344	987
344	996
344	999
345	405
345	926
345	989
345	996
346	13
346	775
346	878
346	953
347	845
347	935
347	958
347	974
348	45
348	109
348	927
348	971
349	604
349	865
349	987
349	996
350	735
350	761
350	955
350	983
351	433
351	920
351	964
351	968
352	522
352	722
352	920
352	952
353	738
353	968
353	972
353	1000
354	754
354	899
354	951
354	988
355	386
355	952
355	962
355	976
356	843
356	858
356	903
356	988
357	431
357	686
357	894
357	993
358	902
358	941
358	956
358	994
359	397
359	936
359	980
359	994
360	505
360	724
360	973
360	983
361	643
361	847
361	931
361	932
362	852
362	936
362	956
362	994
363	746
363	773
363	847
363	999
364	910
364	961
364	991
364	998
365	793
365	887
365	923
365	994
366	747
366	810
366	832
366	943
367	923
367	944
367	973
367	983
368	965
368	978
368	990
368	1000
369	408
369	766
369	952
369	976
370	978
370	981
370	992
370	1000
371	765
371	916
371	922
371	958
372	115
372	505
372	861
372	935
373	793
373	869
373	885
373	946
374	498
374	814
374	928
374	935
375	64
375	574
375	905
375	973
376	398
376	922
376	947
376	974
377	333
377	390
377	685
377	879
378	588
378	595
378	938
378	997
379	809
379	932
379	987
379	989
380	755
380	919
380	964
380	976
381	965
381	972
381	990
381	1000
382	454
382	814
382	888
382	898
383	684
383	751
383	955
383	973
384	430
384	871
384	982
384	985
385	813
385	892
385	894
385	950
386	355
386	742
386	940
386	970
387	961
387	986
387	988
387	998
388	972
388	978
388	992
388	1000
389	861
389	917
389	953
389	966
390	377
390	888
390	922
390	935
391	919
391	962
391	964
391	976
392	493
392	871
392	938
392	957
393	741
393	760
393	855
393	966
394	806
394	866
394	883
394	979
395	922
395	924
395	932
395	974
396	845
396	849
396	945
396	974
397	359
397	970
397	980
397	994
398	288
398	376
398	429
398	945
399	919
399	952
399	962
399	964
400	591
400	946
400	970
400	980
401	805
401	953
401	966
401	987
402	449
402	829
402	970
402	994
403	912
403	969
403	996
403	999
404	899
404	906
404	988
404	991
405	345
405	987
405	996
405	999
406	876
406	898
406	916
406	957
407	757
407	762
407	852
407	883
408	369
408	500
408	864
408	974
409	805
409	841
409	884
409	966
410	839
410	867
410	966
410	998
411	267
411	591
411	936
411	994
412	649
412	853
412	878
412	969
413	839
413	960
413	991
413	997
414	647
414	867
414	878
414	966
415	102
415	981
415	990
415	1000
416	991
416	997
416	998
416	1000
417	630
417	963
417	986
417	991
418	686
418	977
418	985
418	993
419	447
419	471
419	782
419	987
420	132
420	751
420	979
420	983
421	827
421	938
421	997
421	998
422	909
422	978
422	981
422	990
423	742
423	971
423	975
423	985
424	742
424	831
424	887
424	979
425	486
425	950
425	975
425	993
426	867
426	963
426	988
426	997
427	143
427	940
427	946
427	994
428	11
428	181
428	511
428	841
429	398
429	755
429	943
429	947
430	384
430	624
430	712
430	995
431	357
431	929
431	989
431	999
432	697
432	965
432	990
432	1000
433	351
433	947
433	952
433	976
434	881
434	928
434	958
434	974
435	969
435	979
435	996
435	999
436	636
436	682
436	962
436	964
437	981
437	988
437	990
437	992
438	745
438	851
438	971
438	995
439	585
439	652
439	782
439	984
440	952
440	962
440	964
440	976
441	968
441	975
441	978
441	1000
442	951
442	961
442	991
442	997
443	588
443	926
443	971
443	975
444	10
444	496
444	907
444	988
445	794
445	929
445	942
445	973
446	481
446	987
446	989
446	996
447	270
447	419
447	987
447	999
448	714
448	880
448	949
448	984
449	402
449	943
449	958
449	974
450	696
450	772
450	900
450	956
451	630
451	729
451	860
451	963
452	972
452	981
452	990
452	1000
453	955
453	973
453	979
453	983
454	382
454	664
454	935
454	943
455	969
455	971
455	989
455	996
456	710
456	790
456	916
456	945
457	579
457	873
457	876
457	928
458	225
458	558
458	851
458	941
458	980
459	968
459	981
459	990
459	992
459	1000
460	322
460	949
460	978
460	981
460	990
461	906
461	938
461	960
461	988
461	991
462	965
462	981
462	989
462	990
462	992
463	125
463	919
463	953
463	962
463	976
464	739
464	872
464	927
464	954
464	971
465	508
465	805
465	830
465	867
465	878
466	508
466	820
466	861
466	884
466	966
467	965
467	981
467	990
467	992
467	1000
468	172
468	714
468	774
468	807
468	996
469	483
469	538
469	690
469	935
469	995
470	202
470	856
470	950
470	982
470	993
471	283
471	419
471	926
471	984
471	999
472	325
472	755
472	895
472	920
472	964
473	764
473	849
473	908
473	935
473	947
474	915
474	948
474	977
474	985
474	993
475	318
475	898
475	947
475	958
475	978
476	893
476	951
476	963
476	986
476	997
477	36
477	248
477	889
477	975
477	995
478	702
478	764
478	896
478	954
478	975
479	728
479	877
479	963
479	989
479	997
480	637
480	891
480	905
480	979
480	983
481	446
481	562
481	664
481	908
481	935
482	122
482	708
482	734
482	982
482	995
483	469
483	918
483	950
483	971
483	993
484	949
484	968
484	972
484	981
484	1000
485	875
485	961
485	963
485	991
485	998
486	425
486	662
486	951
486	977
486	982
487	600
487	967
487	969
487	989
487	999
488	761
488	846
488	942
488	955
488	983
489	951
489	988
489	990
489	991
489	997
490	807
490	911
490	969
490	987
490	999
491	892
491	915
491	971
491	973
491	995
492	39
492	886
492	956
492	979
492	983
493	392
493	986
493	988
493	991
493	997
494	749
494	960
494	991
494	997
494	998
495	520
495	902
495	909
495	940
495	946
496	444
496	560
496	963
496	986
496	997
497	949
497	965
497	978
497	990
497	992
498	128
498	374
498	845
498	908
498	974
499	88
499	254
499	875
499	951
499	960
500	244
500	408
500	687
500	849
500	924
501	251
501	898
501	932
501	984
501	996
502	940
502	956
502	970
502	980
502	994
503	871
503	893
503	961
503	986
503	988
504	730
504	880
504	984
504	989
504	996
505	319
505	360
505	372
505	953
505	966
506	923
506	942
506	944
506	955
506	979
507	686
507	711
507	824
507	870
507	918
508	267
508	465
508	466
508	657
508	966
509	784
509	936
509	956
509	980
509	994
510	174
510	940
510	956
510	980
510	994
511	120
511	282
511	428
511	797
511	855
512	545
512	722
512	895
512	952
512	962
513	635
513	654
513	942
513	955
513	983
514	968
514	977
514	990
514	992
514	1000
515	186
515	739
515	775
515	841
515	966
516	577
516	846
516	886
516	973
516	983
517	883
517	886
517	942
517	973
517	979
518	203
518	932
518	984
518	989
518	999
519	303
519	562
519	916
519	943
519	999
520	495
520	938
520	939
520	957
520	997
521	135
521	215
521	982
521	985
521	995
522	352
522	636
522	952
522	962
522	976
523	250
523	828
523	954
523	977
523	982
524	618
524	952
524	962
524	964
524	976
525	130
525	770
525	806
525	886
525	955
526	873
526	972
526	977
526	985
526	993
527	755
527	783
527	854
527	895
527	962
528	830
528	853
528	884
528	941
528	953
529	764
529	799
529	864
529	947
529	974
530	781
530	934
530	938
530	986
530	997
531	763
531	984
531	987
531	989
531	999
532	106
532	757
532	944
532	979
532	983
533	881
533	964
533	987
533	996
533	999
534	696
534	882
534	909
534	941
534	980
535	144
535	627
535	970
535	996
535	999
536	619
536	922
536	935
536	943
536	974
537	652
537	890
537	929
537	989
537	996
538	469
538	954
538	959
538	975
538	995
539	899
539	960
539	986
539	988
539	998
540	641
540	954
540	971
540	980
540	982
541	697
541	955
541	962
541	979
541	983
542	743
542	870
542	937
542	986
542	998
543	737
543	860
543	942
543	973
543	979
544	925
544	948
544	971
544	975
544	982
545	512
545	608
545	920
545	962
545	976
546	59
546	920
546	950
546	962
546	964
547	675
547	765
547	945
547	958
547	974
548	551
548	563
548	761
548	803
548	979
549	785
549	938
549	960
549	991
549	997
550	800
550	862
550	950
550	977
550	993
551	548
551	563
551	905
551	942
551	944
552	730
552	786
552	892
552	954
552	982
552	993
553	101
553	829
553	902
553	930
553	980
553	994
554	4
554	851
554	852
554	940
554	941
554	994
555	687
555	826
555	928
555	945
555	947
555	974
556	140
556	641
556	828
556	925
556	977
556	982
557	934
557	939
557	951
557	960
557	961
557	988
558	54
558	458
558	887
558	958
558	980
558	994
559	244
559	880
559	982
559	985
559	993
559	995
560	166
560	496
560	957
560	988
560	991
560	998
561	712
561	892
561	948
561	959
561	964
561	985
562	481
562	519
562	898
562	916
562	947
562	958
563	548
563	551
563	590
563	891
563	973
563	979
564	576
564	870
564	896
564	903
564	945
564	950
565	680
565	919
565	952
565	962
565	964
565	976
566	831
566	897
566	940
566	970
566	980
566	994
567	830
567	837
567	878
567	953
567	966
567	994
568	150
568	779
568	803
568	833
568	989
568	996
569	797
569	855
569	878
569	953
569	966
569	1000
570	747
570	758
570	870
570	903
570	971
570	975
571	333
571	965
571	972
571	978
571	992
571	1000
572	792
572	804
572	929
572	987
572	989
572	996
573	333
573	842
573	864
573	924
573	947
573	997
574	191
574	375
574	641
574	666
574	905
574	955
575	949
575	974
575	978
575	981
575	990
575	992
576	564
576	628
576	812
576	948
576	982
576	993
577	516
577	637
577	834
577	944
577	973
577	979
578	633
578	918
578	948
578	959
578	973
578	985
579	457
579	582
579	849
579	935
579	945
579	947
580	823
580	898
580	916
580	922
580	924
580	977
581	90
581	590
581	708
581	950
581	977
581	995
582	53
582	579
582	810
582	826
582	974
582	976
583	667
583	916
583	924
583	936
583	958
583	974
584	716
584	752
584	930
584	957
584	963
584	997
585	439
585	705
585	847
585	912
585	930
585	987
586	933
586	965
586	968
586	978
586	990
586	1000
587	782
587	815
587	880
587	977
587	984
587	987
588	221
588	378
588	443
588	954
588	982
588	993
589	750
589	968
589	972
589	990
589	992
589	1000
590	87
590	563
590	581
590	629
590	886
590	983
591	400
591	411
591	829
591	934
591	970
591	994
592	315
592	857
592	893
592	934
592	988
592	998
593	736
593	748
593	778
593	956
593	980
593	994
594	965
594	972
594	978
594	981
594	990
594	992
595	55
595	378
595	889
595	951
595	963
595	986
596	609
596	939
596	957
596	960
596	986
596	997
597	235
597	280
597	667
597	687
597	814
597	943
598	745
598	843
598	959
598	982
598	993
598	995
599	910
599	972
599	981
599	990
599	992
599	1000
600	487
600	865
600	931
600	969
600	996
600	999
601	114
601	801
601	960
601	986
601	988
601	998
602	783
602	933
602	949
602	978
602	992
602	1000
603	865
603	949
603	968
603	978
603	992
603	1000
604	349
604	728
604	893
604	938
604	951
604	998
605	180
605	887
605	940
605	941
605	956
605	994
606	851
606	949
606	965
606	981
606	990
606	1000
607	126
607	844
607	860
607	942
607	955
607	973
608	545
608	791
608	869
608	909
608	936
608	994
609	596
609	887
609	897
609	917
609	946
609	970
610	806
610	860
610	944
610	955
610	979
610	983
611	635
611	806
611	844
611	860
611	954
611	973
612	156
612	906
612	907
612	960
612	986
612	998
613	912
613	931
613	952
613	969
613	989
613	999
614	744
614	941
614	946
614	980
614	981
614	994
615	197
615	840
615	893
615	986
615	988
615	991
616	768
616	984
616	987
616	989
616	996
616	999
617	746
617	803
617	814
617	984
617	996
617	999
618	524
618	724
618	860
618	942
618	944
618	983
619	536
619	832
619	888
619	898
619	908
619	928
620	188
620	192
620	319
620	805
620	841
620	966
621	859
621	918
621	927
621	948
621	985
621	995
622	664
622	823
622	916
622	924
622	943
622	958
623	773
623	775
623	787
623	967
623	996
623	999
624	430
624	824
624	870
624	873
624	903
624	982
624	995
625	66
625	848
625	858
625	892
625	925
625	985
625	993
626	790
626	930
626	969
626	984
626	987
626	989
626	994
627	121
627	268
627	535
627	768
627	859
627	931
627	989
628	576
628	949
628	972
628	978
628	990
628	992
628	1000
629	590
629	639
629	806
629	955
629	973
629	979
629	983
630	417
630	451
630	732
630	937
630	991
630	997
630	998
631	169
631	711
631	858
631	892
631	927
631	977
631	985
632	809
632	911
632	926
632	929
632	969
632	984
632	987
633	1
633	578
633	927
633	977
633	985
633	992
633	995
634	822
634	968
634	972
634	981
634	990
634	992
634	1000
635	513
635	611
635	725
635	940
635	942
635	944
635	979
636	436
636	522
636	830
636	920
636	962
636	964
636	976
637	480
637	577
637	866
637	944
637	955
637	979
637	983
638	740
638	785
638	827
638	910
638	961
638	963
638	998
639	629
639	849
639	888
639	924
639	935
639	945
639	974
640	898
640	917
640	923
640	956
640	970
640	980
640	994
641	540
641	556
641	574
641	786
641	835
641	977
641	993
642	674
642	895
642	919
642	920
642	952
642	964
642	976
643	361
643	859
643	929
643	930
643	984
643	989
643	996
644	949
644	965
644	972
644	978
644	981
644	990
644	992
645	774
645	892
645	918
645	959
645	982
645	995
645	998
646	711
646	916
646	971
646	975
646	982
646	985
646	993
647	115
647	414
647	731
647	820
647	839
647	953
647	966
648	843
648	862
648	889
648	975
648	984
648	993
648	995
649	63
649	412
649	741
649	775
649	797
649	855
649	967
650	722
650	755
650	895
650	920
650	952
650	962
650	976
651	323
651	700
651	895
651	919
651	920
651	964
651	976
652	439
652	537
652	717
652	912
652	969
652	989
652	996
653	242
653	676
653	771
653	876
653	928
653	947
653	958
654	513
654	921
654	965
654	972
654	990
654	992
654	1000
655	20
655	781
655	918
655	927
655	948
655	959
655	985
656	679
656	701
656	879
656	911
656	926
656	987
656	999
657	72
657	508
657	796
657	805
657	853
657	878
657	966
658	880
658	967
658	987
658	989
658	996
658	997
658	999
659	805
659	968
659	972
659	981
659	990
659	992
659	1000
660	929
660	930
660	984
660	985
660	987
660	989
660	996
661	771
661	876
661	922
661	935
661	943
661	958
661	974
662	486
662	708
662	944
662	975
662	982
662	993
662	995
663	856
663	873
663	921
663	959
663	971
663	975
663	993
664	454
664	481
664	622
664	879
664	928
664	945
664	955
665	684
665	846
665	891
665	917
665	955
665	979
665	983
666	574
666	737
666	762
666	942
666	944
666	973
666	983
667	212
667	583
667	597
667	863
667	916
667	945
667	958
668	58
668	784
668	939
668	957
668	986
668	988
668	991
669	791
669	831
669	917
669	923
669	954
669	970
669	994
670	213
670	924
670	957
670	986
670	988
670	991
670	998
671	836
671	881
671	967
671	987
671	989
671	996
671	999
672	857
672	907
672	927
672	960
672	991
672	997
672	998
673	949
673	965
673	968
673	978
673	981
673	990
673	1000
674	142
674	179
674	642
674	952
674	962
674	964
674	976
675	547
675	680
675	961
675	988
675	991
675	997
675	998
676	653
676	814
676	826
676	908
676	909
676	943
676	974
677	214
677	284
677	880
677	982
677	984
677	996
677	999
678	967
678	968
678	972
678	978
678	990
678	992
678	1000
679	656
679	718
679	911
679	967
679	984
679	989
679	999
680	565
680	675
680	827
680	875
680	951
680	963
680	988
680	991
681	752
681	874
681	909
681	917
681	923
681	936
681	941
681	980
682	79
682	436
682	700
682	895
682	952
682	962
682	976
682	982
683	714
683	865
683	926
683	929
683	931
683	987
683	989
683	996
684	2
684	383
684	665
684	866
684	942
684	944
684	979
684	983
685	377
685	933
685	965
685	972
685	978
685	981
685	992
685	1000
686	122
686	357
686	418
686	507
686	813
686	959
686	985
686	995
687	320
687	500
687	555
687	597
687	716
687	826
687	863
687	974
688	930
688	931
688	967
688	975
688	984
688	989
688	996
688	999
689	965
689	968
689	978
689	981
689	990
689	992
689	996
689	1000
690	469
690	842
690	918
690	948
690	954
690	971
690	977
690	995
691	804
691	872
691	894
691	961
691	975
691	977
691	982
691	985
692	695
692	910
692	953
692	961
692	986
692	988
692	991
692	997
693	272
693	772
693	850
693	885
693	956
693	970
693	980
693	994
694	253
694	770
694	846
694	855
694	942
694	955
694	973
694	983
695	692
695	906
695	920
695	937
695	960
695	991
695	997
695	998
696	450
696	534
696	793
696	936
696	941
696	946
696	970
696	994
697	432
697	541
697	725
697	735
697	806
697	834
697	944
697	979
698	154
698	717
698	912
698	924
698	967
698	984
698	987
698	999
699	12
699	817
699	957
699	986
699	988
699	996
699	997
699	998
700	651
700	682
700	895
700	919
700	920
700	952
700	964
700	976
701	656
701	888
701	912
701	969
701	987
701	989
701	996
701	999
702	478
702	786
702	872
702	896
702	948
702	959
702	969
702	985
703	40
703	828
703	890
703	911
703	967
703	989
703	996
703	999
704	123
704	889
704	948
704	965
704	971
704	975
704	982
704	985
705	585
705	794
705	834
705	866
705	891
705	944
705	955
705	973
706	934
706	949
706	965
706	972
706	981
706	990
706	992
706	1000
707	10
707	185
707	934
707	938
707	951
707	961
707	963
707	991
708	482
708	581
708	662
708	856
708	894
708	971
708	975
708	982
709	742
709	831
709	869
709	917
709	923
709	941
709	956
709	980
710	456
710	879
710	922
710	924
710	928
710	935
710	947
710	974
711	268
711	507
711	631
711	646
711	896
711	977
711	993
711	995
712	430
712	561
712	825
712	896
712	971
712	975
712	977
712	995
713	890
713	903
713	950
713	959
713	977
713	982
713	993
713	995
714	23
714	448
714	468
714	683
714	717
714	880
714	947
714	999
715	86
715	782
715	818
715	912
715	930
715	932
715	987
715	999
716	584
716	687
716	752
716	801
716	963
716	991
716	997
716	998
717	652
717	698
717	714
717	809
717	882
717	931
717	967
717	999
718	679
718	763
718	782
718	788
718	821
718	932
718	969
718	987
719	949
719	968
719	972
719	978
719	981
719	990
719	992
719	1000
720	950
720	959
720	975
720	982
720	985
720	993
720	995
720	999
721	233
721	933
721	965
721	968
721	981
721	990
721	992
721	1000
722	74
722	309
722	352
722	512
722	650
722	723
722	895
722	919
722	962
723	722
723	854
723	895
723	919
723	920
723	952
723	964
723	974
723	976
724	300
724	360
724	618
724	757
724	806
724	846
724	944
724	979
724	983
725	15
725	635
725	697
725	844
725	866
725	886
725	905
725	979
725	983
726	933
726	945
726	965
726	968
726	972
726	978
726	990
726	992
726	1000
727	892
727	933
727	968
727	972
727	978
727	981
727	990
727	992
727	1000
728	479
728	604
728	838
728	875
728	937
728	961
728	970
728	986
728	998
729	212
729	451
729	893
729	906
729	934
729	937
729	986
729	991
729	998
730	203
730	251
730	504
730	552
730	906
730	984
730	987
730	989
730	996
731	647
731	796
731	808
731	839
731	841
731	861
731	943
731	953
731	966
732	630
732	743
732	761
732	801
732	934
732	957
732	963
732	991
732	997
733	106
733	149
733	200
733	797
733	808
733	820
733	837
733	884
733	966
734	482
734	909
734	917
734	923
734	936
734	946
734	956
734	980
734	994
735	185
735	350
735	697
735	891
735	905
735	955
735	973
735	979
735	991
736	593
736	949
736	965
736	972
736	978
736	981
736	990
736	992
736	1000
737	130
737	159
737	543
737	666
737	777
737	846
737	905
737	973
737	983
738	202
738	353
738	939
738	951
738	960
738	961
738	988
738	991
738	998
739	6
739	319
739	464
739	515
739	820
739	867
739	878
739	884
739	953
740	5
740	190
740	638
740	875
740	893
740	932
740	951
740	997
740	998
741	322
741	393
741	649
741	839
741	841
741	884
741	914
741	953
741	966
742	386
742	423
742	424
742	709
742	784
742	909
742	936
742	940
742	994
743	542
743	732
743	802
743	934
743	960
743	961
743	987
743	997
743	998
744	83
744	614
744	885
744	887
744	900
744	909
744	928
744	940
744	994
745	438
745	598
745	800
745	810
745	894
745	915
745	925
745	985
745	995
746	230
746	232
746	363
746	617
746	853
746	926
746	984
746	987
746	989
747	306
747	366
747	570
747	822
747	832
747	876
747	943
747	958
747	974
748	265
748	593
748	793
748	818
748	851
748	909
748	946
748	970
748	994
749	494
749	778
749	910
749	934
749	951
749	963
749	986
749	988
749	997
750	589
750	871
750	906
750	951
750	957
750	960
750	963
750	997
750	998
751	383
751	420
751	883
751	891
751	905
751	942
751	944
751	955
751	979
752	584
752	681
752	716
752	906
752	957
752	963
752	986
752	997
752	998
753	933
753	965
753	968
753	972
753	978
753	981
753	990
753	992
753	1000
754	354
754	899
754	910
754	934
754	937
754	957
754	985
754	986
754	997
755	380
755	429
755	472
755	527
755	650
755	952
755	962
755	964
755	976
756	794
756	937
756	939
756	957
756	960
756	961
756	986
756	988
756	997
756	998
757	146
757	407
757	532
757	724
757	844
757	869
757	942
757	955
757	979
757	983
758	570
758	804
758	856
758	858
758	894
758	925
758	971
758	977
758	993
758	996
759	182
759	897
759	902
759	917
759	936
759	940
759	941
759	946
759	970
759	995
760	149
760	393
760	797
760	853
760	855
760	861
760	867
760	953
760	966
760	993
761	60
761	350
761	488
761	548
761	732
761	860
761	891
761	955
761	979
761	983
762	146
762	271
762	407
762	666
762	844
762	942
762	944
762	973
762	981
762	983
763	152
763	531
763	718
763	787
763	914
763	929
763	967
763	984
763	987
763	989
764	473
764	478
764	529
764	814
764	863
764	922
764	935
764	943
764	958
764	974
765	296
765	371
765	547
765	811
765	814
765	842
765	845
765	864
765	958
765	974
766	369
766	783
766	854
766	895
766	919
766	925
766	952
766	962
766	964
766	976
767	933
767	949
767	965
767	968
767	978
767	981
767	982
767	990
767	992
767	1000
768	616
768	627
768	811
768	930
768	932
768	960
768	967
768	984
768	987
768	989
769	280
769	802
769	934
769	937
769	960
769	961
769	971
769	988
769	991
769	998
770	191
770	525
770	694
770	886
770	905
770	932
770	955
770	973
770	979
770	983
771	296
771	653
771	661
771	810
771	864
771	908
771	928
771	938
771	943
771	974
772	100
772	450
772	693
772	778
772	844
772	897
772	917
772	941
772	946
772	980
773	363
773	623
773	833
773	912
773	932
773	967
773	971
773	987
773	989
773	996
774	468
774	645
774	804
774	843
774	889
774	894
774	903
774	975
774	982
774	993
775	346
775	515
775	623
775	649
775	837
775	853
775	861
775	867
775	953
775	966
776	815
776	894
776	948
776	950
776	959
776	975
776	977
776	982
776	993
776	995
777	48
777	96
777	194
777	316
777	737
777	794
777	897
777	942
777	955
777	973
777	983
778	593
778	749
778	772
778	816
778	818
778	900
778	923
778	956
778	970
778	980
778	994
779	568
779	807
779	836
779	880
779	932
779	939
779	969
779	984
779	989
779	996
779	999
780	873
780	889
780	896
780	925
780	950
780	971
780	975
780	978
780	985
780	993
780	995
781	530
781	655
781	799
781	871
781	934
781	939
781	961
781	986
781	988
781	997
781	998
782	121
782	419
782	439
782	587
782	715
782	718
782	790
782	967
782	977
782	984
782	987
783	8
783	527
783	602
783	766
783	854
783	919
783	920
783	952
783	962
783	964
783	976
784	28
784	509
784	668
784	742
784	829
784	917
784	936
784	941
784	956
784	980
784	994
785	549
785	638
785	816
785	871
785	934
785	939
785	960
785	988
785	991
785	997
785	998
786	552
786	641
786	702
786	828
786	915
786	950
786	954
786	981
786	985
786	993
786	995
787	155
787	623
787	763
787	807
787	859
787	873
787	930
787	931
787	969
787	989
787	999
788	230
788	718
788	821
788	833
788	836
788	911
788	929
788	984
788	987
788	988
788	999
789	851
789	885
789	902
789	909
789	936
789	940
789	956
789	970
789	980
789	994
789	999
790	118
790	456
790	626
790	782
790	836
790	865
790	930
790	967
790	969
790	987
790	999
791	608
791	669
791	852
791	909
791	940
791	941
791	956
791	970
791	980
791	994
791	998
792	572
792	802
792	811
792	881
792	929
792	967
792	969
792	987
792	989
792	996
792	999
793	365
793	373
793	696
793	748
793	869
793	879
793	900
793	936
793	941
793	980
793	994
794	328
794	445
794	705
794	756
794	777
794	846
794	886
794	942
794	973
794	979
794	983
795	933
795	949
795	965
795	968
795	972
795	978
795	981
795	990
795	992
795	994
795	1000
796	36
796	108
796	657
796	731
796	808
796	827
796	839
796	867
796	884
796	953
796	966
797	137
797	511
797	569
797	649
797	733
797	760
797	805
797	867
797	953
797	966
797	985
798	933
798	949
798	952
798	965
798	968
798	972
798	978
798	981
798	990
798	992
798	1000
799	529
799	781
799	802
799	827
799	877
799	910
799	957
799	961
799	963
799	986
799	988
799	991
800	91
800	339
800	550
800	745
800	812
800	856
800	858
800	892
800	959
800	977
800	985
800	995
801	5
801	601
801	716
801	732
801	893
801	937
801	938
801	960
801	963
801	972
801	986
801	998
802	743
802	769
802	792
802	799
802	934
802	938
802	951
802	963
802	988
802	991
802	997
802	998
803	91
803	548
803	568
803	617
803	836
803	859
803	929
803	931
803	984
803	987
803	989
803	996
804	572
804	691
804	758
804	774
804	835
804	925
804	950
804	971
804	977
804	982
804	993
804	995
805	401
805	409
805	465
805	620
805	657
805	659
805	797
805	808
805	837
805	855
805	884
805	966
806	253
806	330
806	394
806	525
806	610
806	611
806	629
806	697
806	724
806	844
806	886
806	955
807	468
807	490
807	779
807	787
807	926
807	932
807	967
807	975
807	984
807	987
807	996
807	999
808	7
808	11
808	731
808	733
808	796
808	805
808	837
808	853
808	878
808	884
808	953
808	987
809	120
809	238
809	379
809	632
809	717
809	815
809	890
809	929
809	969
809	987
809	989
809	999
810	141
810	366
810	582
810	745
810	771
810	832
810	863
810	879
810	945
810	947
810	958
810	974
811	196
811	765
811	768
811	792
811	881
811	930
811	967
811	969
811	984
811	987
811	989
811	999
812	158
812	576
812	800
812	848
812	856
812	910
812	948
812	954
812	977
812	985
812	993
812	995
813	313
813	385
813	686
813	843
813	874
813	915
813	925
813	950
813	954
813	982
813	985
813	995
814	374
814	382
814	597
814	617
814	676
814	764
814	765
814	863
814	908
814	935
814	943
814	947
815	587
815	776
815	809
815	821
815	882
815	890
815	967
815	984
815	987
815	989
815	996
815	999
816	7
816	66
816	343
816	778
816	785
816	829
816	885
816	900
816	946
816	956
816	980
816	994
817	234
817	699
817	893
817	907
817	938
817	939
817	951
817	961
817	988
817	997
817	998
817	1000
818	715
818	748
818	778
818	831
818	874
818	887
818	923
818	936
818	941
818	946
818	951
818	970
818	980
819	279
819	914
819	921
819	933
819	949
819	965
819	968
819	972
819	978
819	981
819	990
819	992
819	1000
820	13
820	131
820	297
820	466
820	647
820	733
820	739
820	837
820	841
820	855
820	861
820	953
820	966
821	107
821	259
821	718
821	788
821	815
821	911
821	912
821	926
821	962
821	967
821	984
821	989
821	996
822	336
822	634
822	747
822	908
822	916
822	922
822	924
822	935
822	945
822	947
822	958
822	974
822	989
823	320
823	580
823	622
823	842
823	849
823	864
823	876
823	908
823	916
823	928
823	943
823	947
823	975
824	14
824	507
824	624
824	856
824	870
824	918
824	954
824	971
824	977
824	979
824	985
824	993
824	995
825	98
825	262
825	277
825	712
825	848
825	873
825	935
825	948
825	971
825	982
825	985
825	993
825	995
826	555
826	582
826	676
826	687
826	842
826	863
826	888
826	898
826	924
826	942
826	945
826	958
826	974
827	421
827	638
827	680
827	796
827	799
827	907
827	939
827	957
827	960
827	961
827	963
827	986
827	991
827	998
828	523
828	556
828	703
828	786
828	843
828	858
828	896
828	954
828	959
828	975
828	977
828	982
828	993
828	995
829	138
829	402
829	553
829	591
829	784
829	816
829	831
829	902
829	940
829	941
829	970
829	980
829	994
829	995
830	7
830	108
830	465
830	528
830	567
830	636
830	837
830	841
830	867
830	878
830	884
830	892
830	953
830	966
831	138
831	424
831	566
831	669
831	709
831	818
831	829
831	902
831	940
831	946
831	958
831	959
831	970
831	994
832	65
832	366
832	619
832	747
832	810
832	849
832	864
832	916
832	924
832	928
832	935
832	945
832	974
832	995
833	568
833	773
833	788
833	882
833	912
833	926
833	930
833	931
833	967
833	984
833	987
833	989
833	995
833	999
834	216
834	291
834	577
834	697
834	705
834	844
834	860
834	866
834	915
834	942
834	944
834	948
834	955
834	983
835	641
835	804
835	892
835	927
835	934
835	948
835	951
835	959
835	971
835	975
835	977
835	982
835	985
835	993
836	671
836	779
836	788
836	790
836	803
836	856
836	926
836	929
836	932
836	967
836	969
836	984
836	996
836	999
837	137
837	186
837	257
837	567
837	733
837	775
837	805
837	808
837	820
837	830
837	855
837	865
837	953
837	966
838	299
838	728
838	857
838	893
838	934
838	937
838	938
838	951
838	960
838	986
838	988
838	991
838	995
838	998
839	275
839	319
839	410
839	413
839	647
839	731
839	741
839	796
839	841
839	853
839	861
839	884
839	953
839	966
840	615
840	914
840	921
840	933
840	949
840	965
840	968
840	972
840	975
840	978
840	981
840	990
840	992
840	1000
841	211
841	409
841	428
841	515
841	620
841	731
841	741
841	820
841	830
841	839
841	878
841	913
841	953
841	966
842	336
842	573
842	690
842	765
842	823
842	826
842	879
842	898
842	908
842	924
842	943
842	945
842	947
842	993
843	341
843	356
843	598
843	648
843	774
843	813
843	828
843	873
843	903
843	904
843	925
843	954
843	959
843	982
843	995
844	316
844	607
844	611
844	725
844	757
844	762
844	772
844	806
844	834
844	866
844	891
844	955
844	973
844	979
844	983
845	176
845	178
845	347
845	396
845	498
845	765
845	879
845	905
845	908
845	922
845	928
845	943
845	945
845	947
845	958
846	289
846	488
846	516
846	665
846	694
846	724
846	737
846	794
846	883
846	891
846	944
846	955
846	973
846	983
846	990
847	16
847	154
847	214
847	261
847	361
847	363
847	585
847	912
847	967
847	984
847	987
847	989
847	996
847	998
847	999
848	109
848	327
848	625
848	812
848	825
848	862
848	870
848	881
848	927
848	948
848	977
848	982
848	985
848	993
848	995
849	198
849	396
849	473
849	500
849	579
849	639
849	823
849	832
849	876
849	879
849	888
849	898
849	945
849	977
849	986
850	32
850	255
850	693
850	874
850	885
850	897
850	900
850	936
850	940
850	941
850	946
850	956
850	970
850	984
850	994
851	265
851	438
851	458
851	554
851	606
851	748
851	789
851	897
851	900
851	909
851	940
851	941
851	946
851	956
851	970
852	62
852	362
852	407
852	554
852	791
852	874
852	885
852	900
852	902
852	905
852	923
852	940
852	956
852	980
852	994
853	137
853	195
853	211
853	267
853	412
853	528
853	657
853	746
853	760
853	775
853	808
853	839
853	884
853	953
853	966
854	24
854	134
854	527
854	723
854	766
854	783
854	895
854	919
854	920
854	944
854	952
854	962
854	964
854	976
854	980
855	6
855	63
855	393
855	511
855	569
855	649
855	694
855	760
855	805
855	820
855	837
855	861
855	878
855	884
855	963
856	470
856	663
856	708
856	758
856	800
856	812
856	824
856	836
856	948
856	954
856	959
856	971
856	975
856	982
856	985
856	995
857	82
857	592
857	672
857	838
857	899
857	906
857	910
857	937
857	939
857	951
857	961
857	963
857	985
857	988
857	997
857	998
858	356
858	625
858	631
858	758
858	800
858	828
858	927
858	948
858	950
858	954
858	977
858	982
858	984
858	993
858	995
858	1000
859	155
859	621
859	627
859	643
859	787
859	803
859	911
859	929
859	930
859	931
859	932
859	967
859	969
859	987
859	997
859	999
860	334
860	451
860	543
860	607
860	610
860	611
860	618
860	761
860	834
860	883
860	942
860	955
860	973
860	979
860	983
860	995
861	322
861	372
861	389
861	466
861	731
861	760
861	775
861	820
861	839
861	855
861	867
861	878
861	887
861	953
861	966
861	983
862	215
862	220
862	225
862	260
862	550
862	648
862	848
862	894
862	948
862	971
862	977
862	982
862	985
862	993
862	995
862	999
863	176
863	667
863	687
863	764
863	810
863	814
863	826
863	906
863	916
863	921
863	922
863	924
863	935
863	945
863	947
863	974
864	260
864	408
864	529
864	573
864	765
864	771
864	823
864	832
864	879
864	928
864	943
864	945
864	947
864	958
864	970
864	974
865	118
865	170
865	349
865	600
865	603
865	683
865	790
865	837
865	881
865	882
865	926
865	929
865	932
865	969
865	989
865	996
865	999
866	291
866	394
866	637
866	684
866	705
866	725
866	834
866	844
866	883
866	891
866	905
866	942
866	944
866	955
866	979
866	983
866	993
867	114
867	149
867	410
867	414
867	426
867	465
867	739
867	760
867	775
867	796
867	797
867	830
867	861
867	884
867	927
867	953
867	966
868	901
868	904
868	913
868	914
868	921
868	933
868	949
868	965
868	967
868	968
868	972
868	978
868	981
868	990
868	992
868	1000
869	74
869	373
869	608
869	709
869	757
869	793
869	874
869	887
869	897
869	917
869	923
869	936
869	941
869	946
869	956
869	970
869	994
870	507
870	542
870	564
870	570
870	624
870	824
870	848
870	873
870	889
870	925
870	931
870	948
870	975
870	977
870	982
870	993
870	995
871	56
871	111
871	384
871	392
871	503
871	750
871	781
871	785
871	877
871	939
871	961
871	963
871	986
871	988
871	991
871	997
871	998
872	25
872	30
872	247
872	330
872	464
872	691
872	702
872	894
872	918
872	927
872	947
872	950
872	959
872	975
872	982
872	985
872	995
873	47
873	457
873	526
873	624
873	663
873	780
873	787
873	825
873	843
873	870
873	950
873	954
873	971
873	977
873	985
873	993
873	995
874	189
874	681
874	813
874	818
874	850
874	852
874	869
874	900
874	909
874	917
874	936
874	940
874	941
874	946
874	970
874	980
874	994
875	286
875	485
875	499
875	680
875	728
875	740
875	877
875	937
875	938
875	951
875	957
875	960
875	961
875	986
875	988
875	998
875	999
876	406
876	457
876	653
876	661
876	747
876	823
876	849
876	898
876	920
876	922
876	924
876	935
876	943
876	945
876	947
876	958
876	974
877	479
877	799
877	871
877	875
877	937
877	938
877	939
877	951
877	957
877	960
877	963
877	974
877	988
877	991
877	994
877	997
877	998
878	181
878	322
878	346
878	412
878	414
878	465
878	567
878	569
878	657
878	739
878	808
878	830
878	841
878	855
878	861
878	953
878	966
878	987
879	320
879	377
879	656
879	664
879	710
879	793
879	810
879	842
879	845
879	849
879	864
879	888
879	916
879	922
879	928
879	943
879	947
879	958
880	171
880	448
880	504
880	559
880	587
880	658
880	677
880	714
880	779
880	882
880	930
880	932
880	969
880	984
880	987
880	989
880	996
880	999
881	92
881	97
881	259
881	434
881	533
881	671
881	792
881	811
881	848
881	865
881	926
881	931
881	969
881	984
881	987
881	989
881	996
881	999
882	2
882	302
882	534
882	717
882	815
882	833
882	865
882	880
882	890
882	931
882	967
882	969
882	984
882	987
882	989
882	996
882	997
882	999
883	60
883	113
883	253
883	334
883	394
883	407
883	517
883	751
883	846
883	860
883	866
883	885
883	891
883	942
883	955
883	973
883	979
883	983
883	987
884	114
884	192
884	409
884	466
884	528
884	733
884	739
884	741
884	796
884	805
884	808
884	830
884	839
884	853
884	855
884	867
884	900
884	966
884	991
885	28
885	342
885	373
885	693
885	744
885	789
885	816
885	850
885	852
885	883
885	887
885	900
885	909
885	936
885	940
885	956
885	970
885	980
885	994
886	492
886	516
886	517
886	525
886	590
886	725
886	770
886	794
886	806
886	891
886	905
886	918
886	942
886	944
886	949
886	955
886	973
886	979
886	983
887	4
887	46
887	365
887	424
887	558
887	605
887	609
887	744
887	818
887	861
887	869
887	885
887	901
887	902
887	940
887	956
887	970
887	980
887	994
888	292
888	335
888	382
888	390
888	619
888	639
888	701
888	826
888	849
888	879
888	898
888	916
888	924
888	928
888	935
888	943
888	947
888	958
888	965
889	167
889	226
889	342
889	477
889	595
889	648
889	704
889	774
889	780
889	870
889	896
889	903
889	925
889	948
889	954
889	963
889	975
889	977
889	985
889	995
890	209
890	243
890	261
890	537
890	703
890	713
890	809
890	815
890	882
890	911
890	929
890	930
890	931
890	969
890	984
890	987
890	989
890	995
890	996
890	999
891	64
891	113
891	480
891	563
891	665
891	705
891	735
891	751
891	761
891	844
891	846
891	866
891	883
891	886
891	900
891	903
891	944
891	973
891	979
891	983
892	52
892	294
892	385
892	491
892	552
892	561
892	625
892	631
892	645
892	727
892	800
892	830
892	835
892	925
892	950
892	975
892	982
892	985
892	993
892	995
893	95
893	476
893	503
893	592
893	604
893	615
893	729
893	740
893	801
893	817
893	838
893	899
893	913
893	938
893	961
893	986
893	988
893	991
893	997
893	998
894	357
894	385
894	691
894	708
894	745
894	758
894	774
894	776
894	862
894	872
894	897
894	915
894	918
894	925
894	954
894	959
894	962
894	985
894	993
894	995
895	22
895	472
895	512
895	527
895	642
895	650
895	651
895	682
895	700
895	722
895	723
895	766
895	854
895	919
895	920
895	952
895	956
895	962
895	964
895	976
895	994
896	145
896	324
896	478
896	564
896	702
896	711
896	712
896	780
896	828
896	889
896	903
896	904
896	950
896	954
896	959
896	971
896	975
896	977
896	982
896	992
896	993
897	189
897	229
897	566
897	609
897	759
897	772
897	777
897	850
897	851
897	869
897	894
897	900
897	917
897	923
897	940
897	941
897	946
897	956
897	970
897	980
897	994
898	382
898	406
898	475
898	501
898	562
898	580
898	619
898	640
898	826
898	842
898	849
898	876
898	888
898	908
898	916
898	922
898	928
898	935
898	945
898	958
898	974
899	354
899	404
899	539
899	754
899	857
899	893
899	906
899	910
899	921
899	934
899	936
899	938
899	951
899	957
899	960
899	961
899	963
899	986
899	988
899	997
899	998
900	37
900	450
900	744
900	778
900	793
900	816
900	850
900	851
900	852
900	874
900	884
900	885
900	891
900	897
900	923
900	936
900	940
900	946
900	956
900	970
900	980
900	994
901	868
901	887
901	904
901	913
901	914
901	921
901	933
901	949
901	965
901	968
901	972
901	978
901	981
901	983
901	990
901	992
901	1000
902	28
902	306
902	358
902	495
902	553
902	759
902	789
902	829
902	831
902	852
902	887
902	907
902	909
902	917
902	923
902	936
902	940
902	941
902	956
902	970
902	980
902	994
903	321
903	356
903	564
903	570
903	624
903	713
903	774
903	843
903	889
903	891
903	896
903	918
903	927
903	948
903	950
903	971
903	975
903	977
903	985
903	989
903	993
903	995
904	843
904	868
904	896
904	901
904	913
904	914
904	921
904	933
904	949
904	965
904	968
904	972
904	978
904	981
904	990
904	992
904	1000
905	11
905	185
905	194
905	216
905	375
905	480
905	551
905	574
905	725
905	735
905	737
905	751
905	770
905	845
905	852
905	866
905	886
905	942
905	944
905	955
905	973
905	979
905	983
906	312
906	404
906	461
906	612
906	695
906	729
906	730
906	750
906	752
906	857
906	863
906	899
906	937
906	939
906	957
906	958
906	961
906	963
906	986
906	988
906	991
906	997
906	998
907	93
907	104
907	239
907	444
907	612
907	672
907	817
907	827
907	902
907	910
907	937
907	938
907	939
907	951
907	961
907	963
907	966
907	986
907	988
907	991
907	992
907	997
907	998
908	118
908	206
908	292
908	336
908	473
908	481
908	498
908	619
908	676
908	771
908	814
908	822
908	823
908	842
908	845
908	898
908	928
908	935
908	943
908	945
908	947
908	958
908	978
909	422
909	495
909	534
909	608
909	676
909	681
909	734
909	742
909	744
909	748
909	789
909	791
909	851
909	874
909	885
909	902
909	923
909	940
909	946
909	956
909	970
909	980
909	983
909	994
910	55
910	139
910	364
910	599
910	638
910	692
910	749
910	754
910	799
910	812
910	857
910	899
910	907
910	934
910	937
910	957
910	960
910	961
910	963
910	966
910	986
910	988
910	991
910	998
911	207
911	302
911	332
911	490
911	632
911	656
911	679
911	703
911	788
911	821
911	859
911	890
911	912
911	931
911	932
911	967
911	969
911	976
911	984
911	987
911	989
911	995
911	996
911	999
912	172
912	279
912	403
912	585
912	613
912	652
912	698
912	701
912	715
912	773
912	821
912	833
912	847
912	911
912	926
912	931
912	932
912	941
912	967
912	973
912	987
912	989
912	996
912	999
913	841
913	868
913	893
913	901
913	904
913	914
913	921
913	933
913	949
913	965
913	968
913	972
913	978
913	981
913	990
913	992
913	993
913	1000
914	741
914	763
914	819
914	840
914	868
914	901
914	904
914	913
914	921
914	933
914	939
914	949
914	965
914	968
914	972
914	978
914	981
914	990
914	992
914	1000
915	52
915	123
915	158
915	222
915	474
915	491
915	745
915	786
915	813
915	834
915	894
915	918
915	927
915	948
915	954
915	959
915	962
915	971
915	975
915	977
915	982
915	985
915	986
915	993
915	995
916	235
916	371
916	406
916	456
916	519
916	562
916	580
916	583
916	622
916	646
916	667
916	822
916	823
916	832
916	863
916	879
916	888
916	898
916	922
916	928
916	943
916	947
916	974
916	988
916	997
917	69
917	74
917	389
917	609
917	640
917	665
917	669
917	681
917	709
917	734
917	759
917	772
917	784
917	869
917	874
917	897
917	902
917	923
917	936
917	940
917	941
917	960
917	970
917	980
917	994
918	76
918	262
918	325
918	483
918	507
918	578
918	621
918	645
918	655
918	690
918	824
918	872
918	886
918	894
918	903
918	915
918	950
918	954
918	959
918	963
918	975
918	982
918	985
918	993
918	995
919	59
919	72
919	164
919	237
919	339
919	380
919	391
919	399
919	463
919	565
919	642
919	651
919	700
919	722
919	723
919	766
919	783
919	854
919	895
919	920
919	952
919	962
919	964
919	976
919	980
920	3
920	163
920	281
920	326
920	351
920	352
920	472
920	545
920	546
920	636
920	642
920	650
920	651
920	695
920	700
920	723
920	783
920	854
920	876
920	895
920	919
920	952
920	962
920	964
920	976
920	979
921	654
921	663
921	819
921	840
921	863
921	868
921	899
921	901
921	904
921	913
921	914
921	933
921	949
921	965
921	968
921	972
921	978
921	981
921	990
921	992
921	1000
922	128
922	335
922	371
922	376
922	390
922	395
922	536
922	580
922	661
922	710
922	764
922	822
922	845
922	863
922	876
922	879
922	898
922	916
922	924
922	943
922	947
922	958
922	969
922	974
922	976
922	989
923	38
923	46
923	62
923	343
923	365
923	367
923	506
923	640
923	669
923	681
923	709
923	734
923	778
923	818
923	852
923	869
923	897
923	900
923	902
923	909
923	917
923	941
923	946
923	956
923	980
923	991
923	994
924	34
924	153
924	276
924	332
924	335
924	395
924	500
924	573
924	580
924	583
924	622
924	639
924	670
924	698
924	710
924	822
924	826
924	832
924	842
924	863
924	876
924	888
924	922
924	935
924	947
924	958
924	974
925	147
925	233
925	250
925	339
925	544
925	556
925	625
925	745
925	758
925	766
925	780
925	804
925	813
925	843
925	870
925	889
925	892
925	894
925	948
925	954
925	959
925	971
925	972
925	982
925	985
925	993
925	995
925	996
926	51
926	116
926	150
926	287
926	345
926	443
926	471
926	632
926	656
926	683
926	746
926	807
926	821
926	833
926	836
926	865
926	881
926	912
926	929
926	930
926	932
926	967
926	969
926	980
926	984
926	989
926	996
926	999
927	43
927	47
927	105
927	147
927	220
927	348
927	464
927	621
927	631
927	633
927	655
927	672
927	835
927	848
927	858
927	867
927	872
927	903
927	915
927	946
927	948
927	954
927	959
927	975
927	977
927	982
927	985
927	995
928	198
928	230
928	323
928	374
928	434
928	457
928	555
928	619
928	653
928	664
928	710
928	744
928	771
928	823
928	832
928	845
928	864
928	879
928	888
928	898
928	908
928	916
928	935
928	943
928	945
928	947
928	958
928	974
929	9
929	232
929	344
929	431
929	445
929	537
929	572
929	632
929	643
929	660
929	683
929	763
929	788
929	792
929	803
929	809
929	836
929	859
929	865
929	890
929	926
929	930
929	931
929	932
929	961
929	965
929	967
929	987
929	996
929	999
930	92
930	199
930	232
930	270
930	553
930	584
930	585
930	626
930	643
930	660
930	688
930	715
930	768
930	787
930	790
930	811
930	833
930	859
930	880
930	890
930	926
930	929
930	931
930	967
930	969
930	983
930	984
930	987
930	996
930	999
931	196
931	305
931	361
931	600
931	613
931	627
931	683
931	688
931	717
931	787
931	803
931	833
931	859
931	870
931	881
931	882
931	890
931	911
931	912
931	929
931	930
931	932
931	967
931	969
931	984
931	989
931	993
931	994
931	996
931	999
932	51
932	116
932	361
932	379
932	395
932	501
932	518
932	715
932	718
932	740
932	768
932	770
932	773
932	779
932	807
932	836
932	859
932	865
932	880
932	911
932	912
932	926
932	929
932	931
932	967
932	969
932	984
932	987
932	989
932	996
932	999
933	50
933	248
933	305
933	586
933	602
933	685
933	721
933	726
933	727
933	753
933	767
933	795
933	798
933	819
933	840
933	868
933	901
933	904
933	913
933	914
933	921
933	949
933	959
933	965
933	968
933	972
933	978
933	981
933	990
933	992
933	1000
934	55
934	530
934	557
934	591
934	592
934	706
934	707
934	729
934	732
934	743
934	749
934	754
934	769
934	781
934	785
934	802
934	835
934	838
934	899
934	910
934	937
934	938
934	951
934	957
934	960
934	961
934	963
934	986
934	988
934	991
934	997
934	998
935	242
935	303
935	318
935	347
935	372
935	374
935	390
935	454
935	469
935	473
935	481
935	536
935	579
935	639
935	661
935	710
935	764
935	814
935	822
935	825
935	832
935	863
935	876
935	888
935	898
935	908
935	924
935	928
935	945
935	947
935	958
935	974
936	265
936	293
936	359
936	362
936	411
936	509
936	583
936	608
936	681
936	696
936	734
936	742
936	759
936	784
936	789
936	793
936	818
936	850
936	869
936	874
936	885
936	899
936	900
936	902
936	917
936	941
936	946
936	956
936	959
936	970
936	971
936	980
936	994
937	208
937	314
937	327
937	542
937	630
937	695
937	728
937	729
937	754
937	756
937	769
937	801
937	838
937	857
937	875
937	877
937	906
937	907
937	910
937	934
937	939
937	951
937	957
937	958
937	960
937	961
937	962
937	963
937	986
937	988
937	991
937	997
937	998
938	84
938	258
938	378
938	392
938	421
938	461
938	520
938	530
938	549
938	604
938	707
938	771
938	801
938	802
938	817
938	838
938	875
938	877
938	893
938	899
938	907
938	934
938	939
938	946
938	951
938	957
938	961
938	963
938	986
938	988
938	991
938	997
938	998
939	82
939	156
939	161
939	264
939	286
939	520
939	557
939	596
939	668
939	738
939	756
939	779
939	781
939	785
939	817
939	827
939	857
939	871
939	877
939	906
939	907
939	914
939	937
939	938
939	940
939	951
939	957
939	960
939	961
939	963
939	986
939	988
939	991
939	998
940	38
940	69
940	338
940	386
940	427
940	495
940	502
940	510
940	554
940	566
940	605
940	635
940	742
940	744
940	759
940	789
940	791
940	829
940	831
940	850
940	851
940	852
940	874
940	885
940	887
940	897
940	900
940	902
940	909
940	917
940	939
940	946
940	956
940	980
940	994
941	16
941	46
941	174
941	358
941	458
941	528
941	534
941	554
941	605
941	614
941	681
941	696
941	709
941	759
941	772
941	784
941	791
941	793
941	818
941	829
941	850
941	851
941	869
941	874
941	897
941	902
941	912
941	917
941	923
941	936
941	946
941	956
941	970
941	972
941	980
941	994
942	71
942	96
942	271
942	307
942	313
942	329
942	445
942	488
942	506
942	513
942	517
942	543
942	551
942	607
942	618
942	635
942	666
942	684
942	694
942	751
942	757
942	762
942	777
942	794
942	826
942	834
942	860
942	866
942	883
942	886
942	905
942	949
942	973
942	979
942	983
942	997
943	34
943	53
943	335
943	366
943	429
943	449
943	454
943	519
943	536
943	597
943	622
943	661
943	676
943	731
943	747
943	764
943	771
943	814
943	823
943	842
943	845
943	864
943	876
943	879
943	888
943	908
943	916
943	922
943	928
943	945
943	947
943	957
943	958
943	974
943	982
943	984
944	31
944	48
944	60
944	85
944	256
944	298
944	307
944	367
944	506
944	532
944	551
944	577
944	610
944	618
944	635
944	637
944	662
944	666
944	684
944	697
944	705
944	724
944	751
944	762
944	834
944	846
944	854
944	866
944	886
944	891
944	905
944	955
944	973
944	979
944	983
944	1000
945	30
945	96
945	212
945	260
945	276
945	318
945	323
945	329
945	396
945	398
945	456
945	547
945	555
945	564
945	579
945	639
945	664
945	667
945	726
945	810
945	822
945	826
945	832
945	842
945	845
945	849
945	863
945	864
945	876
945	898
945	908
945	928
945	935
945	943
945	947
945	958
945	974
946	49
946	75
946	164
946	272
946	293
946	304
946	373
946	400
946	427
946	495
946	609
946	614
946	696
946	734
946	748
946	759
946	772
946	816
946	818
946	831
946	850
946	851
946	869
946	874
946	897
946	900
946	909
946	923
946	927
946	936
946	938
946	940
946	941
946	970
946	974
946	980
946	994
947	73
947	198
947	292
947	376
947	429
947	433
947	473
947	475
947	529
947	555
947	562
947	573
947	579
947	653
947	710
947	714
947	810
947	814
947	822
947	823
947	842
947	845
947	863
947	864
947	872
947	876
947	879
947	888
947	908
947	916
947	922
947	924
947	928
947	935
947	943
947	945
947	958
947	974
948	105
948	474
948	544
948	561
948	576
948	578
948	621
948	655
948	690
948	702
948	704
948	776
948	812
948	825
948	834
948	835
948	848
948	856
948	858
948	862
948	870
948	889
948	903
948	915
948	925
948	927
948	950
948	954
948	959
948	971
948	975
948	977
948	982
948	985
948	986
948	993
948	995
948	999
949	151
949	263
949	448
949	460
949	484
949	497
949	575
949	602
949	603
949	606
949	628
949	644
949	673
949	706
949	719
949	736
949	767
949	795
949	798
949	819
949	840
949	868
949	886
949	901
949	904
949	913
949	914
949	921
949	933
949	942
949	965
949	968
949	972
949	978
949	981
949	990
949	992
949	1000
950	89
950	100
950	117
950	240
950	244
950	342
950	385
950	425
950	470
950	483
950	546
950	550
950	564
950	581
950	713
950	720
950	776
950	780
950	786
950	804
950	813
950	858
950	872
950	873
950	892
950	896
950	903
950	918
950	948
950	954
950	971
950	975
950	977
950	978
950	982
950	985
950	993
950	995
950	997
951	111
951	129
951	354
951	442
951	476
951	486
951	489
951	499
951	557
951	595
951	604
951	680
951	707
951	738
951	740
951	749
951	750
951	802
951	817
951	818
951	835
951	838
951	857
951	875
951	877
951	899
951	907
951	934
951	937
951	938
951	939
951	957
951	961
951	963
951	986
951	988
951	991
951	997
951	998
952	3
952	22
952	57
952	77
952	127
952	131
952	133
952	136
952	252
952	281
952	352
952	355
952	369
952	399
952	433
952	440
952	512
952	522
952	524
952	565
952	613
952	642
952	650
952	674
952	682
952	700
952	723
952	755
952	766
952	783
952	798
952	854
952	895
952	919
952	920
952	962
952	964
952	973
952	976
953	13
953	63
953	110
953	115
953	120
953	186
953	200
953	211
953	257
953	275
953	297
953	346
953	389
953	401
953	463
953	505
953	528
953	567
953	569
953	647
953	692
953	731
953	739
953	741
953	760
953	775
953	796
953	797
953	808
953	820
953	830
953	837
953	839
953	841
953	853
953	861
953	867
953	878
953	966
953	970
954	17
954	20
954	45
954	76
954	197
954	294
954	464
954	478
954	523
954	538
954	540
954	552
954	588
954	611
954	669
954	690
954	786
954	812
954	813
954	824
954	828
954	843
954	856
954	858
954	873
954	889
954	894
954	896
954	915
954	918
954	925
954	927
954	948
954	950
954	959
954	971
954	977
954	982
954	985
954	993
954	995
954	996
955	35
955	39
955	94
955	148
955	350
955	383
955	453
955	488
955	506
955	513
955	525
955	541
955	574
955	607
955	610
955	629
955	637
955	664
955	665
955	694
955	705
955	735
955	751
955	757
955	761
955	770
955	777
955	806
955	834
955	844
955	846
955	860
955	866
955	883
955	886
955	905
955	944
955	957
955	973
955	977
955	979
955	981
955	983
956	4
956	101
956	102
956	180
956	358
956	362
956	450
956	492
956	502
956	509
956	510
956	593
956	605
956	640
956	693
956	709
956	734
956	778
956	784
956	789
956	791
956	816
956	850
956	851
956	852
956	869
956	885
956	887
956	895
956	897
956	900
956	902
956	909
956	923
956	936
956	940
956	941
956	970
956	973
956	980
956	992
956	994
956	999
957	19
957	224
957	236
957	239
957	286
957	337
957	340
957	392
957	406
957	520
957	560
957	584
957	596
957	668
957	670
957	699
957	732
957	750
957	752
957	754
957	756
957	799
957	827
957	875
957	877
957	899
957	906
957	910
957	934
957	937
957	938
957	939
957	943
957	951
957	955
957	959
957	960
957	961
957	963
957	966
957	988
957	991
957	997
957	998
958	30
958	153
958	206
958	221
958	296
958	323
958	336
958	347
958	371
958	434
958	449
958	475
958	547
958	558
958	562
958	583
958	622
958	653
958	661
958	667
958	747
958	764
958	765
958	810
958	822
958	826
958	831
958	845
958	864
958	876
958	879
958	888
958	898
958	906
958	908
958	922
958	924
958	928
958	935
958	937
958	943
958	945
958	947
958	974
959	76
959	117
959	140
959	165
959	215
959	321
959	538
959	561
959	578
959	598
959	645
959	655
959	663
959	686
959	702
959	713
959	720
959	776
959	800
959	828
959	831
959	835
959	843
959	856
959	872
959	894
959	896
959	915
959	918
959	925
959	927
959	933
959	936
959	948
959	954
959	957
959	971
959	975
959	977
959	982
959	985
959	993
959	995
959	1000
960	166
960	179
960	201
960	202
960	210
960	413
960	461
960	494
960	499
960	539
960	549
960	557
960	596
960	601
960	612
960	672
960	695
960	738
960	743
960	750
960	756
960	768
960	769
960	785
960	801
960	827
960	838
960	875
960	877
960	899
960	910
960	917
960	934
960	937
960	939
960	957
960	961
960	976
960	986
960	988
960	990
960	991
960	993
960	998
961	129
961	179
961	364
961	387
961	442
961	485
961	503
961	557
961	638
961	675
961	691
961	692
961	707
961	728
961	738
961	743
961	756
961	769
961	781
961	799
961	817
961	827
961	857
961	871
961	875
961	893
961	899
961	906
961	907
961	910
961	929
961	934
961	937
961	938
961	939
961	951
961	957
961	960
961	982
961	986
961	988
961	991
961	996
961	997
961	998
962	56
962	124
962	125
962	134
962	162
962	163
962	188
962	237
962	252
962	309
962	326
962	338
962	355
962	391
962	399
962	436
962	440
962	463
962	512
962	522
962	524
962	527
962	541
962	545
962	546
962	565
962	636
962	650
962	674
962	682
962	722
962	755
962	766
962	783
962	821
962	854
962	894
962	895
962	915
962	919
962	920
962	937
962	952
962	964
962	976
963	177
963	317
963	337
963	417
963	426
963	451
963	476
963	479
963	485
963	496
963	584
963	595
963	638
963	680
963	707
963	716
963	732
963	749
963	750
963	752
963	799
963	801
963	802
963	827
963	855
963	857
963	871
963	877
963	889
963	899
963	906
963	907
963	910
963	918
963	934
963	937
963	938
963	939
963	951
963	957
963	966
963	988
963	991
963	992
963	997
963	998
964	8
964	24
964	56
964	57
964	79
964	124
964	133
964	136
964	142
964	162
964	163
964	188
964	252
964	311
964	326
964	338
964	351
964	380
964	391
964	399
964	436
964	440
964	472
964	524
964	533
964	546
964	561
964	565
964	636
964	642
964	651
964	674
964	700
964	723
964	755
964	766
964	783
964	854
964	895
964	919
964	920
964	952
964	962
964	976
964	986
964	987
964	988
965	274
965	301
965	368
965	381
965	432
965	462
965	467
965	497
965	571
965	586
965	594
965	606
965	644
965	654
965	673
965	685
965	689
965	704
965	706
965	721
965	726
965	736
965	753
965	767
965	795
965	798
965	819
965	840
965	868
965	888
965	901
965	904
965	913
965	914
965	921
965	929
965	933
965	949
965	968
965	972
965	976
965	978
965	981
965	988
965	990
965	992
965	1000
966	6
966	36
966	108
966	181
966	192
966	200
966	257
966	275
966	297
966	389
966	393
966	401
966	409
966	410
966	414
966	466
966	505
966	508
966	515
966	567
966	569
966	620
966	647
966	657
966	731
966	733
966	741
966	760
966	775
966	796
966	797
966	805
966	820
966	830
966	837
966	839
966	841
966	853
966	861
966	867
966	878
966	884
966	907
966	910
966	953
966	957
966	963
966	984
967	150
967	172
967	195
967	209
967	261
967	279
967	487
967	623
967	649
967	658
967	671
967	678
967	679
967	688
967	698
967	703
967	717
967	763
967	768
967	773
967	782
967	790
967	792
967	807
967	811
967	815
967	821
967	833
967	836
967	847
967	859
967	868
967	882
967	911
967	912
967	926
967	929
967	930
967	931
967	932
967	969
967	972
967	984
967	987
967	989
967	990
967	996
967	999
968	1
968	78
968	95
968	219
968	246
968	295
968	351
968	353
968	441
968	459
968	484
968	514
968	586
968	589
968	603
968	634
968	659
968	673
968	678
968	689
968	719
968	721
968	726
968	727
968	753
968	767
968	795
968	798
968	819
968	840
968	868
968	901
968	904
968	913
968	914
968	921
968	933
968	949
968	965
968	972
968	978
968	981
968	985
968	990
968	991
968	992
968	994
968	1000
969	2
969	9
969	26
969	154
969	187
969	218
969	228
969	251
969	284
969	403
969	412
969	435
969	455
969	487
969	490
969	600
969	613
969	626
969	632
969	652
969	701
969	702
969	718
969	779
969	787
969	790
969	792
969	809
969	811
969	836
969	859
969	865
969	880
969	881
969	882
969	890
969	911
969	922
969	926
969	930
969	931
969	932
969	967
969	979
969	984
969	986
969	987
969	989
969	999
970	49
970	54
970	83
970	180
970	229
970	241
970	255
970	285
970	386
970	397
970	400
970	402
970	502
970	535
970	566
970	591
970	609
970	640
970	669
970	693
970	696
970	728
970	748
970	759
970	778
970	789
970	791
970	818
970	829
970	831
970	850
970	851
970	864
970	869
970	874
970	885
970	887
970	897
970	900
970	902
970	909
970	917
970	936
970	941
970	946
970	953
970	956
970	972
970	980
970	994
971	14
971	157
971	227
971	247
971	250
971	266
971	277
971	321
971	348
971	423
971	438
971	443
971	455
971	464
971	483
971	491
971	540
971	544
971	570
971	646
971	663
971	690
971	704
971	708
971	712
971	758
971	769
971	773
971	780
971	804
971	824
971	825
971	835
971	856
971	862
971	873
971	896
971	903
971	915
971	925
971	936
971	948
971	950
971	954
971	959
971	975
971	977
971	982
971	985
971	993
971	995
971	998
972	70
972	160
972	183
972	245
972	310
972	353
972	381
972	388
972	452
972	484
972	526
972	571
972	589
972	594
972	599
972	628
972	634
972	644
972	654
972	659
972	678
972	685
972	706
972	719
972	726
972	727
972	736
972	753
972	795
972	798
972	801
972	819
972	840
972	868
972	901
972	904
972	913
972	914
972	921
972	925
972	933
972	941
972	949
972	965
972	967
972	968
972	970
972	978
972	981
972	990
972	992
972	1000
973	31
973	39
973	41
973	64
973	94
973	113
973	148
973	159
973	298
973	307
973	328
973	329
973	360
973	367
973	375
973	383
973	445
973	453
973	491
973	516
973	517
973	543
973	563
973	577
973	578
973	607
973	611
973	629
973	666
973	694
973	705
973	735
973	737
973	762
973	770
973	777
973	794
973	844
973	846
973	860
973	883
973	886
973	891
973	905
973	912
973	942
973	944
973	952
973	955
973	956
973	979
973	981
973	983
974	128
974	141
974	235
974	242
974	256
974	276
974	288
974	306
974	318
974	333
974	347
974	376
974	395
974	396
974	408
974	434
974	449
974	498
974	529
974	536
974	547
974	555
974	575
974	582
974	583
974	639
974	661
974	676
974	687
974	710
974	723
974	747
974	764
974	765
974	771
974	810
974	822
974	826
974	832
974	863
974	864
974	876
974	877
974	898
974	916
974	922
974	924
974	928
974	935
974	943
974	945
974	946
974	947
974	958
974	1000
975	17
975	67
975	158
975	223
975	247
975	278
975	324
975	325
975	341
975	423
975	425
975	441
975	443
975	477
975	478
975	538
975	544
975	570
975	646
975	648
975	662
975	663
975	688
975	691
975	704
975	708
975	712
975	720
975	774
975	776
975	780
975	807
975	823
975	828
975	835
975	840
975	856
975	870
975	872
975	889
975	892
975	896
975	903
975	915
975	918
975	927
975	948
975	950
975	959
975	971
975	977
975	982
975	985
975	991
975	993
975	995
976	3
976	8
976	24
976	57
976	59
976	72
976	77
976	79
976	124
976	125
976	131
976	133
976	134
976	136
976	142
976	162
976	237
976	281
976	309
976	311
976	326
976	338
976	355
976	369
976	380
976	391
976	433
976	440
976	463
976	522
976	524
976	545
976	565
976	582
976	636
976	642
976	650
976	651
976	674
976	682
976	700
976	723
976	755
976	766
976	783
976	854
976	895
976	911
976	919
976	920
976	922
976	952
976	960
976	962
976	964
976	965
976	995
977	98
977	127
977	165
977	167
977	226
977	266
977	277
977	324
977	418
977	474
977	486
977	514
977	523
977	526
977	550
977	556
977	580
977	581
977	587
977	631
977	633
977	641
977	690
977	691
977	711
977	712
977	713
977	758
977	776
977	782
977	800
977	804
977	812
977	824
977	828
977	835
977	848
977	849
977	858
977	862
977	870
977	873
977	889
977	896
977	903
977	915
977	927
977	948
977	950
977	954
977	955
977	959
977	971
977	975
977	982
977	985
977	993
977	995
978	33
978	119
978	160
978	175
978	231
978	245
978	274
978	301
978	368
978	370
978	388
978	422
978	441
978	460
978	475
978	497
978	571
978	575
978	586
978	594
978	602
978	603
978	628
978	644
978	673
978	678
978	685
978	689
978	719
978	726
978	727
978	736
978	753
978	767
978	780
978	795
978	798
978	819
978	840
978	868
978	901
978	904
978	908
978	913
978	914
978	921
978	933
978	949
978	950
978	965
978	968
978	972
978	981
978	987
978	990
978	992
978	993
978	1000
979	35
979	48
979	85
979	87
979	90
979	94
979	110
979	148
979	178
979	216
979	289
979	291
979	313
979	328
979	394
979	420
979	424
979	435
979	453
979	480
979	492
979	506
979	517
979	532
979	541
979	543
979	548
979	563
979	577
979	610
979	629
979	635
979	637
979	665
979	684
979	697
979	724
979	725
979	735
979	751
979	757
979	761
979	770
979	794
979	824
979	844
979	860
979	866
979	883
979	886
979	891
979	905
979	920
979	942
979	944
979	955
979	969
979	973
979	983
980	37
980	49
980	100
980	102
980	174
980	229
980	241
980	255
980	272
980	304
980	343
980	359
980	397
980	400
980	458
980	502
980	509
980	510
980	534
980	540
980	553
980	558
980	566
980	593
980	614
980	640
980	681
980	693
980	709
980	734
980	772
980	778
980	784
980	789
980	791
980	793
980	816
980	818
980	829
980	852
980	854
980	874
980	885
980	887
980	897
980	900
980	902
980	909
980	917
980	919
980	923
980	926
980	936
980	940
980	941
980	946
980	956
980	970
980	982
980	994
980	997
981	103
981	119
981	204
981	217
981	219
981	226
981	269
981	290
981	315
981	331
981	370
981	415
981	422
981	437
981	452
981	459
981	460
981	462
981	467
981	484
981	575
981	594
981	599
981	606
981	614
981	634
981	644
981	659
981	673
981	685
981	689
981	706
981	719
981	721
981	727
981	736
981	753
981	762
981	767
981	786
981	795
981	798
981	819
981	840
981	868
981	901
981	904
981	913
981	914
981	921
981	933
981	949
981	955
981	965
981	968
981	972
981	973
981	978
981	990
981	992
981	1000
982	127
982	135
982	208
982	233
982	294
982	324
982	342
982	384
982	470
982	482
982	486
982	521
982	523
982	540
982	544
982	552
982	556
982	559
982	576
982	588
982	598
982	624
982	645
982	646
982	662
982	677
982	682
982	691
982	704
982	708
982	713
982	720
982	767
982	774
982	776
982	804
982	813
982	825
982	828
982	835
982	843
982	848
982	856
982	858
982	862
982	870
982	872
982	892
982	896
982	915
982	918
982	925
982	927
982	943
982	948
982	950
982	954
982	959
982	961
982	971
982	975
982	977
982	980
982	985
982	992
983	41
983	85
983	87
983	130
983	146
983	178
983	191
983	194
983	256
983	289
983	298
983	300
983	311
983	316
983	328
983	334
983	350
983	360
983	367
983	420
983	453
983	480
983	488
983	492
983	513
983	516
983	532
983	541
983	590
983	610
983	618
983	629
983	637
983	665
983	666
983	684
983	694
983	724
983	725
983	737
983	757
983	761
983	762
983	770
983	777
983	794
983	834
983	844
983	846
983	860
983	861
983	866
983	883
983	886
983	891
983	901
983	905
983	909
983	930
983	942
983	944
983	955
983	973
983	979
983	989
983	996
984	9
984	15
984	23
984	27
984	32
984	92
984	107
984	143
984	152
984	228
984	284
984	287
984	288
984	302
984	439
984	448
984	471
984	501
984	504
984	518
984	531
984	587
984	616
984	617
984	626
984	632
984	643
984	648
984	660
984	677
984	679
984	688
984	698
984	730
984	746
984	763
984	768
984	779
984	782
984	788
984	803
984	807
984	811
984	815
984	821
984	833
984	836
984	847
984	850
984	858
984	880
984	881
984	882
984	890
984	911
984	926
984	930
984	931
984	932
984	943
984	966
984	967
984	969
984	985
984	987
984	989
984	996
984	999
985	1
985	25
985	31
985	67
985	89
985	126
985	135
985	157
985	169
985	223
985	225
985	339
985	384
985	418
985	423
985	474
985	521
985	526
985	559
985	561
985	578
985	621
985	625
985	631
985	633
985	646
985	655
985	660
985	686
985	691
985	702
985	704
985	720
985	745
985	754
985	780
985	786
985	797
985	800
985	812
985	813
985	824
985	825
985	835
985	848
985	856
985	857
985	862
985	872
985	873
985	889
985	892
985	894
985	903
985	915
985	918
985	925
985	927
985	948
985	950
985	954
985	959
985	968
985	971
985	975
985	977
985	982
985	984
985	993
985	995
986	29
986	61
986	80
986	82
986	104
986	132
986	139
986	156
986	177
986	193
986	197
986	205
986	220
986	234
986	239
986	264
986	314
986	317
986	327
986	337
986	387
986	417
986	476
986	493
986	496
986	503
986	530
986	539
986	542
986	595
986	596
986	601
986	612
986	615
986	668
986	670
986	692
986	699
986	728
986	729
986	749
986	752
986	754
986	756
986	781
986	799
986	801
986	827
986	838
986	849
986	871
986	875
986	893
986	899
986	906
986	907
986	910
986	915
986	934
986	937
986	938
986	939
986	948
986	951
986	960
986	961
986	964
986	969
986	988
986	991
986	997
986	998
986	999
987	26
987	40
987	44
987	86
987	144
987	171
987	203
987	207
987	218
987	268
987	344
987	349
987	379
987	401
987	405
987	419
987	446
987	447
987	490
987	531
987	533
987	572
987	585
987	587
987	616
987	626
987	632
987	656
987	658
987	660
987	671
987	683
987	698
987	701
987	715
987	718
987	730
987	743
987	746
987	763
987	768
987	773
987	782
987	788
987	790
987	792
987	803
987	807
987	808
987	809
987	811
987	815
987	833
987	847
987	859
987	878
987	880
987	881
987	882
987	883
987	890
987	911
987	912
987	929
987	930
987	932
987	964
987	967
987	969
987	978
987	984
987	989
987	996
987	999
988	19
988	29
988	68
988	84
988	93
988	97
988	161
988	168
988	184
988	201
988	213
988	224
988	254
988	327
988	337
988	340
988	354
988	356
988	387
988	404
988	426
988	437
988	444
988	461
988	489
988	493
988	503
988	539
988	557
988	560
988	592
988	601
988	615
988	668
988	670
988	675
988	680
988	692
988	699
988	738
988	749
988	756
988	769
988	781
988	785
988	788
988	799
988	802
988	817
988	838
988	857
988	871
988	875
988	877
988	893
988	899
988	906
988	907
988	910
988	916
988	934
988	937
988	938
988	939
988	951
988	957
988	960
988	961
988	963
988	964
988	965
988	986
988	997
988	998
988	1000
989	32
989	40
989	44
989	112
989	121
989	187
989	207
989	228
989	238
989	243
989	283
989	334
989	345
989	379
989	431
989	446
989	455
989	462
989	479
989	487
989	504
989	518
989	531
989	537
989	568
989	572
989	613
989	616
989	626
989	627
989	643
989	652
989	658
989	660
989	671
989	679
989	683
989	688
989	701
989	703
989	730
989	746
989	763
989	768
989	773
989	779
989	787
989	792
989	803
989	809
989	811
989	815
989	821
989	822
989	833
989	847
989	865
989	880
989	881
989	882
989	890
989	903
989	911
989	912
989	922
989	926
989	931
989	932
989	967
989	969
989	983
989	984
989	987
989	996
989	999
990	21
990	22
990	42
990	50
990	78
990	81
990	103
990	151
990	173
990	175
990	213
990	231
990	249
990	273
990	295
990	331
990	368
990	381
990	415
990	422
990	432
990	437
990	452
990	459
990	460
990	462
990	467
990	489
990	497
990	514
990	575
990	586
990	589
990	594
990	599
990	606
990	628
990	634
990	644
990	654
990	659
990	673
990	678
990	689
990	706
990	719
990	721
990	726
990	727
990	736
990	753
990	767
990	795
990	798
990	819
990	840
990	846
990	868
990	901
990	904
990	913
990	914
990	921
990	933
990	949
990	960
990	965
990	967
990	968
990	972
990	978
990	981
990	991
990	992
990	999
990	1000
991	12
991	18
991	58
991	68
991	71
991	80
991	111
991	129
991	132
991	139
991	166
991	173
991	205
991	210
991	236
991	254
991	282
991	299
991	312
991	364
991	404
991	413
991	416
991	417
991	442
991	461
991	485
991	489
991	493
991	494
991	549
991	560
991	615
991	630
991	668
991	670
991	672
991	675
991	680
991	692
991	695
991	707
991	716
991	729
991	732
991	735
991	738
991	769
991	785
991	799
991	802
991	827
991	838
991	871
991	877
991	884
991	893
991	906
991	907
991	910
991	923
991	934
991	937
991	938
991	939
991	951
991	957
991	960
991	961
991	963
991	968
991	975
991	986
991	990
991	997
991	998
992	21
992	33
992	42
992	65
992	70
992	75
992	81
992	173
992	183
992	204
992	245
992	246
992	249
992	258
992	269
992	273
992	274
992	290
992	310
992	331
992	370
992	388
992	437
992	459
992	462
992	467
992	497
992	514
992	571
992	575
992	589
992	594
992	599
992	602
992	603
992	628
992	633
992	634
992	644
992	654
992	659
992	678
992	685
992	689
992	706
992	719
992	721
992	726
992	727
992	736
992	753
992	767
992	795
992	798
992	819
992	840
992	868
992	896
992	901
992	904
992	907
992	913
992	914
992	921
992	933
992	949
992	956
992	963
992	965
992	968
992	972
992	978
992	981
992	982
992	990
992	993
992	997
992	1000
993	17
993	52
993	99
993	109
993	117
993	123
993	126
993	145
993	165
993	167
993	208
993	222
993	223
993	227
993	248
993	325
993	341
993	357
993	418
993	425
993	470
993	474
993	483
993	526
993	550
993	552
993	559
993	576
993	588
993	598
993	625
993	641
993	646
993	648
993	662
993	663
993	711
993	713
993	720
993	758
993	760
993	774
993	776
993	780
993	786
993	804
993	812
993	824
993	825
993	828
993	835
993	842
993	848
993	858
993	862
993	866
993	870
993	873
993	892
993	894
993	896
993	903
993	913
993	915
993	918
993	925
993	931
993	948
993	950
993	954
993	959
993	960
993	971
993	975
993	977
993	978
993	985
993	992
993	995
994	16
994	37
994	38
994	54
994	62
994	66
994	69
994	83
994	101
994	138
994	164
994	170
994	182
994	189
994	241
994	285
994	293
994	304
994	343
994	358
994	359
994	362
994	365
994	397
994	402
994	411
994	427
994	502
994	509
994	510
994	553
994	554
994	558
994	566
994	567
994	591
994	593
994	605
994	608
994	614
994	626
994	640
994	669
994	693
994	696
994	734
994	742
994	744
994	748
994	778
994	784
994	789
994	791
994	793
994	795
994	816
994	829
994	831
994	850
994	852
994	869
994	874
994	877
994	885
994	887
994	895
994	897
994	900
994	902
994	909
994	917
994	923
994	931
994	936
994	940
994	941
994	946
994	956
994	968
994	970
994	980
995	14
995	20
995	67
995	98
995	145
995	147
995	169
995	221
995	222
995	240
995	262
995	266
995	278
995	341
995	430
995	438
995	469
995	477
995	482
995	491
995	521
995	538
995	559
995	581
995	598
995	621
995	624
995	633
995	645
995	648
995	662
995	686
995	690
995	711
995	712
995	713
995	720
995	745
995	759
995	776
995	780
995	786
995	800
995	804
995	812
995	813
995	824
995	825
995	828
995	829
995	832
995	833
995	838
995	843
995	848
995	856
995	858
995	860
995	862
995	870
995	872
995	873
995	889
995	890
995	892
995	894
995	903
995	911
995	915
995	918
995	925
995	927
995	948
995	950
995	954
995	959
995	971
995	975
995	976
995	977
995	985
995	993
996	23
996	26
996	27
996	91
996	97
996	116
996	144
996	157
996	170
996	171
996	187
996	195
996	199
996	209
996	238
996	263
996	283
996	305
996	308
996	332
996	344
996	345
996	349
996	403
996	405
996	435
996	446
996	455
996	468
996	501
996	504
996	533
996	535
996	537
996	568
996	572
996	600
996	616
996	617
996	623
996	643
996	652
996	658
996	660
996	671
996	677
996	683
996	688
996	689
996	699
996	701
996	703
996	730
996	758
996	773
996	779
996	792
996	803
996	807
996	815
996	821
996	836
996	847
996	865
996	880
996	881
996	882
996	890
996	911
996	912
996	925
996	926
996	929
996	930
996	931
996	932
996	954
996	961
996	967
996	983
996	984
996	987
996	989
996	999
997	10
997	18
997	61
997	68
997	71
997	80
997	84
997	88
997	93
997	168
997	184
997	190
997	193
997	201
997	210
997	234
997	264
997	280
997	299
997	312
997	314
997	317
997	340
997	378
997	413
997	416
997	421
997	426
997	442
997	476
997	479
997	489
997	493
997	494
997	496
997	520
997	530
997	549
997	573
997	584
997	596
997	630
997	658
997	672
997	675
997	692
997	695
997	699
997	716
997	732
997	740
997	743
997	749
997	750
997	752
997	754
997	756
997	781
997	785
997	802
997	817
997	857
997	859
997	871
997	877
997	882
997	893
997	899
997	906
997	907
997	916
997	934
997	937
997	938
997	942
997	950
997	951
997	957
997	961
997	963
997	980
997	986
997	988
997	991
997	992
997	998
998	5
998	12
998	18
998	19
998	29
998	41
998	51
998	58
998	61
998	88
998	104
998	105
998	161
998	177
998	184
998	190
998	193
998	205
998	224
998	236
998	282
998	340
998	364
998	387
998	410
998	416
998	421
998	485
998	494
998	539
998	542
998	560
998	592
998	601
998	604
998	612
998	630
998	638
998	645
998	670
998	672
998	675
998	695
998	699
998	716
998	728
998	729
998	738
998	740
998	743
998	750
998	752
998	756
998	769
998	781
998	785
998	791
998	801
998	802
998	817
998	827
998	838
998	847
998	857
998	871
998	875
998	877
998	893
998	899
998	906
998	907
998	910
998	934
998	937
998	938
998	939
998	951
998	957
998	960
998	961
998	963
998	971
998	986
998	988
998	991
998	997
999	15
999	27
999	44
999	86
999	107
999	112
999	143
999	196
999	199
999	214
999	218
999	243
999	263
999	270
999	287
999	308
999	344
999	363
999	403
999	405
999	431
999	435
999	447
999	471
999	487
999	490
999	518
999	519
999	531
999	533
999	535
999	600
999	613
999	616
999	617
999	623
999	656
999	658
999	671
999	677
999	679
999	688
999	698
999	701
999	703
999	714
999	715
999	717
999	720
999	779
999	787
999	788
999	789
999	790
999	792
999	807
999	809
999	811
999	815
999	833
999	836
999	847
999	859
999	862
999	865
999	875
999	880
999	881
999	882
999	890
999	911
999	912
999	926
999	929
999	930
999	931
999	932
999	948
999	956
999	967
999	969
999	984
999	986
999	987
999	989
999	990
999	996
1000	21
1000	33
1000	42
1000	50
1000	65
1000	70
1000	75
1000	78
1000	81
1000	95
1000	103
1000	119
1000	151
1000	160
1000	175
1000	183
1000	204
1000	217
1000	219
1000	231
1000	246
1000	249
1000	258
1000	269
1000	273
1000	278
1000	290
1000	295
1000	301
1000	310
1000	315
1000	331
1000	353
1000	368
1000	370
1000	381
1000	388
1000	415
1000	416
1000	432
1000	441
1000	452
1000	459
1000	467
1000	484
1000	514
1000	569
1000	571
1000	586
1000	589
1000	599
1000	602
1000	603
1000	606
1000	628
1000	634
1000	654
1000	659
1000	673
1000	678
1000	685
1000	689
1000	706
1000	719
1000	721
1000	726
1000	727
1000	736
1000	753
1000	767
1000	795
1000	798
1000	817
1000	819
1000	840
1000	858
1000	868
1000	901
1000	904
1000	913
1000	914
1000	921
1000	933
1000	944
1000	949
1000	959
1000	965
1000	968
1000	972
1000	974
1000	978
1000	981
1000	988
1000	990
1000	992
