1	969
1	976
1	979
2	506
2	769
2	802
3	903
3	921
3	981
4	945
4	953
4	1000
5	725
5	962
5	998
6	580
6	806
6	989
7	256
7	310
7	928
8	913
8	976
8	985
9	873
9	879
9	967
10	12
10	927
10	986
11	950
11	972
11	983
12	10
12	824
12	986
13	303
13	916
13	971
14	502
14	736
14	975
15	288
15	900
15	974
16	496
16	970
16	981
17	467
17	984
17	987
18	965
18	982
18	1000
19	990
19	995
19	996
20	94
20	890
20	989
21	93
21	709
21	813
22	508
22	780
22	999
23	461
23	680
23	975
24	822
24	953
24	1000
25	99
25	253
25	947
26	122
26	990
26	996
27	839
27	848
27	992
28	246
28	813
28	906
29	409
29	736
29	860
30	936
30	984
30	999
31	754
31	987
31	998
32	753
32	991
32	992
33	940
33	969
33	976
34	43
34	576
34	884
35	820
35	878
35	932
36	965
36	997
36	1000
37	708
37	858
37	1000
38	727
38	770
38	989
39	134
39	994
39	998
40	863
40	918
40	978
41	276
41	880
41	971
42	722
42	770
42	989
43	34
43	386
43	696
44	793
44	998
44	999
45	612
45	978
45	986
46	609
46	899
46	951
47	242
47	993
47	996
48	702
48	910
48	991
49	117
49	900
49	956
50	954
50	978
50	986
51	373
51	909
51	998
52	990
52	993
52	995
53	974
53	994
53	999
54	522
54	533
54	628
55	806
55	949
55	989
56	448
56	637
56	688
57	574
57	896
57	979
58	741
58	936
58	975
59	926
59	942
59	973
60	226
60	942
60	983
61	962
61	994
61	999
62	901
62	991
62	992
63	818
63	932
63	992
64	925
64	963
64	976
65	984
65	985
65	991
66	934
66	997
66	1000
67	938
67	972
67	983
68	950
68	973
68	983
69	985
69	991
69	992
70	990
70	995
70	996
71	581
71	982
71	997
72	987
72	998
72	999
73	936
73	998
73	999
74	528
74	821
74	895
75	291
75	921
75	970
76	745
76	978
76	986
77	939
77	953
77	1000
78	505
78	835
78	924
79	558
79	576
79	1000
80	864
80	991
80	992
81	382
81	998
81	999
82	920
82	994
82	999
83	950
83	973
83	983
84	445
84	723
84	1000
85	374
85	928
85	948
86	679
86	798
86	941
87	949
87	971
87	989
88	774
88	938
88	991
89	429
89	800
89	884
90	880
90	936
90	987
91	879
91	902
91	947
92	945
92	997
92	1000
93	21
93	361
93	800
94	20
94	892
94	971
95	799
95	963
95	985
96	847
96	922
96	992
97	993
97	995
97	996
98	844
98	997
98	1000
99	25
99	407
99	941
100	436
100	796
100	850
101	962
101	994
101	999
102	870
102	939
102	1000
103	665
103	744
103	947
104	300
104	971
104	989
105	656
105	905
105	989
106	935
106	964
106	984
107	936
107	952
107	986
108	917
108	942
108	983
109	198
109	678
109	823
110	523
110	967
110	997
111	949
111	998
111	999
112	955
112	984
112	987
113	459
113	778
113	984
114	861
114	952
114	986
115	836
115	884
115	974
116	833
116	997
116	1000
117	49
117	345
117	995
118	418
118	900
118	974
119	386
119	974
119	998
120	595
120	985
120	992
121	492
121	928
121	948
122	26
122	623
122	937
123	930
123	950
123	983
124	984
124	994
124	999
125	990
125	995
125	996
126	232
126	905
126	944
127	862
127	905
127	911
128	881
128	960
128	966
129	688
129	949
129	971
130	189
130	987
130	998
131	963
131	969
131	979
132	729
132	840
132	979
133	966
133	967
133	1000
134	39
134	841
134	994
135	709
135	864
135	957
136	776
136	872
136	1000
137	982
137	985
137	992
138	704
138	900
138	974
139	155
139	835
139	974
140	898
140	937
140	951
141	231
141	995
141	996
142	942
142	973
142	983
143	993
143	995
143	996
144	366
144	543
144	913
145	839
145	910
145	991
146	218
146	453
146	825
147	959
147	985
147	991
148	349
148	459
148	937
149	920
149	997
149	1000
150	827
150	964
150	998
151	780
151	970
151	981
152	465
152	932
152	972
153	740
153	930
153	983
154	507
154	885
154	916
155	139
155	626
155	963
156	665
156	715
156	886
157	948
157	952
157	986
158	604
158	665
158	994
159	790
159	991
159	992
160	775
160	993
160	996
161	826
161	892
161	944
162	972
162	973
162	983
163	213
163	852
163	879
164	860
164	967
164	1000
165	793
165	987
165	998
166	512
166	982
166	988
167	945
167	967
167	1000
168	726
168	988
168	997
169	807
169	995
169	996
170	820
170	878
170	984
171	734
171	985
171	991
172	781
172	901
172	992
173	813
173	956
173	974
174	773
174	911
174	989
175	932
175	937
175	948
176	955
176	984
176	999
177	926
177	942
177	983
178	496
178	890
178	981
179	710
179	753
179	971
180	526
180	892
180	998
181	863
181	977
181	986
182	738
182	969
182	979
183	990
183	995
183	996
184	877
184	970
184	981
185	876
185	923
185	1000
186	866
186	910
186	991
187	916
187	935
187	998
188	306
188	991
188	992
189	130
189	364
189	991
190	911
190	916
190	989
191	913
191	998
191	999
192	315
192	859
192	967
193	908
193	985
193	991
194	465
194	937
194	972
195	913
195	969
195	976
196	620
196	882
196	932
197	967
197	997
197	1000
198	109
198	932
198	989
199	734
199	970
199	981
200	987
200	998
200	999
201	993
201	995
201	996
202	580
202	838
202	975
203	512
203	960
203	966
204	890
204	957
204	970
205	848
205	866
205	985
206	954
206	978
206	986
207	883
207	947
207	975
208	969
208	974
208	979
209	759
209	798
209	947
210	761
210	987
210	998
211	762
211	988
211	997
212	934
212	960
212	982
213	163
213	744
213	963
214	287
214	616
214	936
215	963
215	976
215	979
216	948
216	951
216	971
217	937
217	970
217	981
218	146
218	355
218	902
219	652
219	949
219	989
220	301
220	985
220	991
221	915
221	973
221	983
222	974
222	995
222	996
223	512
223	994
223	998
224	358
224	997
224	1000
225	709
225	891
225	970
226	60
226	385
226	970
227	551
227	928
227	948
228	993
228	995
228	996
229	870
229	987
229	997
230	807
230	875
230	944
231	141
231	849
231	921
232	126
232	615
232	880
233	638
233	895
233	985
234	343
234	581
234	997
235	985
235	991
235	992
236	686
236	971
236	989
237	862
237	930
237	983
238	925
238	931
238	963
239	536
239	973
239	983
240	796
240	945
240	960
241	768
241	969
241	979
242	47
242	849
242	981
243	897
243	982
243	988
244	831
244	944
244	971
245	887
245	967
245	1000
246	28
246	956
246	974
247	579
247	963
247	979
248	726
248	924
248	982
249	673
249	984
249	994
250	731
250	971
250	989
251	824
251	954
251	986
252	454
252	533
252	974
253	25
253	442
253	980
254	794
254	960
254	997
255	993
255	995
255	996
256	7
256	937
256	951
257	733
257	904
257	981
258	441
258	456
258	956
259	772
259	950
259	972
260	524
260	675
260	701
261	990
261	995
261	996
262	940
262	963
262	979
263	923
263	969
263	976
264	335
264	655
264	985
265	966
265	988
265	1000
266	972
266	973
266	983
267	955
267	994
267	998
268	705
268	991
268	992
269	488
269	800
269	974
270	284
270	935
270	987
271	901
271	922
271	992
272	984
272	987
272	999
273	490
273	617
273	951
274	817
274	918
274	952
275	779
275	954
275	986
276	41
276	806
276	905
277	801
277	833
277	981
278	527
278	855
278	893
279	960
279	997
279	1000
280	904
280	970
280	981
281	789
281	978
281	986
282	808
282	978
282	986
283	661
283	993
283	995
284	270
284	935
284	984
284	998
285	688
285	825
285	947
285	975
286	745
286	952
286	978
286	986
287	214
287	616
287	794
287	962
288	15
288	936
288	998
288	999
289	534
289	824
289	886
289	954
290	327
290	987
290	994
290	999
291	75
291	990
291	995
291	996
292	450
292	741
292	957
292	981
293	882
293	896
293	898
293	951
294	847
294	850
294	991
294	992
295	990
295	993
295	995
295	996
296	511
296	798
296	902
296	975
297	631
297	969
297	976
297	979
298	305
298	679
298	692
298	883
299	378
299	787
299	885
299	986
300	104
300	826
300	889
300	916
301	220
301	455
301	879
301	975
302	349
302	928
302	937
302	951
303	13
303	892
303	916
303	989
304	950
304	972
304	973
304	983
305	298
305	809
305	988
305	997
306	188
306	878
306	937
306	951
307	853
307	931
307	976
307	979
308	751
308	904
308	962
308	994
309	809
309	871
309	953
309	988
310	7
310	601
310	896
310	948
311	905
311	913
311	969
311	976
312	787
312	993
312	995
312	996
313	623
313	882
313	932
313	951
314	899
314	928
314	937
314	948
315	192
315	844
315	872
315	997
316	826
316	911
316	971
316	989
317	736
317	825
317	902
317	975
318	687
318	905
318	971
318	986
319	413
319	890
319	970
319	1000
320	410
320	921
320	957
320	981
321	762
321	982
321	988
321	997
322	605
322	779
322	978
322	986
323	798
323	874
323	985
323	992
324	990
324	993
324	995
324	996
325	793
325	984
325	998
325	999
326	813
326	900
326	906
326	956
327	290
327	582
327	710
327	935
328	909
328	984
328	987
328	998
329	847
329	859
329	965
329	1000
330	990
330	993
330	995
330	996
331	444
331	964
331	994
331	999
332	371
332	890
332	976
332	981
333	345
333	522
333	973
333	974
334	945
334	982
334	988
334	1000
335	264
335	843
335	878
335	937
336	428
336	910
336	991
336	992
337	938
337	942
337	972
337	983
338	990
338	993
338	995
338	996
339	412
339	944
339	949
339	989
340	964
340	975
340	998
340	999
341	434
341	725
341	970
341	981
342	480
342	778
342	852
342	975
343	234
343	965
343	967
343	997
344	917
344	926
344	973
344	983
345	117
345	333
345	380
345	974
346	663
346	987
346	994
346	999
347	796
347	876
347	976
347	979
348	990
348	993
348	995
348	996
349	148
349	302
349	843
349	930
350	925
350	931
350	940
350	979
351	508
351	955
351	998
351	999
352	987
352	990
352	995
352	996
353	990
353	993
353	995
353	996
354	607
354	842
354	978
354	986
355	218
355	721
355	736
355	843
356	404
356	708
356	731
356	989
357	718
357	993
357	995
357	996
358	224
358	744
358	746
358	879
359	619
359	953
359	988
359	997
360	521
360	858
360	988
360	997
361	93
361	804
361	906
361	956
362	469
362	662
362	712
362	970
363	465
363	490
363	932
363	951
364	189
364	692
364	991
364	992
365	839
365	946
365	991
365	992
366	144
366	955
366	987
366	999
367	520
367	972
367	973
367	983
368	520
368	944
368	971
368	989
369	627
369	936
369	998
369	999
370	506
370	739
370	743
370	969
371	332
371	877
371	970
371	981
372	927
372	952
372	978
372	986
373	51
373	984
373	998
373	999
374	85
374	820
374	899
374	996
375	705
375	985
375	991
375	992
376	697
376	776
376	844
376	856
377	624
377	635
377	941
377	975
378	299
378	927
378	967
378	986
379	517
379	962
379	984
379	985
380	345
380	499
380	576
380	815
381	589
381	627
381	985
381	992
382	81
382	930
382	987
382	994
383	936
383	984
383	987
383	998
384	443
384	877
384	939
384	981
385	226
385	493
385	891
385	981
386	43
386	119
386	703
386	884
387	418
387	585
387	727
387	924
388	423
388	923
388	925
388	931
389	690
389	946
389	985
389	992
390	918
390	954
390	956
390	986
391	942
391	950
391	972
391	973
392	832
392	853
392	976
392	979
393	422
393	966
393	988
393	997
394	497
394	706
394	825
394	941
395	858
395	955
395	987
395	998
396	713
396	883
396	975
396	978
397	479
397	927
397	978
397	986
398	914
398	927
398	978
398	986
399	990
399	993
399	995
399	996
400	858
400	966
400	982
400	997
401	885
401	928
401	955
401	999
402	504
402	804
402	835
402	846
403	895
403	910
403	991
403	992
404	356
404	993
404	995
404	996
405	695
405	993
405	995
405	996
406	930
406	950
406	973
406	983
407	99
407	838
407	947
407	975
408	570
408	769
408	852
408	886
409	29
409	713
409	902
409	947
410	320
410	904
410	957
410	981
411	746
411	825
411	938
411	975
412	339
412	911
412	933
412	989
413	319
413	801
413	957
413	981
414	923
414	925
414	963
414	969
415	606
415	755
415	922
415	975
416	730
416	966
416	982
416	1000
417	916
417	933
417	944
417	971
418	118
418	387
418	704
418	965
419	926
419	930
419	938
419	983
420	569
420	626
420	800
420	906
421	853
421	972
421	973
421	983
422	393
422	476
422	924
422	974
423	388
423	925
423	963
423	979
424	509
424	693
424	872
424	939
425	723
425	856
425	953
425	983
426	759
426	953
426	965
426	982
427	818
427	820
427	899
427	928
428	336
428	476
428	884
428	974
429	89
429	715
429	755
429	838
430	812
430	849
430	920
430	957
431	592
431	994
431	997
431	999
432	674
432	919
432	922
432	991
433	876
433	923
433	940
433	963
434	341
434	777
434	957
434	981
435	499
435	626
435	958
435	974
436	100
436	758
436	960
436	982
437	665
437	879
437	947
437	975
438	730
438	966
438	988
438	1000
439	760
439	987
439	994
439	999
440	923
440	969
440	976
440	993
441	258
441	868
441	956
441	974
442	253
442	566
442	882
442	902
443	384
443	833
443	949
443	970
444	331
444	768
444	984
444	999
445	84
445	463
445	903
445	967
446	575
446	935
446	998
446	999
447	904
447	957
447	970
447	981
448	56
448	947
448	975
448	1000
449	784
449	920
449	984
449	998
450	292
450	864
450	957
450	970
451	569
451	990
451	995
451	996
452	491
452	578
452	696
452	906
453	146
453	735
453	769
453	941
454	252
454	901
454	991
454	992
455	301
455	624
455	947
455	975
456	258
456	656
456	815
456	868
456	956
457	472
457	982
457	988
457	997
457	1000
458	763
458	852
458	879
458	947
458	999
459	113
459	148
459	745
459	932
459	951
460	799
460	832
460	853
460	940
460	979
461	23
461	644
461	964
461	994
461	999
462	869
462	870
462	904
462	960
462	988
463	445
463	984
463	994
463	998
463	999
464	980
464	990
464	993
464	995
464	996
465	152
465	194
465	363
465	898
465	916
466	783
466	945
466	966
466	997
466	1000
467	17
467	984
467	992
467	994
467	999
468	905
468	936
468	994
468	998
468	999
469	362
469	877
469	891
469	970
469	981
470	836
470	884
470	900
470	956
470	974
471	980
471	990
471	993
471	995
471	996
472	457
472	611
472	672
472	707
472	856
473	593
473	915
473	917
473	972
473	983
474	742
474	805
474	853
474	969
474	976
475	758
475	895
475	985
475	991
475	992
476	422
476	428
476	524
476	835
476	956
477	652
477	731
477	911
477	949
477	989
478	703
478	868
478	955
478	956
478	974
479	397
479	538
479	842
479	952
479	986
480	342
480	713
480	852
480	902
480	986
481	807
481	830
481	933
481	949
481	989
482	827
482	867
482	962
482	984
482	998
483	980
483	990
483	993
483	995
483	996
484	926
484	938
484	950
484	972
484	973
485	621
485	935
485	974
485	994
485	999
486	725
486	955
486	984
486	991
486	999
487	936
487	955
487	995
487	998
487	999
488	269
488	504
488	815
488	974
488	976
489	833
489	846
489	957
489	970
489	981
490	273
490	363
490	843
490	932
490	937
491	452
491	701
491	924
491	967
491	974
492	121
492	797
492	882
492	896
492	898
493	385
493	768
493	984
493	987
493	998
494	688
494	838
494	852
494	883
494	947
495	738
495	931
495	969
495	976
495	979
496	16
496	178
496	763
496	833
496	981
497	394
497	746
497	891
497	941
497	975
498	588
498	982
498	988
498	996
498	997
499	380
499	435
499	535
499	813
499	884
500	799
500	887
500	940
500	976
500	979
501	915
501	938
501	942
501	972
501	973
502	14
502	746
502	755
502	941
502	947
503	628
503	835
503	884
503	906
503	956
504	402
504	488
504	669
504	924
504	974
505	78
505	696
505	868
505	906
505	995
506	2
506	370
506	633
506	825
506	886
507	154
507	670
507	987
507	994
507	998
508	22
508	351
508	665
508	998
508	999
509	424
509	822
509	918
509	965
509	997
510	667
510	955
510	962
510	984
510	999
511	296
511	635
511	852
511	902
511	941
512	166
512	203
512	223
512	697
512	945
513	559
513	652
513	905
513	971
513	989
514	762
514	783
514	814
514	953
514	1000
515	799
515	853
515	889
515	976
515	979
516	657
516	955
516	964
516	994
516	998
517	379
517	870
517	987
517	994
517	999
518	621
518	648
518	951
518	998
518	999
519	583
519	879
519	935
519	998
519	999
520	367
520	368
520	916
520	971
520	989
521	360
521	796
521	966
521	979
521	1000
522	54
522	333
522	804
522	813
522	815
523	110
523	747
523	881
523	934
523	982
524	260
524	476
524	884
524	926
524	974
525	846
525	904
525	921
525	970
525	981
526	180
526	751
526	988
526	998
526	999
527	278
527	990
527	993
527	995
527	996
528	74
528	917
528	972
528	973
528	983
529	848
529	922
529	985
529	991
529	992
530	784
530	835
530	964
530	994
530	998
531	808
531	861
531	907
531	952
531	978
532	555
532	933
532	944
532	949
532	989
533	54
533	252
533	576
533	800
533	924
534	289
534	907
534	952
534	978
534	986
535	499
535	904
535	957
535	970
535	981
536	239
536	634
536	938
536	972
536	983
537	919
537	955
537	985
537	991
537	992
538	479
538	907
538	918
538	978
538	986
539	942
539	950
539	972
539	973
539	983
540	899
540	928
540	932
540	937
540	948
541	783
541	871
541	953
541	997
541	1000
542	987
542	990
542	993
542	995
542	996
543	144
543	750
543	931
543	969
543	979
544	781
544	954
544	985
544	991
544	992
545	648
545	878
545	898
545	948
545	951
546	575
546	841
546	936
546	994
546	999
547	907
547	918
547	927
547	978
547	986
548	842
548	845
548	954
548	978
548	986
549	909
549	919
549	955
549	998
549	999
550	706
550	823
550	902
550	947
550	975
551	227
551	797
551	878
551	896
551	951
552	820
552	922
552	990
552	993
552	996
553	624
553	631
553	941
553	947
553	975
554	913
554	925
554	969
554	976
554	996
555	532
555	753
555	873
555	944
555	989
556	909
556	964
556	984
556	987
556	998
557	865
557	930
557	950
557	972
557	983
558	79
558	616
558	988
558	997
558	1000
559	513
559	773
559	936
559	971
559	989
560	699
560	953
560	982
560	988
560	997
561	861
561	875
561	952
561	978
561	986
562	801
562	817
562	890
562	891
562	981
563	652
563	686
563	971
563	989
563	997
564	909
564	920
564	935
564	964
564	998
565	691
565	919
565	985
565	991
565	992
565	994
566	442
566	706
566	763
566	883
566	947
566	975
567	786
567	863
567	927
567	940
567	978
567	986
568	700
568	964
568	984
568	987
568	994
568	999
569	420
569	451
569	669
569	703
569	906
569	956
570	408
570	855
570	879
570	886
570	941
570	975
571	643
571	893
571	972
571	973
571	983
571	991
572	612
572	887
572	913
572	963
572	979
572	983
573	793
573	841
573	964
573	977
573	984
573	999
574	57
574	651
574	882
574	896
574	948
574	951
575	446
575	546
575	829
575	887
575	964
575	994
576	34
576	79
576	380
576	533
576	868
576	900
577	619
577	845
577	875
577	907
577	978
577	986
578	452
578	704
578	757
578	804
578	900
578	974
579	247
579	742
579	824
579	887
579	940
579	979
580	6
580	202
580	773
580	806
580	880
580	989
581	71
581	234
581	776
581	953
581	960
581	1000
582	327
582	829
582	920
582	964
582	987
582	998
583	519
583	885
583	962
583	964
583	990
583	994
584	714
584	837
584	847
584	895
584	946
584	992
585	387
585	735
585	906
585	956
585	974
585	996
586	865
586	942
586	950
586	972
586	973
586	983
587	779
587	863
587	918
587	954
587	978
587	986
588	498
588	748
588	749
588	934
588	953
588	1000
589	381
589	919
589	922
589	946
589	985
589	992
590	828
590	980
590	990
590	993
590	995
590	996
591	871
591	934
591	965
591	982
591	997
591	1000
592	431
592	962
592	964
592	984
592	987
592	999
593	473
593	641
593	962
593	984
593	994
593	999
594	675
594	836
594	900
594	906
594	951
594	974
595	120
595	758
595	771
595	953
595	966
595	997
596	776
596	809
596	860
596	965
596	995
596	1000
597	718
597	792
597	831
597	871
597	982
597	1000
598	745
598	819
598	918
598	927
598	978
598	986
599	691
599	848
599	895
599	985
599	991
599	992
600	712
600	777
600	833
600	890
600	891
600	981
601	310
601	878
601	899
601	928
601	937
601	948
602	714
602	766
602	859
602	928
602	932
602	951
603	828
603	867
603	962
603	987
603	998
603	999
604	158
604	936
604	950
604	962
604	994
604	998
605	322
605	631
605	840
605	940
605	976
605	979
606	415
606	764
606	838
606	883
606	941
606	947
607	354
607	831
607	880
607	949
607	971
607	989
608	609
608	980
608	990
608	993
608	995
608	996
609	46
609	608
609	878
609	898
609	899
609	948
610	633
610	926
610	938
610	972
610	973
610	983
611	472
611	794
611	877
611	988
611	997
611	1000
612	45
612	572
612	925
612	931
612	940
612	979
613	903
613	934
613	939
613	982
613	988
613	994
614	720
614	892
614	911
614	933
614	949
614	989
615	232
615	720
615	740
615	770
615	905
615	989
616	214
616	287
616	558
616	920
616	987
616	998
617	273
617	778
617	898
617	932
617	937
617	951
618	853
618	915
618	917
618	942
618	973
618	983
619	359
619	577
619	824
619	875
619	954
619	986
620	196
620	818
620	843
620	882
620	928
620	948
621	485
621	518
621	955
621	962
621	964
621	999
622	977
622	980
622	990
622	993
622	995
622	996
623	122
623	313
623	843
623	851
623	882
623	928
624	377
624	455
624	553
624	692
624	706
624	947
625	970
625	980
625	990
625	993
625	995
625	996
626	155
626	420
626	435
626	703
626	804
626	868
627	369
627	381
627	901
627	985
627	991
627	992
628	54
628	503
628	704
628	835
628	836
628	974
629	977
629	980
629	990
629	993
629	995
629	996
630	977
630	980
630	990
630	993
630	995
630	996
631	297
631	553
631	605
631	923
631	969
631	976
632	740
632	764
632	892
632	944
632	971
632	989
633	506
633	610
633	692
633	798
633	852
633	947
634	536
634	637
634	647
634	794
634	988
634	1000
635	377
635	511
635	743
635	825
635	883
635	975
636	793
636	867
636	936
636	975
636	994
636	998
637	56
637	634
637	871
637	945
637	966
637	1000
638	233
638	790
638	910
638	985
638	991
638	992
639	647
639	980
639	990
639	993
639	995
639	996
640	708
640	826
640	892
640	916
640	949
640	989
641	593
641	660
641	984
641	987
641	994
641	998
642	977
642	980
642	990
642	993
642	995
642	996
643	571
643	930
643	942
643	945
643	972
643	973
643	983
644	461
644	784
644	875
644	955
644	994
644	998
644	999
645	659
645	752
645	901
645	946
645	985
645	991
645	992
646	816
646	856
646	869
646	960
646	965
646	982
646	983
647	634
647	639
647	732
647	939
647	967
647	988
647	997
648	518
648	545
648	909
648	984
648	987
648	998
648	999
649	977
649	980
649	981
649	990
649	993
649	995
649	996
650	676
650	733
650	849
650	877
650	921
650	957
650	981
651	574
651	819
651	824
651	918
651	927
651	978
651	986
652	219
652	477
652	513
652	563
652	933
652	971
652	989
653	772
653	842
653	863
653	945
653	954
653	978
653	986
654	703
654	780
654	812
654	921
654	957
654	970
654	981
655	264
655	802
655	845
655	895
655	985
655	991
655	992
656	105
656	456
656	661
656	764
656	823
656	971
656	989
657	516
657	885
657	935
657	953
657	994
657	998
657	999
658	889
658	913
658	925
658	931
658	963
658	976
658	979
659	645
659	720
659	866
659	908
659	946
659	985
659	992
660	641
660	936
660	955
660	987
660	994
660	998
660	999
661	283
661	656
661	740
661	830
661	892
661	916
661	989
662	362
662	849
662	864
662	943
662	957
662	970
662	981
663	346
663	668
663	858
663	934
663	982
663	997
663	1000
664	968
664	977
664	980
664	990
664	993
664	995
664	996
665	103
665	156
665	158
665	437
665	508
665	759
665	975
666	924
666	977
666	980
666	990
666	993
666	995
666	996
667	510
667	828
667	962
667	965
667	984
667	994
667	998
668	663
668	859
668	872
668	966
668	976
668	997
668	1000
669	504
669	569
669	813
669	815
669	868
669	924
669	956
670	507
670	761
670	955
670	987
670	994
670	998
670	999
671	814
671	858
671	881
671	967
671	973
671	982
671	1000
672	472
672	870
672	873
672	960
672	966
672	967
672	1000
673	249
673	737
673	741
673	754
673	829
673	841
673	998
674	432
674	977
674	980
674	990
674	993
674	995
674	996
675	260
675	594
675	900
675	906
675	924
675	956
675	974
676	650
676	977
676	980
676	990
676	993
676	995
676	996
677	694
677	865
677	869
677	950
677	972
677	973
677	983
678	109
678	778
678	818
678	928
678	932
678	948
678	951
679	86
679	298
679	879
679	883
679	886
679	966
679	975
680	23
680	909
680	980
680	984
680	987
680	994
680	999
681	893
681	917
681	926
681	930
681	972
681	973
681	983
682	834
682	844
682	859
682	912
682	966
682	988
682	1000
683	720
683	770
683	831
683	892
683	933
683	944
683	989
684	841
684	885
684	920
684	984
684	994
684	998
684	999
685	804
685	868
685	884
685	888
685	900
685	924
685	956
686	236
686	563
686	720
686	831
686	944
686	971
686	989
687	318
687	753
687	806
687	823
687	826
687	949
687	989
688	56
688	129
688	285
688	494
688	755
688	941
688	975
689	722
689	731
689	830
689	892
689	916
689	973
689	989
690	389
690	697
690	834
690	953
690	965
690	966
690	982
691	565
691	599
691	752
691	866
691	985
691	991
691	992
692	298
692	364
692	624
692	633
692	798
692	852
692	886
693	424
693	934
693	957
693	965
693	988
693	997
693	1000
694	677
694	915
694	917
694	926
694	972
694	973
694	983
695	405
695	785
695	834
695	965
695	966
695	988
695	997
696	43
696	452
696	505
696	698
696	868
696	924
696	974
697	376
697	512
697	690
697	699
697	809
697	893
697	997
698	696
698	713
698	715
698	744
698	838
698	886
698	902
698	975
699	560
699	697
699	785
699	822
699	947
699	967
699	997
699	1000
700	568
700	968
700	977
700	980
700	990
700	993
700	995
700	996
701	260
701	491
701	735
701	800
701	835
701	924
701	974
701	994
702	48
702	775
702	874
702	895
702	922
702	946
702	991
702	992
703	386
703	478
703	569
703	626
703	654
703	735
703	906
703	924
704	138
704	418
704	578
704	628
704	726
704	800
704	836
704	956
705	268
705	375
705	717
705	797
705	919
705	985
705	991
705	992
706	394
706	550
706	566
706	624
706	798
706	886
706	933
706	941
707	472
707	834
707	869
707	965
707	988
707	997
707	998
707	1000
708	37
708	356
708	640
708	727
708	806
708	831
708	944
708	989
709	21
709	135
709	225
709	780
709	810
709	877
709	921
709	970
710	179
710	327
710	826
710	880
710	911
710	949
710	971
710	989
711	961
711	968
711	977
711	980
711	990
711	993
711	995
711	996
712	362
712	600
712	777
712	890
712	891
712	957
712	970
712	981
713	396
713	409
713	480
713	698
713	724
713	886
713	941
713	975
714	584
714	602
714	797
714	820
714	843
714	896
714	937
714	948
715	156
715	429
715	698
715	769
715	886
715	928
715	947
715	975
716	837
716	895
716	908
716	919
716	975
716	985
716	991
716	992
717	705
717	821
717	837
717	919
717	950
717	985
717	991
717	992
718	357
718	597
718	796
718	857
718	881
718	988
718	997
718	1000
719	730
719	762
719	872
719	884
719	934
719	960
719	967
719	1000
720	614
720	615
720	659
720	683
720	686
720	731
720	944
720	971
721	355
721	744
721	759
721	763
721	798
721	825
721	941
721	991
722	42
722	689
722	753
722	880
722	907
722	916
722	949
722	989
723	84
723	425
723	861
723	945
723	953
723	988
723	997
723	1000
724	713
724	968
724	977
724	980
724	990
724	993
724	995
724	996
725	5
725	341
725	486
725	754
725	935
725	987
725	994
725	999
726	168
726	248
726	704
726	835
726	836
726	900
726	956
726	974
727	38
727	387
727	708
727	753
727	826
727	911
727	916
727	989
728	839
728	850
728	895
728	901
728	946
728	985
728	991
728	992
729	132
729	739
729	743
729	756
729	876
729	940
729	969
729	976
730	416
730	438
730	719
730	871
730	988
730	994
730	997
730	1000
731	250
731	356
731	477
731	689
731	720
731	949
731	971
731	972
732	647
732	870
732	903
732	939
732	960
732	967
732	988
732	1000
733	257
733	650
733	780
733	891
733	921
733	970
733	981
733	985
734	171
734	199
734	833
734	864
734	904
734	921
734	957
734	981
735	453
735	585
735	701
735	703
735	835
735	868
735	956
735	974
736	14
736	29
736	317
736	355
736	755
736	879
736	975
736	992
737	673
737	855
737	893
737	930
737	938
737	950
737	972
737	983
738	182
738	495
738	832
738	887
738	907
738	913
738	969
738	976
738	979
739	370
739	729
739	743
739	853
739	889
739	931
739	976
739	977
739	979
740	153
740	615
740	632
740	661
740	830
740	933
740	944
740	949
740	989
741	58
741	292
741	673
741	867
741	952
741	962
741	987
741	994
741	999
742	474
742	579
742	805
742	940
742	963
742	969
742	976
742	979
742	994
743	370
743	635
743	729
743	739
743	887
743	931
743	963
743	976
743	979
744	103
744	213
744	358
744	698
744	721
744	755
744	874
744	941
744	975
745	76
745	286
745	459
745	598
745	787
745	875
745	952
745	978
745	986
746	358
746	411
746	497
746	502
746	759
746	902
746	941
746	975
746	986
747	523
747	961
747	968
747	977
747	980
747	990
747	993
747	995
747	996
748	588
748	792
748	858
748	872
748	903
748	961
748	965
748	982
748	988
749	588
749	860
749	873
749	931
749	945
749	960
749	982
749	997
749	1000
750	543
750	961
750	968
750	977
750	980
750	990
750	993
750	995
750	996
751	308
751	526
751	779
751	920
751	955
751	964
751	987
751	998
751	999
752	645
752	691
752	821
752	866
752	883
752	901
752	908
752	946
752	985
753	32
753	179
753	555
753	687
753	722
753	727
753	916
753	971
753	989
754	31
754	673
754	725
754	909
754	932
754	984
754	987
754	994
754	998
755	415
755	429
755	502
755	688
755	736
755	744
755	902
755	975
755	998
756	729
756	857
756	869
756	903
756	945
756	967
756	982
756	997
756	1000
757	578
757	961
757	968
757	977
757	980
757	990
757	993
757	995
757	996
758	436
758	475
758	595
758	794
758	934
758	966
758	982
758	997
758	1000
759	209
759	426
759	665
759	721
759	746
759	886
759	902
759	941
759	947
760	439
760	822
760	829
760	867
760	885
760	964
760	984
760	994
760	999
761	210
761	670
761	765
761	955
761	971
761	987
761	994
761	998
761	999
762	211
762	321
762	514
762	719
762	903
762	956
762	965
762	988
762	1000
763	458
763	496
763	566
763	721
763	825
763	852
763	879
763	886
763	902
764	606
764	632
764	656
764	880
764	905
764	916
764	933
764	971
764	989
765	761
765	828
765	867
765	885
765	984
765	987
765	994
765	998
765	999
766	602
766	878
766	882
766	896
766	899
766	928
766	932
766	939
766	948
767	855
767	893
767	915
767	926
767	938
767	939
767	950
767	972
767	983
768	241
768	444
768	493
768	955
768	962
768	984
768	987
768	998
768	999
769	2
769	408
769	453
769	715
769	838
769	929
769	941
769	947
769	975
770	38
770	42
770	615
770	683
770	831
770	901
770	905
770	916
770	933
770	971
771	595
771	805
771	814
771	871
771	934
771	965
771	967
771	982
771	997
771	1000
772	259
772	653
772	779
772	845
772	861
772	875
772	927
772	954
772	978
772	986
773	174
773	559
773	580
773	823
773	933
773	944
773	949
773	971
773	980
773	989
774	88
774	809
774	821
774	837
774	847
774	848
774	908
774	922
774	991
774	992
775	160
775	702
775	811
775	848
775	874
775	895
775	901
775	946
775	991
775	992
776	136
776	376
776	581
776	596
776	871
776	946
776	982
776	988
776	997
776	1000
777	434
777	600
777	712
777	810
777	846
777	890
777	904
777	948
777	957
777	981
778	113
778	342
778	617
778	678
778	818
778	878
778	882
778	899
778	948
778	951
779	275
779	322
779	587
779	751
779	772
779	861
779	918
779	952
779	954
779	986
780	22
780	151
780	654
780	709
780	733
780	812
780	877
780	921
780	970
780	981
781	172
781	544
781	802
781	811
781	910
781	922
781	985
781	988
781	991
781	992
782	942
782	959
782	961
782	968
782	977
782	980
782	990
782	993
782	995
782	996
783	466
783	514
783	541
783	796
783	856
783	872
783	967
783	988
783	997
783	999
784	449
784	530
784	644
784	793
784	910
784	964
784	987
784	994
784	998
784	999
785	695
785	699
785	816
785	881
785	939
785	967
785	976
785	982
785	997
785	1000
786	567
786	789
786	808
786	819
786	842
786	852
786	918
786	952
786	954
786	986
787	299
787	312
787	745
787	817
787	861
787	875
787	907
787	927
787	978
787	986
788	865
788	889
788	913
788	923
788	925
788	931
788	963
788	969
788	976
788	979
789	281
789	786
789	824
789	854
789	907
789	918
789	952
789	954
789	978
789	986
790	159
790	638
790	821
790	847
790	874
790	922
790	941
790	985
790	991
790	992
791	944
791	959
791	961
791	968
791	977
791	980
791	990
791	993
791	995
791	996
792	597
792	748
792	821
792	834
792	858
792	859
792	960
792	982
792	988
792	997
793	44
793	165
793	325
793	573
793	636
793	784
793	800
793	984
793	994
793	998
794	254
794	287
794	611
794	634
794	758
794	939
794	967
794	982
794	988
794	997
794	1000
795	862
795	893
795	915
795	917
795	926
795	938
795	950
795	972
795	973
795	983
795	989
796	100
796	240
796	347
796	521
796	718
796	783
796	881
796	945
796	966
796	988
796	997
797	492
797	551
797	705
797	714
797	820
797	878
797	898
797	899
797	932
797	948
797	951
798	86
798	209
798	296
798	323
798	633
798	692
798	706
798	721
798	838
798	883
798	975
799	95
799	460
799	500
799	515
799	876
799	889
799	923
799	941
799	963
799	976
799	979
800	89
800	93
800	269
800	420
800	533
800	701
800	704
800	793
800	804
800	836
800	974
801	277
801	413
801	562
801	827
801	833
801	846
801	849
801	864
801	904
801	957
801	970
802	2
802	655
802	781
802	837
802	848
802	850
802	910
802	919
802	985
802	991
802	992
803	958
803	959
803	961
803	968
803	977
803	980
803	986
803	990
803	993
803	995
803	996
804	361
804	402
804	522
804	578
804	626
804	685
804	800
804	868
804	884
804	924
804	1000
805	474
805	742
805	771
805	840
805	876
805	931
805	940
805	963
805	969
805	976
805	979
806	6
806	55
806	276
806	580
806	687
806	708
806	905
806	911
806	933
806	944
806	979
807	169
807	230
807	481
807	823
807	911
807	916
807	933
807	944
807	949
807	971
807	989
808	282
808	531
808	786
808	817
808	863
808	925
808	927
808	952
808	954
808	978
808	986
809	305
809	309
809	596
809	697
809	774
809	860
809	869
809	903
809	939
809	988
809	1000
810	709
810	777
810	812
810	846
810	864
810	891
810	921
810	957
810	970
810	981
810	998
811	775
811	781
811	895
811	908
811	919
811	922
811	946
811	985
811	986
811	991
811	992
812	430
812	654
812	780
812	810
812	850
812	890
812	891
812	921
812	957
812	970
812	981
813	21
813	28
813	173
813	326
813	499
813	522
813	669
813	815
813	906
813	974
813	978
814	514
814	671
814	771
814	873
814	934
814	939
814	945
814	960
814	967
814	989
814	1000
815	380
815	456
815	488
815	522
815	669
815	813
815	884
815	900
815	906
815	940
815	956
816	646
816	785
816	858
816	903
816	939
816	966
816	982
816	988
816	990
816	997
816	1000
817	274
817	562
817	787
817	808
817	845
817	861
817	863
817	875
817	952
817	954
817	978
817	986
818	63
818	427
818	620
818	678
818	778
818	843
818	896
818	898
818	932
818	948
818	951
818	993
819	598
819	651
819	786
819	849
819	875
819	907
819	918
819	927
819	952
819	954
819	978
819	986
820	35
820	170
820	374
820	427
820	552
820	714
820	797
820	843
820	882
820	898
820	899
820	932
821	74
821	717
821	752
821	774
821	790
821	792
821	848
821	908
821	922
821	946
821	991
821	992
822	24
822	509
822	699
822	760
822	844
822	860
822	960
822	965
822	982
822	988
822	997
822	1000
823	109
823	550
823	656
823	687
823	773
823	807
823	826
823	880
823	892
823	905
823	933
823	949
824	12
824	251
824	289
824	579
824	619
824	651
824	789
824	927
824	952
824	954
824	978
824	986
825	146
825	285
825	317
825	394
825	411
825	506
825	635
825	721
825	763
825	839
825	883
825	886
826	161
826	300
826	316
826	640
826	687
826	710
826	727
826	823
826	905
826	944
826	989
826	997
827	150
827	482
827	801
827	828
827	920
827	955
827	962
827	964
827	969
827	987
827	994
827	998
828	590
828	603
828	667
828	765
828	827
828	920
828	935
828	936
828	984
828	987
828	994
828	999
829	575
829	582
829	673
829	760
829	841
829	933
829	962
829	964
829	987
829	994
829	998
829	999
830	481
830	661
830	689
830	740
830	841
830	892
830	905
830	912
830	933
830	944
830	971
830	989
831	244
831	597
831	607
831	683
831	686
831	708
831	770
831	880
831	911
831	944
831	949
831	971
832	392
832	460
832	738
832	838
832	840
832	887
832	925
832	940
832	963
832	969
832	976
832	979
833	116
833	277
833	443
833	489
833	496
833	600
833	734
833	801
833	846
833	904
833	970
833	981
834	682
834	690
834	695
834	707
834	792
834	860
834	870
834	881
834	894
834	934
834	965
834	988
834	1000
835	78
835	139
835	402
835	476
835	503
835	530
835	628
835	701
835	726
835	735
835	900
835	924
835	956
836	115
836	470
836	594
836	628
836	704
836	726
836	800
836	884
836	906
836	924
836	956
836	974
836	992
837	584
837	716
837	717
837	774
837	802
837	839
837	847
837	908
837	910
837	978
837	985
837	991
837	992
838	202
838	407
838	429
838	494
838	606
838	698
838	769
838	798
838	832
838	886
838	941
838	947
838	975
839	27
839	145
839	365
839	728
839	825
839	837
839	896
839	908
839	919
839	946
839	985
839	991
839	992
840	132
840	605
840	805
840	832
840	871
840	876
840	889
840	913
840	923
840	931
840	963
840	976
840	979
841	134
841	546
841	573
841	673
841	684
841	829
841	830
841	964
841	984
841	987
841	994
841	998
841	999
842	354
842	479
842	548
842	653
842	786
842	845
842	861
842	907
842	952
842	954
842	968
842	978
842	986
843	335
843	349
843	355
843	490
843	620
843	623
843	714
843	818
843	820
843	896
843	898
843	899
843	937
843	977
844	98
844	315
844	376
844	682
844	822
844	858
844	870
844	871
844	960
844	965
844	991
844	993
844	997
844	1000
845	548
845	577
845	655
845	772
845	817
845	842
845	863
845	907
845	918
845	927
845	952
845	954
845	978
845	986
846	402
846	489
846	525
846	777
846	801
846	810
846	833
846	849
846	877
846	890
846	891
846	904
846	923
846	981
847	96
847	294
847	329
847	584
847	774
847	790
847	837
847	850
847	867
847	901
847	946
847	985
847	991
847	992
848	27
848	205
848	529
848	599
848	774
848	775
848	802
848	821
848	866
848	874
848	935
848	946
848	985
848	992
849	231
849	242
849	430
849	650
849	662
849	801
849	819
849	846
849	877
849	921
849	957
849	969
849	970
849	981
850	100
850	294
850	728
850	802
850	812
850	847
850	866
850	910
850	919
850	922
850	946
850	985
850	991
850	992
851	623
851	914
851	929
851	943
851	958
851	959
851	961
851	968
851	977
851	980
851	990
851	993
851	995
851	996
852	163
852	342
852	408
852	458
852	480
852	494
852	511
852	633
852	692
852	763
852	786
852	883
852	902
852	975
853	307
853	392
853	421
853	460
853	474
853	515
853	618
853	739
853	923
853	940
853	963
853	969
853	976
853	979
854	789
854	929
854	943
854	958
854	959
854	961
854	962
854	968
854	977
854	980
854	990
854	993
854	995
854	996
855	278
855	570
855	737
855	767
855	862
855	893
855	915
855	917
855	930
855	938
855	942
855	972
855	973
855	983
856	376
856	425
856	472
856	646
856	783
856	857
856	889
856	945
856	965
856	982
856	988
856	989
856	997
856	1000
857	718
857	756
857	856
857	872
857	903
857	939
857	958
857	959
857	960
857	965
857	966
857	967
857	982
857	988
857	997
858	37
858	360
858	395
858	400
858	663
858	671
858	748
858	792
858	816
858	844
858	934
858	953
858	988
858	997
858	1000
859	192
859	329
859	602
859	668
859	682
859	792
859	871
859	953
859	965
859	967
859	982
859	987
859	988
859	997
859	1000
860	29
860	164
860	596
860	749
860	809
860	822
860	834
860	870
860	903
860	945
860	953
860	967
860	982
860	988
860	1000
861	114
861	531
861	561
861	723
861	772
861	779
861	787
861	817
861	842
861	907
861	918
861	952
861	954
861	978
861	986
862	127
862	237
862	795
862	855
862	865
862	915
862	917
862	930
862	938
862	942
862	950
862	972
862	973
862	983
862	999
863	40
863	181
863	567
863	587
863	653
863	808
863	817
863	845
863	907
863	918
863	952
863	954
863	978
863	986
863	999
864	80
864	135
864	450
864	662
864	734
864	801
864	810
864	877
864	890
864	891
864	921
864	957
864	970
864	980
864	981
865	557
865	586
865	677
865	788
865	862
865	915
865	917
865	926
865	930
865	938
865	942
865	950
865	972
865	973
865	983
866	186
866	205
866	659
866	691
866	752
866	848
866	850
866	874
866	908
866	919
866	946
866	966
866	985
866	991
866	992
867	482
867	603
867	636
867	741
867	760
867	765
867	847
867	909
867	920
867	935
867	936
867	984
867	987
867	994
867	999
868	441
868	456
868	478
868	505
868	576
868	626
868	669
868	685
868	696
868	735
868	804
868	924
868	956
868	974
868	982
869	462
869	646
869	677
869	707
869	756
869	809
869	871
869	873
869	881
869	903
869	934
869	939
869	945
869	960
869	982
869	988
870	102
870	229
870	462
870	517
870	672
870	732
870	834
870	844
870	860
870	873
870	903
870	934
870	965
870	967
870	988
870	997
871	309
871	541
871	591
871	597
871	637
871	730
871	771
871	776
871	840
871	844
871	859
871	869
871	960
871	965
871	982
871	1000
872	136
872	315
872	424
872	668
872	719
872	748
872	783
872	857
872	927
872	934
872	960
872	965
872	966
872	967
872	982
872	997
873	9
873	555
873	672
873	749
873	814
873	869
873	870
873	934
873	939
873	945
873	960
873	965
873	988
873	997
873	999
873	1000
874	323
874	702
874	744
874	775
874	790
874	848
874	866
874	901
874	908
874	910
874	922
874	946
874	985
874	989
874	991
874	992
875	230
875	561
875	577
875	619
875	644
875	745
875	772
875	787
875	817
875	819
875	918
875	927
875	952
875	954
875	978
875	986
876	185
876	347
876	433
876	729
876	799
876	805
876	840
876	887
876	889
876	913
876	938
876	940
876	963
876	969
876	976
876	979
877	184
877	371
877	384
877	469
877	611
877	650
877	709
877	780
877	846
877	849
877	864
877	891
877	904
877	921
877	957
877	970
877	981
878	35
878	170
878	306
878	335
878	545
878	551
878	601
878	609
878	766
878	778
878	797
878	896
878	898
878	928
878	937
878	948
878	967
879	9
879	91
879	163
879	301
879	358
879	437
879	458
879	519
879	570
879	679
879	736
879	763
879	883
879	886
879	902
879	941
879	975
880	41
880	90
880	232
880	580
880	607
880	710
880	722
880	764
880	823
880	831
880	892
880	933
880	944
880	949
880	971
880	989
880	996
881	128
881	523
881	671
881	718
881	785
881	796
881	834
881	869
881	939
881	945
881	960
881	966
881	968
881	988
881	994
881	997
881	1000
882	196
882	293
882	313
882	442
882	492
882	574
882	620
882	623
882	766
882	778
882	820
882	896
882	898
882	928
882	937
882	948
882	951
883	207
883	298
883	396
883	494
883	566
883	606
883	635
883	679
883	752
883	798
883	825
883	852
883	879
883	941
883	947
883	975
883	1000
884	34
884	89
884	115
884	386
884	428
884	470
884	499
884	503
884	524
884	685
884	719
884	804
884	815
884	836
884	924
884	956
884	974
884	982
885	154
885	299
885	401
885	583
885	657
885	684
885	760
885	765
885	909
885	935
885	962
885	964
885	978
885	984
885	987
885	994
885	998
885	999
886	156
886	289
886	408
886	506
886	570
886	679
886	692
886	698
886	706
886	713
886	715
886	759
886	763
886	825
886	838
886	879
886	975
886	997
887	245
887	500
887	572
887	575
887	579
887	738
887	743
887	832
887	876
887	889
887	913
887	923
887	925
887	931
887	940
887	963
887	969
887	979
888	685
888	894
888	897
888	912
888	914
888	929
888	943
888	958
888	959
888	961
888	968
888	973
888	977
888	980
888	990
888	993
888	995
888	996
889	300
889	515
889	658
889	739
889	788
889	799
889	840
889	856
889	876
889	887
889	913
889	923
889	925
889	931
889	940
889	963
889	976
889	979
890	20
890	178
890	204
890	319
890	332
890	562
890	600
890	712
890	777
890	812
890	846
890	864
890	904
890	921
890	935
890	957
890	970
890	981
891	225
891	385
891	469
891	497
891	562
891	600
891	712
891	733
891	810
891	812
891	846
891	864
891	877
891	904
891	921
891	957
891	981
891	999
892	94
892	161
892	180
892	303
892	614
892	632
892	640
892	661
892	683
892	689
892	823
892	830
892	880
892	905
892	911
892	933
892	984
892	989
893	278
893	571
893	681
893	697
893	737
893	767
893	795
893	855
893	915
893	917
893	926
893	930
893	938
893	942
893	950
893	972
893	973
893	983
894	834
894	888
894	897
894	912
894	914
894	929
894	943
894	952
894	958
894	959
894	961
894	968
894	977
894	980
894	990
894	993
894	995
894	996
895	74
895	233
895	403
895	475
895	584
895	599
895	655
895	702
895	716
895	728
895	775
895	811
895	910
895	919
895	922
895	984
895	991
895	992
895	995
896	57
896	293
896	310
896	492
896	551
896	574
896	714
896	766
896	818
896	839
896	843
896	878
896	882
896	898
896	928
896	937
896	948
896	951
896	964
897	243
897	888
897	894
897	912
897	914
897	929
897	943
897	958
897	959
897	961
897	968
897	977
897	980
897	990
897	993
897	995
897	996
898	140
898	293
898	465
898	492
898	545
898	609
898	617
898	797
898	818
898	820
898	843
898	878
898	882
898	896
898	924
898	932
898	948
898	951
898	998
899	46
899	314
899	374
899	427
899	540
899	601
899	609
899	766
899	778
899	797
899	820
899	843
899	900
899	928
899	932
899	937
899	948
899	951
899	977
900	15
900	49
900	118
900	138
900	326
900	470
900	576
900	578
900	594
900	675
900	685
900	726
900	815
900	835
900	899
900	906
900	924
900	956
900	974
901	62
901	172
901	271
901	454
901	627
901	645
901	728
901	752
901	770
901	775
901	847
901	874
901	910
901	919
901	946
901	965
901	985
901	991
901	992
902	91
902	218
902	296
902	317
902	409
902	442
902	480
902	511
902	550
902	698
902	746
902	755
902	759
902	763
902	852
902	879
902	941
902	947
902	964
903	3
903	445
903	613
903	732
903	748
903	756
903	762
903	809
903	816
903	857
903	860
903	869
903	870
903	934
903	945
903	953
903	966
903	994
903	997
903	1000
904	257
904	280
904	308
904	410
904	447
904	462
904	525
904	535
904	734
904	777
904	801
904	833
904	846
904	877
904	890
904	891
904	921
904	957
904	970
904	981
905	105
905	126
905	127
905	276
905	311
905	318
905	468
905	513
905	615
905	764
905	770
905	806
905	823
905	826
905	830
905	892
905	911
905	933
905	949
905	971
906	28
906	326
906	361
906	420
906	452
906	503
906	505
906	569
906	585
906	594
906	675
906	703
906	813
906	815
906	836
906	900
906	924
906	956
906	972
906	981
907	531
907	534
907	538
907	547
907	577
907	722
907	738
907	787
907	789
907	819
907	842
907	845
907	861
907	863
907	918
907	927
907	952
907	954
907	978
907	986
908	193
908	659
908	716
908	752
908	774
908	811
908	821
908	837
908	839
908	866
908	874
908	910
908	919
908	922
908	946
908	985
908	987
908	991
908	992
908	997
909	51
909	328
909	549
909	556
909	564
909	648
909	680
909	754
909	867
909	885
909	920
909	936
909	961
909	962
909	964
909	984
909	994
909	996
909	998
909	999
910	48
910	145
910	186
910	336
910	403
910	638
910	781
910	784
910	802
910	837
910	850
910	874
910	895
910	901
910	908
910	946
910	963
910	985
910	991
910	992
911	127
911	174
911	190
911	316
911	412
911	477
911	614
911	710
911	727
911	806
911	807
911	831
911	892
911	905
911	916
911	933
911	948
911	949
911	971
911	989
911	1000
912	682
912	830
912	888
912	894
912	897
912	914
912	929
912	943
912	958
912	959
912	961
912	968
912	977
912	980
912	990
912	993
912	995
912	996
913	8
913	144
913	191
913	195
913	311
913	554
913	572
913	658
913	738
913	788
913	840
913	876
913	887
913	889
913	923
913	925
913	929
913	963
913	969
913	976
913	979
914	398
914	851
914	888
914	894
914	897
914	912
914	929
914	943
914	958
914	959
914	961
914	968
914	977
914	980
914	990
914	993
914	995
914	996
914	998
915	221
915	473
915	501
915	618
915	694
915	767
915	795
915	855
915	862
915	865
915	893
915	917
915	926
915	930
915	938
915	942
915	950
915	971
915	972
915	973
915	982
915	983
916	13
916	154
916	187
916	190
916	300
916	303
916	417
916	465
916	520
916	640
916	661
916	689
916	722
916	727
916	753
916	764
916	770
916	807
916	911
916	933
916	949
916	989
917	108
917	344
917	473
917	528
917	618
917	681
917	694
917	795
917	855
917	862
917	865
917	893
917	915
917	930
917	938
917	942
917	943
917	950
917	969
917	972
917	973
917	983
918	40
918	274
918	390
918	509
918	538
918	547
918	587
918	598
918	651
918	779
918	786
918	789
918	819
918	845
918	861
918	863
918	875
918	907
918	927
918	978
918	986
918	991
919	432
919	537
919	549
919	565
919	589
919	705
919	716
919	717
919	802
919	811
919	839
919	850
919	866
919	895
919	901
919	908
919	922
919	944
919	946
919	985
919	991
919	992
920	82
920	149
920	430
920	449
920	564
920	582
920	616
920	684
920	751
920	827
920	828
920	867
920	909
920	935
920	936
920	962
920	984
920	985
920	987
920	994
920	998
920	999
921	3
921	75
921	231
921	320
921	525
921	650
921	654
921	709
921	733
921	734
921	780
921	810
921	812
921	849
921	864
921	877
921	890
921	891
921	904
921	957
921	971
921	988
922	96
922	271
922	415
922	432
922	529
922	552
922	589
922	702
922	774
922	781
922	790
922	811
922	821
922	850
922	874
922	895
922	908
922	919
922	946
922	985
922	991
922	992
923	185
923	263
923	388
923	414
923	433
923	440
923	631
923	788
923	799
923	840
923	846
923	853
923	887
923	889
923	913
923	925
923	931
923	940
923	963
923	966
923	969
923	976
923	979
924	78
924	248
924	387
924	422
924	491
924	504
924	533
924	666
924	669
924	675
924	685
924	696
924	701
924	703
924	804
924	835
924	836
924	868
924	884
924	898
924	900
924	906
924	974
925	64
925	238
925	350
925	388
925	414
925	423
925	554
925	612
925	658
925	788
925	808
925	832
925	887
925	889
925	913
925	923
925	931
925	940
925	953
925	963
925	969
925	976
925	979
926	59
926	177
926	344
926	419
926	484
926	524
926	610
926	681
926	694
926	767
926	795
926	865
926	893
926	915
926	930
926	938
926	942
926	950
926	954
926	972
926	973
926	983
926	988
927	10
927	372
927	378
927	397
927	398
927	547
927	567
927	598
927	651
927	772
927	787
927	808
927	819
927	824
927	845
927	872
927	875
927	907
927	918
927	952
927	954
927	978
927	986
927	995
928	7
928	85
928	121
928	227
928	302
928	314
928	401
928	427
928	540
928	601
928	602
928	620
928	623
928	678
928	715
928	766
928	878
928	882
928	896
928	899
928	932
928	937
928	948
928	951
929	769
929	851
929	854
929	888
929	894
929	897
929	912
929	913
929	914
929	943
929	958
929	959
929	960
929	961
929	968
929	977
929	980
929	990
929	993
929	995
929	996
930	123
930	153
930	237
930	349
930	382
930	406
930	419
930	557
930	643
930	681
930	737
930	855
930	862
930	865
930	893
930	915
930	917
930	926
930	938
930	942
930	950
930	972
930	973
930	983
931	238
931	307
931	350
931	388
931	495
931	543
931	612
931	658
931	739
931	743
931	749
931	788
931	805
931	840
931	887
931	889
931	923
931	925
931	940
931	963
931	969
931	976
931	979
931	990
931	993
932	35
932	63
932	152
932	175
932	196
932	198
932	313
932	363
932	459
932	490
932	540
932	602
932	617
932	678
932	754
932	766
932	797
932	818
932	820
932	898
932	899
932	928
932	937
932	951
932	995
933	412
933	417
933	481
933	532
933	614
933	652
933	683
933	706
933	740
933	764
933	770
933	773
933	806
933	807
933	823
933	829
933	830
933	880
933	892
933	905
933	911
933	916
933	944
933	952
933	989
934	66
934	212
934	523
934	588
934	591
934	613
934	663
934	693
934	719
934	758
934	771
934	814
934	834
934	858
934	869
934	870
934	872
934	873
934	903
934	939
934	957
934	966
934	967
934	991
934	997
934	1000
935	106
935	187
935	270
935	284
935	327
935	446
935	485
935	519
935	564
935	657
935	725
935	828
935	848
935	867
935	885
935	890
935	920
935	955
935	962
935	964
935	984
935	987
935	990
935	994
935	998
935	999
936	30
936	58
936	73
936	90
936	107
936	214
936	288
936	369
936	383
936	468
936	487
936	546
936	559
936	604
936	636
936	660
936	828
936	867
936	909
936	920
936	955
936	984
936	987
936	994
936	998
936	999
937	122
937	140
937	148
937	175
937	194
937	217
937	256
937	302
937	306
937	314
937	335
937	490
937	540
937	601
937	617
937	714
937	843
937	878
937	882
937	896
937	899
937	928
937	932
937	948
937	951
937	997
938	67
938	88
938	337
938	411
938	419
938	484
938	501
938	536
938	610
938	737
938	767
938	795
938	855
938	862
938	865
938	876
938	893
938	915
938	917
938	926
938	930
938	942
938	950
938	972
938	973
938	983
939	77
939	102
939	384
939	424
939	613
939	647
939	732
939	766
939	767
939	785
939	794
939	809
939	814
939	816
939	857
939	869
939	873
939	881
939	934
939	945
939	953
939	960
939	966
939	967
939	982
939	988
939	997
940	33
940	262
940	350
940	433
940	460
940	500
940	567
940	579
940	605
940	612
940	729
940	742
940	805
940	815
940	832
940	853
940	876
940	887
940	889
940	923
940	925
940	931
940	963
940	969
940	976
940	979
940	981
941	86
941	99
941	377
941	394
941	453
941	497
941	502
941	511
941	553
941	570
941	606
941	688
941	706
941	713
941	721
941	744
941	746
941	759
941	769
941	790
941	799
941	838
941	879
941	883
941	902
941	975
941	993
942	59
942	60
942	108
942	142
942	177
942	337
942	391
942	501
942	539
942	586
942	618
942	643
942	782
942	855
942	862
942	865
942	893
942	915
942	917
942	926
942	930
942	938
942	950
942	956
942	972
942	973
942	983
942	997
943	662
943	851
943	854
943	888
943	894
943	897
943	912
943	914
943	917
943	929
943	958
943	959
943	961
943	964
943	968
943	977
943	980
943	990
943	993
943	995
943	996
944	126
944	161
944	230
944	244
944	339
944	368
944	417
944	532
944	555
944	632
944	683
944	686
944	708
944	720
944	740
944	773
944	791
944	806
944	807
944	826
944	830
944	831
944	880
944	919
944	933
944	949
944	971
944	989
944	996
945	4
945	92
945	167
945	240
945	334
945	466
945	512
945	637
945	643
945	653
945	723
945	749
945	756
945	796
945	814
945	856
945	860
945	869
945	873
945	881
945	903
945	939
945	953
945	960
945	965
945	988
945	993
945	997
945	1000
946	365
946	389
946	584
946	589
946	645
946	659
946	702
946	728
946	752
946	775
946	776
946	811
946	821
946	839
946	847
946	848
946	850
946	866
946	874
946	901
946	908
946	910
946	919
946	922
946	954
946	985
946	991
946	992
946	1000
947	25
947	91
947	103
947	207
947	209
947	285
947	407
947	409
947	437
947	448
947	455
947	458
947	494
947	502
947	550
947	553
947	566
947	606
947	624
947	633
947	699
947	715
947	759
947	769
947	838
947	883
947	902
947	962
947	975
947	996
948	85
948	121
948	157
948	175
948	216
948	227
948	310
948	314
948	540
948	545
948	574
948	601
948	609
948	620
948	678
948	714
948	766
948	777
948	778
948	797
948	818
948	878
948	882
948	896
948	898
948	899
948	911
948	928
948	937
948	951
949	55
949	87
949	111
949	129
949	219
949	339
949	443
949	477
949	481
949	532
949	607
949	614
949	640
949	687
949	710
949	722
949	731
949	740
949	773
949	807
949	823
949	831
949	880
949	905
949	911
949	916
949	944
949	971
949	989
949	990
950	11
950	68
950	83
950	123
950	259
950	304
950	391
950	406
950	484
950	539
950	557
950	586
950	604
950	677
950	717
950	737
950	767
950	795
950	862
950	865
950	893
950	915
950	917
950	926
950	930
950	938
950	942
950	973
950	978
950	983
951	46
951	140
951	216
951	256
951	273
951	293
951	302
951	306
951	313
951	363
951	459
951	518
951	545
951	551
951	574
951	594
951	602
951	617
951	678
951	778
951	797
951	818
951	882
951	896
951	898
951	899
951	928
951	932
951	937
951	948
951	990
952	107
952	114
952	157
952	274
952	286
952	372
952	479
952	531
952	534
952	561
952	741
952	745
952	779
952	786
952	789
952	808
952	817
952	819
952	824
952	842
952	845
952	861
952	863
952	875
952	894
952	907
952	927
952	933
952	954
952	978
952	986
953	4
953	24
953	77
953	309
953	359
953	425
953	426
953	514
953	541
953	560
953	581
953	588
953	595
953	657
953	690
953	723
953	858
953	859
953	860
953	903
953	925
953	939
953	945
953	960
953	966
953	967
953	980
953	982
953	988
953	997
953	1000
954	50
954	206
954	251
954	275
954	289
954	390
954	544
954	548
954	587
954	619
954	653
954	772
954	779
954	786
954	789
954	808
954	817
954	819
954	824
954	842
954	845
954	861
954	863
954	875
954	907
954	926
954	927
954	946
954	952
954	978
954	986
955	112
955	176
955	267
955	351
955	366
955	395
955	401
955	478
955	486
955	487
955	510
955	516
955	537
955	549
955	621
955	644
955	660
955	670
955	751
955	761
955	768
955	827
955	935
955	936
955	962
955	984
955	986
955	987
955	994
955	998
955	999
956	49
956	173
956	246
956	258
956	326
956	361
956	390
956	441
956	456
956	470
956	476
956	478
956	503
956	569
956	585
956	669
956	675
956	685
956	704
956	726
956	735
956	762
956	815
956	835
956	836
956	868
956	884
956	900
956	906
956	942
956	974
956	979
957	135
957	204
957	292
957	320
957	410
957	413
957	430
957	434
957	447
957	450
957	489
957	535
957	650
957	654
957	662
957	693
957	712
957	734
957	777
957	801
957	810
957	812
957	849
957	864
957	877
957	890
957	891
957	904
957	921
957	934
957	970
957	981
957	988
958	435
958	803
958	851
958	854
958	857
958	888
958	894
958	897
958	912
958	914
958	929
958	943
958	959
958	961
958	968
958	977
958	980
958	990
958	992
958	993
958	995
958	996
959	147
959	782
959	791
959	803
959	851
959	854
959	857
959	888
959	894
959	897
959	912
959	914
959	929
959	943
959	958
959	961
959	968
959	969
959	977
959	980
959	990
959	993
959	995
959	996
960	128
960	203
960	212
960	240
960	254
960	279
960	436
960	462
960	581
960	646
960	672
960	719
960	732
960	749
960	792
960	814
960	822
960	844
960	857
960	869
960	871
960	872
960	873
960	881
960	929
960	939
960	945
960	953
960	966
960	982
960	991
960	997
960	999
960	1000
961	711
961	747
961	748
961	750
961	757
961	782
961	791
961	803
961	851
961	854
961	888
961	894
961	897
961	909
961	912
961	914
961	929
961	943
961	958
961	959
961	968
961	977
961	980
961	990
961	993
961	995
961	996
961	997
962	5
962	61
962	101
962	287
962	308
962	379
962	482
962	510
962	583
962	592
962	593
962	603
962	604
962	621
962	667
962	741
962	768
962	827
962	829
962	854
962	885
962	909
962	920
962	935
962	947
962	955
962	964
962	974
962	984
962	987
962	989
962	994
962	998
962	999
963	64
963	95
963	131
963	155
963	213
963	215
963	238
963	247
963	262
963	414
963	423
963	433
963	572
963	658
963	742
963	743
963	788
963	799
963	805
963	832
963	840
963	853
963	876
963	887
963	889
963	910
963	913
963	923
963	925
963	931
963	940
963	969
963	976
963	979
964	106
964	150
964	331
964	340
964	461
964	516
964	530
964	556
964	564
964	568
964	573
964	575
964	582
964	583
964	592
964	621
964	751
964	760
964	784
964	827
964	829
964	841
964	885
964	896
964	902
964	909
964	935
964	943
964	962
964	984
964	987
964	994
964	996
964	998
964	999
965	18
965	36
965	329
965	343
965	418
965	426
965	509
965	591
965	596
965	646
965	667
965	690
965	693
965	695
965	707
965	748
965	762
965	771
965	822
965	834
965	844
965	856
965	857
965	859
965	870
965	871
965	872
965	873
965	901
965	945
965	966
965	981
965	982
965	988
965	997
965	1000
966	128
966	133
966	203
966	265
966	393
966	400
966	416
966	438
966	466
966	521
966	595
966	637
966	668
966	672
966	679
966	682
966	690
966	695
966	758
966	796
966	816
966	857
966	866
966	872
966	881
966	903
966	923
966	934
966	939
966	953
966	960
966	965
966	982
966	988
966	997
966	1000
967	9
967	110
967	133
967	164
967	167
967	192
967	197
967	245
967	343
967	378
967	445
967	491
967	647
967	671
967	672
967	699
967	719
967	732
967	756
967	771
967	783
967	785
967	794
967	814
967	857
967	859
967	860
967	870
967	872
967	878
967	934
967	939
967	953
967	982
967	988
967	997
967	998
967	1000
968	664
968	700
968	711
968	724
968	747
968	750
968	757
968	782
968	791
968	803
968	842
968	851
968	854
968	881
968	888
968	894
968	897
968	912
968	914
968	929
968	943
968	958
968	959
968	961
968	970
968	977
968	980
968	990
968	992
968	993
968	995
968	996
969	1
969	33
969	131
969	182
969	195
969	208
969	241
969	263
969	297
969	311
969	370
969	414
969	440
969	474
969	495
969	543
969	554
969	631
969	729
969	738
969	742
969	788
969	805
969	827
969	832
969	849
969	853
969	876
969	887
969	913
969	917
969	923
969	925
969	931
969	940
969	959
969	963
969	976
969	979
970	16
970	75
970	151
970	184
970	199
970	204
970	217
970	225
970	226
970	280
970	319
970	341
970	362
970	371
970	443
970	447
970	450
970	469
970	489
970	525
970	535
970	625
970	654
970	662
970	709
970	712
970	733
970	780
970	801
970	810
970	812
970	833
970	849
970	864
970	877
970	890
970	904
970	957
970	968
970	981
970	989
970	1000
971	13
971	41
971	87
971	94
971	104
971	129
971	179
971	216
971	236
971	244
971	250
971	316
971	318
971	368
971	417
971	513
971	520
971	559
971	563
971	607
971	632
971	652
971	656
971	686
971	710
971	720
971	731
971	753
971	761
971	764
971	770
971	773
971	807
971	830
971	831
971	880
971	905
971	911
971	915
971	921
971	944
971	949
971	989
972	11
972	67
972	152
972	162
972	194
972	259
972	266
972	304
972	337
972	367
972	391
972	421
972	473
972	484
972	501
972	528
972	536
972	539
972	557
972	571
972	586
972	610
972	643
972	677
972	681
972	694
972	731
972	737
972	767
972	795
972	855
972	862
972	865
972	893
972	906
972	915
972	917
972	926
972	930
972	938
972	942
972	973
972	983
973	59
973	68
973	83
973	142
973	162
973	221
973	239
973	266
973	304
973	333
973	344
973	367
973	391
973	406
973	421
973	484
973	501
973	528
973	539
973	571
973	586
973	610
973	618
973	643
973	671
973	677
973	681
973	689
973	694
973	795
973	855
973	862
973	865
973	888
973	893
973	915
973	917
973	926
973	930
973	938
973	942
973	950
973	972
973	983
974	15
974	53
974	115
974	118
974	119
974	138
974	139
974	173
974	208
974	222
974	246
974	252
974	269
974	333
974	345
974	422
974	428
974	435
974	441
974	470
974	478
974	485
974	488
974	491
974	504
974	524
974	578
974	585
974	594
974	628
974	675
974	696
974	701
974	726
974	735
974	800
974	813
974	836
974	868
974	884
974	900
974	924
974	956
974	962
975	14
975	23
975	58
975	202
975	207
975	285
975	296
975	301
975	317
975	340
975	342
975	377
975	396
975	407
975	411
975	415
975	437
975	448
975	455
975	497
975	550
975	553
975	566
975	570
975	635
975	636
975	665
975	679
975	688
975	698
975	713
975	715
975	716
975	736
975	744
975	746
975	755
975	769
975	798
975	838
975	852
975	879
975	883
975	886
975	941
975	947
976	1
976	8
976	33
976	64
976	195
976	215
976	263
976	297
976	307
976	311
976	332
976	347
976	392
976	440
976	474
976	488
976	495
976	500
976	515
976	554
976	605
976	631
976	658
976	668
976	729
976	738
976	739
976	742
976	743
976	785
976	788
976	799
976	805
976	832
976	840
976	853
976	876
976	889
976	913
976	923
976	925
976	931
976	940
976	963
976	969
976	979
976	982
977	181
977	573
977	622
977	629
977	630
977	642
977	649
977	664
977	666
977	674
977	676
977	700
977	711
977	724
977	739
977	747
977	750
977	757
977	782
977	791
977	803
977	843
977	851
977	854
977	888
977	894
977	897
977	899
977	912
977	914
977	929
977	943
977	958
977	959
977	961
977	968
977	980
977	990
977	993
977	995
977	996
978	40
978	45
978	50
978	76
978	206
978	281
978	282
978	286
978	322
978	354
978	372
978	396
978	397
978	398
978	531
978	534
978	538
978	547
978	548
978	561
978	567
978	577
978	587
978	598
978	651
978	653
978	745
978	772
978	787
978	789
978	808
978	813
978	817
978	819
978	824
978	837
978	842
978	845
978	861
978	863
978	875
978	885
978	907
978	918
978	927
978	950
978	952
978	954
978	986
979	1
979	57
979	131
979	132
979	182
979	208
979	215
979	241
979	247
979	262
979	297
979	307
979	347
979	350
979	392
979	423
979	460
979	495
979	500
979	515
979	521
979	543
979	572
979	579
979	605
979	612
979	658
979	738
979	739
979	742
979	743
979	788
979	799
979	805
979	806
979	832
979	840
979	853
979	876
979	887
979	889
979	913
979	923
979	925
979	931
979	940
979	956
979	963
979	969
979	976
979	998
980	253
980	464
980	471
980	483
980	590
980	608
980	622
980	625
980	629
980	630
980	639
980	642
980	649
980	664
980	666
980	674
980	676
980	680
980	700
980	711
980	724
980	747
980	750
980	757
980	773
980	782
980	791
980	803
980	851
980	854
980	864
980	888
980	894
980	897
980	912
980	914
980	929
980	943
980	953
980	958
980	959
980	961
980	968
980	977
980	985
980	990
980	993
980	995
980	996
981	3
981	16
981	151
981	178
981	184
981	199
981	217
981	242
981	257
981	277
981	280
981	292
981	320
981	332
981	341
981	371
981	384
981	385
981	410
981	413
981	434
981	447
981	469
981	489
981	496
981	525
981	535
981	562
981	600
981	649
981	650
981	654
981	662
981	712
981	733
981	734
981	777
981	780
981	810
981	812
981	833
981	846
981	849
981	864
981	877
981	890
981	891
981	904
981	906
981	940
981	957
981	965
981	970
981	995
982	18
982	71
982	137
982	166
982	212
982	243
982	248
982	321
982	334
982	400
982	416
982	426
982	436
982	457
982	498
982	523
982	560
982	591
982	597
982	613
982	646
982	663
982	671
982	690
982	748
982	749
982	756
982	758
982	771
982	776
982	785
982	792
982	794
982	816
982	822
982	856
982	857
982	859
982	860
982	868
982	869
982	871
982	872
982	884
982	915
982	939
982	953
982	960
982	965
982	966
982	967
982	976
982	988
982	997
982	1000
983	11
983	60
983	67
983	68
983	83
983	108
983	123
983	142
983	153
983	162
983	177
983	221
983	237
983	239
983	266
983	304
983	337
983	344
983	367
983	406
983	419
983	421
983	425
983	473
983	528
983	536
983	539
983	557
983	571
983	572
983	586
983	610
983	618
983	643
983	646
983	677
983	681
983	694
983	737
983	767
983	795
983	855
983	862
983	865
983	893
983	915
983	917
983	926
983	930
983	938
983	942
983	950
983	972
983	973
983	988
983	999
984	17
984	30
984	65
984	106
984	112
984	113
984	124
984	170
984	176
984	249
984	272
984	284
984	325
984	328
984	373
984	379
984	383
984	444
984	449
984	463
984	467
984	482
984	486
984	493
984	510
984	556
984	568
984	573
984	592
984	593
984	641
984	648
984	667
984	680
984	684
984	754
984	760
984	765
984	768
984	793
984	828
984	841
984	867
984	885
984	892
984	895
984	909
984	920
984	935
984	936
984	955
984	962
984	964
984	987
984	994
984	997
984	998
984	999
985	8
985	65
985	69
985	95
985	120
985	137
985	147
985	171
985	193
985	205
985	220
985	233
985	235
985	264
985	323
985	375
985	379
985	381
985	389
985	475
985	529
985	537
985	544
985	565
985	589
985	599
985	627
985	638
985	645
985	655
985	659
985	691
985	705
985	716
985	717
985	728
985	733
985	752
985	781
985	790
985	802
985	811
985	837
985	839
985	847
985	848
985	850
985	866
985	874
985	901
985	908
985	910
985	919
985	920
985	922
985	946
985	980
985	991
985	992
986	10
986	12
986	45
986	50
986	76
986	107
986	114
986	157
986	181
986	206
986	251
986	275
986	281
986	282
986	286
986	299
986	318
986	322
986	354
986	372
986	378
986	390
986	397
986	398
986	479
986	480
986	534
986	538
986	547
986	548
986	561
986	567
986	577
986	587
986	598
986	619
986	651
986	653
986	745
986	746
986	772
986	779
986	786
986	787
986	789
986	803
986	808
986	811
986	817
986	819
986	824
986	842
986	845
986	861
986	863
986	875
986	907
986	918
986	927
986	952
986	954
986	955
986	978
987	17
987	31
987	72
987	90
987	112
987	130
987	165
987	200
987	210
987	229
987	270
987	272
987	290
987	328
987	346
987	352
987	366
987	382
987	383
987	395
987	439
987	493
987	507
987	517
987	542
987	556
987	568
987	582
987	592
987	603
987	616
987	641
987	648
987	660
987	670
987	680
987	725
987	741
987	751
987	754
987	761
987	765
987	768
987	784
987	827
987	828
987	829
987	841
987	859
987	867
987	885
987	908
987	920
987	935
987	936
987	955
987	962
987	964
987	984
987	990
987	994
987	998
987	999
988	166
988	168
988	211
988	243
988	265
988	305
988	309
988	321
988	334
988	359
988	360
988	393
988	438
988	457
988	462
988	498
988	526
988	558
988	560
988	611
988	613
988	634
988	647
988	682
988	693
988	695
988	707
988	718
988	723
988	730
988	732
988	748
988	762
988	776
988	781
988	783
988	792
988	794
988	796
988	809
988	816
988	822
988	834
988	856
988	857
988	858
988	859
988	860
988	869
988	870
988	873
988	881
988	921
988	926
988	939
988	945
988	953
988	957
988	965
988	966
988	967
988	982
988	983
988	997
988	998
988	1000
989	6
989	20
989	38
989	42
989	55
989	87
989	104
989	105
989	174
989	190
989	198
989	219
989	236
989	250
989	303
989	316
989	339
989	356
989	368
989	412
989	477
989	481
989	513
989	520
989	532
989	555
989	559
989	563
989	580
989	607
989	614
989	615
989	632
989	640
989	652
989	656
989	661
989	683
989	686
989	687
989	689
989	708
989	710
989	722
989	727
989	740
989	753
989	764
989	773
989	795
989	807
989	814
989	826
989	830
989	856
989	874
989	880
989	892
989	911
989	916
989	933
989	944
989	949
989	962
989	970
989	971
990	19
990	26
990	52
990	70
990	125
990	183
990	261
990	291
990	295
990	324
990	330
990	338
990	348
990	352
990	353
990	399
990	451
990	464
990	471
990	483
990	527
990	542
990	552
990	583
990	590
990	608
990	622
990	625
990	629
990	630
990	639
990	642
990	649
990	664
990	666
990	674
990	676
990	700
990	711
990	724
990	747
990	750
990	757
990	782
990	791
990	803
990	816
990	851
990	854
990	888
990	894
990	897
990	912
990	914
990	929
990	931
990	935
990	943
990	949
990	951
990	958
990	959
990	961
990	968
990	977
990	980
990	987
990	993
990	995
990	996
991	32
991	48
991	62
991	65
991	69
991	80
991	88
991	145
991	147
991	159
991	171
991	186
991	188
991	189
991	193
991	220
991	235
991	268
991	294
991	336
991	364
991	365
991	375
991	403
991	432
991	454
991	475
991	486
991	529
991	537
991	544
991	565
991	571
991	599
991	627
991	638
991	645
991	655
991	691
991	702
991	705
991	716
991	717
991	721
991	728
991	774
991	775
991	781
991	790
991	802
991	811
991	821
991	837
991	839
991	844
991	847
991	850
991	866
991	874
991	895
991	901
991	908
991	910
991	918
991	919
991	922
991	934
991	946
991	960
991	985
991	992
992	27
992	32
992	62
992	63
992	69
992	80
992	96
992	120
992	137
992	159
992	172
992	188
992	235
992	268
992	271
992	294
992	323
992	336
992	364
992	365
992	375
992	381
992	389
992	403
992	454
992	467
992	475
992	529
992	537
992	544
992	565
992	584
992	589
992	599
992	627
992	638
992	645
992	655
992	659
992	691
992	702
992	705
992	716
992	717
992	728
992	736
992	774
992	775
992	781
992	790
992	802
992	811
992	821
992	836
992	837
992	839
992	847
992	848
992	850
992	866
992	874
992	895
992	901
992	908
992	910
992	919
992	922
992	946
992	958
992	968
992	985
992	991
992	993
993	47
993	52
993	97
993	143
993	160
993	201
993	228
993	255
993	283
993	295
993	312
993	324
993	330
993	338
993	348
993	353
993	357
993	399
993	404
993	405
993	440
993	464
993	471
993	483
993	527
993	542
993	552
993	590
993	608
993	622
993	625
993	629
993	630
993	639
993	642
993	649
993	664
993	666
993	674
993	676
993	700
993	711
993	724
993	747
993	750
993	757
993	782
993	791
993	803
993	818
993	844
993	851
993	854
993	888
993	894
993	897
993	912
993	914
993	929
993	931
993	941
993	943
993	945
993	958
993	959
993	961
993	968
993	977
993	980
993	990
993	992
993	994
993	995
993	996
994	39
994	53
994	61
994	82
994	101
994	124
994	134
994	158
994	223
994	249
994	267
994	290
994	308
994	331
994	346
994	382
994	431
994	439
994	461
994	463
994	467
994	468
994	485
994	507
994	516
994	517
994	530
994	546
994	565
994	568
994	575
994	583
994	593
994	604
994	613
994	636
994	641
994	644
994	657
994	660
994	667
994	670
994	680
994	684
994	701
994	725
994	730
994	741
994	742
994	754
994	760
994	761
994	765
994	784
994	793
994	827
994	828
994	829
994	841
994	867
994	881
994	885
994	903
994	909
994	920
994	935
994	936
994	955
994	962
994	964
994	984
994	987
994	993
994	998
994	999
995	19
995	52
995	70
995	97
995	117
995	125
995	141
995	143
995	169
995	183
995	201
995	222
995	228
995	255
995	261
995	283
995	291
995	295
995	312
995	324
995	330
995	338
995	348
995	352
995	353
995	357
995	399
995	404
995	405
995	451
995	464
995	471
995	483
995	487
995	505
995	527
995	542
995	590
995	596
995	608
995	622
995	625
995	629
995	630
995	639
995	642
995	649
995	664
995	666
995	674
995	676
995	700
995	711
995	724
995	747
995	750
995	757
995	782
995	791
995	803
995	851
995	854
995	888
995	894
995	895
995	897
995	912
995	914
995	927
995	929
995	932
995	943
995	958
995	959
995	961
995	968
995	977
995	980
995	981
995	990
995	993
995	996
996	19
996	26
996	47
996	70
996	97
996	125
996	141
996	143
996	160
996	169
996	183
996	201
996	222
996	228
996	255
996	261
996	291
996	295
996	312
996	324
996	330
996	338
996	348
996	352
996	353
996	357
996	374
996	399
996	404
996	405
996	451
996	464
996	471
996	483
996	498
996	527
996	542
996	552
996	554
996	585
996	590
996	608
996	622
996	625
996	629
996	630
996	639
996	642
996	649
996	664
996	666
996	674
996	676
996	700
996	711
996	724
996	747
996	750
996	757
996	782
996	791
996	803
996	851
996	854
996	880
996	888
996	894
996	897
996	909
996	912
996	914
996	929
996	943
996	944
996	947
996	958
996	959
996	961
996	964
996	968
996	977
996	980
996	990
996	993
996	995
997	36
997	66
997	71
997	92
997	98
997	110
997	116
997	149
997	168
997	197
997	211
997	224
997	229
997	234
997	254
997	279
997	305
997	315
997	321
997	343
997	359
997	360
997	393
997	400
997	431
997	457
997	466
997	498
997	509
997	541
997	558
997	560
997	563
997	591
997	595
997	611
997	647
997	663
997	668
997	693
997	695
997	697
997	699
997	707
997	718
997	723
997	730
997	749
997	756
997	758
997	771
997	776
997	783
997	785
997	792
997	794
997	796
997	816
997	822
997	826
997	844
997	856
997	857
997	858
997	859
997	870
997	872
997	873
997	881
997	886
997	903
997	908
997	934
997	937
997	939
997	942
997	945
997	953
997	960
997	961
997	965
997	966
997	967
997	982
997	984
997	988
997	1000
998	5
998	31
998	39
998	44
998	51
998	72
998	73
998	81
998	111
998	119
998	130
998	150
998	165
998	180
998	187
998	191
998	200
998	210
998	223
998	267
998	284
998	288
998	325
998	328
998	340
998	351
998	369
998	373
998	383
998	395
998	446
998	449
998	463
998	468
998	482
998	487
998	493
998	507
998	508
998	516
998	518
998	519
998	526
998	530
998	549
998	556
998	564
998	582
998	603
998	604
998	616
998	636
998	641
998	644
998	648
998	657
998	660
998	667
998	670
998	673
998	684
998	707
998	751
998	754
998	755
998	761
998	765
998	768
998	784
998	793
998	810
998	827
998	829
998	841
998	885
998	898
998	909
998	914
998	920
998	935
998	936
998	955
998	962
998	964
998	967
998	979
998	984
998	987
998	988
998	994
998	999
999	22
999	30
999	44
999	53
999	61
999	72
999	73
999	81
999	82
999	101
999	111
999	124
999	176
999	191
999	200
999	272
999	288
999	290
999	325
999	331
999	340
999	346
999	351
999	366
999	369
999	373
999	401
999	431
999	439
999	444
999	446
999	458
999	461
999	463
999	467
999	468
999	485
999	486
999	487
999	508
999	510
999	517
999	518
999	519
999	526
999	546
999	549
999	568
999	573
999	592
999	593
999	603
999	621
999	644
999	648
999	657
999	660
999	670
999	680
999	684
999	725
999	741
999	751
999	760
999	761
999	765
999	768
999	783
999	784
999	828
999	829
999	841
999	862
999	863
999	867
999	873
999	885
999	891
999	909
999	920
999	935
999	936
999	955
999	960
999	962
999	964
999	983
999	984
999	987
999	994
999	998
999	1000
1000	4
1000	18
1000	24
1000	36
1000	37
1000	66
1000	77
1000	79
1000	84
1000	92
1000	98
1000	102
1000	116
1000	133
1000	136
1000	149
1000	164
1000	167
1000	185
1000	197
1000	224
1000	245
1000	265
1000	279
1000	319
1000	329
1000	334
1000	416
1000	438
1000	448
1000	457
1000	466
1000	514
1000	521
1000	541
1000	558
1000	581
1000	588
1000	591
1000	596
1000	597
1000	611
1000	634
1000	637
1000	663
1000	668
1000	671
1000	672
1000	682
1000	693
1000	699
1000	707
1000	718
1000	719
1000	723
1000	730
1000	732
1000	749
1000	756
1000	758
1000	762
1000	771
1000	776
1000	785
1000	794
1000	804
1000	809
1000	814
1000	816
1000	822
1000	834
1000	844
1000	856
1000	858
1000	859
1000	860
1000	871
1000	873
1000	881
1000	883
1000	903
1000	911
1000	934
1000	945
1000	946
1000	953
1000	960
1000	965
1000	966
1000	967
1000	970
1000	982
1000	988
1000	997
1000	999
