1	373
1	641
1	889
2	912
2	925
2	962
3	353
3	932
3	987
4	805
4	998
4	1000
5	857
5	991
5	997
6	964
6	967
6	969
7	786
7	840
7	989
8	492
8	817
8	989
9	635
9	636
9	975
10	485
10	917
10	994
11	876
11	983
11	994
12	635
12	830
12	940
13	646
13	963
13	971
14	240
14	509
14	980
15	50
15	414
15	647
16	641
16	910
16	994
17	503
17	506
17	1000
18	978
18	981
18	992
19	533
19	899
19	989
20	741
20	864
20	960
21	313
21	790
21	978
22	344
22	545
22	989
23	210
23	691
23	849
24	77
24	735
24	749
25	522
25	843
25	994
26	541
26	667
26	702
27	576
27	957
27	995
28	819
28	870
28	988
29	842
29	967
29	993
30	724
30	944
30	988
31	842
31	964
31	984
32	408
32	972
32	985
33	890
33	938
33	979
34	917
34	995
34	997
35	720
35	802
35	966
36	255
36	733
36	995
37	292
37	557
37	591
38	927
38	951
38	997
39	955
39	964
39	984
40	926
40	984
40	993
41	656
41	717
41	992
42	209
42	959
42	998
43	785
43	824
43	826
44	959
44	960
44	1000
45	779
45	964
45	984
46	771
46	841
46	994
47	430
47	974
47	1000
48	245
48	524
48	844
49	254
49	320
49	916
50	15
50	978
50	992
51	506
51	898
51	1000
52	983
52	984
52	994
53	216
53	964
53	990
54	647
54	692
54	865
55	680
55	947
55	977
56	670
56	924
56	992
57	63
57	493
57	907
58	942
58	996
58	999
59	952
59	977
59	979
60	971
60	986
60	992
61	813
61	936
61	997
62	659
62	866
62	998
63	57
63	290
63	722
64	828
64	942
64	999
65	86
65	958
65	980
66	961
66	970
66	989
67	933
67	945
67	947
68	827
68	969
68	976
69	176
69	748
69	984
70	851
70	966
70	994
71	738
71	954
71	968
72	195
72	745
72	962
73	822
73	993
73	997
74	632
74	921
74	987
75	327
75	901
75	976
76	925
76	966
76	994
77	24
77	602
77	753
78	978
78	986
78	996
79	846
79	867
79	933
80	917
80	955
80	990
81	817
81	901
81	980
82	685
82	975
82	977
83	978
83	992
83	996
84	921
84	924
84	968
85	422
85	628
85	998
86	65
86	825
86	890
87	907
87	942
87	949
88	709
88	797
88	965
89	874
89	952
89	979
90	981
90	982
90	999
91	454
91	658
91	911
92	473
92	905
92	983
93	267
93	769
93	961
94	693
94	992
94	999
95	163
95	577
95	764
96	961
96	972
96	974
97	897
97	957
97	993
98	803
98	986
98	999
99	866
99	970
99	989
100	800
100	990
100	998
101	986
101	992
101	996
102	963
102	971
102	996
103	160
103	968
103	976
104	652
104	878
104	888
105	985
105	998
105	1000
106	437
106	952
106	975
107	178
107	834
107	899
108	809
108	936
108	985
109	505
109	729
109	737
110	155
110	919
110	997
111	594
111	854
111	961
112	895
112	992
112	999
113	159
113	320
113	808
114	915
114	998
114	1000
115	694
115	972
115	998
116	960
116	998
116	1000
117	234
117	915
117	976
118	896
118	902
118	994
119	992
119	996
119	999
120	960
120	972
120	998
121	453
121	993
121	997
122	226
122	514
122	968
123	676
123	965
123	995
124	871
124	993
124	995
125	634
125	735
125	915
126	149
126	928
126	994
127	929
127	986
127	999
128	756
128	959
128	972
129	619
129	786
129	970
130	937
130	969
130	994
131	193
131	957
131	995
132	895
132	943
132	997
133	910
133	966
133	994
134	308
134	396
134	683
135	312
135	835
135	972
136	878
136	968
136	996
137	783
137	992
137	996
138	468
138	830
138	944
139	969
139	995
139	997
140	907
140	968
140	995
141	912
141	962
141	983
142	722
142	968
142	987
143	935
143	978
143	999
144	519
144	967
144	982
145	922
145	970
145	989
146	619
146	961
146	989
147	787
147	982
147	999
148	416
148	961
148	989
149	126
149	937
149	983
150	978
150	981
150	996
151	928
151	939
151	982
152	943
152	955
152	967
153	305
153	933
153	979
154	175
154	864
154	924
155	110
155	964
155	993
156	416
156	743
156	979
157	486
157	697
157	807
158	367
158	736
158	1000
159	113
159	985
159	1000
160	103
160	707
160	946
161	931
161	956
161	972
162	855
162	952
162	975
163	95
163	825
163	945
164	522
164	889
164	994
165	498
165	884
165	989
166	735
166	806
166	954
167	822
167	869
167	923
168	951
168	984
168	993
169	751
169	924
169	983
170	672
170	734
170	990
171	985
171	998
171	1000
172	575
172	962
172	994
173	715
173	998
173	1000
174	887
174	948
174	983
175	154
175	707
175	994
176	69
176	967
176	990
177	956
177	959
177	1000
178	107
178	472
178	492
179	638
179	835
179	1000
180	981
180	992
180	996
181	963
181	981
181	982
182	942
182	971
182	999
183	953
183	967
183	995
184	794
184	958
184	967
185	945
185	952
185	988
186	192
186	854
186	980
187	707
187	737
187	987
188	764
188	904
188	952
189	296
189	743
189	938
190	966
190	983
190	994
191	478
191	921
191	976
192	186
192	901
192	954
193	131
193	985
193	1000
194	935
194	996
194	999
195	72
195	745
195	948
196	500
196	820
196	964
197	310
197	916
197	980
198	971
198	978
198	999
199	294
199	811
199	970
200	874
200	969
200	991
201	872
201	969
201	995
202	617
202	793
202	924
203	816
203	927
203	990
204	818
204	830
204	976
205	963
205	973
205	999
206	890
206	947
206	975
207	250
207	931
207	998
208	797
208	984
208	993
209	42
209	763
209	835
210	23
210	812
210	873
211	963
211	982
211	996
212	592
212	707
212	921
213	939
213	996
213	999
214	578
214	973
214	992
215	296
215	689
215	947
216	53
216	957
216	990
217	973
217	982
217	996
218	808
218	827
218	988
219	229
219	813
219	895
220	245
220	984
220	995
221	731
221	941
221	1000
222	780
222	980
222	989
223	392
223	761
223	980
224	730
224	784
224	980
225	984
225	995
225	997
226	122
226	809
226	904
227	843
227	934
227	994
228	644
228	784
228	975
229	219
229	951
229	991
230	816
230	850
230	995
231	692
231	992
231	996
232	630
232	872
232	949
233	850
233	866
233	892
234	117
234	859
234	968
235	470
235	970
235	989
236	743
236	952
236	975
237	691
237	955
237	995
238	284
238	974
238	985
239	889
239	962
239	983
240	14
240	462
240	989
241	890
241	945
241	977
242	301
242	687
242	718
243	698
243	998
243	1000
244	828
244	908
244	992
245	48
245	220
245	580
246	888
246	962
246	966
247	434
247	916
247	958
248	981
248	986
248	988
249	937
249	948
249	994
250	207
250	530
250	931
251	943
251	995
251	997
252	373
252	538
252	843
253	412
253	754
253	966
254	49
254	744
254	857
255	36
255	949
255	968
256	809
256	815
256	977
257	279
257	598
257	980
258	416
258	703
258	981
259	930
259	973
259	981
260	819
260	827
260	891
261	956
261	998
261	1000
262	958
262	961
262	989
263	734
263	760
263	995
264	401
264	948
264	994
265	935
265	942
265	996
266	881
266	958
266	989
267	93
267	992
267	996
268	605
268	853
268	944
269	614
269	742
269	752
270	768
270	816
270	990
271	957
271	965
271	991
272	646
272	776
272	988
273	415
273	787
273	996
274	960
274	972
274	985
275	992
275	996
275	999
276	733
276	987
276	995
276	997
277	802
277	937
277	991
277	994
278	363
278	819
278	949
278	968
279	257
279	887
279	936
279	977
280	502
280	898
280	910
280	974
281	953
281	990
281	993
281	997
282	780
282	881
282	958
282	980
283	786
283	796
283	866
283	985
284	238
284	623
284	763
284	998
285	827
285	914
285	932
285	947
286	935
286	962
286	986
286	992
287	471
287	814
287	992
287	998
288	474
288	692
288	797
288	997
289	674
289	753
289	808
289	954
290	63
290	940
290	946
290	954
291	894
291	941
291	985
291	1000
292	37
292	755
292	929
292	944
293	780
293	935
293	982
293	999
294	199
294	712
294	916
294	958
295	380
295	443
295	952
295	975
296	189
296	215
296	784
296	936
297	556
297	725
297	968
297	995
298	745
298	794
298	926
298	943
299	439
299	822
299	991
299	995
300	909
300	971
300	973
300	978
301	242
301	369
301	493
301	987
302	468
302	691
302	774
302	914
303	540
303	808
303	870
303	988
304	397
304	738
304	759
304	954
305	153
305	398
305	861
305	933
306	939
306	978
306	986
306	999
307	571
307	786
307	881
307	970
308	134
308	353
308	970
308	989
309	959
309	985
309	998
309	1000
310	197
310	958
310	961
310	980
311	755
311	864
311	933
311	949
312	135
312	453
312	919
312	997
313	21
313	935
313	971
313	999
314	373
314	656
314	962
314	994
315	650
315	720
315	928
315	994
316	694
316	951
316	993
316	995
317	332
317	364
317	973
317	981
318	793
318	870
318	911
318	976
319	930
319	938
319	947
319	977
320	49
320	113
320	924
320	987
321	436
321	937
321	983
321	994
322	435
322	744
322	796
322	922
323	865
323	902
323	969
323	997
324	880
324	978
324	992
324	999
325	528
325	886
325	998
325	1000
326	873
326	883
326	915
326	929
327	75
327	531
327	735
327	929
328	953
328	967
328	993
328	997
329	972
329	974
329	998
329	1000
330	630
330	729
330	807
330	832
331	931
331	974
331	998
331	1000
332	317
332	935
332	982
332	986
333	699
333	926
333	990
333	997
334	488
334	687
334	940
334	949
335	639
335	836
335	861
335	979
336	957
336	984
336	990
336	995
337	480
337	869
337	993
337	995
338	934
338	962
338	983
338	994
339	730
339	922
339	980
339	989
340	347
340	960
340	985
340	1000
341	820
341	831
341	969
341	990
342	906
342	960
342	998
342	1000
343	805
343	959
343	985
343	1000
344	22
344	462
344	892
344	976
345	844
345	951
345	953
345	969
346	690
346	765
346	919
346	990
347	340
347	459
347	891
347	998
348	917
348	953
348	968
348	997
349	492
349	581
349	770
349	958
350	812
350	941
350	972
350	985
351	589
351	779
351	903
351	997
352	601
352	750
352	893
352	997
353	3
353	308
353	949
353	976
354	590
354	816
354	965
354	997
355	816
355	967
355	990
355	991
356	591
356	946
356	949
356	988
357	957
357	990
357	991
357	995
358	718
358	772
358	955
358	968
359	668
359	818
359	832
359	993
360	801
360	971
360	973
360	992
361	788
361	938
361	977
361	978
362	781
362	869
362	984
362	993
363	278
363	837
363	907
363	932
364	317
364	702
364	881
364	958
365	966
365	983
365	994
365	998
366	787
366	982
366	986
366	996
367	158
367	941
367	960
367	998
368	908
368	963
368	996
368	999
369	301
369	569
369	806
369	987
370	939
370	973
370	982
370	999
371	473
371	643
371	924
371	940
372	470
372	892
372	961
372	980
373	1
373	252
373	314
373	957
374	697
374	883
374	921
374	988
375	886
375	974
375	985
375	998
376	626
376	720
376	994
376	995
377	680
377	874
377	947
377	977
378	815
378	945
378	952
378	975
379	437
379	921
379	929
379	942
380	295
380	704
380	890
380	947
381	474
381	480
381	869
381	896
382	634
382	772
382	883
382	993
383	736
383	943
383	984
383	991
384	875
384	880
384	935
384	999
385	798
385	963
385	971
385	996
386	884
386	892
386	958
386	961
387	697
387	843
387	934
387	994
388	563
388	957
388	990
388	997
389	841
389	851
389	852
389	983
390	601
390	842
390	964
390	995
391	639
391	952
391	975
391	979
392	223
392	780
392	840
392	970
393	398
393	421
393	620
393	975
394	834
394	884
394	916
394	989
395	396
395	850
395	958
395	989
396	134
396	395
396	657
396	989
397	304
397	969
397	984
397	995
398	305
398	393
398	938
398	977
399	911
399	921
399	949
399	988
400	538
400	741
400	859
400	914
401	264
401	640
401	991
401	997
402	631
402	909
402	971
402	996
403	944
403	954
403	976
403	984
404	792
404	899
404	961
404	989
405	565
405	972
405	985
405	1000
406	821
406	825
406	842
406	979
407	731
407	974
407	998
407	1000
408	32
408	471
408	974
408	998
409	733
409	842
409	919
409	965
410	823
410	928
410	939
410	994
411	516
411	948
411	962
411	996
412	253
412	852
412	962
412	966
413	494
413	653
413	902
413	993
414	15
414	842
414	969
414	995
415	273
415	950
415	963
415	973
416	148
416	156
416	258
416	679
417	937
417	960
417	974
417	998
418	931
418	956
418	998
418	1000
419	960
419	985
419	998
419	1000
420	762
420	969
420	993
420	997
421	393
421	429
421	913
421	930
422	85
422	535
422	608
422	998
423	624
423	925
423	962
423	983
424	811
424	946
424	954
424	976
425	768
425	984
425	990
425	993
426	749
426	915
426	968
426	988
427	854
427	881
427	961
427	989
428	479
428	781
428	918
428	969
429	421
429	920
429	982
429	999
430	47
430	482
430	950
430	985
431	598
431	780
431	860
431	961
432	489
432	959
432	971
432	974
433	914
433	949
433	954
433	976
434	247
434	702
434	884
434	989
435	322
435	861
435	945
435	975
436	321
436	647
436	912
436	994
437	106
437	379
437	749
437	954
438	923
438	969
438	995
438	997
439	299
439	851
439	869
439	955
440	877
440	936
440	960
440	974
441	484
441	971
441	982
441	999
442	742
442	818
442	832
442	919
442	946
443	295
443	561
443	636
443	947
443	952
444	619
444	811
444	854
444	961
444	970
445	703
445	867
445	890
445	891
445	947
446	876
446	948
446	962
446	983
446	994
447	769
447	811
447	956
447	961
447	970
448	808
448	944
448	976
448	987
448	988
449	658
449	735
449	911
449	987
449	989
450	642
450	820
450	955
450	984
450	997
451	909
451	971
451	981
451	986
451	1000
452	829
452	959
452	960
452	985
452	1000
453	121
453	312
453	474
453	725
453	842
454	91
454	662
454	807
454	818
454	839
455	727
455	959
455	972
455	998
455	1000
456	644
456	654
456	698
456	812
456	825
457	510
457	792
457	901
457	980
457	989
458	715
458	750
458	789
458	964
458	995
459	347
459	747
459	956
459	974
459	1000
460	467
460	580
460	596
460	743
460	979
461	971
461	973
461	982
461	996
461	999
462	240
462	344
462	817
462	970
462	989
463	562
463	843
463	858
463	905
463	928
464	846
464	867
464	930
464	977
464	979
465	744
465	910
465	928
465	948
465	966
466	589
466	616
466	738
466	940
466	968
467	460
467	788
467	855
467	933
467	979
468	138
468	302
468	907
468	937
468	987
469	675
469	838
469	885
469	956
469	985
470	235
470	372
470	866
470	931
470	980
471	287
471	408
471	969
471	974
471	998
472	178
472	700
472	712
472	906
472	970
473	92
473	371
473	633
473	966
473	994
474	288
474	381
474	453
474	957
474	995
475	704
475	812
475	945
475	975
475	986
476	745
476	912
476	934
476	983
476	994
477	659
477	708
477	814
477	922
477	970
478	191
478	520
478	906
478	960
478	1000
479	428
479	955
479	993
479	995
479	997
480	337
480	381
480	765
480	856
480	926
481	981
481	982
481	986
481	996
481	999
482	430
482	860
482	960
482	972
482	985
483	567
483	796
483	850
483	881
483	899
484	441
484	840
484	884
484	961
484	970
485	10
485	925
485	960
485	966
485	994
486	157
486	851
486	896
486	934
486	994
487	742
487	751
487	845
487	949
487	976
488	334
488	915
488	924
488	987
488	988
489	432
489	687
489	960
489	972
489	998
490	865
490	957
490	964
490	993
490	995
491	502
491	893
491	945
491	947
491	977
492	8
492	178
492	349
492	677
492	958
493	57
493	301
493	554
493	837
493	987
494	413
494	759
494	839
494	872
494	987
495	512
495	718
495	753
495	968
495	988
496	950
496	973
496	994
496	996
496	999
497	628
497	829
497	972
497	998
497	1000
498	165
498	942
498	971
498	978
498	981
499	770
499	809
499	936
499	938
499	977
500	196
500	731
500	902
500	993
500	997
501	622
501	795
501	951
501	964
501	991
502	280
502	491
502	960
502	985
502	998
503	17
503	931
503	958
503	972
503	1000
504	923
504	957
504	967
504	990
504	997
505	109
505	789
505	950
505	992
505	999
506	17
506	51
506	610
506	972
506	985
507	625
507	870
507	905
507	962
507	966
508	956
508	959
508	960
508	974
508	1000
509	14
509	566
509	990
509	993
509	995
510	457
510	801
510	990
510	993
510	997
511	880
511	900
511	920
511	981
511	992
512	495
512	883
512	914
512	987
512	988
513	900
513	971
513	977
513	982
513	996
514	122
514	544
514	776
514	873
514	940
515	551
515	960
515	971
515	998
515	1000
516	411
516	633
516	674
516	720
516	983
517	626
517	652
517	858
517	889
517	995
518	971
518	981
518	992
518	996
518	999
519	144
519	728
519	980
519	993
519	997
520	478
520	835
520	956
520	959
520	985
521	784
521	836
521	936
521	938
521	975
522	25
522	164
522	799
522	925
522	966
523	939
523	950
523	982
523	986
523	999
524	48
524	746
524	885
524	998
524	1000
525	611
525	777
525	874
525	945
525	979
526	662
526	915
526	949
526	954
526	987
527	956
527	959
527	972
527	998
527	1000
528	325
528	683
528	956
528	998
528	1000
529	673
529	888
529	934
529	962
529	966
530	250
530	642
530	894
530	972
530	998
531	327
531	602
531	759
531	911
531	988
532	887
532	893
532	913
532	975
532	979
533	19
533	759
533	811
533	901
533	980
534	608
534	960
534	978
534	998
534	1000
535	422
535	747
535	894
535	926
535	960
536	927
536	948
536	967
536	991
536	993
537	720
537	752
537	928
537	948
537	994
538	252
538	400
538	905
538	925
538	948
539	813
539	897
539	984
539	990
539	993
540	303
540	678
540	749
540	879
540	988
541	26
541	825
541	936
541	945
541	952
542	759
542	849
542	873
542	945
542	976
543	723
543	852
543	925
543	992
543	994
544	514
544	859
544	870
544	932
544	989
545	22
545	792
545	916
545	970
545	980
546	807
546	818
546	929
546	949
546	987
547	680
547	880
547	978
547	996
547	999
548	766
548	926
548	984
548	990
548	991
549	649
549	663
549	972
549	998
549	1000
550	732
550	963
550	971
550	981
550	992
550	999
551	515
551	898
551	945
551	985
551	998
551	1000
552	604
552	633
552	984
552	993
552	995
552	997
553	676
553	701
553	926
553	940
553	943
553	955
554	493
554	563
554	605
554	681
554	849
554	879
555	816
555	950
555	986
555	992
555	996
555	999
556	297
556	964
556	965
556	984
556	991
556	993
557	37
557	853
557	872
557	879
557	906
557	976
558	606
558	687
558	839
558	879
558	924
558	946
559	595
559	892
559	958
559	970
559	980
559	984
560	834
560	854
560	881
560	901
560	916
560	970
561	443
561	868
561	938
561	945
561	953
561	977
562	463
562	611
562	860
562	877
562	898
562	972
563	388
563	554
563	831
563	984
563	990
563	993
564	942
564	963
564	978
564	986
564	992
564	999
565	405
565	609
565	963
565	973
565	982
565	999
566	509
566	653
566	785
566	829
566	964
566	991
567	483
567	617
567	839
567	924
567	968
567	988
568	925
568	934
568	948
568	962
568	978
568	994
569	369
569	879
569	949
569	954
569	976
569	987
570	896
570	905
570	925
570	944
570	948
570	994
571	307
571	840
571	901
571	932
571	970
571	980
572	635
572	775
572	887
572	933
572	945
572	979
573	803
573	826
573	939
573	992
573	996
573	999
574	775
574	782
574	891
574	974
574	985
574	998
575	172
575	823
575	888
575	905
575	934
575	966
576	27
576	871
576	895
576	951
576	955
576	997
577	95
577	580
577	679
577	815
577	836
577	913
578	214
578	960
578	972
578	974
578	998
578	1000
579	970
579	973
579	978
579	981
579	986
579	996
580	245
580	460
580	577
580	726
580	861
580	938
581	349
581	619
581	958
581	961
581	970
581	989
582	602
582	832
582	837
582	873
582	928
582	954
583	647
583	748
583	943
583	965
583	990
583	997
584	667
584	683
584	899
584	922
584	961
584	980
585	943
585	964
585	968
585	984
585	991
585	997
586	803
586	810
586	963
586	981
586	996
586	999
587	941
587	956
587	960
587	972
587	985
587	998
588	682
588	904
588	936
588	975
588	977
588	979
589	351
589	466
589	883
589	907
589	946
589	968
590	354
590	953
590	957
590	976
590	993
590	997
591	37
591	356
591	793
591	870
591	879
591	954
592	212
592	651
592	796
592	862
592	949
592	968
593	655
593	722
593	777
593	890
593	930
593	977
594	111
594	804
594	850
594	881
594	916
594	961
595	559
595	744
595	796
595	850
595	989
595	993
596	460
596	686
596	838
596	861
596	933
596	977
597	956
597	959
597	974
597	997
597	998
597	1000
598	257
598	431
598	804
598	884
598	916
598	989
599	727
599	950
599	986
599	992
599	996
599	999
600	612
600	655
600	809
600	823
600	890
600	979
601	352
601	390
601	847
601	857
601	965
601	990
602	77
602	531
602	582
602	774
602	975
602	987
603	902
603	957
603	969
603	982
603	990
603	993
604	552
604	926
604	984
604	991
604	994
604	997
605	268
605	554
605	819
605	872
605	926
605	944
606	558
606	627
606	772
606	859
606	940
606	976
607	963
607	977
607	981
607	986
607	996
607	999
608	422
608	534
608	959
608	972
608	998
608	1000
609	565
609	778
609	918
609	986
609	996
609	999
610	506
610	814
610	877
610	891
610	998
610	1000
611	525
611	562
611	941
611	974
611	998
611	1000
612	600
612	874
612	930
612	947
612	951
612	975
613	714
613	813
613	977
613	990
613	991
613	997
614	269
614	851
614	876
614	948
614	983
614	994
615	648
615	906
615	931
615	985
615	998
615	1000
616	466
616	693
616	818
616	864
616	915
616	987
617	202
617	567
617	718
617	954
617	968
617	987
618	699
618	773
618	959
618	972
618	998
618	1000
619	129
619	146
619	444
619	581
619	961
619	980
620	393
620	852
620	889
620	910
620	966
620	983
621	824
621	875
621	981
621	982
621	996
621	999
622	501
622	897
622	934
622	991
622	995
622	997
623	284
623	894
623	956
623	974
623	985
623	1000
624	423
624	754
624	888
624	937
624	948
624	966
625	507
625	912
625	925
625	934
625	983
625	994
626	376
626	517
626	858
626	937
626	983
626	994
627	606
627	860
627	898
627	906
627	941
627	1000
628	85
628	497
628	941
628	985
628	999
628	1000
629	899
629	905
629	948
629	962
629	983
629	994
630	232
630	330
630	883
630	932
630	940
630	948
631	402
631	950
631	978
631	981
631	996
631	999
632	74
632	849
632	940
632	954
632	987
632	990
633	473
633	516
633	552
633	934
633	937
633	948
633	983
634	125
634	382
634	932
634	940
634	946
634	949
634	987
635	9
635	12
635	572
635	821
635	952
635	975
635	979
636	9
636	443
636	846
636	855
636	884
636	975
636	979
637	666
637	678
637	870
637	932
637	944
637	976
637	987
638	179
638	805
638	972
638	974
638	985
638	998
638	1000
639	335
639	391
639	644
639	821
639	975
639	977
639	990
640	401
640	797
640	879
640	957
640	967
640	990
640	991
641	1
641	16
641	652
641	957
641	962
641	966
641	994
642	450
642	530
642	800
642	856
642	902
642	953
642	984
643	371
643	691
643	827
643	832
643	929
643	932
643	944
644	228
644	456
644	639
644	686
644	838
644	913
644	933
645	907
645	929
645	944
645	946
645	976
645	988
645	995
646	13
646	272
646	662
646	724
646	932
646	987
646	988
647	15
647	54
647	436
647	583
647	943
647	953
647	997
648	615
648	655
648	770
648	838
648	945
648	947
648	979
649	549
649	875
649	898
649	972
649	985
649	998
649	1000
650	315
650	693
650	963
650	978
650	992
650	996
650	999
651	592
651	707
651	718
651	806
651	845
651	944
651	988
652	104
652	517
652	641
652	787
652	905
652	983
652	994
653	413
653	566
653	709
653	790
653	926
653	991
653	995
654	456
654	814
654	829
654	931
654	974
654	998
654	1000
655	593
655	600
655	648
655	679
655	838
655	930
655	979
656	41
656	314
656	889
656	948
656	962
656	966
656	994
657	396
657	899
657	904
657	958
657	961
657	970
657	980
658	91
658	449
658	767
658	843
658	849
658	968
658	988
659	62
659	477
659	702
659	881
659	901
659	980
659	989
660	890
660	936
660	938
660	947
660	963
660	977
660	979
661	728
661	905
661	953
661	955
661	984
661	990
661	997
662	454
662	526
662	646
662	742
662	883
662	972
662	988
663	549
663	819
663	940
663	944
663	954
663	976
663	988
664	846
664	906
664	931
664	956
664	972
664	985
664	998
665	804
665	884
665	922
665	961
665	980
665	981
665	989
666	637
666	740
666	753
666	827
666	944
666	968
666	988
667	26
667	584
667	771
667	958
667	961
667	980
667	989
668	359
668	776
668	831
668	907
668	921
668	929
668	940
669	671
669	775
669	885
669	931
669	956
669	998
669	1000
670	56
670	791
670	878
670	935
670	986
670	996
670	999
671	669
671	864
671	886
671	974
671	985
671	998
671	1000
672	170
672	711
672	903
672	926
672	927
672	990
672	991
673	529
673	771
673	905
673	925
673	934
673	983
673	994
674	289
674	516
674	934
674	937
674	948
674	983
674	994
675	469
675	885
675	886
675	916
675	972
675	998
675	1000
676	123
676	553
676	833
676	857
676	943
676	990
676	991
677	492
677	817
677	884
677	916
677	938
677	980
677	989
678	540
678	637
678	742
678	753
678	915
678	940
678	988
679	416
679	577
679	655
679	904
679	930
679	952
679	975
680	55
680	377
680	547
680	777
680	893
680	936
680	938
681	554
681	707
681	793
681	819
681	866
681	949
681	988
682	588
682	743
682	893
682	930
682	973
682	977
682	979
683	134
683	528
683	584
683	884
683	901
683	970
683	980
684	971
684	973
684	981
684	982
684	983
684	992
684	996
685	82
685	784
685	938
685	947
685	975
685	977
685	979
686	596
686	644
686	867
686	868
686	933
686	952
686	977
687	242
687	334
687	489
687	558
687	944
687	946
687	954
688	942
688	971
688	986
688	992
688	994
688	996
688	999
689	215
689	825
689	846
689	904
689	947
689	979
689	997
690	346
690	766
690	801
690	848
690	890
690	957
690	995
690	997
691	23
691	237
691	302
691	643
691	807
691	819
691	921
691	987
692	54
692	231
692	288
692	719
692	943
692	953
692	957
692	967
693	94
693	616
693	650
693	935
693	942
693	978
693	992
693	999
694	115
694	316
694	710
694	860
694	894
694	931
694	956
694	1000
695	881
695	939
695	942
695	950
695	963
695	973
695	996
695	999
696	851
696	876
696	905
696	934
696	937
696	962
696	981
696	994
697	157
697	374
697	387
697	888
697	910
697	912
697	962
697	983
698	243
698	456
698	788
698	838
698	874
698	904
698	952
698	977
699	333
699	618
699	871
699	917
699	923
699	965
699	969
699	984
700	472
700	712
700	899
700	922
700	961
700	970
700	989
700	993
701	553
701	781
701	792
701	826
701	895
701	964
701	991
701	995
702	26
702	364
702	434
702	659
702	834
702	899
702	922
702	958
703	258
703	445
703	868
703	933
703	936
703	944
703	977
703	979
704	380
704	475
704	798
704	867
704	893
704	913
704	945
704	975
705	810
705	871
705	903
705	919
705	953
705	969
705	991
705	995
706	841
706	851
706	863
706	937
706	948
706	962
706	983
706	994
707	160
707	175
707	187
707	212
707	651
707	681
707	777
707	862
708	477
708	840
708	854
708	901
708	958
708	970
708	980
708	989
709	88
709	653
709	736
709	856
709	969
709	990
709	993
709	996
710	694
710	782
710	885
710	906
710	941
710	959
710	972
710	998
711	672
711	778
711	848
711	897
711	967
711	990
711	991
711	995
712	294
712	472
712	700
712	792
712	818
712	884
712	961
712	989
713	894
713	931
713	941
713	956
713	960
713	972
713	999
713	1000
714	613
714	799
714	919
714	943
714	955
714	981
714	993
714	997
715	173
715	458
715	848
715	951
715	965
715	984
715	990
715	997
716	750
716	816
716	831
716	865
716	882
716	969
716	991
716	995
717	41
717	920
717	971
717	978
717	981
717	986
717	992
717	999
718	242
718	358
718	495
718	617
718	651
718	932
718	946
718	987
719	692
719	768
719	847
719	895
719	917
719	965
719	995
719	997
720	35
720	315
720	376
720	516
720	537
720	956
720	962
720	994
721	756
721	758
721	909
721	918
721	950
721	971
721	981
721	999
722	63
722	142
722	593
722	741
722	839
722	849
722	864
722	924
723	543
723	771
723	851
723	858
723	910
723	962
723	983
723	994
724	30
724	646
724	853
724	921
724	944
724	949
724	954
724	976
725	297
725	453
725	734
725	768
725	965
725	967
725	969
725	984
725	997
726	580
726	743
726	847
726	887
726	913
726	930
726	952
726	977
726	979
727	455
727	599
727	863
727	935
727	939
727	942
727	981
727	986
727	999
728	519
728	661
728	800
728	840
728	897
728	955
728	964
728	995
728	997
729	109
729	330
729	767
729	776
729	807
729	911
729	976
729	987
729	988
730	224
730	339
730	777
730	855
730	861
730	904
730	938
730	975
730	979
731	221
731	407
731	500
731	782
731	885
731	959
731	974
731	985
731	1000
732	550
732	880
732	942
732	950
732	964
732	982
732	986
732	996
732	999
733	36
733	276
733	409
733	895
733	953
733	967
733	992
733	993
733	997
734	170
734	263
734	725
734	919
734	923
734	943
734	964
734	991
734	997
735	24
735	125
735	166
735	327
735	449
735	839
735	915
735	971
735	976
736	158
736	383
736	709
736	844
736	943
736	951
736	955
736	964
736	997
737	109
737	187
737	807
737	845
737	929
737	946
737	976
737	988
737	999
738	71
738	304
738	466
738	740
738	827
738	839
738	911
738	961
738	988
739	744
739	834
739	892
739	922
739	948
739	958
739	961
739	980
739	989
740	666
740	738
740	741
740	755
740	774
740	883
740	907
740	940
740	988
741	20
741	400
741	722
741	740
741	830
741	932
741	944
741	954
741	975
742	269
742	442
742	487
742	662
742	678
742	830
742	839
742	947
742	988
743	156
743	189
743	236
743	460
743	682
743	726
743	861
743	893
743	977
744	254
744	322
744	465
744	595
744	739
744	804
744	958
744	980
744	989
745	72
745	195
745	298
745	476
745	802
745	925
745	937
745	948
745	994
746	524
746	891
746	912
746	941
746	960
746	974
746	985
746	998
746	1000
747	459
747	535
747	888
747	891
747	906
747	959
747	974
747	985
747	1000
748	69
748	583
748	869
748	947
748	955
748	969
748	993
748	995
748	997
749	24
749	426
749	437
749	540
749	868
749	911
749	946
749	954
749	987
750	352
750	458
750	716
750	903
750	927
750	973
750	990
750	995
750	997
751	169
751	487
751	841
751	858
751	937
751	962
751	966
751	983
751	994
752	269
752	537
752	827
752	859
752	864
752	911
752	915
752	976
752	988
753	77
753	289
753	495
753	666
753	678
753	910
753	968
753	987
753	988
754	253
754	624
754	896
754	910
754	928
754	949
754	966
754	983
754	994
755	292
755	311
755	740
755	763
755	853
755	914
755	921
755	946
755	954
756	128
756	721
756	835
756	860
756	906
756	960
756	985
756	998
756	1000
757	908
757	963
757	971
757	973
757	978
757	986
757	992
757	996
757	999
758	721
758	784
758	935
758	939
758	950
758	978
758	992
758	996
758	999
759	304
759	494
759	531
759	533
759	542
759	914
759	944
759	987
759	988
760	263
760	950
760	963
760	978
760	982
760	986
760	992
760	996
760	999
761	223
761	786
761	800
761	840
761	850
761	854
761	899
761	970
761	989
762	420
762	935
762	942
762	950
762	971
762	982
762	986
762	992
762	999
763	209
763	284
763	755
763	956
763	972
763	974
763	985
763	998
763	1000
764	95
764	188
764	813
764	855
764	861
764	938
764	947
764	975
764	977
764	979
765	346
765	480
765	869
765	917
765	927
765	932
765	943
765	990
765	995
765	997
766	548
766	690
766	923
766	965
766	969
766	984
766	990
766	993
766	997
766	1000
767	658
767	729
767	772
767	827
767	842
767	873
767	929
767	944
767	968
767	976
768	270
768	425
768	719
768	725
768	790
768	854
768	964
768	965
768	984
768	990
769	93
769	447
769	780
769	850
769	922
769	941
769	958
769	970
769	980
769	989
770	349
770	499
770	648
770	838
770	867
770	893
770	913
770	936
770	977
770	979
771	46
771	667
771	673
771	723
771	925
771	928
771	948
771	962
771	966
771	983
772	358
772	382
772	606
772	767
772	837
772	907
772	923
772	924
772	987
772	988
773	618
773	857
773	885
773	941
773	956
773	959
773	974
773	985
773	998
773	1000
774	302
774	602
774	740
774	793
774	872
774	915
774	924
774	936
774	946
774	976
775	572
775	574
775	669
775	814
775	886
775	956
775	959
775	960
775	998
775	1000
776	272
776	514
776	668
776	729
776	859
776	877
776	911
776	924
776	944
776	987
777	525
777	593
777	680
777	707
777	730
777	890
777	904
777	945
777	947
777	975
778	609
778	711
778	833
778	878
778	920
778	973
778	978
778	992
778	996
778	999
779	45
779	351
779	831
779	862
779	865
779	943
779	965
779	984
779	990
779	991
780	222
780	282
780	293
780	392
780	431
780	769
780	892
780	958
780	970
780	980
781	362
781	428
781	701
781	813
781	923
781	927
781	951
781	964
781	995
781	999
782	574
782	710
782	731
782	885
782	886
782	927
782	941
782	960
782	998
782	1000
783	137
783	824
783	834
783	882
783	908
783	973
783	981
783	982
783	986
783	999
784	224
784	228
784	296
784	521
784	685
784	758
784	887
784	930
784	933
784	975
785	43
785	566
785	835
785	902
785	919
785	927
785	964
785	965
785	984
785	991
786	7
786	129
786	283
786	307
786	761
786	943
786	961
786	970
786	980
786	989
787	147
787	273
787	366
787	652
787	810
787	900
787	963
787	973
787	978
787	982
788	361
788	467
788	698
788	846
788	930
788	936
788	947
788	977
788	979
788	988
789	458
789	505
789	900
789	918
789	942
789	950
789	963
789	978
789	982
789	999
790	21
790	653
790	768
790	844
790	926
790	967
790	969
790	984
790	991
790	995
791	670
791	863
791	875
791	914
791	973
791	982
791	986
791	992
791	996
791	999
792	404
792	457
792	545
792	701
792	712
792	834
792	961
792	970
792	980
792	989
792	993
793	202
793	318
793	591
793	681
793	774
793	870
793	924
793	940
793	946
793	968
793	992
794	184
794	298
794	844
794	909
794	919
794	953
794	955
794	991
794	993
794	995
794	997
795	501
795	863
795	908
795	920
795	942
795	963
795	973
795	981
795	982
795	996
795	999
796	283
796	322
796	483
796	592
796	595
796	840
796	899
796	922
796	958
796	970
796	989
797	88
797	208
797	288
797	640
797	866
797	903
797	919
797	951
797	953
797	967
797	969
798	385
798	704
798	878
798	908
798	950
798	963
798	978
798	982
798	986
798	996
798	999
799	522
799	714
799	943
799	951
799	953
799	967
799	969
799	984
799	990
799	995
799	997
800	100
800	642
800	728
800	761
800	927
800	965
800	967
800	984
800	990
800	991
800	997
801	360
801	510
801	690
801	816
801	844
801	847
801	897
801	903
801	926
801	953
801	990
802	35
802	277
802	745
802	832
802	843
802	925
802	928
802	937
802	962
802	983
802	994
803	98
803	573
803	586
803	900
803	918
803	939
803	973
803	975
803	992
803	996
803	1000
804	594
804	598
804	665
804	744
804	861
804	892
804	901
804	958
804	961
804	980
804	989
805	4
805	343
805	638
805	885
805	886
805	908
805	941
805	974
805	985
805	998
805	1000
806	166
806	369
806	651
806	858
806	870
806	932
806	940
806	944
806	968
806	987
806	988
807	157
807	330
807	454
807	546
807	691
807	729
807	737
807	873
807	914
807	976
807	988
808	113
808	218
808	289
808	303
808	448
808	853
808	870
808	940
808	944
808	968
808	987
808	989
809	108
809	226
809	256
809	499
809	600
809	868
809	874
809	890
809	936
809	975
809	977
809	995
810	586
810	705
810	787
810	828
810	900
810	950
810	971
810	973
810	978
810	982
810	996
810	999
811	199
811	424
811	444
811	447
811	533
811	817
811	866
811	884
811	892
811	916
811	970
811	989
812	210
812	350
812	456
812	475
812	893
812	930
812	936
812	945
812	947
812	952
812	975
812	979
813	61
813	219
813	539
813	613
813	764
813	781
813	871
813	895
813	943
813	965
813	967
813	991
814	287
814	477
814	610
814	654
814	775
814	860
814	886
814	891
814	931
814	959
814	998
814	1000
815	256
815	378
815	577
815	831
815	836
815	838
815	887
815	904
815	936
815	938
815	977
815	979
816	203
816	230
816	270
816	354
816	355
816	555
816	716
816	801
816	817
816	967
816	984
816	990
817	8
817	81
817	462
817	677
817	811
817	816
817	881
817	916
817	922
817	953
817	958
817	989
818	204
818	359
818	442
818	454
818	546
818	616
818	712
818	859
818	914
818	940
818	968
818	976
819	28
819	260
819	278
819	605
819	663
819	681
819	691
819	830
819	839
819	946
819	976
819	991
820	196
820	341
820	450
820	853
820	953
820	955
820	964
820	967
820	990
820	991
820	995
820	997
821	406
821	635
821	639
821	868
821	893
821	913
821	920
821	933
821	938
821	975
821	976
821	977
822	73
822	167
822	299
822	830
822	919
822	965
822	967
822	990
822	991
822	993
822	995
822	997
823	410
823	575
823	600
823	896
823	912
823	928
823	934
823	962
823	966
823	983
823	989
823	994
824	43
824	621
824	783
824	828
824	971
824	973
824	981
824	982
824	986
824	992
824	996
824	999
825	86
825	163
825	406
825	456
825	541
825	689
825	893
825	913
825	930
825	932
825	952
825	977
826	43
826	573
826	701
826	847
826	874
826	897
826	953
826	957
826	965
826	967
826	993
826	995
827	68
827	218
827	260
827	285
827	643
827	666
827	738
827	752
827	767
827	872
827	922
827	976
828	64
828	244
828	810
828	824
828	963
828	964
828	973
828	981
828	982
828	986
828	992
828	999
829	452
829	497
829	566
829	654
829	877
829	894
829	931
829	937
829	956
829	960
829	974
829	998
829	1000
830	12
830	138
830	204
830	741
830	742
830	819
830	822
830	864
830	879
830	946
830	949
830	954
830	988
831	341
831	563
831	668
831	716
831	779
831	815
831	919
831	923
831	953
831	957
831	965
831	993
831	995
832	330
832	359
832	442
832	582
832	643
832	802
832	915
832	921
832	924
832	944
832	946
832	987
832	988
833	676
833	778
833	878
833	880
833	908
833	909
833	942
833	950
833	978
833	981
833	986
833	996
833	999
834	107
834	394
834	560
834	702
834	739
834	783
834	792
834	899
834	922
834	958
834	970
834	980
834	989
835	135
835	179
835	209
835	520
835	756
835	785
835	885
835	941
835	956
835	972
835	985
835	998
835	1000
836	335
836	521
836	577
836	815
836	846
836	863
836	874
836	904
836	933
836	938
836	952
836	977
836	979
837	363
837	493
837	582
837	772
837	907
837	911
837	929
837	940
837	949
837	968
837	972
837	988
837	998
838	469
838	596
838	644
838	648
838	655
838	698
838	770
838	815
838	893
838	913
838	952
838	973
838	975
839	454
839	494
839	558
839	567
839	722
839	735
839	738
839	742
839	819
839	862
839	949
839	986
839	988
840	7
840	392
840	484
840	571
840	708
840	728
840	761
840	796
840	916
840	958
840	961
840	970
840	980
841	46
841	389
841	706
841	751
841	852
841	858
841	876
841	886
841	888
841	962
841	966
841	983
841	994
842	29
842	31
842	390
842	406
842	409
842	414
842	453
842	767
842	857
842	902
842	955
842	957
842	984
843	25
843	227
843	252
843	387
843	463
843	658
843	802
843	889
843	934
843	937
843	966
843	983
843	994
844	48
844	345
844	736
844	790
844	794
844	801
844	857
844	867
844	902
844	917
844	951
844	991
844	997
845	487
845	651
845	737
845	849
845	914
845	940
845	946
845	954
845	968
845	976
845	985
845	987
845	998
846	79
846	464
846	636
846	664
846	689
846	788
846	836
846	868
846	887
846	913
846	947
846	975
846	977
847	601
847	719
847	726
847	801
847	826
847	923
847	951
847	953
847	954
847	964
847	967
847	991
847	997
848	690
848	711
848	715
848	857
848	902
848	950
848	953
848	955
848	967
848	990
848	993
848	995
848	997
849	23
849	542
849	554
849	632
849	658
849	722
849	845
849	912
849	914
849	946
849	968
849	987
849	988
850	230
850	233
850	395
850	483
850	594
850	595
850	761
850	769
850	899
850	922
850	961
850	980
850	989
851	70
851	389
851	439
851	486
851	614
851	696
851	706
851	723
851	905
851	928
851	934
851	966
851	999
852	389
852	412
852	543
852	620
852	841
852	888
852	910
852	925
852	928
852	948
852	966
852	983
852	994
853	268
853	557
853	724
853	755
853	808
853	820
853	862
853	915
853	924
853	944
853	949
853	987
853	992
854	111
854	186
854	427
854	444
854	560
854	708
854	761
854	768
854	881
854	901
854	922
854	961
854	980
855	162
855	467
855	636
855	730
855	764
855	876
855	904
855	933
855	936
855	945
855	975
855	977
855	979
856	480
856	642
856	709
856	871
856	903
856	926
856	951
856	952
856	953
856	964
856	984
856	991
856	993
857	5
857	254
857	601
857	676
857	773
857	842
857	844
857	848
857	869
857	926
857	951
857	957
857	965
858	463
858	517
858	626
858	723
858	751
858	806
858	841
858	896
858	912
858	934
858	937
858	962
858	966
858	983
859	234
859	400
859	544
859	606
859	752
859	776
859	818
859	899
859	914
859	921
859	924
859	968
859	976
859	988
860	431
860	482
860	562
860	627
860	694
860	756
860	814
860	941
860	956
860	959
860	972
860	974
860	998
860	1000
861	305
861	335
861	435
861	580
861	596
861	730
861	743
861	764
861	804
861	945
861	952
861	975
861	977
861	979
862	592
862	707
862	779
862	839
862	853
862	873
862	898
862	911
862	915
862	932
862	946
862	968
862	976
862	988
863	706
863	727
863	791
863	795
863	836
863	882
863	909
863	939
863	950
863	971
863	973
863	978
863	981
863	992
864	20
864	154
864	311
864	616
864	671
864	722
864	752
864	830
864	879
864	911
864	940
864	987
864	988
864	998
865	54
865	323
865	490
865	716
865	779
865	869
865	890
865	918
865	967
865	984
865	991
865	993
865	995
865	997
866	62
866	99
866	233
866	283
866	470
866	681
866	797
866	811
866	892
866	958
866	961
866	970
866	980
866	989
867	79
867	445
867	464
867	686
867	704
867	770
867	844
867	868
867	904
867	933
867	945
867	952
867	975
867	979
868	561
868	686
868	703
868	749
868	809
868	821
868	846
868	867
868	893
868	930
868	947
868	975
868	977
868	979
869	167
869	337
869	362
869	381
869	439
869	748
869	765
869	857
869	865
869	897
869	957
869	993
869	996
869	997
870	28
870	303
870	318
870	507
870	544
870	591
870	637
870	793
870	806
870	808
870	872
870	929
870	932
870	940
871	124
871	576
871	699
871	705
871	813
871	856
871	913
871	923
871	927
871	953
871	965
871	993
871	994
871	995
871	997
872	201
872	232
872	494
872	557
872	605
872	774
872	827
872	870
872	883
872	894
872	929
872	949
872	968
872	976
872	987
873	210
873	326
873	514
873	542
873	582
873	767
873	807
873	862
873	883
873	921
873	944
873	949
873	954
873	968
873	997
874	89
874	200
874	377
874	525
874	612
874	698
874	809
874	826
874	836
874	913
874	933
874	936
874	952
874	977
874	979
875	384
875	621
875	649
875	791
875	908
875	939
875	942
875	959
875	963
875	981
875	982
875	986
875	992
875	996
875	999
876	11
876	446
876	614
876	696
876	841
876	855
876	888
876	910
876	912
876	934
876	937
876	948
876	962
876	983
876	994
877	440
877	562
877	610
877	776
877	829
877	891
877	898
877	931
877	956
877	959
877	960
877	985
877	986
877	998
877	1000
878	104
878	136
878	670
878	778
878	798
878	833
878	909
878	920
878	950
878	963
878	971
878	973
878	986
878	996
878	999
879	540
879	554
879	557
879	558
879	569
879	591
879	640
879	830
879	864
879	915
879	929
879	954
879	968
879	987
879	988
879	997
880	324
880	384
880	511
880	547
880	732
880	833
880	909
880	939
880	963
880	978
880	981
880	984
880	986
880	992
880	996
880	999
881	266
881	282
881	307
881	364
881	427
881	483
881	560
881	594
881	659
881	695
881	817
881	854
881	925
881	970
881	980
881	989
882	716
882	783
882	863
882	918
882	920
882	935
882	950
882	971
882	973
882	975
882	978
882	981
882	986
882	992
882	996
882	999
883	326
883	374
883	382
883	512
883	589
883	630
883	662
883	740
883	872
883	873
883	932
883	955
883	976
883	987
883	988
883	991
884	165
884	386
884	394
884	434
884	484
884	598
884	636
884	665
884	677
884	683
884	712
884	811
884	916
884	961
884	980
884	989
885	469
885	524
885	669
885	675
885	710
885	731
885	773
885	782
885	805
885	835
885	930
885	931
885	941
885	959
885	974
885	1000
886	325
886	375
886	671
886	675
886	775
886	782
886	805
886	814
886	841
886	906
886	956
886	960
886	972
886	985
886	998
886	1000
887	174
887	279
887	532
887	572
887	726
887	784
887	815
887	846
887	904
887	933
887	936
887	938
887	942
887	945
887	952
887	977
888	104
888	246
888	529
888	575
888	624
888	697
888	747
888	841
888	852
888	876
888	896
888	909
888	928
888	934
888	962
888	983
888	994
889	1
889	164
889	239
889	517
889	620
889	656
889	843
889	892
889	896
889	905
889	910
889	912
889	928
889	934
889	966
889	983
889	994
890	33
890	86
890	206
890	241
890	380
890	445
890	593
890	600
890	660
890	690
890	777
890	809
890	865
890	936
890	947
890	952
890	979
891	260
891	347
891	445
891	574
891	610
891	746
891	747
891	814
891	877
891	894
891	931
891	941
891	959
891	972
891	974
891	998
891	1000
892	233
892	344
892	372
892	386
892	559
892	739
892	780
892	804
892	811
892	866
892	889
892	916
892	921
892	922
892	958
892	970
892	989
893	352
893	491
893	532
893	680
893	682
893	704
893	743
893	770
893	812
893	821
893	825
893	838
893	868
893	938
893	945
893	959
893	975
894	291
894	530
894	535
894	623
894	694
894	713
894	829
894	872
894	891
894	898
894	906
894	931
894	956
894	959
894	974
894	998
894	1000
895	112
895	132
895	219
895	576
895	701
895	719
895	733
895	813
895	943
895	951
895	955
895	957
895	965
895	970
895	991
895	993
895	997
896	118
896	381
896	486
896	570
896	754
896	823
896	858
896	888
896	889
896	910
896	912
896	925
896	928
896	966
896	967
896	983
896	994
897	97
897	539
897	622
897	711
897	728
897	801
897	826
897	869
897	923
897	951
897	952
897	955
897	969
897	990
897	991
897	993
897	995
898	51
898	280
898	551
898	562
898	627
898	649
898	862
898	877
898	894
898	941
898	959
898	960
898	972
898	974
898	985
898	990
898	998
898	1000
899	19
899	107
899	404
899	483
899	584
899	629
899	657
899	700
899	702
899	761
899	796
899	834
899	850
899	859
899	901
899	922
899	958
899	989
900	511
900	513
900	787
900	789
900	803
900	810
900	909
900	935
900	939
900	950
900	971
900	973
900	979
900	981
900	982
900	986
900	996
900	999
901	75
901	81
901	192
901	457
901	533
901	560
901	571
901	659
901	683
901	708
901	804
901	854
901	899
901	958
901	965
901	970
901	980
901	989
902	118
902	323
902	413
902	500
902	603
902	642
902	785
902	842
902	844
902	848
902	917
902	943
902	955
902	969
902	984
902	987
902	991
902	993
902	995
903	351
903	672
903	705
903	750
903	797
903	801
903	856
903	921
903	923
903	927
903	951
903	955
903	965
903	966
903	967
903	969
903	991
903	995
903	997
904	188
904	226
904	588
904	657
904	679
904	689
904	698
904	730
904	777
904	815
904	836
904	855
904	867
904	887
904	930
904	945
904	952
904	979
904	1000
905	92
905	463
905	507
905	538
905	570
905	575
905	629
905	652
905	661
905	673
905	696
905	851
905	889
905	910
905	912
905	925
905	943
905	983
905	994
906	342
906	472
906	478
906	557
906	615
906	627
906	664
906	710
906	747
906	756
906	886
906	894
906	941
906	956
906	960
906	974
906	985
906	998
906	1000
907	57
907	87
907	140
907	363
907	468
907	589
907	645
907	668
907	740
907	772
907	837
907	921
907	954
907	960
907	968
907	976
907	987
907	988
907	998
908	244
908	368
908	757
908	783
908	795
908	798
908	805
908	833
908	875
908	909
908	918
908	920
908	978
908	981
908	982
908	986
908	992
908	996
908	999
908	1000
909	300
909	402
909	451
909	721
909	794
909	833
909	863
909	878
909	880
909	888
909	900
909	908
909	942
909	963
909	978
909	981
909	982
909	986
909	996
909	999
910	16
910	133
910	280
910	465
910	620
910	697
910	723
910	753
910	754
910	852
910	876
910	889
910	896
910	905
910	928
910	937
910	948
910	966
910	983
910	994
911	91
911	318
911	399
911	449
911	531
911	729
911	738
911	749
911	752
911	776
911	837
911	862
911	864
911	929
911	940
911	943
911	968
911	987
911	988
911	994
912	2
912	141
912	436
912	476
912	625
912	697
912	746
912	823
912	849
912	858
912	876
912	889
912	896
912	905
912	934
912	937
912	948
912	962
912	983
912	994
913	421
913	532
913	577
913	644
913	704
913	726
913	770
913	821
913	825
913	838
913	846
913	871
913	874
913	933
913	934
913	945
913	947
913	952
913	975
913	979
914	285
914	302
914	400
914	433
914	512
914	755
914	759
914	791
914	807
914	818
914	845
914	849
914	859
914	924
914	929
914	946
914	949
914	954
914	956
914	976
914	987
915	114
915	117
915	125
915	326
915	426
915	488
915	526
915	616
915	678
915	735
915	752
915	774
915	832
915	853
915	862
915	879
915	944
915	949
915	966
915	986
915	988
916	49
916	197
916	247
916	294
916	394
916	545
916	560
916	594
916	598
916	675
916	677
916	811
916	817
916	840
916	884
916	892
916	920
916	958
916	970
916	980
916	989
917	10
917	34
917	80
917	348
917	699
917	719
917	765
917	844
917	902
917	919
917	926
917	953
917	955
917	964
917	969
917	979
917	984
917	990
917	991
917	993
917	995
917	997
918	428
918	609
918	721
918	789
918	803
918	865
918	882
918	908
918	920
918	935
918	939
918	950
918	963
918	971
918	973
918	978
918	981
918	982
918	986
918	992
918	996
918	999
919	110
919	312
919	346
919	409
919	442
919	705
919	714
919	734
919	785
919	794
919	797
919	822
919	831
919	917
919	923
919	939
919	953
919	964
919	967
919	969
919	991
919	995
919	997
920	429
920	511
920	717
920	778
920	795
920	821
920	878
920	882
920	908
920	916
920	918
920	950
920	963
920	971
920	973
920	976
920	978
920	981
920	982
920	986
920	992
920	996
920	999
921	74
921	84
921	191
921	212
921	374
921	379
921	399
921	668
921	691
921	724
921	755
921	832
921	859
921	873
921	892
921	903
921	907
921	924
921	929
921	932
921	968
921	976
921	987
922	145
922	322
922	339
922	477
922	584
922	665
922	700
922	702
922	739
922	769
922	796
922	817
922	827
922	834
922	850
922	854
922	892
922	899
922	958
922	961
922	964
922	980
922	989
923	167
923	438
923	504
923	699
923	734
923	766
923	772
923	781
923	831
923	847
923	871
923	897
923	903
923	919
923	927
923	953
923	955
923	960
923	965
923	967
923	991
923	993
923	997
924	56
924	84
924	154
924	169
924	202
924	320
924	371
924	488
924	558
924	567
924	722
924	772
924	774
924	776
924	793
924	832
924	853
924	859
924	914
924	921
924	944
924	949
924	988
925	2
925	76
925	423
925	485
925	522
925	538
925	543
925	568
925	570
925	625
925	673
925	745
925	771
925	802
925	852
925	881
925	896
925	905
925	928
925	931
925	937
925	948
925	966
925	994
926	40
926	298
926	333
926	480
926	535
926	548
926	553
926	604
926	605
926	653
926	672
926	790
926	801
926	856
926	857
926	917
926	927
926	951
926	957
926	964
926	969
926	991
926	993
926	995
927	38
927	203
927	536
927	672
927	750
927	765
927	781
927	782
927	785
927	800
927	871
927	903
927	923
927	926
927	951
927	957
927	964
927	965
927	970
927	980
927	990
927	991
927	993
927	997
928	126
928	151
928	315
928	410
928	463
928	465
928	537
928	582
928	754
928	771
928	802
928	823
928	851
928	852
928	888
928	889
928	896
928	910
928	925
928	937
928	962
928	978
928	983
928	994
929	127
929	292
929	326
929	327
929	379
929	546
929	643
929	645
929	668
929	737
929	767
929	837
929	870
929	872
929	879
929	911
929	914
929	921
929	932
929	940
929	946
929	976
929	987
929	991
930	259
930	319
930	421
930	464
930	593
930	612
930	655
930	679
930	682
930	726
930	784
930	788
930	812
930	825
930	868
930	885
930	904
930	933
930	936
930	938
930	945
930	947
930	952
930	975
930	979
931	161
931	207
931	250
931	331
931	418
931	470
931	503
931	615
931	654
931	664
931	669
931	694
931	713
931	814
931	829
931	877
931	885
931	891
931	894
931	925
931	941
931	959
931	974
931	985
931	998
932	3
932	285
932	363
932	544
932	571
932	630
932	634
932	637
932	643
932	646
932	718
932	741
932	765
932	806
932	825
932	862
932	870
932	883
932	921
932	929
932	949
932	954
932	976
932	987
932	988
933	67
933	79
933	153
933	305
933	311
933	467
933	572
933	596
933	644
933	686
933	703
933	784
933	821
933	836
933	855
933	867
933	874
933	887
933	913
933	930
933	936
933	938
933	945
933	948
933	975
933	977
934	227
934	338
934	387
934	476
934	486
934	529
934	568
934	575
934	622
934	625
934	633
934	673
934	674
934	696
934	823
934	843
934	851
934	858
934	876
934	888
934	889
934	912
934	913
934	966
934	983
934	994
934	995
935	143
935	194
935	265
935	286
935	293
935	313
935	332
935	384
935	670
935	693
935	727
935	758
935	762
935	882
935	900
935	918
935	939
935	942
935	950
935	953
935	963
935	973
935	982
935	992
935	996
935	999
935	1000
936	61
936	108
936	279
936	296
936	440
936	499
936	521
936	541
936	588
936	660
936	680
936	703
936	770
936	774
936	788
936	809
936	812
936	815
936	855
936	874
936	887
936	890
936	930
936	933
936	947
936	952
936	977
936	979
937	130
937	149
937	249
937	277
937	321
937	417
937	468
937	624
937	626
937	633
937	674
937	696
937	706
937	745
937	751
937	802
937	829
937	843
937	858
937	876
937	910
937	912
937	925
937	928
937	948
937	962
937	983
937	994
938	33
938	189
938	319
938	361
938	398
938	499
938	521
938	561
938	580
938	660
938	677
938	680
938	685
938	730
938	764
938	815
938	821
938	836
938	887
938	893
938	930
938	933
938	947
938	952
938	963
938	975
938	977
938	979
938	982
939	151
939	213
939	306
939	370
939	410
939	523
939	573
939	695
939	727
939	758
939	803
939	863
939	875
939	880
939	900
939	918
939	919
939	935
939	942
939	950
939	963
939	971
939	973
939	978
939	981
939	982
939	992
939	996
939	999
940	12
940	290
940	334
940	371
940	466
940	514
940	553
940	606
940	630
940	632
940	634
940	663
940	668
940	678
940	740
940	793
940	806
940	808
940	818
940	837
940	845
940	864
940	870
940	911
940	929
940	946
940	965
940	976
940	977
940	987
941	221
941	291
941	350
941	367
941	587
941	611
941	627
941	628
941	710
941	713
941	746
941	769
941	773
941	782
941	805
941	835
941	860
941	885
941	891
941	898
941	906
941	931
941	956
941	959
941	972
941	974
941	984
941	985
941	998
941	999
941	1000
942	58
942	64
942	87
942	182
942	265
942	379
942	498
942	564
942	688
942	693
942	695
942	727
942	732
942	762
942	789
942	795
942	833
942	875
942	887
942	909
942	935
942	939
942	973
942	978
942	981
942	982
942	986
942	990
942	992
942	996
942	999
943	132
943	152
943	251
943	298
943	383
943	553
943	583
943	585
943	647
943	676
943	692
943	714
943	734
943	736
943	765
943	779
943	786
943	799
943	813
943	895
943	902
943	905
943	911
943	951
943	955
943	965
943	984
943	991
943	993
943	995
943	997
944	30
944	138
944	268
944	292
944	403
944	448
944	570
944	605
944	637
944	643
944	645
944	651
944	663
944	666
944	687
944	703
944	724
944	741
944	759
944	767
944	776
944	806
944	808
944	832
944	853
944	873
944	915
944	924
944	952
944	954
944	987
944	988
945	67
945	163
945	185
945	241
945	378
945	435
945	475
945	491
945	525
945	541
945	542
945	551
945	561
945	572
945	648
945	704
945	777
945	812
945	855
945	861
945	867
945	887
945	893
945	904
945	913
945	930
945	933
945	947
945	975
945	977
945	979
945	992
946	160
946	290
946	356
946	424
946	442
946	558
946	589
946	634
946	645
946	687
946	718
946	737
946	749
946	755
946	774
946	793
946	819
946	830
946	832
946	845
946	849
946	862
946	914
946	929
946	940
946	949
946	954
946	974
946	976
946	988
946	991
946	996
947	55
947	67
947	206
947	215
947	285
947	319
947	377
947	380
947	443
947	445
947	491
947	612
947	648
947	660
947	685
947	689
947	742
947	748
947	764
947	777
947	788
947	812
947	846
947	868
947	890
947	913
947	930
947	936
947	938
947	945
947	975
947	977
947	979
948	174
948	195
948	249
948	264
948	411
948	446
948	465
948	536
948	537
948	538
948	568
948	570
948	614
948	624
948	629
948	630
948	633
948	656
948	674
948	706
948	739
948	745
948	771
948	852
948	876
948	910
948	912
948	925
948	933
948	937
948	962
948	966
948	983
948	994
949	87
949	232
949	255
949	278
949	311
949	334
949	353
949	356
949	399
949	433
949	487
949	526
949	546
949	569
949	592
949	634
949	681
949	724
949	754
949	830
949	837
949	839
949	853
949	872
949	873
949	914
949	915
949	924
949	932
949	946
949	968
949	970
949	976
949	980
949	988
950	415
950	430
950	496
950	505
950	523
950	555
950	599
950	631
950	695
950	721
950	732
950	758
950	760
950	762
950	789
950	798
950	810
950	833
950	848
950	863
950	878
950	882
950	900
950	918
950	920
950	935
950	939
950	973
950	978
950	981
950	982
950	986
950	993
950	996
950	999
951	38
951	168
951	229
951	316
951	345
951	501
951	576
951	612
951	715
951	736
951	781
951	797
951	799
951	844
951	847
951	856
951	857
951	895
951	897
951	903
951	926
951	927
951	943
951	955
951	964
951	965
951	969
951	979
951	980
951	984
951	990
951	991
951	993
951	995
951	997
952	59
952	89
952	106
952	162
952	185
952	188
952	236
952	295
952	378
952	391
952	443
952	541
952	635
952	679
952	686
952	698
952	726
952	812
952	825
952	836
952	838
952	856
952	861
952	867
952	874
952	887
952	890
952	897
952	904
952	913
952	930
952	936
952	938
952	944
952	975
952	979
952	990
953	183
953	281
953	328
953	345
953	348
953	561
953	590
953	642
953	647
953	661
953	692
953	705
953	733
953	794
953	797
953	799
953	801
953	817
953	820
953	826
953	831
953	847
953	848
953	856
953	871
953	917
953	919
953	923
953	935
953	955
953	957
953	962
953	964
953	969
953	990
953	995
953	997
954	71
954	166
954	192
954	289
954	290
954	304
954	403
954	424
954	433
954	437
954	526
954	569
954	582
954	591
954	617
954	632
954	663
954	687
954	724
954	741
954	749
954	755
954	830
954	845
954	847
954	873
954	879
954	907
954	914
954	932
954	944
954	946
954	968
954	973
954	976
954	987
954	988
954	989
955	39
955	80
955	152
955	237
955	358
955	439
955	450
955	479
955	553
955	576
955	661
955	714
955	728
955	736
955	748
955	794
955	820
955	842
955	848
955	883
955	895
955	897
955	902
955	903
955	917
955	923
955	943
955	951
955	953
955	957
955	961
955	963
955	967
955	969
955	984
955	991
955	995
955	997
956	161
956	177
956	261
956	418
956	447
956	459
956	469
956	508
956	520
956	527
956	528
956	587
956	597
956	623
956	664
956	669
956	694
956	713
956	720
956	763
956	773
956	775
956	829
956	835
956	860
956	877
956	886
956	894
956	906
956	914
956	941
956	959
956	960
956	966
956	972
956	974
956	985
956	998
956	1000
957	27
957	97
957	131
957	216
957	271
957	336
957	357
957	373
957	388
957	474
957	490
957	504
957	590
957	603
957	640
957	641
957	690
957	692
957	826
957	831
957	842
957	857
957	869
957	895
957	926
957	927
957	953
957	955
957	964
957	965
957	967
957	969
957	971
957	984
957	985
957	990
957	991
957	993
957	995
958	65
958	184
958	247
958	262
958	266
958	282
958	294
958	310
958	349
958	364
958	386
958	395
958	492
958	503
958	559
958	581
958	657
958	667
958	702
958	708
958	739
958	744
958	769
958	780
958	796
958	804
958	817
958	834
958	840
958	866
958	892
958	899
958	901
958	916
958	922
958	961
958	970
958	980
958	986
958	987
959	42
959	44
959	128
959	177
959	309
959	343
959	432
959	452
959	455
959	508
959	520
959	527
959	597
959	608
959	618
959	710
959	731
959	747
959	773
959	775
959	814
959	860
959	875
959	877
959	885
959	891
959	893
959	894
959	898
959	931
959	941
959	956
959	960
959	972
959	974
959	985
959	995
959	996
959	998
959	1000
960	20
960	44
960	116
960	120
960	274
960	340
960	342
960	367
960	417
960	419
960	440
960	452
960	478
960	482
960	485
960	489
960	502
960	508
960	515
960	534
960	535
960	578
960	587
960	713
960	746
960	756
960	775
960	782
960	829
960	877
960	886
960	898
960	906
960	907
960	923
960	956
960	959
960	974
960	985
960	998
960	1000
961	66
961	93
961	96
961	111
961	146
961	148
961	262
961	310
961	372
961	386
961	404
961	427
961	431
961	444
961	447
961	484
961	581
961	584
961	594
961	619
961	657
961	665
961	667
961	700
961	712
961	738
961	739
961	786
961	792
961	804
961	840
961	850
961	854
961	866
961	884
961	922
961	955
961	958
961	970
961	977
961	980
961	989
962	2
962	72
962	141
962	172
962	239
962	246
962	286
962	314
962	338
962	411
962	412
962	423
962	446
962	507
962	529
962	568
962	629
962	641
962	656
962	696
962	697
962	706
962	720
962	723
962	751
962	771
962	802
962	823
962	841
962	858
962	876
962	888
962	912
962	928
962	937
962	948
962	953
962	966
962	983
962	990
962	991
962	994
963	13
963	102
963	181
963	205
963	211
963	368
963	385
963	415
963	550
963	564
963	565
963	586
963	607
963	650
963	660
963	695
963	757
963	760
963	787
963	789
963	795
963	798
963	828
963	875
963	878
963	880
963	909
963	918
963	920
963	935
963	938
963	939
963	955
963	971
963	978
963	981
963	982
963	983
963	986
963	992
963	996
963	999
964	6
964	31
964	39
964	45
964	53
964	155
964	196
964	390
964	458
964	490
964	501
964	556
964	566
964	585
964	701
964	728
964	732
964	734
964	736
964	768
964	781
964	785
964	820
964	828
964	847
964	856
964	917
964	919
964	922
964	926
964	927
964	951
964	953
964	957
964	965
964	966
964	967
964	969
964	984
964	991
964	993
964	997
965	88
965	123
965	271
965	354
965	409
965	556
965	583
965	601
965	699
965	715
965	719
965	725
965	766
965	768
965	779
965	785
965	800
965	813
965	822
965	826
965	831
965	857
965	871
965	895
965	901
965	903
965	923
965	927
965	940
965	943
965	951
965	957
965	964
965	967
965	969
965	978
965	984
965	985
965	986
965	990
965	991
965	993
965	997
966	35
966	70
966	76
966	133
966	190
966	246
966	253
966	365
966	412
966	465
966	473
966	485
966	507
966	522
966	529
966	575
966	620
966	624
966	641
966	656
966	751
966	754
966	771
966	823
966	841
966	843
966	851
966	852
966	858
966	889
966	896
966	903
966	910
966	915
966	925
966	934
966	948
966	956
966	962
966	964
966	983
966	987
966	994
967	6
967	29
967	144
967	152
967	176
967	183
967	184
967	328
967	355
967	504
967	536
967	640
967	692
967	711
967	725
967	733
967	790
967	797
967	799
967	800
967	813
967	816
967	820
967	822
967	826
967	847
967	848
967	865
967	896
967	903
967	919
967	923
967	955
967	957
967	964
967	965
967	969
967	972
967	974
967	984
967	990
967	991
967	993
967	995
967	999
968	71
968	84
968	103
968	122
968	136
968	140
968	142
968	234
968	255
968	278
968	297
968	348
968	358
968	426
968	466
968	495
968	567
968	585
968	589
968	592
968	617
968	658
968	666
968	753
968	767
968	793
968	806
968	808
968	818
968	837
968	845
968	849
968	859
968	862
968	872
968	873
968	879
968	907
968	911
968	921
968	949
968	954
968	976
968	987
968	988
969	6
969	68
969	130
969	139
969	200
969	201
969	323
969	341
969	345
969	397
969	414
969	420
969	428
969	438
969	471
969	603
969	699
969	705
969	709
969	716
969	725
969	748
969	766
969	790
969	797
969	799
969	897
969	902
969	903
969	917
969	919
969	926
969	951
969	953
969	955
969	957
969	964
969	965
969	967
969	974
969	978
969	984
969	991
969	993
969	995
969	997
970	66
970	99
970	129
970	145
970	199
970	235
970	307
970	308
970	392
970	444
970	447
970	462
970	472
970	477
970	484
970	545
970	559
970	560
970	571
970	579
970	581
970	657
970	683
970	700
970	708
970	761
970	769
970	780
970	786
970	792
970	796
970	811
970	834
970	840
970	866
970	881
970	892
970	895
970	901
970	916
970	927
970	949
970	958
970	961
970	980
970	989
971	13
971	60
971	102
971	182
971	198
971	300
971	313
971	360
971	385
971	402
971	432
971	441
971	451
971	461
971	498
971	513
971	515
971	518
971	550
971	684
971	688
971	717
971	721
971	735
971	757
971	762
971	810
971	824
971	863
971	878
971	882
971	900
971	918
971	920
971	939
971	957
971	963
971	973
971	978
971	979
971	981
971	982
971	986
971	992
971	996
971	999
972	32
972	96
972	115
972	120
972	128
972	135
972	161
972	274
972	329
972	350
972	405
972	455
972	482
972	489
972	497
972	503
972	506
972	527
972	530
972	549
972	562
972	578
972	587
972	608
972	618
972	638
972	649
972	662
972	664
972	675
972	710
972	713
972	763
972	835
972	837
972	860
972	886
972	891
972	898
972	941
972	956
972	959
972	967
972	974
972	985
972	994
972	998
972	1000
973	205
973	214
973	217
973	259
973	300
973	317
973	360
973	370
973	415
973	461
973	496
973	565
973	579
973	682
973	684
973	695
973	750
973	757
973	778
973	783
973	787
973	791
973	795
973	803
973	810
973	824
973	828
973	838
973	863
973	878
973	882
973	900
973	918
973	920
973	935
973	939
973	942
973	950
973	954
973	971
973	978
973	981
973	982
973	986
973	990
973	992
973	996
973	999
974	47
974	96
974	238
974	280
974	329
974	331
974	375
974	407
974	408
974	417
974	432
974	440
974	459
974	471
974	508
974	574
974	578
974	597
974	611
974	623
974	638
974	654
974	671
974	731
974	746
974	747
974	763
974	773
974	805
974	829
974	860
974	885
974	891
974	894
974	898
974	906
974	931
974	941
974	946
974	956
974	959
974	960
974	967
974	969
974	972
974	982
974	985
974	988
974	998
974	1000
975	9
975	82
975	106
975	162
975	206
975	228
975	236
975	295
975	378
975	391
975	393
975	435
975	475
975	521
975	532
975	588
975	602
975	612
975	635
975	636
975	639
975	679
975	685
975	704
975	730
975	741
975	764
975	777
975	784
975	803
975	809
975	812
975	821
975	838
975	846
975	855
975	861
975	867
975	868
975	882
975	893
975	913
975	930
975	933
975	938
975	945
975	947
975	952
975	977
975	997
975	998
976	68
976	75
976	103
976	117
976	191
976	204
976	318
976	344
976	353
976	403
976	424
976	433
976	448
976	487
976	542
976	557
976	569
976	590
976	606
976	637
976	645
976	663
976	724
976	729
976	735
976	737
976	752
976	767
976	774
976	807
976	818
976	819
976	821
976	827
976	845
976	859
976	862
976	872
976	883
976	907
976	914
976	920
976	921
976	929
976	932
976	940
976	946
976	949
976	954
976	968
976	984
976	987
977	55
977	59
977	82
977	241
977	256
977	279
977	319
977	361
977	377
977	398
977	464
977	491
977	499
977	513
977	561
977	588
977	593
977	596
977	607
977	613
977	639
977	660
977	682
977	685
977	686
977	698
977	703
977	726
977	743
977	764
977	770
977	788
977	809
977	815
977	821
977	825
977	836
977	846
977	855
977	861
977	868
977	874
977	887
977	933
977	936
977	938
977	940
977	945
977	947
977	961
977	975
977	979
978	18
978	21
978	50
978	78
978	83
978	143
978	150
978	198
978	300
978	306
978	324
978	361
978	498
978	534
978	547
978	564
978	568
978	579
978	631
978	650
978	693
978	717
978	757
978	758
978	760
978	778
978	787
978	789
978	798
978	810
978	833
978	863
978	880
978	882
978	908
978	909
978	918
978	920
978	928
978	939
978	942
978	950
978	963
978	965
978	969
978	971
978	973
978	981
978	982
978	986
978	992
978	996
978	999
979	33
979	59
979	89
979	153
979	156
979	335
979	391
979	406
979	460
979	464
979	467
979	525
979	532
979	572
979	588
979	600
979	635
979	636
979	648
979	655
979	660
979	682
979	685
979	689
979	703
979	726
979	730
979	764
979	770
979	788
979	812
979	815
979	836
979	855
979	861
979	867
979	868
979	874
979	890
979	900
979	904
979	913
979	917
979	930
979	936
979	938
979	945
979	947
979	951
979	952
979	971
979	977
979	1000
980	14
980	65
980	81
980	186
980	197
980	222
980	223
980	224
980	257
980	282
980	310
980	339
980	372
980	457
980	470
980	519
980	533
980	545
980	559
980	571
980	584
980	619
980	657
980	659
980	665
980	667
980	677
980	683
980	708
980	739
980	744
980	769
980	780
980	786
980	792
980	804
980	834
980	840
980	850
980	854
980	866
980	881
980	884
980	901
980	916
980	922
980	927
980	949
980	951
980	958
980	961
980	970
980	989
980	996
981	18
981	90
981	150
981	180
981	181
981	248
981	258
981	259
981	317
981	451
981	481
981	498
981	511
981	518
981	550
981	579
981	586
981	607
981	621
981	631
981	665
981	684
981	696
981	714
981	717
981	721
981	727
981	783
981	795
981	824
981	828
981	833
981	863
981	875
981	880
981	882
981	900
981	908
981	909
981	918
981	920
981	939
981	942
981	950
981	963
981	971
981	973
981	978
981	982
981	986
981	992
981	996
981	997
981	999
982	90
982	144
982	147
982	151
982	181
982	211
982	217
982	293
982	332
982	366
982	370
982	429
982	441
982	461
982	481
982	513
982	523
982	565
982	603
982	621
982	684
982	732
982	760
982	762
982	783
982	787
982	789
982	791
982	795
982	798
982	810
982	824
982	828
982	875
982	900
982	908
982	909
982	918
982	920
982	935
982	938
982	939
982	942
982	950
982	963
982	971
982	973
982	974
982	978
982	981
982	983
982	986
982	992
982	996
982	998
982	999
983	11
983	52
983	92
983	141
983	149
983	169
983	174
983	190
983	239
983	321
983	338
983	365
983	389
983	423
983	446
983	476
983	516
983	614
983	620
983	625
983	626
983	629
983	633
983	652
983	673
983	674
983	684
983	697
983	706
983	723
983	751
983	754
983	771
983	802
983	823
983	841
983	843
983	852
983	858
983	876
983	888
983	889
983	896
983	905
983	910
983	912
983	928
983	934
983	937
983	948
983	962
983	963
983	966
983	982
983	987
983	994
983	997
984	31
984	39
984	40
984	45
984	52
984	69
984	168
984	208
984	220
984	225
984	336
984	362
984	383
984	397
984	403
984	425
984	450
984	539
984	548
984	552
984	556
984	559
984	563
984	585
984	604
984	642
984	661
984	699
984	715
984	725
984	766
984	768
984	779
984	785
984	790
984	799
984	800
984	816
984	842
984	856
984	865
984	880
984	902
984	917
984	941
984	943
984	951
984	955
984	957
984	964
984	965
984	967
984	969
984	976
984	990
984	993
984	995
984	997
985	32
985	105
985	108
985	159
985	171
985	193
985	238
985	274
985	283
985	291
985	309
985	340
985	343
985	350
985	375
985	405
985	419
985	430
985	452
985	469
985	482
985	502
985	506
985	520
985	551
985	574
985	587
985	615
985	623
985	628
985	638
985	649
985	664
985	671
985	731
985	746
985	747
985	756
985	763
985	773
985	805
985	835
985	845
985	877
985	886
985	898
985	906
985	931
985	941
985	956
985	957
985	959
985	960
985	965
985	972
985	974
985	998
985	1000
986	60
986	78
986	98
986	101
986	127
986	248
986	286
986	306
986	332
986	366
986	451
986	475
986	481
986	523
986	555
986	564
986	579
986	599
986	607
986	609
986	670
986	688
986	717
986	727
986	732
986	757
986	760
986	762
986	783
986	791
986	798
986	824
986	828
986	833
986	839
986	875
986	877
986	878
986	880
986	882
986	900
986	908
986	909
986	915
986	918
986	920
986	942
986	950
986	958
986	963
986	965
986	971
986	973
986	978
986	981
986	982
986	992
986	996
986	999
987	3
987	74
987	142
987	187
987	276
987	301
987	320
987	369
987	448
987	449
987	468
987	488
987	493
987	494
987	512
987	526
987	546
987	569
987	602
987	616
987	617
987	632
987	634
987	637
987	646
987	691
987	718
987	729
987	749
987	753
987	759
987	772
987	776
987	806
987	808
987	832
987	845
987	849
987	853
987	864
987	872
987	879
987	883
987	902
987	907
987	911
987	914
987	921
987	929
987	932
987	940
987	944
987	954
987	958
987	966
987	968
987	976
987	983
987	988
987	991
988	28
988	30
988	185
988	218
988	248
988	272
988	303
988	356
988	374
988	399
988	426
988	448
988	488
988	495
988	512
988	531
988	540
988	567
988	645
988	646
988	651
988	658
988	662
988	663
988	666
988	678
988	681
988	729
988	737
988	738
988	740
988	742
988	752
988	753
988	759
988	772
988	788
988	806
988	807
988	830
988	832
988	837
988	839
988	849
988	859
988	862
988	864
988	879
988	883
988	907
988	911
988	915
988	924
988	932
988	944
988	946
988	949
988	954
988	968
988	974
988	987
988	993
988	998
988	1000
989	7
989	8
989	19
989	22
989	66
989	99
989	145
989	146
989	148
989	165
989	222
989	235
989	240
989	262
989	266
989	308
989	339
989	394
989	395
989	396
989	404
989	427
989	434
989	449
989	457
989	462
989	544
989	581
989	595
989	598
989	659
989	665
989	667
989	677
989	700
989	708
989	712
989	739
989	744
989	761
989	769
989	786
989	792
989	796
989	804
989	808
989	811
989	817
989	823
989	834
989	850
989	866
989	881
989	884
989	892
989	899
989	901
989	916
989	922
989	954
989	961
989	970
989	980
989	996
990	53
990	80
990	100
990	170
990	176
990	203
990	216
990	270
990	281
990	333
990	336
990	341
990	346
990	355
990	357
990	388
990	425
990	504
990	509
990	510
990	539
990	548
990	563
990	583
990	601
990	603
990	613
990	632
990	639
990	640
990	661
990	672
990	676
990	709
990	711
990	715
990	750
990	765
990	766
990	768
990	779
990	799
990	800
990	801
990	816
990	820
990	822
990	848
990	897
990	898
990	917
990	927
990	942
990	951
990	952
990	953
990	957
990	962
990	965
990	967
990	973
990	984
990	991
990	993
990	995
990	997
991	5
991	200
991	229
991	271
991	277
991	299
991	355
991	357
991	383
991	401
991	501
991	536
991	548
991	556
991	566
991	585
991	604
991	613
991	622
991	640
991	653
991	672
991	676
991	701
991	705
991	711
991	716
991	734
991	779
991	785
991	790
991	794
991	800
991	813
991	819
991	820
991	822
991	844
991	847
991	856
991	865
991	883
991	895
991	897
991	902
991	903
991	917
991	919
991	923
991	926
991	927
991	929
991	943
991	946
991	951
991	955
991	957
991	962
991	964
991	965
991	967
991	969
991	987
991	990
991	993
991	995
991	997
992	18
992	41
992	50
992	56
992	60
992	83
992	94
992	101
992	112
992	119
992	137
992	180
992	214
992	231
992	244
992	267
992	275
992	286
992	287
992	324
992	360
992	505
992	511
992	518
992	543
992	550
992	555
992	564
992	573
992	599
992	650
992	684
992	688
992	693
992	717
992	733
992	757
992	758
992	760
992	762
992	778
992	791
992	793
992	803
992	824
992	828
992	853
992	863
992	875
992	880
992	882
992	908
992	918
992	920
992	935
992	939
992	942
992	945
992	963
992	971
992	973
992	978
992	981
992	982
992	986
992	995
992	996
992	999
993	29
993	40
993	73
993	97
993	121
993	124
993	155
993	168
993	208
993	281
993	316
993	328
993	337
993	359
993	362
993	382
993	413
993	420
993	425
993	479
993	490
993	500
993	509
993	510
993	519
993	536
993	539
993	552
993	556
993	563
993	590
993	595
993	603
993	700
993	709
993	714
993	733
993	748
993	766
993	792
993	794
993	822
993	826
993	831
993	848
993	856
993	865
993	869
993	871
993	895
993	897
993	902
993	917
993	923
993	926
993	927
993	943
993	950
993	951
993	957
993	964
993	965
993	967
993	969
993	984
993	988
993	990
993	991
993	995
993	997
994	10
994	11
994	16
994	25
994	46
994	52
994	70
994	76
994	118
994	126
994	130
994	133
994	164
994	172
994	175
994	190
994	227
994	249
994	264
994	277
994	314
994	315
994	321
994	338
994	365
994	376
994	387
994	410
994	436
994	446
994	473
994	476
994	485
994	486
994	496
994	537
994	543
994	568
994	570
994	604
994	614
994	625
994	626
994	629
994	641
994	652
994	656
994	673
994	674
994	688
994	696
994	706
994	720
994	723
994	745
994	751
994	754
994	802
994	823
994	841
994	843
994	852
994	871
994	876
994	888
994	889
994	896
994	905
994	910
994	911
994	912
994	925
994	928
994	934
994	937
994	948
994	962
994	966
994	972
994	983
994	997
995	27
995	34
995	36
995	123
995	124
995	131
995	139
995	140
995	183
995	201
995	220
995	225
995	230
995	237
995	251
995	263
995	276
995	297
995	299
995	316
995	336
995	337
995	357
995	376
995	390
995	397
995	414
995	438
995	458
995	474
995	479
995	490
995	509
995	517
995	552
995	622
995	645
995	653
995	690
995	701
995	705
995	711
995	716
995	719
995	728
995	748
995	750
995	765
995	781
995	790
995	794
995	799
995	809
995	820
995	822
995	826
995	831
995	848
995	865
995	871
995	897
995	902
995	903
995	917
995	919
995	926
995	934
995	943
995	951
995	953
995	955
995	957
995	959
995	967
995	969
995	984
995	990
995	991
995	992
995	993
995	999
996	58
996	78
996	83
996	101
996	102
996	119
996	136
996	137
996	150
996	180
996	194
996	211
996	213
996	217
996	231
996	265
996	267
996	273
996	275
996	366
996	368
996	385
996	402
996	411
996	461
996	481
996	496
996	513
996	518
996	547
996	555
996	573
996	579
996	586
996	599
996	607
996	609
996	621
996	631
996	650
996	670
996	684
996	688
996	695
996	709
996	732
996	757
996	758
996	760
996	778
996	791
996	795
996	798
996	803
996	810
996	824
996	833
996	869
996	875
996	878
996	880
996	882
996	900
996	908
996	909
996	918
996	920
996	935
996	939
996	942
996	946
996	950
996	959
996	963
996	971
996	973
996	978
996	980
996	981
996	982
996	986
996	989
996	992
996	999
996	1000
997	5
997	34
997	38
997	61
997	73
997	110
997	121
997	132
997	139
997	225
997	251
997	276
997	281
997	288
997	312
997	323
997	328
997	333
997	348
997	351
997	352
997	354
997	388
997	401
997	420
997	438
997	450
997	479
997	500
997	504
997	510
997	519
997	552
997	576
997	583
997	585
997	590
997	597
997	604
997	613
997	622
997	647
997	661
997	689
997	690
997	714
997	715
997	719
997	725
997	728
997	733
997	734
997	736
997	748
997	750
997	765
997	766
997	794
997	799
997	800
997	820
997	822
997	844
997	847
997	848
997	865
997	869
997	871
997	873
997	879
997	895
997	903
997	917
997	919
997	923
997	927
997	943
997	951
997	953
997	955
997	964
997	965
997	969
997	975
997	981
997	983
997	984
997	990
997	991
997	993
997	994
997	999
998	4
998	42
998	62
998	85
998	100
998	105
998	114
998	115
998	116
998	120
998	171
998	173
998	207
998	243
998	261
998	284
998	287
998	309
998	325
998	329
998	331
998	342
998	347
998	365
998	367
998	375
998	407
998	408
998	417
998	418
998	419
998	422
998	455
998	471
998	489
998	497
998	502
998	515
998	524
998	527
998	528
998	530
998	534
998	549
998	551
998	574
998	578
998	587
998	597
998	608
998	610
998	611
998	615
998	618
998	638
998	649
998	654
998	664
998	669
998	671
998	675
998	710
998	746
998	756
998	763
998	773
998	775
998	782
998	805
998	814
998	829
998	835
998	837
998	845
998	860
998	864
998	877
998	886
998	891
998	894
998	898
998	906
998	907
998	931
998	941
998	956
998	959
998	960
998	972
998	974
998	975
998	982
998	985
998	988
998	1000
999	58
999	64
999	90
999	94
999	98
999	112
999	119
999	127
999	143
999	147
999	182
999	194
999	198
999	205
999	213
999	275
999	293
999	306
999	313
999	324
999	368
999	370
999	384
999	429
999	441
999	461
999	481
999	496
999	505
999	518
999	523
999	547
999	550
999	555
999	564
999	565
999	573
999	586
999	599
999	607
999	609
999	621
999	628
999	631
999	650
999	670
999	688
999	693
999	695
999	713
999	717
999	721
999	727
999	732
999	737
999	757
999	758
999	760
999	762
999	778
999	781
999	783
999	789
999	791
999	795
999	798
999	810
999	824
999	828
999	833
999	851
999	875
999	878
999	880
999	882
999	900
999	908
999	909
999	918
999	920
999	935
999	939
999	941
999	942
999	950
999	963
999	967
999	971
999	973
999	978
999	981
999	982
999	986
999	992
999	995
999	996
999	997
999	1000
1000	4
1000	17
1000	44
1000	47
1000	51
1000	105
1000	114
1000	116
1000	158
1000	159
1000	171
1000	173
1000	177
1000	179
1000	193
1000	221
1000	243
1000	261
1000	291
1000	309
1000	325
1000	329
1000	331
1000	340
1000	342
1000	343
1000	405
1000	407
1000	418
1000	419
1000	451
1000	452
1000	455
1000	459
1000	478
1000	497
1000	503
1000	508
1000	515
1000	524
1000	527
1000	528
1000	534
1000	549
1000	551
1000	578
1000	597
1000	608
1000	610
1000	611
1000	615
1000	618
1000	623
1000	627
1000	628
1000	638
1000	649
1000	654
1000	669
1000	671
1000	675
1000	694
1000	713
1000	731
1000	746
1000	747
1000	756
1000	763
1000	766
1000	773
1000	775
1000	782
1000	803
1000	805
1000	814
1000	829
1000	835
1000	860
1000	877
1000	885
1000	886
1000	891
1000	894
1000	898
1000	904
1000	906
1000	908
1000	935
1000	941
1000	956
1000	959
1000	960
1000	972
1000	974
1000	979
1000	985
1000	988
1000	996
1000	998
1000	999
