1	750
1	990
1	992
2	764
2	988
2	995
3	515
3	955
3	983
4	978
4	988
4	995
5	280
5	681
5	943
6	971
6	983
6	999
7	813
7	924
7	992
8	212
8	459
8	798
9	926
9	954
9	957
10	868
10	910
10	972
11	786
11	949
11	999
12	493
12	982
12	992
13	271
13	694
13	701
14	986
14	988
14	995
15	878
15	997
15	999
16	991
16	997
16	999
17	809
17	978
17	989
18	724
18	815
18	883
19	617
19	980
19	993
20	836
20	901
20	965
21	597
21	989
21	990
22	991
22	997
22	999
23	406
23	538
23	837
24	858
24	983
24	999
25	302
25	984
25	996
26	76
26	797
26	985
27	804
27	945
27	969
28	325
28	837
28	972
29	949
29	983
29	991
30	804
30	938
30	980
31	250
31	662
31	985
32	111
32	759
32	798
33	227
33	350
33	688
34	739
34	946
34	980
35	820
35	953
35	979
36	884
36	900
36	953
37	906
37	986
37	987
38	509
38	866
38	995
39	826
39	954
39	989
40	284
40	286
40	817
41	667
41	723
41	774
42	374
42	701
42	960
43	195
43	629
43	920
44	840
44	977
44	993
45	919
45	929
45	985
46	961
46	981
46	992
47	236
47	645
47	904
48	958
48	988
48	995
49	492
49	777
49	869
50	870
50	893
50	942
51	974
51	986
51	988
52	756
52	998
52	1000
53	867
53	900
53	996
54	559
54	730
54	985
55	455
55	479
55	990
56	978
56	986
56	995
57	915
57	949
57	997
58	568
58	998
58	1000
59	530
59	975
59	998
60	316
60	383
60	999
61	707
61	906
61	939
62	942
62	998
62	1000
63	650
63	853
63	928
64	191
64	936
64	976
65	826
65	921
65	954
66	774
66	782
66	837
67	700
67	998
67	1000
68	983
68	997
68	999
69	773
69	895
69	982
70	948
70	957
70	992
71	912
71	943
71	966
72	994
72	998
72	1000
73	889
73	900
73	922
74	595
74	603
74	721
75	926
75	990
75	992
76	26
76	762
76	972
77	750
77	990
77	992
78	659
78	943
78	970
79	760
79	930
79	966
80	789
80	984
80	996
81	560
81	908
81	936
82	994
82	998
82	1000
83	878
83	968
83	999
84	892
84	956
84	992
85	971
85	983
85	999
86	363
86	690
86	944
87	994
87	998
87	1000
88	442
88	802
88	806
89	647
89	820
89	964
90	116
90	780
90	893
91	755
91	858
91	923
92	978
92	986
92	987
93	909
93	928
93	976
94	805
94	983
94	999
95	482
95	683
95	984
96	431
96	782
96	972
97	950
97	988
97	995
98	880
98	961
98	992
99	958
99	974
99	987
100	844
100	910
100	911
101	177
101	971
101	999
102	977
102	998
102	1000
103	310
103	340
103	569
104	450
104	944
104	984
105	926
105	953
105	990
106	772
106	901
106	963
107	837
107	938
107	972
108	735
108	998
108	1000
109	994
109	998
109	1000
110	495
110	513
110	937
111	32
111	803
111	898
112	816
112	856
112	953
113	748
113	879
113	993
114	406
114	723
114	898
115	987
115	994
115	998
116	90
116	770
116	912
117	797
117	872
117	965
118	792
118	869
118	891
119	812
119	834
119	966
120	823
120	909
120	979
121	743
121	984
121	996
122	811
122	854
122	993
123	727
123	750
123	990
124	968
124	983
124	997
125	473
125	979
125	996
126	909
126	946
126	993
127	896
127	964
127	979
128	873
128	981
128	992
129	372
129	815
129	965
130	320
130	673
130	906
131	571
131	951
131	973
132	928
132	936
132	976
133	590
133	911
133	998
134	216
134	899
134	964
135	504
135	567
135	946
136	633
136	649
136	981
137	975
137	998
137	1000
138	666
138	887
138	921
139	974
139	998
139	1000
140	247
140	839
140	932
141	994
141	998
141	1000
142	994
142	998
142	1000
143	651
143	815
143	847
144	914
144	962
144	993
145	804
145	866
145	980
146	955
146	997
146	999
147	907
147	920
147	925
148	973
148	988
148	995
149	931
149	987
149	995
150	472
150	770
150	864
151	880
151	892
151	960
152	562
152	743
152	893
153	994
153	998
153	1000
154	422
154	932
154	961
155	693
155	991
155	997
156	834
156	919
156	961
157	994
157	998
157	1000
158	971
158	997
158	999
159	419
159	954
159	992
160	983
160	991
160	997
161	849
161	902
161	907
162	704
162	984
162	996
163	569
163	759
163	898
164	506
164	700
164	789
165	799
165	834
165	970
166	314
166	762
166	825
167	463
167	474
167	966
168	694
168	964
168	984
169	548
169	867
169	944
170	974
170	978
170	995
171	871
171	961
171	990
172	951
172	986
172	995
173	280
173	870
173	928
174	774
174	902
174	992
175	479
175	957
175	989
176	210
176	830
176	969
177	101
177	997
177	999
178	814
178	934
178	976
179	202
179	315
179	966
180	215
180	709
180	951
181	980
181	993
181	998
182	724
182	844
182	905
183	822
183	945
183	962
184	874
184	939
184	996
185	786
185	858
185	896
186	994
186	998
186	1000
187	539
187	971
187	999
188	687
188	952
188	992
189	959
189	998
189	1000
190	973
190	987
190	995
191	64
191	961
191	996
192	500
192	991
192	999
193	707
193	817
193	924
194	624
194	983
194	997
195	43
195	905
195	972
196	945
196	980
196	993
197	718
197	954
197	990
198	688
198	747
198	985
199	987
199	988
199	995
200	658
200	962
200	993
201	994
201	998
201	1000
202	179
202	332
202	836
203	734
203	818
203	996
204	803
204	956
204	990
205	606
205	776
205	812
206	590
206	650
206	924
207	894
207	982
207	1000
208	530
208	953
208	979
209	985
209	997
209	999
210	176
210	511
210	854
211	894
211	963
211	982
212	8
212	215
212	869
213	994
213	998
213	1000
214	938
214	942
214	993
215	180
215	212
215	974
216	134
216	953
216	996
217	886
217	917
217	979
218	513
218	917
218	937
219	949
219	997
219	999
220	677
220	989
220	990
221	946
221	969
221	993
222	860
222	997
222	999
223	860
223	997
223	999
224	355
224	663
224	991
225	635
225	994
225	1000
226	928
226	944
226	996
227	33
227	688
227	868
228	991
228	997
228	999
229	875
229	896
229	917
230	510
230	893
230	904
231	931
231	973
231	995
232	773
232	994
232	1000
233	606
233	981
233	992
234	882
234	974
234	986
235	270
235	507
235	774
236	47
236	883
236	966
237	609
237	755
237	953
238	694
238	724
238	910
239	314
239	471
239	999
240	994
240	998
240	1000
241	759
241	911
241	972
242	949
242	997
242	999
243	973
243	998
243	1000
244	986
244	987
244	988
245	670
245	952
245	963
246	980
246	993
246	998
247	140
247	832
247	960
248	483
248	951
248	987
249	981
249	982
249	992
250	31
250	720
250	985
251	844
251	866
251	970
252	870
252	942
252	966
253	823
253	943
253	998
254	776
254	942
254	943
255	555
255	653
255	929
256	818
256	956
256	982
257	703
257	887
257	964
258	723
258	825
258	972
259	783
259	910
259	920
260	507
260	758
260	825
261	893
261	991
261	999
262	974
262	998
262	1000
263	777
263	792
263	933
264	575
264	861
264	929
265	878
265	955
265	999
266	986
266	987
266	994
267	449
267	660
267	993
268	431
268	869
268	920
269	952
269	989
269	990
270	235
270	366
270	849
271	13
271	688
271	694
272	646
272	789
272	953
273	906
273	928
273	996
274	540
274	938
274	993
275	948
275	957
275	992
276	868
276	983
276	997
277	480
277	962
277	993
278	513
278	646
278	979
279	853
279	856
279	924
280	5
280	173
280	864
281	848
281	850
281	999
282	863
282	929
282	965
283	927
283	988
283	995
284	40
284	681
284	765
285	469
285	873
285	932
286	40
286	858
286	999
287	994
287	998
287	1000
288	296
288	335
288	572
289	973
289	988
289	995
290	657
290	799
290	861
291	863
291	962
291	969
292	550
292	989
292	992
293	400
293	635
293	870
294	340
294	891
294	907
295	918
295	954
295	973
296	288
296	722
296	989
297	482
297	574
297	964
298	958
298	986
298	995
299	783
299	803
299	891
300	800
300	912
300	970
301	822
301	896
301	996
302	25
302	965
302	966
303	804
303	946
303	980
304	969
304	980
304	993
305	528
305	840
305	964
306	628
306	795
306	966
307	362
307	965
307	970
308	971
308	983
308	997
309	875
309	888
309	889
310	103
310	723
310	910
311	894
311	932
311	957
311	963
312	977
312	994
312	998
312	1000
313	962
313	969
313	980
313	993
314	166
314	239
314	340
314	910
315	179
315	994
315	998
315	1000
316	60
316	897
316	983
316	997
317	755
317	889
317	920
317	996
318	390
318	858
318	886
318	894
319	840
319	843
319	946
319	993
320	130
320	824
320	893
320	996
321	325
321	569
321	890
321	917
322	567
322	938
322	969
322	980
323	974
323	987
323	988
323	995
324	587
324	963
324	989
324	992
325	28
325	321
325	414
325	972
326	613
326	803
326	868
326	902
327	338
327	460
327	902
327	924
328	621
328	841
328	991
328	999
329	892
329	932
329	984
329	990
330	860
330	919
330	942
330	965
331	849
331	927
331	987
331	988
332	202
332	625
332	929
332	985
333	977
333	994
333	998
333	1000
334	949
334	971
334	991
334	999
335	288
335	536
335	768
335	820
336	746
336	826
336	939
336	992
337	821
337	863
337	970
337	985
338	327
338	844
338	891
338	966
339	940
339	968
339	991
339	999
340	103
340	294
340	314
340	633
341	495
341	734
341	896
341	909
342	787
342	983
342	988
342	997
343	812
343	879
343	893
343	985
344	659
344	743
344	881
344	970
345	611
345	927
345	973
345	978
346	940
346	983
346	991
346	997
347	436
347	824
347	953
347	984
348	856
348	874
348	976
348	996
349	690
349	856
349	939
349	995
350	33
350	869
350	905
350	920
351	728
351	991
351	997
351	999
352	879
352	914
352	980
352	993
353	677
353	960
353	979
353	989
354	612
354	656
354	768
354	944
355	224
355	826
355	981
355	992
356	766
356	842
356	991
356	997
357	484
357	904
357	930
357	970
358	687
358	956
358	982
358	989
359	685
359	915
359	955
359	999
360	916
360	973
360	987
360	995
361	652
361	791
361	976
361	979
362	307
362	904
362	947
362	991
363	86
363	512
363	761
363	996
364	379
364	745
364	979
364	996
365	940
365	968
365	997
365	999
366	270
366	368
366	783
366	849
367	872
367	887
367	989
367	992
368	366
368	712
368	925
368	972
369	731
369	872
369	989
369	990
370	959
370	975
370	998
370	1000
371	899
371	994
371	998
371	1000
372	129
372	919
372	943
372	965
373	952
373	960
373	969
373	992
374	42
374	872
374	922
374	956
375	841
375	991
375	997
375	999
376	967
376	994
376	998
376	1000
377	956
377	958
377	986
377	988
378	977
378	994
378	998
378	1000
379	364
379	820
379	944
379	996
380	888
380	978
380	987
380	995
381	573
381	736
381	969
381	993
382	555
382	641
382	651
382	929
383	60
383	729
383	968
383	991
384	983
384	991
384	995
384	999
385	533
385	749
385	804
385	993
386	973
386	987
386	988
386	995
387	841
387	860
387	949
387	997
388	584
388	604
388	831
388	942
389	973
389	974
389	987
389	988
390	318
390	402
390	637
390	976
391	851
391	938
391	945
391	993
392	672
392	817
392	889
392	984
393	929
393	930
393	965
393	997
394	761
394	994
394	998
394	1000
395	927
395	950
395	973
395	995
396	424
396	818
396	980
396	993
397	840
397	946
397	962
397	993
398	537
398	968
398	991
398	999
399	943
399	994
399	998
399	1000
400	293
400	583
400	864
400	883
401	902
401	994
401	998
401	1000
402	390
402	702
402	889
402	976
403	736
403	923
403	969
403	993
404	837
404	868
404	898
404	920
405	530
405	858
405	934
405	936
406	23
406	114
406	600
406	803
407	765
407	795
407	943
407	947
408	898
408	959
408	994
408	1000
409	882
409	958
409	978
409	986
410	951
410	983
410	997
410	999
411	880
411	957
411	989
411	992
412	512
412	598
412	922
412	976
413	798
413	911
413	925
413	972
414	325
414	659
414	919
414	970
415	982
415	989
415	990
415	992
416	882
416	888
416	973
416	995
417	672
417	939
417	984
417	996
418	635
418	780
418	943
418	985
419	159
419	762
419	866
419	972
420	430
420	871
420	963
420	992
421	933
421	994
421	998
421	1000
422	154
422	839
422	960
422	982
423	865
423	986
423	987
423	995
424	396
424	945
424	980
424	993
425	750
425	775
425	852
425	861
426	941
426	994
426	998
426	1000
427	856
427	874
427	957
427	976
428	595
428	868
428	898
428	920
429	778
429	885
429	997
429	999
430	420
430	587
430	918
430	961
431	96
431	268
431	891
431	972
432	901
432	944
432	957
432	981
433	951
433	958
433	988
433	995
434	821
434	981
434	989
434	990
435	489
435	511
435	858
435	993
436	347
436	914
436	922
436	979
437	958
437	974
437	987
437	995
438	931
438	952
438	986
438	988
439	739
439	822
439	877
439	946
440	734
440	924
440	937
440	944
441	951
441	974
441	978
441	995
442	88
442	816
442	944
442	984
443	705
443	949
443	997
443	999
444	643
444	827
444	835
444	916
445	858
445	937
445	976
445	987
446	765
446	951
446	988
446	995
447	680
447	991
447	997
447	999
448	788
448	930
448	942
448	966
449	267
449	962
449	980
449	993
450	104
450	518
450	917
450	953
451	647
451	768
451	874
451	996
452	584
452	730
452	741
452	942
453	582
453	895
453	926
453	957
454	923
454	971
454	991
454	997
455	55
455	948
455	960
455	990
456	839
456	950
456	973
456	986
457	504
457	923
457	969
457	980
458	842
458	994
458	998
458	1000
459	8
459	762
459	825
459	869
460	327
460	492
460	632
460	777
461	851
461	938
461	962
461	993
462	860
462	991
462	992
462	999
463	167
463	698
463	942
463	966
464	901
464	971
464	991
464	997
465	928
465	937
465	984
465	996
466	702
466	779
466	937
466	964
467	787
467	819
467	876
467	915
467	999
468	841
468	915
468	955
468	968
468	999
469	285
469	862
469	897
469	991
469	999
470	542
470	949
470	968
470	971
470	997
471	239
471	680
471	915
471	997
471	999
472	150
472	732
472	800
472	870
472	985
473	125
473	820
473	940
473	979
473	996
474	167
474	519
474	815
474	943
474	985
475	808
475	843
475	851
475	914
475	993
476	860
476	955
476	971
476	991
476	997
477	938
477	946
477	969
477	980
477	993
478	679
478	948
478	981
478	990
478	992
479	55
479	175
479	954
479	981
479	992
480	277
480	577
480	649
480	725
480	866
481	897
481	986
481	987
481	988
481	995
482	95
482	297
482	806
482	939
482	987
483	248
483	974
483	978
483	987
483	995
484	357
484	973
484	986
484	987
484	995
485	502
485	934
485	936
485	937
485	996
486	620
486	742
486	980
486	983
486	993
487	664
487	755
487	802
487	937
487	944
488	795
488	823
488	881
488	943
488	985
489	435
489	946
489	975
489	980
489	993
490	717
490	854
490	875
490	964
490	984
491	878
491	983
491	991
491	997
491	999
492	49
492	460
492	538
492	697
492	982
493	12
493	582
493	941
493	961
493	989
494	514
494	822
494	938
494	984
494	993
495	110
495	341
495	813
495	948
495	996
496	885
496	946
496	962
496	969
496	993
497	876
497	909
497	968
497	997
497	999
498	973
498	978
498	988
498	991
498	995
499	646
499	672
499	928
499	953
499	984
500	192
500	723
500	898
500	905
500	907
501	543
501	553
501	971
501	991
501	997
502	485
502	700
502	761
502	786
502	964
503	626
503	814
503	934
503	984
503	996
504	135
504	457
504	840
504	946
504	993
505	913
505	930
505	994
505	998
505	1000
506	164
506	552
506	718
506	936
506	979
507	235
507	260
507	629
507	837
507	920
508	569
508	595
508	891
508	907
508	911
509	38
509	599
509	764
509	866
509	920
510	230
510	795
510	823
510	893
510	965
511	210
511	435
511	567
511	980
511	993
512	363
512	412
512	609
512	939
512	984
513	110
513	218
513	278
513	928
513	984
514	494
514	854
514	980
514	983
514	993
515	3
515	584
515	715
515	733
515	997
516	674
516	806
516	909
516	922
516	976
517	916
517	974
517	986
517	988
517	995
518	450
518	971
518	991
518	997
518	999
519	474
519	847
519	904
519	970
519	985
520	878
520	940
520	979
520	991
520	997
521	790
521	971
521	986
521	987
521	995
522	628
522	853
522	874
522	900
522	944
523	975
523	977
523	994
523	998
523	1000
524	731
524	968
524	971
524	991
524	997
525	698
525	864
525	947
525	966
525	985
526	546
526	604
526	628
526	799
526	861
527	748
527	830
527	879
527	914
527	946
528	305
528	838
528	851
528	914
528	993
529	947
529	974
529	986
529	988
529	995
530	59
530	208
530	405
530	858
530	953
531	599
531	603
531	786
531	891
531	972
532	949
532	983
532	985
532	997
532	999
533	385
533	739
533	946
533	969
533	993
534	888
534	964
534	987
534	988
534	995
535	974
535	978
535	986
535	988
535	995
536	335
536	725
536	934
536	964
536	979
537	398
537	931
537	978
537	988
537	995
538	23
538	492
538	792
538	898
538	925
539	187
539	940
539	971
539	983
539	999
540	274
540	739
540	843
540	945
540	993
541	600
541	774
541	782
541	838
541	972
542	470
542	662
542	875
542	968
542	983
543	501
543	548
543	578
543	646
543	853
544	949
544	967
544	994
544	998
544	1000
545	855
545	977
545	994
545	998
545	1000
546	526
546	665
546	815
546	965
546	985
547	796
547	901
547	960
547	989
547	990
548	169
548	543
548	976
548	979
548	996
549	978
549	986
549	987
549	988
549	995
550	292
550	623
550	922
550	928
550	979
551	782
551	967
551	994
551	998
551	1000
552	506
552	935
552	994
552	998
552	1000
553	501
553	826
553	873
553	926
553	982
554	748
554	879
554	962
554	983
554	993
555	255
555	382
555	584
555	681
555	687
556	955
556	971
556	983
556	991
556	999
557	951
557	973
557	974
557	987
557	995
558	829
558	862
558	885
558	989
558	999
559	54
559	602
559	730
559	912
559	966
560	81
560	578
560	722
560	928
560	936
561	583
561	904
561	966
561	970
561	985
562	152
562	823
562	919
562	929
562	967
563	670
563	818
563	957
563	981
563	992
564	703
564	872
564	954
564	963
564	981
565	832
565	873
565	901
565	952
565	982
566	950
566	973
566	978
566	986
566	987
566	995
567	135
567	322
567	511
567	856
567	945
567	993
568	58
568	878
568	955
568	991
568	997
568	999
569	103
569	163
569	321
569	508
569	792
569	972
570	904
570	927
570	973
570	987
570	988
570	995
571	131
571	608
571	958
571	973
571	988
571	995
572	288
572	768
572	939
572	979
572	984
572	996
573	381
573	675
573	813
573	964
573	979
573	996
574	297
574	690
574	886
574	887
574	979
574	996
575	264
575	800
575	863
575	876
575	912
575	929
576	674
576	737
576	755
576	848
576	886
576	996
577	480
577	682
577	762
577	869
577	898
577	972
578	543
578	560
578	802
578	875
578	886
578	996
579	933
579	975
579	977
579	994
579	998
579	1000
580	927
580	950
580	974
580	987
580	988
580	995
581	748
581	841
581	885
581	949
581	968
581	997
582	453
582	493
582	929
582	948
582	963
582	990
583	400
583	561
583	815
583	881
583	919
583	990
584	388
584	452
584	515
584	555
584	607
584	965
585	931
585	950
585	951
585	978
585	986
585	987
586	967
586	975
586	977
586	994
586	998
586	1000
587	324
587	430
587	895
587	960
587	990
587	992
588	931
588	951
588	958
588	978
588	986
588	995
589	950
589	974
589	978
589	986
589	987
589	995
590	133
590	206
590	782
590	911
590	920
590	972
591	889
591	928
591	937
591	953
591	972
591	984
592	913
592	975
592	977
592	994
592	998
592	1000
593	767
593	941
593	967
593	994
593	998
593	1000
594	807
594	875
594	917
594	937
594	953
594	996
595	74
595	428
595	508
595	803
595	844
595	972
596	927
596	951
596	958
596	978
596	986
596	995
597	21
597	707
597	874
597	899
597	934
597	996
598	412
598	777
598	911
598	920
598	925
598	972
599	509
599	531
599	682
599	792
599	825
599	992
600	406
600	541
600	633
600	767
600	777
600	972
601	914
601	923
601	945
601	962
601	969
601	993
602	559
602	883
602	918
602	947
602	970
602	985
603	74
603	531
603	772
603	792
603	868
603	890
604	388
604	526
604	641
604	881
604	965
604	985
605	829
605	940
605	971
605	984
605	991
605	999
606	205
606	233
606	847
606	893
606	943
606	985
607	584
607	743
607	929
607	930
607	942
607	985
608	571
608	959
608	975
608	994
608	998
608	1000
609	237
609	512
609	737
609	908
609	937
609	979
610	967
610	975
610	977
610	994
610	998
610	1000
611	345
611	926
611	948
611	954
611	989
611	990
612	354
612	714
612	909
612	936
612	938
612	996
613	326
613	967
613	975
613	994
613	998
613	1000
614	951
614	974
614	978
614	987
614	988
614	995
615	940
615	955
615	965
615	983
615	991
615	999
616	693
616	832
616	880
616	956
616	965
616	990
617	19
617	689
617	843
617	879
617	946
617	969
618	643
618	878
618	940
618	991
618	997
618	999
619	660
619	716
619	811
619	962
619	969
619	980
620	486
620	658
620	923
620	959
620	969
620	993
621	328
621	661
621	696
621	968
621	997
621	999
622	681
622	799
622	963
622	965
622	970
622	985
623	550
623	673
623	817
623	964
623	979
623	996
624	194
624	955
624	968
624	980
624	983
624	997
625	332
625	640
625	863
625	947
625	965
625	985
626	503
626	702
626	714
626	964
626	976
626	979
627	948
627	952
627	956
627	961
627	981
627	992
628	306
628	522
628	526
628	747
628	810
628	912
629	43
629	507
629	694
629	758
629	825
629	994
630	887
630	894
630	905
630	957
630	982
630	992
631	742
631	807
631	843
631	945
631	962
631	993
632	460
632	783
632	837
632	907
632	910
632	992
633	136
633	340
633	600
633	868
633	898
633	907
634	770
634	805
634	853
634	922
634	984
634	996
635	225
635	293
635	418
635	720
635	881
635	985
636	672
636	852
636	921
636	948
636	956
636	989
637	390
637	683
637	729
637	900
637	939
637	996
638	668
638	693
638	926
638	989
638	990
638	992
639	941
639	967
639	977
639	994
639	998
639	1000
640	625
640	885
640	940
640	971
640	991
640	999
641	382
641	604
641	893
641	904
641	943
641	966
641	970
642	916
642	950
642	951
642	973
642	986
642	994
642	995
643	444
643	618
643	850
643	885
643	940
643	983
643	997
644	826
644	873
644	905
644	960
644	982
644	990
644	992
645	47
645	674
645	679
645	791
645	886
645	934
645	979
646	272
646	278
646	499
646	543
646	899
646	908
646	984
647	89
647	451
647	719
647	802
647	906
647	939
647	996
648	963
648	967
648	975
648	977
648	994
648	998
648	1000
649	136
649	480
649	721
649	724
649	868
649	911
649	954
650	63
650	206
650	704
650	710
650	908
650	984
650	996
651	143
651	382
651	732
651	847
651	912
651	942
651	989
652	361
652	712
652	951
652	958
652	986
652	988
652	995
653	255
653	793
653	903
653	975
653	977
653	994
653	1000
654	884
654	913
654	975
654	977
654	994
654	998
654	1000
655	685
655	915
655	940
655	955
655	976
655	991
655	997
656	354
656	958
656	973
656	986
656	987
656	988
656	995
657	290
657	711
657	836
657	863
657	883
657	947
657	966
658	200
658	620
658	748
658	754
658	830
658	838
658	993
659	78
659	344
659	414
659	812
659	942
659	970
659	985
660	267
660	619
660	671
660	923
660	938
660	980
660	993
661	621
661	908
661	949
661	955
661	983
661	991
661	999
662	31
662	542
662	915
662	949
662	968
662	991
662	999
663	224
663	892
663	940
663	963
663	981
663	989
663	992
664	487
664	952
664	954
664	960
664	981
664	990
664	992
665	546
665	950
665	958
665	974
665	987
665	988
665	995
666	138
666	829
666	887
666	954
666	961
666	982
666	990
667	41
667	725
667	898
667	902
667	910
667	925
667	931
668	638
668	832
668	880
668	901
668	961
668	982
668	992
669	927
669	931
669	950
669	973
669	974
669	987
669	995
670	245
670	563
670	719
670	950
670	952
670	956
670	981
671	660
671	935
671	967
671	975
671	994
671	998
671	1000
672	392
672	417
672	499
672	636
672	896
672	984
672	996
673	130
673	623
673	899
673	937
673	964
673	981
673	996
674	516
674	576
674	645
674	718
674	899
674	928
674	980
675	573
675	729
675	761
675	939
675	976
675	984
675	996
676	800
676	810
676	823
676	853
676	942
676	966
676	970
677	220
677	353
677	852
677	956
677	957
677	981
677	990
678	774
678	959
678	967
678	975
678	977
678	998
678	1000
679	478
679	645
679	853
679	867
679	899
679	906
679	984
680	447
680	471
680	842
680	940
680	991
680	997
680	999
681	5
681	284
681	555
681	622
681	795
681	861
681	935
682	577
682	599
682	825
682	837
682	891
682	902
682	911
683	95
683	637
683	786
683	900
683	976
683	979
683	984
684	848
684	931
684	950
684	973
684	978
684	986
684	995
685	359
685	655
685	829
685	983
685	991
685	997
685	999
686	848
686	949
686	971
686	983
686	991
686	997
686	998
687	188
687	358
687	555
687	948
687	952
687	954
687	989
688	33
688	198
688	227
688	271
688	723
688	725
688	890
689	617
689	941
689	959
689	975
689	977
689	998
689	1000
690	86
690	349
690	574
690	934
690	939
690	953
690	996
691	707
691	958
691	974
691	978
691	986
691	987
691	988
691	995
692	808
692	811
692	923
692	927
692	946
692	962
692	969
692	993
693	155
693	616
693	638
693	731
693	775
693	963
693	982
693	992
694	13
694	168
694	238
694	271
694	629
694	869
694	911
694	920
695	814
695	889
695	896
695	906
695	908
695	937
695	984
695	985
696	621
696	787
696	842
696	955
696	983
696	991
696	997
696	999
697	492
697	767
697	772
697	890
697	898
697	902
697	907
697	920
698	463
698	525
698	730
698	778
698	861
698	881
698	904
698	985
699	859
699	941
699	959
699	967
699	975
699	994
699	998
699	1000
700	67
700	164
700	502
700	928
700	936
700	939
700	984
700	996
701	13
701	42
701	703
701	809
701	954
701	963
701	982
701	989
702	402
702	466
702	626
702	896
702	917
702	964
702	976
702	988
703	257
703	564
703	701
703	721
703	865
703	901
703	952
703	990
704	162
704	650
704	806
704	855
704	939
704	944
704	976
704	984
705	443
705	915
705	949
705	971
705	983
705	991
705	997
705	999
706	900
706	908
706	917
706	934
706	944
706	962
706	984
706	996
707	61
707	193
707	597
707	691
707	816
707	856
707	917
707	976
708	757
708	821
708	921
708	952
708	954
708	955
708	961
708	992
709	180
709	764
709	916
709	974
709	975
709	986
709	988
709	995
710	650
710	760
710	814
710	817
710	867
710	896
710	906
710	934
711	657
711	885
711	897
711	968
711	983
711	991
711	997
711	999
712	368
712	652
712	827
712	950
712	986
712	987
712	988
712	995
713	933
713	967
713	975
713	977
713	991
713	994
713	998
713	1000
714	612
714	626
714	717
714	779
714	939
714	976
714	979
714	984
715	515
715	738
715	915
715	957
715	968
715	991
715	997
715	999
716	619
716	808
716	851
716	900
716	923
716	945
716	962
716	980
717	490
717	714
717	875
717	889
717	899
717	928
717	933
717	976
718	197
718	506
718	674
718	786
718	813
718	824
718	889
718	984
719	647
719	670
719	752
719	926
719	948
719	961
719	981
719	992
720	250
720	635
720	740
720	765
720	780
720	799
720	863
720	966
721	74
721	649
721	703
721	844
721	891
721	907
721	925
721	972
722	296
722	560
722	816
722	821
722	922
722	939
722	979
722	984
723	41
723	114
723	258
723	310
723	500
723	688
723	803
723	890
724	18
724	182
724	238
724	649
724	803
724	905
724	910
724	925
725	480
725	536
725	667
725	688
725	767
725	772
725	902
725	925
726	748
726	914
726	945
726	946
726	962
726	969
726	980
726	993
727	123
727	870
727	952
727	956
727	960
727	982
727	989
727	990
728	351
728	950
728	973
728	974
728	978
728	986
728	987
728	995
729	383
729	637
729	675
729	789
729	805
729	896
729	909
729	953
729	984
730	54
730	452
730	559
730	698
730	732
730	885
730	919
730	929
730	947
731	369
731	524
731	693
731	895
731	952
731	956
731	957
731	961
731	989
732	472
732	651
732	730
732	760
732	893
732	918
732	942
732	966
732	970
733	515
733	862
733	895
733	897
733	971
733	983
733	991
733	997
733	999
734	203
734	341
734	440
734	789
734	791
734	909
734	914
734	984
734	996
735	108
735	739
735	811
735	854
735	923
735	938
735	962
735	980
735	993
736	381
736	403
736	749
736	807
736	830
736	838
736	914
736	962
736	996
737	576
737	609
737	898
737	909
737	934
737	939
737	979
737	984
737	996
738	715
738	841
738	876
738	897
738	912
738	915
738	955
738	968
738	997
739	34
739	439
739	533
739	540
739	735
739	742
739	923
739	946
739	954
740	720
740	903
740	933
740	959
740	967
740	975
740	994
740	998
740	1000
741	452
741	788
741	834
741	864
741	929
741	942
741	970
741	985
741	997
742	486
742	631
742	739
742	915
742	938
742	946
742	962
742	969
742	980
743	121
743	152
743	344
743	607
743	815
743	930
743	942
743	947
743	970
744	921
744	941
744	959
744	967
744	975
744	977
744	994
744	998
744	1000
745	364
745	818
745	826
745	852
745	871
745	948
745	960
745	961
745	989
746	336
746	846
746	855
746	872
746	926
746	932
746	981
746	989
746	992
747	198
747	628
747	780
747	815
747	831
747	893
747	970
747	981
747	985
748	113
748	527
748	554
748	581
748	658
748	726
748	854
748	879
748	969
749	385
749	736
749	843
749	923
749	945
749	953
749	969
749	980
749	993
750	1
750	77
750	123
750	425
750	821
750	921
750	934
750	960
750	982
751	876
751	913
751	941
751	959
751	967
751	977
751	994
751	998
751	1000
752	719
752	852
752	887
752	926
752	948
752	961
752	989
752	992
752	993
753	780
753	837
753	847
753	919
753	942
753	947
753	965
753	966
753	985
754	658
754	758
754	838
754	851
754	854
754	923
754	969
754	980
754	993
755	91
755	237
755	317
755	487
755	576
755	924
755	953
755	974
755	996
756	52
756	927
756	931
756	958
756	978
756	986
756	987
756	988
756	995
757	708
757	781
757	892
757	948
757	954
757	961
757	982
757	989
757	990
758	260
758	629
758	754
758	890
758	902
758	905
758	911
758	920
758	972
759	32
759	163
759	241
759	792
759	798
759	849
759	902
759	972
759	995
760	79
760	710
760	732
760	770
760	780
760	870
760	883
760	947
760	965
761	363
761	394
761	502
761	675
761	805
761	856
761	886
761	944
761	996
762	76
762	166
762	419
762	459
762	577
762	866
762	869
762	910
762	920
762	994
763	903
763	950
763	951
763	958
763	973
763	974
763	978
763	986
763	988
763	995
764	2
764	509
764	709
764	888
764	950
764	973
764	974
764	978
764	986
764	995
765	284
765	407
765	446
765	720
765	834
765	836
765	864
765	912
765	929
765	985
766	356
766	821
766	880
766	887
766	901
766	918
766	981
766	982
766	989
766	992
767	593
767	600
767	697
767	725
767	844
767	866
767	890
767	905
767	925
767	972
768	335
768	354
768	451
768	572
768	779
768	783
768	922
768	944
768	979
768	984
769	816
769	889
769	906
769	909
769	917
769	924
769	944
769	964
769	991
769	996
770	116
770	150
770	634
770	760
770	797
770	883
770	919
770	943
770	947
770	985
771	861
771	870
771	871
771	912
771	930
771	943
771	947
771	965
771	966
771	970
772	106
772	603
772	697
772	725
772	782
772	783
772	798
772	849
772	890
772	905
773	69
773	232
773	901
773	918
773	932
773	956
773	960
773	961
773	981
773	990
774	41
774	66
774	174
774	235
774	541
774	678
774	890
774	898
774	925
774	972
775	425
775	693
775	846
775	919
775	921
775	954
775	961
775	981
775	989
775	990
776	205
776	254
776	810
776	847
776	919
776	929
776	947
776	949
776	966
776	985
777	49
777	263
777	460
777	598
777	600
777	866
777	869
777	907
777	911
777	982
778	429
778	698
778	848
778	940
778	949
778	955
778	968
778	971
778	997
778	999
779	466
779	714
779	768
779	819
779	886
779	908
779	924
779	937
779	944
779	996
780	90
780	418
780	720
780	747
780	753
780	760
780	812
780	884
780	904
780	943
780	965
781	757
781	884
781	933
781	935
781	941
781	959
781	975
781	977
781	994
781	998
781	1000
782	66
782	96
782	541
782	551
782	590
782	772
782	869
782	898
782	902
782	905
782	910
783	259
783	299
783	366
783	632
783	768
783	772
783	890
783	907
783	911
783	919
783	925
784	833
784	933
784	935
784	939
784	941
784	959
784	975
784	977
784	994
784	998
784	1000
785	857
785	913
785	935
785	941
785	959
785	967
785	977
785	990
785	994
785	998
785	1000
786	11
786	185
786	502
786	531
786	683
786	718
786	824
786	856
786	889
786	964
786	996
787	342
787	467
787	696
787	799
787	878
787	915
787	949
787	968
787	971
787	991
787	999
788	448
788	741
788	797
788	812
788	864
788	870
788	930
788	947
788	965
788	966
788	998
789	80
789	164
789	272
789	729
789	734
789	814
789	906
789	934
789	936
789	955
789	996
790	521
790	835
790	882
790	916
790	951
790	971
790	978
790	986
790	987
790	988
790	995
791	361
791	645
791	734
791	817
791	856
791	906
791	922
791	924
791	937
791	976
791	993
792	118
792	263
792	538
792	569
792	599
792	603
792	759
792	803
792	925
792	945
792	972
793	653
793	875
793	903
793	933
793	935
793	959
793	967
793	977
793	994
793	998
793	1000
794	827
794	916
794	950
794	958
794	973
794	974
794	978
794	987
794	988
794	995
794	996
795	306
795	407
795	488
795	510
795	681
795	800
795	823
795	836
795	888
795	943
795	947
796	547
796	916
796	950
796	951
796	958
796	973
796	978
796	986
796	987
796	988
796	995
797	26
797	117
797	770
797	788
797	861
797	881
797	893
797	930
797	946
797	947
797	965
798	8
798	32
798	413
798	759
798	772
798	803
798	868
798	902
798	910
798	972
798	982
799	165
799	290
799	526
799	622
799	720
799	787
799	810
799	812
799	864
799	881
799	965
800	300
800	472
800	575
800	676
800	795
800	863
800	881
800	919
800	966
800	970
800	993
801	884
801	933
801	935
801	959
801	967
801	974
801	975
801	977
801	994
801	998
801	1000
802	88
802	487
802	578
802	647
802	900
802	906
802	934
802	939
802	964
802	984
802	996
802	997
803	111
803	204
803	299
803	326
803	406
803	595
803	723
803	724
803	792
803	798
803	905
803	920
804	27
804	30
804	145
804	303
804	385
804	811
804	854
804	945
804	947
804	969
804	980
804	993
805	94
805	634
805	729
805	761
805	874
805	899
805	908
805	909
805	934
805	939
805	953
805	964
806	88
806	482
806	516
806	704
806	853
806	904
806	922
806	934
806	944
806	953
806	964
806	976
807	594
807	631
807	736
807	843
807	854
807	914
807	938
807	945
807	946
807	969
807	980
807	993
808	475
808	692
808	716
808	840
808	843
808	879
808	914
808	945
808	946
808	953
808	980
808	993
809	17
809	701
809	821
809	822
809	872
809	894
809	918
809	921
809	952
809	956
809	990
809	992
810	628
810	676
810	776
810	799
810	836
810	883
810	892
810	919
810	943
810	947
810	965
810	985
811	122
811	619
811	692
811	735
811	804
811	851
811	914
811	962
811	969
811	980
811	993
811	997
812	119
812	205
812	343
812	659
812	780
812	788
812	799
812	861
812	947
812	959
812	965
812	970
813	7
813	495
813	573
813	718
813	824
813	874
813	875
813	889
813	920
813	924
813	953
813	964
814	178
814	503
814	695
814	710
814	789
814	824
814	908
814	909
814	924
814	953
814	969
814	984
815	18
815	129
815	143
815	474
815	546
815	583
815	743
815	747
815	883
815	965
815	985
815	994
816	112
816	442
816	707
816	722
816	769
816	824
816	899
816	906
816	928
816	968
816	979
816	996
817	40
817	193
817	392
817	623
817	710
817	791
817	900
817	937
817	964
817	976
817	994
817	996
818	203
818	256
818	396
818	563
818	745
818	828
818	894
818	921
818	956
818	963
818	981
818	992
819	467
819	779
819	842
819	876
819	897
819	915
819	949
819	955
819	983
819	991
819	997
819	999
820	35
820	89
820	335
820	379
820	473
820	834
820	896
820	922
820	928
820	976
820	979
820	996
821	337
821	434
821	708
821	722
821	750
821	766
821	809
821	892
821	981
821	982
821	989
821	990
822	183
822	301
822	439
822	494
822	809
822	830
822	840
822	914
822	938
822	945
822	962
822	980
822	993
823	120
823	253
823	488
823	510
823	562
823	676
823	795
823	831
823	864
823	881
823	965
823	966
823	985
824	320
824	347
824	718
824	786
824	813
824	814
824	816
824	889
824	899
824	910
824	936
824	976
824	996
825	166
825	258
825	260
825	459
825	599
825	629
825	682
825	828
825	844
825	866
825	869
825	910
825	968
826	39
826	65
826	336
826	355
826	553
826	644
826	745
826	957
826	960
826	963
826	980
826	990
826	992
827	444
827	712
827	794
827	908
827	916
827	931
827	951
827	958
827	974
827	986
827	987
827	988
827	995
828	818
828	825
828	839
828	871
828	926
828	952
828	954
828	961
828	963
828	981
828	982
828	990
828	992
829	558
829	605
829	666
829	685
829	842
829	885
829	915
829	955
829	968
829	983
829	991
829	997
829	999
830	176
830	527
830	658
830	736
830	822
830	838
830	923
830	938
830	945
830	962
830	978
830	980
830	993
831	388
831	747
831	823
831	836
831	870
831	883
831	919
831	943
831	947
831	960
831	970
831	977
831	985
832	247
832	565
832	616
832	668
832	887
832	926
832	932
832	956
832	957
832	961
832	966
832	990
832	997
833	784
833	903
833	933
833	935
833	941
833	959
833	967
833	975
833	977
833	986
833	994
833	998
833	1000
834	119
834	156
834	165
834	741
834	765
834	820
834	864
834	904
834	912
834	965
834	966
834	970
834	985
835	444
835	790
835	927
835	931
835	958
835	973
835	974
835	978
835	983
835	986
835	987
835	988
835	995
836	20
836	202
836	657
836	765
836	795
836	810
836	831
836	883
836	930
836	958
836	965
836	985
836	987
837	23
837	28
837	66
837	107
837	404
837	507
837	632
837	682
837	753
837	849
837	910
837	972
837	977
838	528
838	541
838	658
838	736
838	754
838	830
838	840
838	851
838	923
838	938
838	946
838	962
838	980
838	993
839	140
839	422
839	456
839	828
839	887
839	918
839	926
839	932
839	957
839	963
839	981
839	982
839	989
839	990
840	44
840	305
840	319
840	397
840	504
840	808
840	822
840	838
840	879
840	914
840	922
840	938
840	969
840	993
841	328
841	375
841	387
841	468
841	581
841	738
841	862
841	949
841	971
841	983
841	991
841	993
841	997
841	999
842	356
842	458
842	680
842	696
842	819
842	829
842	862
842	876
842	885
842	955
842	971
842	991
842	997
842	999
843	319
843	475
843	540
843	617
843	631
843	749
843	807
843	808
843	877
843	923
843	938
843	945
843	962
843	980
844	100
844	182
844	251
844	338
844	595
844	721
844	767
844	825
844	866
844	891
844	905
844	911
844	925
844	966
845	857
845	877
845	884
845	933
845	935
845	941
845	943
845	959
845	967
845	975
845	977
845	994
845	998
845	1000
846	746
846	775
846	865
846	871
846	878
846	894
846	901
846	918
846	925
846	961
846	963
846	982
846	989
846	990
847	143
847	519
847	606
847	651
847	753
847	776
847	863
847	886
847	893
847	929
847	930
847	941
847	947
847	970
848	281
848	576
848	684
848	686
848	778
848	876
848	940
848	955
848	968
848	971
848	983
848	991
848	997
848	999
849	161
849	270
849	331
849	366
849	759
849	772
849	837
849	891
849	902
849	905
849	907
849	910
849	911
849	972
850	281
850	643
850	862
850	897
850	919
850	940
850	949
850	950
850	955
850	968
850	971
850	983
850	991
850	999
851	391
851	461
851	475
851	528
851	716
851	754
851	811
851	838
851	945
851	946
851	962
851	969
851	993
851	999
852	425
852	636
852	677
852	745
852	752
852	871
852	880
852	895
852	960
852	961
852	976
852	981
852	982
852	989
852	990
853	63
853	279
853	522
853	543
853	634
853	676
853	679
853	806
853	875
853	886
853	889
853	900
853	944
853	986
853	996
854	122
854	210
854	490
854	514
854	735
854	748
854	754
854	804
854	807
854	923
854	945
854	951
854	962
854	969
854	993
855	545
855	704
855	746
855	877
855	903
855	913
855	935
855	941
855	959
855	967
855	975
855	977
855	994
855	998
855	1000
856	112
856	279
856	348
856	349
856	427
856	567
856	707
856	761
856	786
856	791
856	899
856	917
856	937
856	979
856	996
857	785
857	845
857	859
857	866
857	903
857	913
857	941
857	959
857	967
857	975
857	977
857	989
857	994
857	998
857	1000
858	24
858	91
858	185
858	286
858	318
858	405
858	435
858	445
858	530
858	900
858	906
858	934
858	937
858	953
858	996
859	699
859	857
859	911
859	913
859	933
859	935
859	941
859	959
859	967
859	975
859	977
859	979
859	994
859	998
859	1000
860	222
860	223
860	330
860	387
860	462
860	476
860	878
860	885
860	897
860	915
860	955
860	968
860	983
860	991
860	997
861	264
861	290
861	425
861	526
861	681
861	698
861	771
861	797
861	812
861	881
861	930
861	947
861	965
861	984
861	985
862	469
862	558
862	733
862	841
862	842
862	850
862	876
862	897
862	940
862	955
862	968
862	971
862	983
862	995
862	997
863	282
863	291
863	337
863	575
863	625
863	657
863	720
863	800
863	847
863	864
863	883
863	904
863	943
863	947
863	970
864	150
864	280
864	400
864	525
864	741
864	765
864	788
864	799
864	823
864	834
864	863
864	874
864	942
864	970
864	985
865	423
865	703
865	846
865	871
865	873
865	895
865	901
865	918
865	921
865	932
865	954
865	957
865	981
865	982
865	989
866	38
866	145
866	251
866	419
866	480
866	509
866	762
866	767
866	777
866	825
866	844
866	857
866	902
866	907
866	910
866	972
867	53
867	169
867	679
867	710
867	899
867	900
867	924
867	936
867	937
867	944
867	964
867	976
867	984
867	989
867	995
867	996
868	10
868	227
868	276
868	326
868	404
868	428
868	603
868	633
868	649
868	798
868	869
868	890
868	905
868	907
868	925
868	972
869	49
869	118
869	212
869	268
869	350
869	459
869	577
869	694
869	762
869	777
869	782
869	825
869	868
869	899
869	910
869	925
870	50
870	173
870	252
870	293
870	472
870	727
870	760
870	771
870	788
870	831
870	912
870	930
870	942
870	965
870	970
870	985
871	171
871	420
871	745
871	771
871	828
871	846
871	852
871	865
871	887
871	892
871	918
871	952
871	956
871	963
871	990
871	992
872	117
872	367
872	369
872	374
872	564
872	746
872	809
872	932
872	954
872	957
872	963
872	981
872	982
872	990
872	992
872	1000
873	128
873	285
873	553
873	565
873	644
873	865
873	892
873	937
873	952
873	956
873	957
873	960
873	961
873	981
873	982
873	989
873	990
874	184
874	348
874	427
874	451
874	522
874	597
874	805
874	813
874	864
874	886
874	908
874	922
874	936
874	953
874	976
874	996
874	1000
875	229
875	309
875	490
875	542
875	578
875	594
875	717
875	793
875	813
875	853
875	917
875	936
875	944
875	953
875	964
875	979
875	996
876	467
876	497
876	575
876	738
876	751
876	819
876	842
876	848
876	862
876	915
876	940
876	968
876	971
876	983
876	991
876	997
876	999
877	439
877	843
877	845
877	855
877	884
877	903
877	913
877	933
877	935
877	941
877	959
877	967
877	975
877	977
877	994
877	998
877	1000
878	15
878	83
878	265
878	491
878	520
878	568
878	618
878	787
878	846
878	860
878	968
878	971
878	983
878	986
878	991
878	997
878	999
879	113
879	343
879	352
879	527
879	554
879	617
879	748
879	808
879	840
879	914
879	936
879	938
879	946
879	962
879	969
879	980
879	993
880	98
880	151
880	411
880	616
880	668
880	766
880	852
880	906
880	918
880	921
880	948
880	952
880	957
880	981
880	989
880	990
880	992
881	344
881	488
881	583
881	604
881	635
881	698
881	797
881	799
881	800
881	823
881	861
881	883
881	943
881	947
881	966
881	967
881	985
882	234
882	409
882	416
882	790
882	888
882	896
882	916
882	950
882	951
882	958
882	973
882	974
882	978
882	986
882	987
882	988
882	995
883	18
883	236
883	400
883	602
883	657
883	760
883	770
883	810
883	815
883	831
883	836
883	863
883	881
883	943
883	966
883	970
883	980
883	995
884	36
884	654
884	780
884	781
884	801
884	845
884	877
884	903
884	933
884	935
884	941
884	959
884	967
884	975
884	977
884	994
884	998
884	1000
885	429
885	496
885	558
885	581
885	640
885	643
885	711
885	730
885	829
885	842
885	860
885	897
885	915
885	940
885	983
885	991
885	997
885	999
886	217
886	318
886	574
886	576
886	578
886	645
886	761
886	779
886	847
886	853
886	874
886	917
886	936
886	939
886	944
886	962
886	984
886	996
887	138
887	257
887	367
887	574
887	630
887	666
887	752
887	766
887	832
887	839
887	871
887	921
887	948
887	954
887	958
887	982
887	989
887	992
888	309
888	380
888	416
888	534
888	764
888	795
888	882
888	916
888	927
888	931
888	950
888	958
888	973
888	974
888	978
888	987
888	988
888	995
889	73
889	309
889	317
889	392
889	402
889	591
889	695
889	717
889	718
889	769
889	786
889	813
889	824
889	853
889	896
889	934
889	937
889	958
890	321
890	603
890	688
890	697
890	723
890	758
890	767
890	772
890	774
890	783
890	868
890	902
890	905
890	907
890	911
890	920
890	972
890	999
891	118
891	294
891	299
891	338
891	431
891	508
891	531
891	682
891	721
891	844
891	849
891	902
891	907
891	910
891	911
891	972
891	975
891	996
892	84
892	151
892	329
892	663
892	757
892	810
892	821
892	871
892	873
892	895
892	932
892	954
892	956
892	963
892	988
892	989
892	990
892	992
893	50
893	90
893	152
893	230
893	261
893	320
893	343
893	510
893	606
893	641
893	732
893	747
893	797
893	847
893	930
893	942
893	943
893	965
893	970
894	207
894	211
894	311
894	318
894	630
894	809
894	818
894	846
894	915
894	918
894	952
894	956
894	961
894	963
894	981
894	982
894	989
894	990
894	992
895	69
895	453
895	587
895	731
895	733
895	852
895	865
895	892
895	948
895	952
895	954
895	956
895	957
895	963
895	982
895	989
895	990
895	992
895	995
896	127
896	185
896	229
896	301
896	341
896	672
896	695
896	702
896	710
896	729
896	820
896	882
896	889
896	900
896	936
896	972
896	976
896	984
896	996
897	316
897	469
897	481
897	711
897	733
897	738
897	819
897	850
897	860
897	862
897	885
897	940
897	949
897	955
897	968
897	983
897	991
897	997
897	999
898	111
898	114
898	163
898	404
898	408
898	428
898	500
898	538
898	577
898	633
898	667
898	697
898	737
898	774
898	782
898	905
898	907
898	925
898	972
899	134
899	371
899	597
899	646
899	673
899	674
899	679
899	717
899	805
899	816
899	824
899	856
899	867
899	869
899	928
899	936
899	953
899	964
899	976
900	36
900	53
900	73
900	522
900	637
900	683
900	706
900	716
900	802
900	817
900	853
900	858
900	867
900	896
900	937
900	939
900	976
900	979
900	996
900	997
901	20
901	106
901	432
901	464
901	547
901	565
901	668
901	703
901	766
901	773
901	846
901	865
901	921
901	960
901	963
901	981
901	982
901	989
901	990
901	992
902	161
902	174
902	326
902	327
902	401
902	667
902	682
902	697
902	725
902	758
902	759
902	782
902	798
902	849
902	866
902	890
902	891
902	907
902	911
902	948
903	653
903	740
903	763
903	793
903	833
903	855
903	857
903	877
903	884
903	913
903	933
903	935
903	959
903	967
903	975
903	977
903	992
903	994
903	998
903	1000
904	47
904	230
904	357
904	362
904	519
904	561
904	570
904	641
904	698
904	780
904	806
904	834
904	863
904	912
904	929
904	930
904	942
904	947
904	966
904	985
905	182
905	195
905	350
905	500
905	630
905	644
905	724
905	758
905	767
905	772
905	782
905	803
905	844
905	849
905	868
905	890
905	898
905	920
905	925
905	972
906	37
906	61
906	130
906	273
906	647
906	679
906	695
906	710
906	769
906	789
906	791
906	802
906	816
906	858
906	880
906	908
906	922
906	964
906	984
906	996
907	147
907	161
907	294
907	500
907	508
907	632
907	633
907	697
907	721
907	777
907	783
907	849
907	866
907	868
907	890
907	891
907	898
907	902
907	925
907	960
907	974
908	81
908	609
908	646
908	650
908	661
908	695
908	706
908	779
908	805
908	814
908	827
908	874
908	906
908	917
908	934
908	937
908	944
908	976
908	979
908	984
908	996
909	93
909	120
909	126
909	341
909	497
909	516
909	612
909	729
909	734
909	737
909	769
909	805
909	814
909	917
909	922
909	936
909	937
909	953
909	976
909	979
909	996
910	10
910	100
910	238
910	259
910	310
910	314
910	632
910	667
910	724
910	762
910	782
910	798
910	824
910	825
910	837
910	849
910	866
910	869
910	891
910	920
910	935
910	972
911	100
911	133
911	241
911	413
911	508
911	590
911	598
911	649
911	682
911	694
911	758
911	777
911	783
911	844
911	849
911	859
911	890
911	891
911	902
911	925
911	972
911	996
912	71
912	116
912	300
912	559
912	575
912	628
912	651
912	738
912	765
912	771
912	834
912	870
912	904
912	916
912	919
912	929
912	930
912	942
912	943
912	966
912	970
912	985
913	505
913	592
913	654
913	751
913	785
913	855
913	857
913	859
913	877
913	903
913	926
913	933
913	935
913	941
913	952
913	959
913	967
913	975
913	977
913	990
913	994
913	998
913	1000
914	144
914	352
914	436
914	475
914	527
914	528
914	601
914	726
914	734
914	736
914	807
914	808
914	811
914	822
914	840
914	879
914	923
914	938
914	945
914	962
914	969
914	980
914	993
915	57
915	359
915	467
915	468
915	471
915	655
915	662
915	705
915	715
915	738
915	742
915	787
915	819
915	829
915	860
915	876
915	885
915	894
915	968
915	971
915	983
915	997
915	999
916	360
916	444
916	517
916	642
916	709
916	790
916	794
916	796
916	827
916	882
916	888
916	912
916	945
916	950
916	951
916	958
916	973
916	974
916	978
916	986
916	987
916	988
916	995
917	217
917	218
917	229
917	321
917	450
917	594
917	702
917	706
917	707
917	769
917	856
917	875
917	886
917	908
917	909
917	922
917	924
917	939
917	955
917	964
917	976
917	984
917	997
918	295
918	430
918	602
918	732
918	766
918	773
918	809
918	839
918	846
918	865
918	871
918	880
918	894
918	932
918	952
918	956
918	960
918	963
918	981
918	982
918	985
918	989
918	990
919	45
919	156
919	330
919	372
919	414
919	562
919	583
919	730
919	753
919	770
919	775
919	776
919	783
919	800
919	810
919	831
919	850
919	912
919	930
919	942
919	947
919	970
919	985
920	43
920	147
920	259
920	268
920	317
920	350
920	404
920	428
920	507
920	509
920	590
920	598
920	694
920	697
920	758
920	762
920	803
920	813
920	890
920	905
920	910
920	925
920	972
920	1000
921	65
921	138
921	636
921	708
921	744
921	750
921	775
921	809
921	818
921	865
921	880
921	887
921	901
921	925
921	926
921	956
921	957
921	960
921	961
921	963
921	982
921	989
921	990
921	992
922	73
922	374
922	412
922	436
922	516
922	550
922	634
922	722
922	768
922	791
922	806
922	820
922	840
922	874
922	906
922	909
922	917
922	936
922	939
922	944
922	964
922	979
922	984
922	996
923	91
923	403
923	454
923	457
923	601
923	620
923	660
923	692
923	716
923	735
923	739
923	749
923	754
923	830
923	838
923	843
923	854
923	914
923	938
923	945
923	969
923	980
923	992
923	993
924	7
924	193
924	206
924	279
924	327
924	440
924	755
924	769
924	779
924	791
924	813
924	814
924	867
924	917
924	928
924	936
924	937
924	953
924	964
924	976
924	979
924	984
924	990
924	996
925	147
925	368
925	413
925	538
925	598
925	667
925	721
925	724
925	725
925	767
925	774
925	783
925	792
925	844
925	846
925	868
925	869
925	898
925	905
925	907
925	911
925	920
925	921
925	934
925	972
926	9
926	75
926	105
926	453
926	553
926	611
926	638
926	719
926	746
926	752
926	828
926	832
926	839
926	913
926	921
926	948
926	957
926	960
926	963
926	965
926	981
926	982
926	989
926	990
926	992
927	283
927	331
927	345
927	395
927	570
927	580
927	596
927	669
927	692
927	756
927	835
927	888
927	931
927	950
927	951
927	956
927	958
927	973
927	974
927	975
927	978
927	986
927	987
927	988
927	995
928	63
928	93
928	132
928	173
928	226
928	273
928	465
928	499
928	513
928	550
928	560
928	591
928	674
928	700
928	717
928	816
928	820
928	899
928	924
928	953
928	970
928	972
928	976
928	984
928	996
929	45
929	255
929	264
929	282
929	332
929	382
929	393
929	562
929	575
929	582
929	607
929	730
929	741
929	765
929	776
929	847
929	904
929	912
929	930
929	942
929	965
929	966
929	971
929	985
929	998
930	79
930	357
930	393
930	448
930	505
930	607
930	743
930	771
930	788
930	797
930	836
930	847
930	861
930	870
930	893
930	904
930	912
930	919
930	929
930	942
930	947
930	963
930	966
930	970
930	985
931	149
931	231
931	438
931	537
931	585
931	588
931	667
931	669
931	684
931	756
931	827
931	835
931	888
931	927
931	950
931	951
931	958
931	973
931	974
931	977
931	978
931	986
931	987
931	988
931	991
931	995
932	140
932	154
932	285
932	311
932	329
932	746
932	773
932	832
932	839
932	865
932	872
932	892
932	918
932	948
932	951
932	952
932	956
932	960
932	961
932	963
932	965
932	981
932	982
932	989
932	990
932	992
933	263
933	421
933	579
933	713
933	717
933	740
933	781
933	784
933	793
933	801
933	833
933	845
933	859
933	877
933	884
933	903
933	913
933	935
933	941
933	959
933	967
933	975
933	977
933	994
933	998
933	1000
934	178
934	405
934	485
934	503
934	536
934	597
934	645
934	690
934	706
934	710
934	737
934	750
934	789
934	802
934	805
934	806
934	858
934	889
934	908
934	925
934	944
934	953
934	964
934	976
934	979
934	996
934	997
935	552
935	671
935	681
935	781
935	784
935	785
935	793
935	801
935	833
935	845
935	855
935	859
935	877
935	884
935	903
935	910
935	913
935	933
935	941
935	948
935	959
935	967
935	975
935	977
935	994
935	998
935	1000
936	64
936	81
936	132
936	405
936	485
936	506
936	560
936	612
936	700
936	789
936	824
936	867
936	874
936	875
936	879
936	886
936	896
936	899
936	909
936	922
936	924
936	939
936	953
936	964
936	978
936	979
936	984
936	985
937	110
937	218
937	440
937	445
937	465
937	466
937	485
937	487
937	591
937	594
937	609
937	673
937	695
937	779
937	791
937	817
937	856
937	858
937	867
937	873
937	889
937	900
937	908
937	909
937	924
937	944
937	951
937	996
937	1000
938	30
938	107
938	214
938	274
938	322
938	391
938	461
938	477
938	494
938	612
938	660
938	735
938	742
938	807
938	822
938	830
938	838
938	840
938	843
938	879
938	914
938	923
938	945
938	946
938	962
938	969
938	980
938	993
938	996
939	61
939	184
939	336
939	349
939	417
939	482
939	512
939	572
939	637
939	647
939	675
939	690
939	700
939	704
939	714
939	722
939	737
939	784
939	802
939	805
939	886
939	900
939	917
939	922
939	936
939	944
939	964
939	973
939	984
940	339
940	346
940	365
940	473
940	520
940	539
940	605
940	615
940	618
940	640
940	643
940	655
940	663
940	680
940	778
940	848
940	850
940	862
940	876
940	885
940	897
940	949
940	953
940	955
940	968
940	971
940	983
940	991
940	997
940	999
941	426
941	493
941	593
941	639
941	689
941	699
941	744
941	751
941	781
941	784
941	785
941	833
941	845
941	847
941	855
941	857
941	859
941	877
941	884
941	913
941	933
941	935
941	959
941	967
941	975
941	977
941	982
941	994
941	998
941	1000
942	50
942	62
942	214
942	252
942	254
942	330
942	388
942	448
942	452
942	463
942	607
942	651
942	659
942	676
942	732
942	741
942	743
942	753
942	864
942	870
942	893
942	904
942	912
942	919
942	929
942	930
942	943
942	952
942	965
942	970
943	5
943	71
943	78
943	253
943	254
943	372
943	399
943	407
943	418
943	474
943	488
943	606
943	641
943	770
943	771
943	780
943	795
943	810
943	831
943	845
943	863
943	881
943	883
943	893
943	912
943	942
943	947
943	950
943	966
943	970
943	985
944	86
944	104
944	169
944	226
944	354
944	379
944	432
944	440
944	442
944	487
944	522
944	704
944	706
944	761
944	768
944	769
944	779
944	806
944	853
944	867
944	875
944	886
944	908
944	922
944	934
944	937
944	939
944	949
944	964
944	979
944	999
945	27
945	183
945	196
945	391
945	424
945	540
945	567
945	601
945	631
945	716
945	726
945	749
945	792
945	804
945	807
945	808
945	822
945	830
945	843
945	851
945	854
945	914
945	916
945	923
945	938
945	946
945	962
945	969
945	976
945	980
945	993
946	34
946	126
946	135
946	221
946	303
946	319
946	397
946	439
946	477
946	489
946	496
946	504
946	527
946	533
946	617
946	692
946	726
946	739
946	742
946	797
946	807
946	808
946	838
946	851
946	879
946	938
946	945
946	955
946	969
946	980
946	988
946	993
947	362
947	407
947	525
947	529
947	602
947	625
947	657
947	730
947	743
947	753
947	760
947	770
947	771
947	776
947	788
947	795
947	797
947	804
947	810
947	812
947	831
947	847
947	861
947	863
947	881
947	904
947	919
947	930
947	943
947	966
947	982
947	985
948	70
948	275
948	455
948	478
948	495
948	582
948	611
948	627
948	636
948	687
948	719
948	745
948	752
948	757
948	880
948	887
948	895
948	902
948	926
948	932
948	935
948	956
948	957
948	960
948	961
948	963
948	981
948	982
948	989
948	990
948	992
948	993
949	11
949	29
949	57
949	219
949	242
949	334
949	387
949	443
949	470
949	532
949	544
949	581
949	661
949	662
949	686
949	705
949	776
949	778
949	787
949	819
949	841
949	850
949	897
949	940
949	944
949	955
949	957
949	968
949	971
949	983
949	991
949	997
949	999
950	97
950	395
950	456
950	566
950	580
950	585
950	589
950	642
950	665
950	669
950	670
950	684
950	712
950	728
950	763
950	764
950	794
950	796
950	850
950	882
950	888
950	916
950	927
950	931
950	943
950	958
950	973
950	974
950	978
950	986
950	987
950	988
950	995
951	131
951	172
951	180
951	248
951	410
951	433
951	441
951	446
951	557
951	585
951	588
951	596
951	614
951	642
951	652
951	763
951	790
951	796
951	827
951	854
951	882
951	916
951	927
951	931
951	932
951	937
951	958
951	973
951	974
951	978
951	986
951	987
951	988
951	995
952	188
952	245
952	269
952	373
952	438
952	565
952	627
952	664
952	670
952	687
952	703
952	708
952	727
952	731
952	809
952	828
952	871
952	873
952	880
952	894
952	895
952	913
952	918
952	932
952	942
952	954
952	957
952	960
952	961
952	981
952	982
952	989
952	990
952	992
953	35
953	36
953	105
953	112
953	208
953	216
953	237
953	272
953	347
953	450
953	499
953	530
953	591
953	594
953	690
953	729
953	749
953	755
953	805
953	806
953	808
953	813
953	814
953	858
953	874
953	875
953	899
953	909
953	924
953	928
953	934
953	936
953	940
953	976
953	996
954	9
954	39
954	65
954	159
954	197
954	295
954	479
954	564
954	611
954	649
954	664
954	666
954	687
954	701
954	708
954	739
954	757
954	775
954	828
954	865
954	872
954	887
954	892
954	895
954	952
954	956
954	957
954	960
954	981
954	982
954	986
954	989
954	990
954	992
954	999
955	3
955	146
955	265
955	359
955	468
955	476
955	556
955	568
955	615
955	624
955	655
955	661
955	696
955	708
955	738
955	778
955	789
955	819
955	829
955	842
955	848
955	850
955	860
955	862
955	897
955	917
955	940
955	946
955	949
955	968
955	971
955	983
955	991
955	997
955	999
956	84
956	204
956	256
956	358
956	374
956	377
956	616
956	627
956	636
956	670
956	677
956	727
956	731
956	773
956	809
956	818
956	832
956	871
956	873
956	892
956	894
956	895
956	918
956	921
956	927
956	932
956	948
956	954
956	957
956	960
956	963
956	967
956	981
956	989
956	992
956	1000
957	9
957	70
957	175
957	275
957	311
957	411
957	427
957	432
957	453
957	563
957	630
957	677
957	715
957	731
957	826
957	832
957	839
957	865
957	872
957	873
957	880
957	895
957	921
957	926
957	948
957	949
957	952
957	954
957	956
957	960
957	961
957	963
957	981
957	986
957	989
957	992
958	48
958	99
958	298
958	377
958	409
958	433
958	437
958	571
958	588
958	596
958	652
958	656
958	665
958	691
958	756
958	763
958	794
958	796
958	827
958	835
958	836
958	882
958	887
958	888
958	889
958	916
958	927
958	931
958	950
958	951
958	973
958	974
958	978
958	986
958	987
958	988
958	995
959	189
959	370
959	408
959	608
959	620
959	678
959	689
959	699
959	740
959	744
959	751
959	781
959	784
959	785
959	793
959	801
959	812
959	833
959	845
959	855
959	857
959	859
959	877
959	884
959	903
959	913
959	933
959	935
959	941
959	961
959	967
959	975
959	977
959	994
959	998
959	999
959	1000
960	42
960	151
960	247
960	353
960	373
960	422
960	455
960	547
960	587
960	644
960	664
960	727
960	745
960	750
960	773
960	826
960	831
960	852
960	873
960	901
960	907
960	918
960	921
960	926
960	932
960	948
960	952
960	954
960	956
960	957
960	961
960	968
960	981
960	982
960	989
960	990
960	992
960	1000
961	46
961	98
961	154
961	156
961	171
961	191
961	430
961	493
961	627
961	666
961	668
961	708
961	719
961	731
961	745
961	752
961	757
961	773
961	775
961	828
961	832
961	846
961	852
961	873
961	894
961	921
961	932
961	948
961	952
961	957
961	959
961	960
961	963
961	966
961	982
961	989
961	990
961	992
962	144
962	183
962	200
962	277
962	291
962	313
962	397
962	449
962	461
962	496
962	554
962	601
962	619
962	631
962	692
962	706
962	716
962	726
962	735
962	736
962	742
962	811
962	822
962	830
962	838
962	843
962	851
962	854
962	879
962	886
962	914
962	938
962	945
962	969
962	980
962	981
962	985
962	993
963	106
963	211
963	245
963	311
963	324
963	420
963	564
963	582
963	622
963	648
963	663
963	693
963	701
963	818
963	826
963	828
963	839
963	846
963	871
963	872
963	892
963	894
963	895
963	901
963	918
963	921
963	926
963	930
963	932
963	948
963	956
963	957
963	961
963	981
963	982
963	989
963	990
963	992
963	996
964	89
964	127
964	134
964	168
964	257
964	297
964	305
964	466
964	490
964	502
964	534
964	536
964	573
964	623
964	626
964	673
964	702
964	769
964	786
964	802
964	805
964	806
964	813
964	817
964	867
964	875
964	899
964	906
964	917
964	922
964	924
964	934
964	936
964	939
964	944
964	976
964	977
964	979
964	996
965	20
965	117
965	129
965	282
965	302
965	307
965	330
965	372
965	393
965	510
965	546
965	584
965	604
965	615
965	616
965	622
965	625
965	753
965	760
965	771
965	780
965	788
965	797
965	799
965	810
965	812
965	815
965	823
965	834
965	836
965	861
965	870
965	893
965	926
965	929
965	932
965	942
965	966
965	970
965	985
966	71
966	79
966	119
966	167
966	179
966	236
966	252
966	302
966	306
966	338
966	448
966	463
966	525
966	559
966	561
966	641
966	657
966	676
966	720
966	732
966	753
966	771
966	776
966	788
966	800
966	823
966	832
966	834
966	844
966	881
966	883
966	904
966	912
966	929
966	930
966	943
966	947
966	961
966	965
966	970
966	985
967	376
967	544
967	551
967	562
967	586
967	593
967	610
967	613
967	639
967	648
967	671
967	678
967	699
967	713
967	740
967	744
967	751
967	785
967	793
967	801
967	833
967	845
967	855
967	857
967	859
967	877
967	881
967	884
967	903
967	913
967	933
967	935
967	941
967	956
967	959
967	975
967	977
967	984
967	994
967	998
967	1000
968	83
968	124
968	339
968	365
968	383
968	398
968	468
968	470
968	497
968	524
968	542
968	581
968	621
968	624
968	662
968	711
968	715
968	738
968	778
968	787
968	816
968	825
968	829
968	848
968	850
968	860
968	862
968	876
968	878
968	897
968	915
968	940
968	949
968	955
968	960
968	971
968	983
968	990
968	991
968	997
968	999
969	27
969	176
969	221
969	291
969	304
969	313
969	322
969	373
969	381
969	403
969	457
969	477
969	496
969	533
969	601
969	617
969	619
969	620
969	692
969	726
969	742
969	748
969	749
969	754
969	804
969	807
969	811
969	814
969	840
969	851
969	854
969	879
969	914
969	923
969	938
969	945
969	946
969	962
969	973
969	980
969	988
969	993
970	78
970	165
970	251
970	300
970	307
970	337
970	344
970	357
970	414
970	519
970	561
970	602
970	622
970	641
970	659
970	676
970	732
970	741
970	743
970	747
970	771
970	800
970	812
970	831
970	834
970	847
970	863
970	864
970	870
970	883
970	893
970	912
970	919
970	928
970	930
970	942
970	943
970	965
970	966
970	981
970	985
970	993
971	6
971	85
971	101
971	158
971	187
971	308
971	334
971	454
971	464
971	470
971	476
971	501
971	518
971	521
971	524
971	539
971	556
971	605
971	640
971	686
971	705
971	733
971	778
971	787
971	790
971	841
971	842
971	848
971	850
971	862
971	876
971	878
971	915
971	929
971	940
971	949
971	955
971	968
971	983
971	987
971	991
971	997
971	999
972	10
972	28
972	76
972	96
972	107
972	195
972	241
972	258
972	325
972	368
972	413
972	419
972	431
972	531
972	541
972	569
972	577
972	590
972	591
972	595
972	598
972	600
972	721
972	758
972	759
972	767
972	774
972	792
972	798
972	837
972	849
972	866
972	868
972	890
972	891
972	896
972	898
972	905
972	910
972	911
972	920
972	925
972	928
972	998
973	131
973	148
973	190
973	231
973	243
973	289
973	295
973	345
973	360
973	386
973	389
973	395
973	416
973	456
973	484
973	498
973	557
973	566
973	570
973	571
973	642
973	656
973	669
973	684
973	728
973	763
973	764
973	794
973	796
973	835
973	882
973	888
973	916
973	927
973	931
973	939
973	950
973	951
973	958
973	969
973	978
973	986
973	987
973	988
973	995
974	51
974	99
974	139
974	170
974	215
974	234
974	262
974	323
974	389
974	437
974	441
974	483
974	517
974	529
974	535
974	557
974	580
974	589
974	614
974	665
974	669
974	691
974	709
974	728
974	755
974	763
974	764
974	794
974	801
974	827
974	835
974	882
974	888
974	907
974	916
974	927
974	931
974	950
974	951
974	958
974	978
974	986
974	987
974	988
974	995
975	59
975	137
975	370
975	489
975	523
975	579
975	586
975	592
975	608
975	610
975	613
975	648
975	653
975	654
975	671
975	678
975	689
975	699
975	709
975	713
975	740
975	744
975	781
975	784
975	801
975	833
975	845
975	855
975	857
975	859
975	877
975	884
975	891
975	903
975	913
975	927
975	933
975	935
975	941
975	959
975	967
975	977
975	994
975	995
975	998
975	1000
976	64
976	93
976	132
976	178
976	348
976	361
976	390
976	402
976	412
976	427
976	445
976	516
976	548
976	626
976	655
976	675
976	683
976	702
976	704
976	707
976	714
976	717
976	791
976	806
976	817
976	820
976	824
976	852
976	867
976	874
976	896
976	899
976	900
976	908
976	909
976	917
976	924
976	928
976	934
976	945
976	953
976	964
976	979
976	984
976	990
976	996
977	44
977	102
977	312
977	333
977	378
977	523
977	545
977	579
977	586
977	592
977	610
977	639
977	648
977	653
977	654
977	678
977	689
977	713
977	744
977	751
977	781
977	784
977	785
977	793
977	801
977	831
977	833
977	837
977	845
977	855
977	857
977	859
977	877
977	884
977	903
977	913
977	931
977	933
977	935
977	941
977	959
977	964
977	967
977	975
977	994
977	998
977	1000
978	4
978	17
978	56
978	92
978	170
978	345
978	380
978	409
978	441
978	483
978	498
978	535
978	537
978	549
978	566
978	585
978	588
978	589
978	596
978	614
978	684
978	691
978	728
978	756
978	763
978	764
978	790
978	794
978	796
978	830
978	835
978	882
978	888
978	916
978	927
978	931
978	936
978	950
978	951
978	958
978	973
978	974
978	981
978	986
978	987
978	988
978	995
978	997
979	35
979	120
979	125
979	127
979	208
979	217
979	278
979	353
979	361
979	364
979	436
979	473
979	506
979	520
979	536
979	548
979	550
979	572
979	573
979	574
979	609
979	623
979	626
979	645
979	683
979	714
979	722
979	737
979	768
979	816
979	820
979	856
979	859
979	875
979	900
979	908
979	909
979	922
979	924
979	934
979	936
979	944
979	964
979	976
979	984
979	988
979	996
979	999
980	19
980	30
980	34
980	145
980	181
980	196
980	246
980	303
980	304
980	313
980	322
980	352
980	396
980	424
980	449
980	457
980	477
980	486
980	489
980	511
980	514
980	619
980	624
980	660
980	674
980	716
980	726
980	735
980	742
980	749
980	754
980	804
980	807
980	808
980	811
980	822
980	826
980	830
980	838
980	843
980	879
980	883
980	914
980	923
980	938
980	945
980	946
980	962
980	969
980	992
980	993
981	46
981	128
981	136
981	233
981	249
981	355
981	432
981	434
981	478
981	479
981	563
981	564
981	627
981	663
981	664
981	670
981	673
981	677
981	719
981	746
981	747
981	766
981	773
981	775
981	818
981	821
981	828
981	839
981	852
981	865
981	872
981	873
981	880
981	894
981	901
981	918
981	926
981	932
981	948
981	952
981	954
981	956
981	957
981	960
981	962
981	963
981	970
981	978
981	982
981	989
981	990
981	992
982	12
982	69
982	207
982	211
982	249
982	256
982	358
982	415
982	422
982	492
982	553
982	565
982	630
982	644
982	666
982	668
982	693
982	701
982	727
982	750
982	757
982	766
982	777
982	798
982	821
982	828
982	839
982	846
982	852
982	865
982	872
982	873
982	887
982	894
982	895
982	901
982	918
982	921
982	926
982	932
982	941
982	947
982	948
982	952
982	954
982	960
982	961
982	963
982	981
982	989
982	990
982	992
983	3
983	6
983	24
983	29
983	68
983	85
983	94
983	124
983	160
983	194
983	276
983	308
983	316
983	342
983	346
983	384
983	410
983	486
983	491
983	514
983	532
983	539
983	542
983	554
983	556
983	615
983	624
983	643
983	661
983	685
983	686
983	696
983	705
983	711
983	733
983	819
983	829
983	835
983	841
983	848
983	850
983	860
983	862
983	876
983	878
983	885
983	897
983	915
983	940
983	949
983	955
983	968
983	971
983	991
983	994
983	997
983	999
983	1000
984	25
984	80
984	95
984	104
984	121
984	162
984	168
984	329
984	347
984	392
984	417
984	442
984	465
984	490
984	494
984	499
984	503
984	512
984	513
984	572
984	591
984	605
984	634
984	646
984	650
984	672
984	675
984	679
984	683
984	695
984	700
984	704
984	706
984	714
984	718
984	722
984	729
984	734
984	737
984	768
984	802
984	814
984	861
984	867
984	886
984	896
984	906
984	908
984	917
984	922
984	924
984	928
984	936
984	939
984	967
984	976
984	979
984	1000
985	26
985	31
985	45
985	54
985	198
985	209
985	250
985	332
985	337
985	343
985	418
985	472
985	474
985	488
985	519
985	525
985	532
985	546
985	561
985	602
985	604
985	606
985	607
985	622
985	625
985	635
985	659
985	695
985	698
985	741
985	747
985	753
985	765
985	770
985	776
985	810
985	815
985	823
985	831
985	834
985	836
985	861
985	864
985	870
985	881
985	904
985	912
985	918
985	919
985	929
985	930
985	936
985	943
985	947
985	962
985	965
985	966
985	970
986	14
986	37
986	51
986	56
986	92
986	172
986	234
986	244
986	266
986	298
986	377
986	409
986	423
986	438
986	456
986	481
986	484
986	517
986	521
986	529
986	535
986	549
986	566
986	585
986	588
986	589
986	596
986	642
986	652
986	656
986	684
986	691
986	709
986	712
986	728
986	756
986	763
986	764
986	790
986	796
986	827
986	833
986	835
986	853
986	878
986	882
986	916
986	927
986	931
986	950
986	951
986	954
986	957
986	958
986	973
986	974
986	978
986	987
986	988
986	990
986	995
987	37
987	92
987	99
987	115
987	149
987	190
987	199
987	244
987	248
987	266
987	323
987	331
987	360
987	380
987	386
987	389
987	423
987	437
987	445
987	481
987	482
987	483
987	484
987	521
987	534
987	549
987	557
987	566
987	570
987	580
987	585
987	589
987	614
987	656
987	665
987	669
987	691
987	712
987	728
987	756
987	790
987	794
987	796
987	827
987	835
987	836
987	882
987	888
987	916
987	927
987	931
987	950
987	951
987	958
987	971
987	973
987	974
987	978
987	986
987	988
987	994
987	995
988	2
988	4
988	14
988	48
988	51
988	97
988	148
988	199
988	244
988	283
988	289
988	323
988	331
988	342
988	377
988	386
988	389
988	433
988	438
988	446
988	481
988	498
988	517
988	529
988	534
988	535
988	537
988	549
988	570
988	571
988	580
988	614
988	652
988	656
988	665
988	691
988	702
988	709
988	712
988	756
988	763
988	790
988	794
988	796
988	827
988	835
988	882
988	888
988	892
988	916
988	927
988	931
988	946
988	950
988	951
988	958
988	969
988	973
988	974
988	978
988	979
988	986
988	987
988	995
988	996
989	17
989	21
989	39
989	175
989	220
989	269
989	292
989	296
989	324
989	353
989	358
989	367
989	369
989	411
989	415
989	434
989	493
989	547
989	558
989	611
989	636
989	638
989	651
989	663
989	687
989	701
989	727
989	731
989	745
989	746
989	752
989	757
989	766
989	775
989	821
989	839
989	846
989	852
989	857
989	865
989	867
989	873
989	880
989	887
989	892
989	894
989	895
989	901
989	918
989	921
989	926
989	932
989	948
989	952
989	954
989	956
989	957
989	960
989	961
989	963
989	981
989	982
989	990
989	992
989	993
989	999
990	1
990	21
990	55
990	75
990	77
990	105
990	123
990	171
990	197
990	204
990	220
990	269
990	329
990	369
990	415
990	434
990	455
990	478
990	547
990	582
990	583
990	587
990	611
990	616
990	638
990	644
990	664
990	666
990	677
990	703
990	727
990	757
990	773
990	775
990	785
990	809
990	821
990	826
990	828
990	832
990	839
990	846
990	852
990	871
990	872
990	873
990	880
990	892
990	894
990	895
990	901
990	913
990	918
990	921
990	924
990	926
990	932
990	948
990	952
990	954
990	960
990	961
990	963
990	968
990	976
990	981
990	982
990	986
990	989
990	992
991	16
991	22
991	29
991	155
991	160
991	192
991	224
991	228
991	261
991	328
991	334
991	339
991	346
991	351
991	356
991	362
991	375
991	383
991	384
991	398
991	447
991	454
991	462
991	464
991	469
991	476
991	491
991	498
991	501
991	518
991	520
991	524
991	556
991	568
991	605
991	615
991	618
991	640
991	655
991	661
991	662
991	680
991	685
991	686
991	696
991	705
991	711
991	713
991	715
991	733
991	769
991	787
991	819
991	829
991	841
991	842
991	848
991	850
991	860
991	876
991	878
991	885
991	897
991	931
991	940
991	949
991	955
991	968
991	971
991	983
991	997
991	999
991	1000
992	1
992	7
992	12
992	46
992	70
992	75
992	77
992	84
992	98
992	128
992	159
992	174
992	188
992	233
992	249
992	275
992	292
992	324
992	336
992	355
992	367
992	373
992	411
992	415
992	420
992	462
992	478
992	479
992	563
992	587
992	599
992	627
992	630
992	632
992	638
992	644
992	663
992	664
992	668
992	693
992	708
992	719
992	746
992	752
992	766
992	809
992	818
992	826
992	828
992	871
992	872
992	880
992	887
992	892
992	894
992	895
992	901
992	903
992	921
992	923
992	926
992	932
992	948
992	952
992	954
992	956
992	957
992	960
992	961
992	963
992	980
992	981
992	982
992	989
992	990
993	19
993	44
993	113
993	122
993	126
993	144
993	181
993	196
993	200
993	214
993	221
993	246
993	267
993	274
993	277
993	304
993	313
993	319
993	352
993	381
993	385
993	391
993	396
993	397
993	403
993	424
993	435
993	449
993	461
993	475
993	477
993	486
993	489
993	494
993	496
993	504
993	511
993	514
993	528
993	533
993	540
993	554
993	567
993	601
993	620
993	631
993	658
993	660
993	692
993	726
993	735
993	749
993	752
993	754
993	791
993	800
993	804
993	807
993	808
993	811
993	822
993	830
993	838
993	840
993	841
993	851
993	854
993	879
993	914
993	923
993	938
993	945
993	946
993	948
993	962
993	969
993	970
993	980
993	989
993	996
994	72
994	82
994	87
994	109
994	115
994	141
994	142
994	153
994	157
994	186
994	201
994	213
994	225
994	232
994	240
994	266
994	287
994	312
994	315
994	333
994	371
994	376
994	378
994	394
994	399
994	401
994	408
994	421
994	426
994	458
994	505
994	523
994	544
994	545
994	551
994	552
994	579
994	586
994	592
994	593
994	608
994	610
994	613
994	629
994	639
994	642
994	648
994	653
994	654
994	671
994	699
994	713
994	740
994	744
994	751
994	762
994	781
994	784
994	785
994	793
994	801
994	815
994	817
994	833
994	845
994	855
994	857
994	859
994	877
994	884
994	903
994	913
994	933
994	935
994	941
994	959
994	967
994	975
994	977
994	983
994	987
994	996
994	998
994	1000
995	2
995	4
995	14
995	38
995	48
995	56
995	97
995	148
995	149
995	170
995	172
995	190
995	199
995	231
995	283
995	289
995	298
995	323
995	349
995	360
995	380
995	384
995	386
995	395
995	416
995	423
995	433
995	437
995	441
995	446
995	481
995	483
995	484
995	498
995	517
995	521
995	529
995	534
995	535
995	537
995	549
995	557
995	566
995	570
995	571
995	580
995	588
995	589
995	596
995	614
995	642
995	652
995	656
995	665
995	669
995	684
995	691
995	709
995	712
995	728
995	756
995	759
995	763
995	764
995	790
995	794
995	796
995	827
995	835
995	862
995	867
995	882
995	883
995	888
995	895
995	916
995	927
995	931
995	950
995	951
995	958
995	973
995	974
995	975
995	978
995	986
995	987
995	988
996	25
996	53
996	80
996	121
996	125
996	162
996	184
996	191
996	203
996	216
996	226
996	273
996	301
996	317
996	320
996	348
996	363
996	364
996	379
996	417
996	451
996	465
996	473
996	485
996	495
996	503
996	548
996	572
996	573
996	574
996	576
996	578
996	594
996	597
996	612
996	623
996	634
996	637
996	647
996	650
996	672
996	673
996	675
996	690
996	700
996	706
996	734
996	736
996	737
996	755
996	761
996	769
996	779
996	786
996	789
996	794
996	802
996	816
996	817
996	820
996	824
996	853
996	856
996	858
996	867
996	874
996	875
996	886
996	891
996	896
996	900
996	906
996	908
996	909
996	911
996	922
996	924
996	928
996	934
996	937
996	938
996	953
996	963
996	964
996	976
996	979
996	988
996	993
996	994
997	15
997	16
997	22
997	57
997	68
997	124
997	146
997	155
997	158
997	160
997	177
997	194
997	209
997	219
997	222
997	223
997	228
997	242
997	276
997	308
997	316
997	342
997	346
997	351
997	356
997	365
997	375
997	387
997	393
997	410
997	429
997	443
997	447
997	454
997	464
997	470
997	471
997	476
997	491
997	497
997	501
997	515
997	518
997	520
997	524
997	532
997	568
997	581
997	618
997	621
997	624
997	643
997	655
997	680
997	685
997	686
997	696
997	705
997	711
997	715
997	733
997	738
997	741
997	778
997	802
997	811
997	819
997	829
997	832
997	841
997	842
997	848
997	860
997	862
997	876
997	878
997	885
997	897
997	900
997	915
997	917
997	934
997	940
997	949
997	955
997	968
997	971
997	978
997	983
997	991
997	999
998	52
998	58
998	59
998	62
998	67
998	72
998	82
998	87
998	102
998	108
998	109
998	115
998	133
998	137
998	139
998	141
998	142
998	153
998	157
998	181
998	186
998	189
998	201
998	213
998	240
998	243
998	246
998	253
998	262
998	287
998	312
998	315
998	333
998	370
998	371
998	376
998	378
998	394
998	399
998	401
998	421
998	426
998	458
998	505
998	523
998	544
998	545
998	551
998	552
998	579
998	586
998	592
998	593
998	608
998	610
998	613
998	639
998	648
998	654
998	671
998	678
998	686
998	689
998	699
998	713
998	740
998	744
998	751
998	781
998	784
998	785
998	788
998	793
998	801
998	833
998	845
998	855
998	857
998	859
998	877
998	884
998	903
998	913
998	929
998	933
998	935
998	941
998	959
998	967
998	972
998	975
998	977
998	994
998	999
998	1000
999	6
999	11
999	15
999	16
999	22
999	24
999	60
999	68
999	83
999	85
999	94
999	101
999	146
999	158
999	177
999	187
999	192
999	209
999	219
999	222
999	223
999	228
999	239
999	242
999	261
999	265
999	281
999	286
999	328
999	334
999	339
999	351
999	359
999	365
999	375
999	384
999	398
999	410
999	429
999	443
999	447
999	462
999	467
999	468
999	469
999	471
999	491
999	497
999	518
999	532
999	539
999	556
999	558
999	568
999	605
999	615
999	618
999	621
999	640
999	661
999	662
999	680
999	685
999	696
999	705
999	711
999	715
999	733
999	778
999	787
999	819
999	829
999	841
999	842
999	848
999	850
999	851
999	876
999	878
999	885
999	890
999	897
999	915
999	940
999	944
999	949
999	954
999	955
999	959
999	968
999	971
999	979
999	983
999	989
999	991
999	997
999	998
1000	52
1000	58
1000	62
1000	67
1000	72
1000	82
1000	87
1000	102
1000	108
1000	109
1000	137
1000	139
1000	141
1000	142
1000	153
1000	157
1000	186
1000	189
1000	201
1000	207
1000	213
1000	225
1000	232
1000	240
1000	243
1000	262
1000	287
1000	312
1000	315
1000	333
1000	370
1000	371
1000	376
1000	378
1000	394
1000	399
1000	401
1000	408
1000	421
1000	426
1000	458
1000	505
1000	523
1000	544
1000	545
1000	551
1000	552
1000	579
1000	586
1000	592
1000	593
1000	608
1000	610
1000	613
1000	639
1000	648
1000	653
1000	654
1000	671
1000	678
1000	689
1000	699
1000	713
1000	740
1000	744
1000	751
1000	781
1000	784
1000	785
1000	793
1000	801
1000	833
1000	845
1000	855
1000	857
1000	859
1000	872
1000	874
1000	877
1000	884
1000	903
1000	913
1000	920
1000	933
1000	935
1000	937
1000	941
1000	956
1000	959
1000	960
1000	967
1000	975
1000	977
1000	983
1000	984
1000	991
1000	994
1000	998
