1	985
1	992
1	994
2	947
2	981
2	997
3	548
3	740
3	969
4	784
4	984
4	998
5	412
5	985
5	992
6	826
6	934
6	986
7	738
7	754
7	998
8	980
8	992
8	994
9	592
9	621
9	968
10	826
10	853
10	931
11	49
11	988
11	1000
12	161
12	306
12	966
13	980
13	985
13	994
14	906
14	955
14	988
15	219
15	925
15	1000
16	985
16	992
16	994
17	910
17	939
17	978
18	648
18	942
18	973
19	765
19	966
19	973
20	181
20	965
20	998
21	642
21	818
21	933
22	837
22	962
22	999
23	465
23	919
23	956
24	693
24	876
24	971
25	945
25	987
25	993
26	655
26	871
26	918
27	42
27	212
27	951
28	462
28	658
28	1000
29	953
29	993
29	996
30	866
30	976
30	991
31	523
31	892
31	978
32	841
32	990
32	996
33	658
33	952
33	982
34	869
34	959
34	997
35	820
35	966
35	973
36	334
36	940
36	997
37	676
37	770
37	930
38	970
38	992
38	994
39	921
39	947
39	997
40	593
40	997
40	999
41	98
41	452
41	997
42	27
42	849
42	912
43	749
43	981
43	987
44	959
44	974
44	999
45	536
45	882
45	892
46	719
46	969
46	998
47	454
47	646
47	697
48	939
48	958
48	978
49	11
49	731
49	1000
50	836
50	854
50	1000
51	891
51	980
51	994
52	652
52	671
52	984
53	833
53	847
53	887
54	607
54	893
54	941
55	809
55	888
55	996
56	894
56	988
56	1000
57	976
57	987
57	989
58	369
58	982
58	1000
59	639
59	818
59	933
60	843
60	969
60	986
61	964
61	979
61	998
62	964
62	998
62	1000
63	703
63	988
63	1000
64	577
64	824
64	950
65	917
65	982
65	1000
66	842
66	862
66	974
67	969
67	981
67	999
68	567
68	931
68	978
69	647
69	703
69	986
70	863
70	947
70	997
71	534
71	588
71	998
72	798
72	997
72	999
73	576
73	690
73	998
74	493
74	983
74	997
75	771
75	904
75	1000
76	424
76	514
76	877
77	184
77	924
77	990
78	497
78	639
78	920
79	643
79	791
79	1000
80	469
80	787
80	801
81	342
81	993
81	995
82	482
82	494
82	692
83	929
83	973
83	996
84	170
84	981
84	999
85	668
85	875
85	939
86	914
86	944
86	977
87	659
87	930
87	977
88	859
88	883
88	971
89	855
89	957
89	988
90	420
90	927
90	966
91	952
91	993
91	1000
92	919
92	925
92	990
93	901
93	968
93	977
94	852
94	910
94	978
95	740
95	983
95	985
96	479
96	649
96	732
97	885
97	933
97	950
98	41
98	698
98	709
99	948
99	982
99	996
100	942
100	966
100	973
101	736
101	893
101	895
102	820
102	966
102	973
103	720
103	983
103	986
104	600
104	958
104	999
105	990
105	991
105	996
106	790
106	932
106	967
107	191
107	962
107	969
108	962
108	986
108	999
109	801
109	947
109	999
110	702
110	966
110	973
111	829
111	908
111	999
112	964
112	984
112	998
113	513
113	747
113	984
114	780
114	975
114	990
115	653
115	897
115	922
116	486
116	805
116	979
117	837
117	959
117	992
118	555
118	827
118	973
119	985
119	992
119	994
120	295
120	303
120	309
121	980
121	992
121	994
122	190
122	829
122	974
123	744
123	790
123	988
124	794
124	979
124	998
125	955
125	982
125	1000
126	967
126	976
126	993
127	909
127	922
127	999
128	868
128	960
128	973
129	989
129	993
129	995
130	634
130	958
130	982
131	520
131	523
131	903
132	760
132	927
132	973
133	882
133	963
133	998
134	606
134	817
134	1000
135	604
135	651
135	772
136	318
136	987
136	990
137	511
137	921
137	959
138	642
138	779
138	887
139	894
139	925
139	1000
140	985
140	992
140	994
141	221
141	968
141	977
142	646
142	750
142	776
143	824
143	920
143	950
144	395
144	716
144	966
145	423
145	495
145	927
146	647
146	863
146	947
147	565
147	936
147	939
148	239
148	794
148	998
149	680
149	901
149	968
150	779
150	818
150	887
151	308
151	847
151	949
152	904
152	988
152	1000
153	806
153	925
153	995
154	503
154	987
154	995
155	816
155	930
155	968
156	598
156	804
156	882
157	232
157	885
157	933
158	750
158	968
158	977
159	927
159	929
159	973
160	963
160	979
160	998
161	12
161	756
161	942
162	925
162	975
162	976
163	391
163	793
163	977
164	291
164	794
164	909
165	394
165	732
165	874
166	965
166	984
166	997
167	975
167	976
167	996
168	387
168	646
168	974
169	778
169	891
169	965
170	84
170	443
170	915
171	752
171	919
171	935
172	547
172	995
172	996
173	419
173	429
173	695
174	632
174	933
174	950
175	747
175	984
175	998
176	734
176	798
176	986
177	942
177	966
177	973
178	990
178	991
178	993
179	898
179	971
179	990
180	391
180	872
180	977
181	20
181	866
181	976
182	456
182	711
182	997
183	775
183	964
183	998
184	77
184	995
184	996
185	925
185	936
185	995
186	974
186	989
186	997
187	621
187	883
187	968
188	407
188	716
188	839
189	715
189	981
189	986
190	122
190	952
190	988
191	107
191	897
191	983
192	395
192	942
192	973
193	605
193	967
193	988
194	959
194	983
194	999
195	566
195	840
195	968
196	382
196	464
196	997
197	681
197	869
197	894
198	903
198	918
198	939
199	211
199	807
199	986
200	520
200	675
200	978
201	956
201	990
201	995
202	604
202	729
202	898
203	972
203	990
203	995
204	980
204	992
204	994
205	948
205	962
205	969
206	755
206	847
206	950
207	690
207	963
207	964
208	565
208	853
208	939
209	561
209	585
209	884
210	985
210	992
210	994
211	199
211	749
211	940
212	27
212	288
212	860
213	527
213	962
213	980
214	814
214	878
214	989
215	987
215	990
215	995
216	980
216	992
216	994
217	415
217	958
217	978
218	470
218	972
218	996
219	15
219	252
219	967
220	793
220	941
220	953
221	141
221	938
221	951
222	870
222	968
222	977
223	698
223	979
223	998
224	497
224	748
224	920
225	985
225	992
225	994
226	770
226	914
226	968
227	863
227	976
227	990
228	632
228	796
228	933
229	980
229	985
229	994
230	673
230	875
230	978
231	651
231	893
231	941
232	157
232	639
232	1000
233	638
233	810
233	965
234	892
234	978
234	999
235	678
235	814
235	968
236	936
236	989
236	990
237	795
237	991
237	995
238	740
238	986
238	997
239	148
239	598
239	638
240	296
240	974
240	997
241	802
241	821
241	978
242	985
242	992
242	994
243	336
243	630
243	997
244	798
244	922
244	999
245	490
245	964
245	990
246	985
246	992
246	994
247	916
247	995
247	996
248	349
248	974
248	986
249	368
249	844
249	950
250	896
250	904
250	982
251	856
251	952
251	1000
252	219
252	896
252	955
253	591
253	979
253	998
254	816
254	929
254	942
255	985
255	992
255	994
256	918
256	955
256	988
257	597
257	986
257	997
258	767
258	790
258	846
259	438
259	517
259	870
260	592
260	914
260	968
261	989
261	990
261	993
262	537
262	649
262	971
263	822
263	941
263	971
264	499
264	692
264	950
265	316
265	927
265	973
266	358
266	985
266	992
267	908
267	947
267	959
268	320
268	627
268	1000
269	361
269	825
269	971
270	365
270	875
270	978
271	802
271	958
271	978
272	905
272	924
272	998
273	355
273	668
273	978
274	787
274	908
274	997
275	753
275	953
275	995
276	476
276	729
276	846
277	759
277	939
277	978
278	947
278	958
278	999
279	987
279	991
279	996
280	315
280	696
280	974
281	900
281	997
281	999
282	522
282	721
282	944
283	332
283	401
283	997
284	957
284	982
284	988
284	1000
285	793
285	883
285	886
285	941
286	304
286	827
286	966
286	973
287	970
287	980
287	985
287	994
288	212
288	972
288	987
288	993
289	960
289	970
289	992
289	994
290	588
290	979
290	982
290	998
291	164
291	483
291	635
291	984
292	535
292	662
292	903
292	958
293	502
293	946
293	967
293	1000
294	911
294	989
294	991
294	995
295	120
295	802
295	910
295	918
296	240
296	359
296	625
296	983
297	589
297	840
297	944
297	968
298	381
298	606
298	903
298	978
299	853
299	875
299	931
299	978
300	888
300	975
300	989
300	996
301	970
301	980
301	992
301	994
302	894
302	952
302	967
302	1000
303	120
303	671
303	830
303	979
304	286
304	356
304	942
304	966
305	656
305	948
305	967
305	1000
306	12
306	764
306	929
306	966
307	905
307	979
307	984
307	998
308	151
308	504
308	762
308	980
309	120
309	578
309	770
309	979
310	636
310	707
310	795
310	925
311	925
311	949
311	987
311	996
312	599
312	882
312	979
312	998
313	847
313	925
313	933
313	950
314	407
314	929
314	942
314	973
315	280
315	613
315	991
315	997
316	265
316	839
316	966
316	993
317	610
317	792
317	808
317	971
318	136
318	467
318	944
318	993
319	472
319	479
319	943
319	971
320	268
320	967
320	988
320	1000
321	972
321	987
321	993
321	996
322	645
322	991
322	995
322	996
323	584
323	785
323	873
323	993
324	855
324	957
324	982
324	1000
325	934
325	938
325	962
325	986
326	970
326	989
326	992
326	994
327	877
327	928
327	997
327	999
328	864
328	916
328	989
328	991
329	980
329	985
329	992
329	994
330	955
330	982
330	988
330	1000
331	443
331	980
331	992
331	994
332	283
332	700
332	860
332	999
333	541
333	606
333	683
333	931
334	36
334	850
334	974
334	986
335	813
335	979
335	984
335	998
336	243
336	505
336	983
336	997
337	420
337	929
337	942
337	974
338	680
338	840
338	872
338	944
339	454
339	650
339	872
339	977
340	957
340	982
340	988
340	1000
341	771
341	896
341	982
341	988
342	81
342	934
342	993
342	995
343	896
343	948
343	967
343	1000
344	961
344	980
344	992
344	994
345	980
345	985
345	992
345	994
346	796
346	923
346	933
346	950
347	738
347	874
347	895
347	971
348	761
348	888
348	975
348	996
349	248
349	454
349	914
349	977
350	562
350	922
350	983
350	997
351	899
351	957
351	988
351	1000
352	917
352	967
352	982
352	988
353	503
353	857
353	997
353	999
354	543
354	775
354	910
354	978
355	273
355	455
355	918
355	958
356	304
356	672
356	756
356	927
357	922
357	943
357	962
357	999
358	266
358	674
358	948
358	952
359	296
359	901
359	914
359	944
360	593
360	784
360	963
360	979
361	269
361	886
361	941
361	971
362	543
362	931
362	958
362	978
363	960
363	970
363	992
363	994
364	694
364	854
364	952
364	988
365	270
365	821
365	875
365	978
366	849
366	967
366	982
366	1000
367	823
367	842
367	849
367	974
368	249
368	531
368	833
368	885
369	58
369	920
369	948
369	1000
370	625
370	647
370	989
370	999
371	618
371	878
371	989
371	996
372	705
372	990
372	993
372	995
373	970
373	985
373	992
373	994
374	903
374	910
374	931
374	935
375	980
375	985
375	992
375	994
376	905
376	949
376	964
376	977
377	807
377	985
377	992
377	994
378	658
378	896
378	988
378	1000
379	487
379	910
379	931
379	939
380	883
380	911
380	993
380	996
381	298
381	939
381	958
381	978
382	196
382	880
382	969
382	974
383	572
383	839
383	966
383	973
384	483
384	609
384	965
384	998
385	654
385	760
385	929
385	973
386	948
386	955
386	957
386	967
387	168
387	703
387	837
387	981
388	782
388	867
388	977
388	979
389	538
389	684
389	872
389	977
390	948
390	967
390	982
390	1000
391	163
391	180
391	776
391	951
392	608
392	695
392	772
392	797
393	961
393	970
393	985
393	992
394	165
394	651
394	895
394	941
395	144
395	192
395	868
395	966
396	531
396	644
396	933
396	959
397	936
397	973
397	975
397	987
398	878
398	972
398	989
398	996
399	403
399	970
399	981
399	999
400	764
400	822
400	852
400	999
401	283
401	837
401	947
401	999
402	822
402	921
402	969
402	999
403	399
403	798
403	943
403	981
404	791
404	856
404	952
404	988
405	539
405	541
405	655
405	978
406	925
406	991
406	995
406	996
407	188
407	314
407	827
407	927
408	532
408	701
408	974
408	995
409	809
409	855
409	982
409	988
410	890
410	987
410	991
410	996
411	791
411	948
411	957
411	1000
412	5
412	825
412	883
412	971
413	957
413	967
413	982
413	1000
414	619
414	750
414	789
414	930
415	217
415	903
415	918
415	958
416	745
416	822
416	915
416	994
417	981
417	983
417	997
417	999
418	470
418	616
418	642
418	933
419	173
419	608
419	895
419	971
420	90
420	337
420	590
420	973
421	866
421	935
421	993
421	995
422	513
422	556
422	967
422	1000
423	145
423	929
423	942
423	973
424	76
424	959
424	986
424	997
425	654
425	864
425	934
425	978
426	681
426	915
426	983
426	997
427	842
427	983
427	986
427	997
428	932
428	965
428	984
428	998
429	173
429	943
429	981
429	983
430	653
430	908
430	943
430	981
431	504
431	975
431	989
431	991
432	730
432	959
432	962
432	999
433	557
433	922
433	983
433	997
434	682
434	683
434	864
434	978
435	657
435	952
435	988
435	1000
436	962
436	965
436	983
436	997
437	818
437	844
437	933
437	950
438	259
438	527
438	684
438	914
439	970
439	985
439	992
439	994
440	961
440	980
440	992
440	994
441	915
441	934
441	959
441	999
442	620
442	905
442	987
442	998
443	170
443	331
443	740
443	969
444	561
444	905
444	965
444	984
445	873
445	972
445	991
445	993
446	825
446	887
446	898
446	971
447	863
447	962
447	969
447	999
448	449
448	865
448	966
448	973
449	448
449	733
449	929
449	966
450	923
450	945
450	953
450	976
451	610
451	987
451	989
451	993
452	41
452	745
452	877
452	962
453	817
453	948
453	952
453	967
453	1000
454	47
454	339
454	349
454	725
454	951
455	355
455	863
455	921
455	974
455	997
456	182
456	834
456	957
456	988
456	1000
457	521
457	810
457	964
457	979
457	984
458	463
458	880
458	974
458	981
458	999
459	749
459	752
459	922
459	928
459	986
460	856
460	904
460	917
460	927
460	982
461	705
461	945
461	991
461	995
461	996
462	28
462	542
462	955
462	988
462	1000
463	458
463	627
463	917
463	982
463	1000
464	196
464	927
464	929
464	942
464	973
465	23
465	784
465	964
465	979
465	998
466	693
466	732
466	893
466	898
466	943
467	318
467	874
467	987
467	993
467	995
468	599
468	665
468	899
468	979
468	984
469	80
469	637
469	852
469	981
469	983
470	218
470	418
470	786
470	833
470	920
471	713
471	856
471	932
471	965
471	998
472	319
472	699
472	792
472	846
472	886
473	919
473	945
473	989
473	990
473	991
474	892
474	911
474	935
474	993
474	996
475	706
475	807
475	869
475	981
475	986
476	276
476	738
476	876
476	941
476	971
477	532
477	987
477	990
477	995
477	996
478	579
478	702
478	948
478	955
478	982
479	96
479	319
479	838
479	895
479	971
480	623
480	645
480	880
480	927
480	973
481	961
481	980
481	985
481	992
481	994
482	82
482	817
482	948
482	967
482	1000
483	291
483	384
483	909
483	949
483	998
484	653
484	974
484	981
484	995
484	999
485	698
485	746
485	768
485	778
485	998
486	116
486	676
486	914
486	930
486	951
487	379
487	723
487	788
487	864
487	892
488	753
488	848
488	856
488	967
488	1000
489	963
489	975
489	976
489	995
489	996
490	245
490	972
490	975
490	995
490	996
491	637
491	857
491	863
491	962
491	999
492	584
492	786
492	920
492	933
492	950
493	74
493	822
493	921
493	974
493	983
494	82
494	644
494	692
494	751
494	833
495	145
495	830
495	927
495	929
495	973
496	767
496	838
496	876
496	886
496	922
497	78
497	224
497	498
497	755
497	844
498	497
498	762
498	799
498	824
498	920
499	264
499	644
499	762
499	796
499	898
500	863
500	974
500	983
500	991
500	999
501	897
501	943
501	969
501	997
501	999
502	293
502	589
502	834
502	988
502	1000
503	154
503	353
503	637
503	653
503	999
504	308
504	431
504	531
504	920
504	950
505	336
505	647
505	714
505	720
505	983
506	960
506	980
506	985
506	992
506	994
507	704
507	840
507	914
507	944
507	951
508	514
508	850
508	940
508	986
508	997
509	779
509	786
509	833
509	847
509	950
510	583
510	587
510	893
510	941
510	971
511	137
511	722
511	800
511	968
511	977
512	778
512	882
512	926
512	979
512	998
513	113
513	422
513	982
513	988
513	1000
514	76
514	508
514	622
514	874
514	877
515	749
515	970
515	985
515	992
515	994
516	525
516	629
516	768
516	808
516	899
517	259
517	840
517	881
517	930
517	977
518	796
518	980
518	985
518	992
518	994
519	785
519	972
519	976
519	987
519	991
520	131
520	200
520	695
520	783
520	958
521	457
521	794
521	799
521	882
521	979
522	282
522	789
522	951
522	968
522	977
523	31
523	131
523	871
523	958
523	978
524	841
524	975
524	987
524	993
524	996
525	516
525	700
525	899
525	963
525	998
526	970
526	980
526	985
526	992
526	994
527	213
527	438
527	962
527	981
527	999
528	891
528	932
528	964
528	965
528	998
529	926
529	949
529	982
529	984
529	998
530	834
530	836
530	967
530	982
530	1000
531	368
531	396
531	504
531	887
531	950
532	408
532	477
532	652
532	940
532	975
533	827
533	929
533	935
533	966
533	973
534	71
534	602
534	775
534	963
534	998
535	292
535	536
535	864
535	918
535	978
536	45
536	535
536	783
536	931
536	958
537	262
537	856
537	948
537	982
537	1000
538	389
538	867
538	944
538	951
538	968
539	405
539	654
539	884
539	931
539	978
540	575
540	713
540	742
540	974
540	998
541	333
541	405
541	654
541	765
541	918
542	462
542	826
542	974
542	981
542	986
543	354
543	362
543	723
543	788
543	978
544	551
544	851
544	963
544	979
544	998
545	644
545	786
545	818
545	824
545	847
546	901
546	930
546	951
546	955
546	977
547	172
547	633
547	925
547	976
547	996
548	3
548	568
548	860
548	986
548	997
549	863
549	943
549	984
549	997
549	999
550	706
550	817
550	952
550	988
550	1000
551	544
551	862
551	962
551	983
551	986
552	681
552	959
552	983
552	997
552	999
553	560
553	840
553	867
553	944
553	977
554	686
554	796
554	920
554	933
554	950
555	118
555	827
555	927
555	929
555	966
556	422
556	674
556	952
556	982
556	1000
557	433
557	767
557	943
557	947
557	997
558	905
558	963
558	964
558	965
558	998
559	765
559	820
559	927
559	942
559	966
560	553
560	914
560	930
560	972
560	977
561	209
561	444
561	775
561	830
561	998
562	350
562	603
562	943
562	959
562	974
563	956
563	976
563	987
563	993
563	995
564	864
564	892
564	910
564	918
564	939
565	147
565	208
565	892
565	978
565	986
566	195
566	890
566	953
566	990
566	993
567	68
567	783
567	931
567	974
567	978
568	548
568	831
568	993
568	995
568	996
569	970
569	980
569	985
569	992
569	994
570	873
570	924
570	962
570	972
570	987
571	683
571	721
571	902
571	975
571	993
572	383
572	760
572	966
572	973
572	997
573	906
573	917
573	982
573	988
573	1000
574	804
574	904
574	955
574	982
574	1000
575	540
575	926
575	932
575	963
575	964
576	73
576	711
576	747
576	884
576	984
576	998
577	64
577	686
577	692
577	833
577	844
577	885
578	309
578	763
578	963
578	964
578	984
578	998
579	478
579	581
579	674
579	952
579	982
579	1000
580	960
580	961
580	970
580	980
580	992
580	994
581	579
581	726
581	948
581	955
581	988
581	1000
582	589
582	728
582	789
582	872
582	901
582	968
583	510
583	767
583	838
583	876
583	941
583	971
584	323
584	492
584	936
584	976
584	987
584	996
585	209
585	813
585	884
585	899
585	932
585	979
586	757
586	942
586	945
586	956
586	991
586	995
587	510
587	640
587	732
587	809
587	898
587	971
588	71
588	290
588	884
588	965
588	984
588	998
589	297
589	502
589	582
589	816
589	951
589	977
590	420
590	865
590	868
590	942
590	966
590	973
591	253
591	851
591	949
591	970
591	979
591	998
592	9
592	260
592	678
592	816
592	944
592	977
593	40
593	360
593	798
593	850
593	981
593	999
594	803
594	831
594	832
594	987
594	991
594	996
595	845
595	906
595	966
595	967
595	982
595	1000
596	619
596	869
596	940
596	962
596	974
596	983
597	257
597	921
597	969
597	986
597	990
597	999
598	156
598	239
598	830
598	949
598	984
598	998
599	312
599	468
599	724
599	851
599	926
599	984
600	104
600	730
600	774
600	854
600	962
600	999
601	736
601	738
601	886
601	893
601	971
601	995
602	534
602	626
602	891
602	946
602	963
602	998
603	562
603	776
603	974
603	983
603	997
603	999
604	135
604	202
604	607
604	737
604	742
604	846
605	193
605	658
605	906
605	947
605	952
605	955
606	134
606	298
606	333
606	853
606	918
606	978
607	54
607	604
607	767
607	895
607	941
607	971
608	392
608	419
608	649
608	886
608	895
608	971
609	384
609	629
609	878
609	932
609	949
609	998
610	317
610	451
610	772
610	893
610	941
610	971
611	872
611	881
611	930
611	951
611	977
611	994
612	825
612	935
612	989
612	991
612	993
612	995
613	315
613	774
613	852
613	928
613	981
613	997
614	662
614	759
614	910
614	939
614	958
614	992
615	923
615	945
615	953
615	954
615	990
615	996
616	418
616	751
616	844
616	885
616	918
616	920
617	960
617	970
617	980
617	985
617	992
617	994
618	371
618	953
618	987
618	989
618	991
618	995
619	414
619	596
619	872
619	951
619	968
619	977
620	442
620	899
620	949
620	979
620	984
620	998
621	9
621	187
621	722
621	725
621	944
621	951
622	514
622	680
622	852
622	928
622	969
622	999
623	480
623	733
623	820
623	868
623	927
623	973
624	945
624	953
624	972
624	975
624	989
624	995
625	296
625	370
625	739
625	922
625	928
625	997
626	602
626	808
626	853
626	899
626	965
626	998
627	268
627	463
627	643
627	948
627	982
627	1000
628	960
628	970
628	980
628	985
628	992
628	994
629	516
629	609
629	926
629	963
629	979
629	984
630	243
630	961
630	980
630	985
630	992
630	994
631	797
631	840
631	867
631	870
631	944
631	977
632	174
632	228
632	735
632	755
632	818
632	887
633	547
633	987
633	990
633	991
633	993
633	996
634	130
634	788
634	853
634	931
634	958
634	997
635	291
635	781
635	830
635	932
635	963
635	965
635	979
636	310
636	721
636	785
636	947
636	953
636	987
636	996
637	469
637	491
637	503
637	677
637	983
637	986
637	997
638	233
638	239
638	879
638	891
638	951
638	964
638	965
639	59
639	78
639	232
639	762
639	824
639	844
639	933
640	587
640	693
640	874
640	886
640	941
640	970
640	971
641	890
641	975
641	989
641	990
641	991
641	995
641	996
642	21
642	138
642	418
642	844
642	920
642	950
642	974
643	79
643	627
643	896
643	904
643	917
643	928
643	988
644	396
644	494
644	499
644	545
644	786
644	796
644	920
645	322
645	480
645	839
645	927
645	942
645	966
645	973
646	47
646	142
646	168
646	676
646	867
646	944
646	968
647	69
647	146
647	370
647	505
647	764
647	823
647	997
648	18
648	972
648	976
648	989
648	990
648	991
648	995
649	96
649	262
649	608
649	767
649	883
649	971
649	990
650	339
650	849
650	943
650	962
650	981
650	986
650	999
651	135
651	231
651	394
651	772
651	886
651	898
651	989
652	52
652	532
652	878
652	956
652	972
652	976
652	995
653	115
653	430
653	484
653	503
653	703
653	854
653	981
654	385
654	425
654	539
654	541
654	788
654	871
654	978
655	26
655	405
655	871
655	892
655	918
655	939
655	1000
656	305
656	771
656	834
656	896
656	982
656	988
656	1000
657	435
657	845
657	894
657	955
657	967
657	988
657	1000
658	28
658	33
658	378
658	605
658	917
658	982
658	988
659	87
659	776
659	901
659	951
659	968
659	976
659	977
660	960
660	961
660	970
660	980
660	985
660	992
660	994
661	857
661	924
661	964
661	972
661	975
661	976
661	996
662	292
662	614
662	723
662	741
662	783
662	931
662	939
663	841
663	886
663	953
663	956
663	989
663	993
663	996
664	729
664	876
664	883
664	895
664	898
664	966
664	971
665	468
665	781
665	811
665	851
665	963
665	964
665	984
666	884
666	899
666	926
666	932
666	949
666	965
666	998
667	867
667	879
667	905
667	909
667	932
667	984
667	998
668	85
668	273
668	892
668	903
668	939
668	978
668	995
669	724
669	830
669	909
669	922
669	979
669	984
669	998
670	989
670	990
670	991
670	993
670	995
670	996
670	998
671	52
671	303
671	781
671	794
671	909
671	928
671	949
672	356
672	702
672	820
672	868
672	886
672	966
672	973
673	230
673	682
673	731
673	875
673	939
673	958
673	978
674	358
674	556
674	579
674	948
674	982
674	987
674	1000
675	200
675	715
675	892
675	903
675	919
675	958
675	978
676	37
676	486
676	646
676	867
676	930
676	968
676	977
677	637
677	774
677	928
677	962
677	983
677	997
677	999
678	235
678	592
678	789
678	881
678	968
678	977
678	991
679	903
679	960
679	970
679	980
679	985
679	992
679	994
680	149
680	338
680	622
680	770
680	800
680	944
680	977
681	197
681	426
681	552
681	812
681	981
681	986
681	999
682	434
682	673
682	802
682	853
682	864
682	958
682	978
683	333
683	434
683	571
683	871
683	910
683	958
683	978
684	389
684	438
684	725
684	914
684	930
684	938
684	951
685	924
685	945
685	956
685	975
685	987
685	989
685	993
686	554
686	577
686	751
686	779
686	933
686	950
686	985
687	801
687	922
687	943
687	969
687	974
687	982
687	983
687	999
688	888
688	924
688	986
688	987
688	989
688	990
688	991
688	993
689	812
689	819
689	975
689	976
689	987
689	989
689	993
689	995
690	73
690	207
690	754
690	811
690	891
690	932
690	985
690	998
691	827
691	960
691	961
691	970
691	980
691	985
691	992
691	994
692	82
692	264
692	494
692	577
692	885
692	920
692	933
692	994
693	24
693	466
693	640
693	729
693	767
693	874
693	893
693	941
694	364
694	791
694	834
694	894
694	906
694	982
694	988
694	1000
695	173
695	392
695	520
695	876
695	883
695	886
695	898
695	941
696	280
696	700
696	863
696	912
696	915
696	969
696	981
696	997
697	47
697	776
697	870
697	901
697	930
697	935
697	951
697	977
698	98
698	223
698	485
698	784
698	879
698	893
698	984
698	998
699	472
699	772
699	792
699	876
699	893
699	898
699	971
699	990
700	332
700	525
700	696
700	897
700	934
700	969
700	983
700	986
701	408
701	935
701	989
701	991
701	993
701	995
701	996
701	997
702	110
702	478
702	672
702	756
702	839
702	865
702	929
702	973
703	63
703	69
703	387
703	653
703	787
703	850
703	974
703	999
704	507
704	812
704	975
704	987
704	991
704	993
704	995
704	996
705	372
705	461
705	752
705	972
705	975
705	987
705	989
705	996
706	475
706	550
706	904
706	917
706	952
706	957
706	982
706	1000
707	310
707	845
707	953
707	976
707	989
707	991
707	993
707	996
708	879
708	909
708	932
708	963
708	979
708	984
708	992
708	998
709	98
709	879
709	891
709	963
709	964
709	979
709	997
709	998
710	843
710	960
710	961
710	970
710	980
710	985
710	992
710	994
711	182
711	576
711	764
711	780
711	843
711	921
711	928
711	986
712	777
712	911
712	956
712	973
712	989
712	993
712	995
712	996
713	471
713	540
713	755
713	811
713	932
713	949
713	965
713	998
714	505
714	806
714	919
714	935
714	936
714	976
714	990
714	995
715	189
715	675
715	731
715	802
715	821
715	910
715	918
715	958
716	144
716	188
716	827
716	831
716	839
716	868
716	927
716	973
717	790
717	799
717	948
717	955
717	967
717	988
717	994
717	1000
718	758
718	854
718	855
718	955
718	957
718	982
718	988
718	1000
719	46
719	877
719	915
719	941
719	969
719	986
719	997
719	999
720	103
720	505
720	736
720	897
720	940
720	981
720	983
720	986
721	282
721	571
721	636
721	923
721	924
721	989
721	990
721	991
722	511
722	621
722	867
722	914
722	944
722	968
722	977
722	979
723	487
723	543
723	662
723	821
723	828
723	910
723	918
723	931
724	599
724	669
724	899
724	949
724	965
724	979
724	984
724	998
725	454
725	621
725	684
725	872
725	881
725	930
725	951
725	977
726	581
726	862
726	908
726	947
726	983
726	986
726	997
726	999
727	904
727	960
727	961
727	970
727	980
727	985
727	992
727	994
728	582
728	782
728	789
728	881
728	910
728	914
728	930
728	977
729	202
729	276
729	664
729	693
729	737
729	874
729	883
729	971
730	432
730	600
730	843
730	873
730	897
730	981
730	986
730	997
731	49
731	673
731	715
731	871
731	875
731	892
731	931
731	978
732	96
732	165
732	466
732	587
732	838
732	898
732	971
732	981
733	449
733	623
733	868
733	927
733	929
733	959
733	966
733	973
734	176
734	737
734	947
734	962
734	974
734	981
734	986
734	997
735	632
735	755
735	786
735	818
735	824
735	844
735	885
735	920
735	950
736	101
736	601
736	720
736	738
736	825
736	838
736	846
736	941
736	971
737	604
737	729
737	734
737	772
737	859
737	874
737	876
737	895
737	971
738	7
738	347
738	476
738	601
738	736
738	772
738	793
738	886
738	893
739	625
739	807
739	829
739	943
739	952
739	962
739	983
739	986
739	999
740	3
740	95
740	238
740	443
740	784
740	880
740	922
740	981
740	999
741	662
741	831
741	919
741	956
741	972
741	989
741	990
741	991
741	996
742	540
742	604
742	926
742	932
742	964
742	965
742	979
742	984
742	998
743	894
743	954
743	960
743	961
743	970
743	980
743	985
743	992
743	994
744	123
744	836
744	896
744	906
744	917
744	937
744	952
744	955
744	1000
745	416
745	452
745	842
745	940
745	943
745	947
745	969
745	977
745	983
746	485
746	919
746	923
746	972
746	975
746	987
746	989
746	990
746	996
747	113
747	175
747	576
747	750
747	813
747	932
747	964
747	984
747	998
748	224
748	954
748	960
748	961
748	970
748	980
748	985
748	992
748	994
749	43
749	211
749	459
749	515
749	843
749	869
749	969
749	974
749	983
750	142
750	158
750	414
750	747
750	789
750	816
750	840
750	951
750	968
751	494
751	616
751	686
751	786
751	818
751	833
751	860
751	887
751	920
752	171
752	459
752	705
752	916
752	945
752	972
752	975
752	991
752	993
753	275
753	488
753	817
753	955
753	957
753	967
753	982
753	988
753	1000
754	7
754	690
754	781
754	811
754	815
754	851
754	909
754	979
754	998
755	206
755	497
755	632
755	713
755	735
755	796
755	847
755	887
755	950
756	161
756	356
756	702
756	865
756	927
756	929
756	942
756	966
756	973
757	586
757	812
757	817
757	924
757	945
757	956
757	990
757	991
757	995
758	718
758	776
758	800
758	870
758	881
758	944
758	951
758	968
758	977
759	277
759	614
759	802
759	871
759	918
759	931
759	939
759	965
759	978
760	132
760	385
760	572
760	765
760	865
760	868
760	966
760	973
760	981
761	348
761	890
761	923
761	935
761	975
761	976
761	989
761	990
761	995
762	308
762	498
762	499
762	639
762	796
762	885
762	920
762	949
762	950
763	578
763	804
763	830
763	884
763	949
763	979
763	984
763	996
763	998
764	306
764	400
764	647
764	711
764	947
764	959
764	969
764	974
764	981
765	19
765	541
765	559
765	760
765	827
765	839
765	942
765	966
765	973
766	897
766	922
766	959
766	969
766	981
766	983
766	986
766	987
766	999
767	258
767	496
767	557
767	583
767	607
767	649
767	693
767	793
767	825
767	941
768	485
768	516
768	778
768	813
768	844
768	889
768	909
768	932
768	965
768	984
769	831
769	905
769	916
769	972
769	987
769	989
769	990
769	991
769	995
769	996
770	37
770	226
770	309
770	680
770	816
770	870
770	881
770	901
770	951
770	977
771	75
771	341
771	656
771	896
771	906
771	967
771	972
771	982
771	988
771	1000
772	135
772	392
772	610
772	651
772	699
772	737
772	738
772	874
772	876
772	951
773	946
773	954
773	960
773	961
773	970
773	980
773	985
773	992
773	994
773	998
774	600
774	613
774	677
774	789
774	807
774	829
774	869
774	880
774	940
774	983
775	183
775	354
775	534
775	561
775	778
775	810
775	813
775	882
775	889
775	984
776	142
776	391
776	603
776	659
776	697
776	758
776	800
776	872
776	914
776	977
777	712
777	795
777	797
777	925
777	935
777	976
777	990
777	994
777	995
777	996
778	169
778	485
778	512
778	768
778	775
778	909
778	914
778	949
778	965
778	984
779	138
779	150
779	509
779	686
779	785
779	818
779	824
779	847
779	885
779	887
780	114
780	711
780	823
780	849
780	908
780	974
780	981
780	983
780	997
780	999
781	635
781	665
781	671
781	754
781	804
781	912
781	926
781	932
781	965
781	979
782	388
782	728
782	840
782	867
782	870
782	930
782	944
782	948
782	968
782	977
783	520
783	536
783	567
783	662
783	821
783	871
783	903
783	939
783	978
783	987
784	4
784	360
784	465
784	698
784	740
784	811
784	905
784	926
784	984
784	998
785	323
785	519
785	636
785	779
785	953
785	987
785	990
785	991
785	993
785	995
786	470
786	492
786	509
786	545
786	644
786	735
786	751
786	824
786	887
786	954
787	80
787	274
787	703
787	860
787	928
787	940
787	947
787	959
787	981
787	984
788	487
788	543
788	634
788	654
788	864
788	877
788	918
788	931
788	958
788	978
789	414
789	522
789	582
789	678
789	728
789	750
789	774
789	872
789	951
789	977
790	106
790	123
790	258
790	717
790	845
790	848
790	948
790	952
790	988
790	1000
791	79
791	404
791	411
791	694
791	948
791	955
791	976
791	982
791	988
791	1000
792	317
792	472
792	699
792	859
792	874
792	883
792	898
792	941
792	971
792	972
793	163
793	220
793	285
793	738
793	767
793	859
793	893
793	895
793	898
793	971
794	124
794	148
794	164
794	521
794	671
794	887
794	889
794	926
794	984
794	998
795	237
795	310
795	777
795	909
795	956
795	972
795	975
795	987
795	993
795	995
796	228
796	346
796	499
796	518
796	554
796	644
796	755
796	762
796	920
796	933
797	392
797	631
797	777
797	953
797	972
797	975
797	976
797	987
797	989
797	990
797	993
798	72
798	176
798	244
798	403
798	593
798	801
798	897
798	944
798	947
798	953
798	959
799	498
799	521
799	717
799	845
799	848
799	855
799	894
799	904
799	917
799	952
799	1000
800	511
800	680
800	758
800	776
800	878
800	881
800	901
800	930
800	951
800	968
800	977
801	80
801	109
801	687
801	798
801	822
801	860
801	934
801	969
801	977
801	981
801	999
802	241
802	271
802	295
802	682
802	715
802	759
802	821
802	903
802	910
802	921
802	978
803	594
803	857
803	923
803	928
803	935
803	972
803	980
803	987
803	989
803	991
803	993
804	156
804	574
804	763
804	781
804	889
804	909
804	963
804	964
804	979
804	984
804	998
805	116
805	851
805	882
805	888
805	889
805	932
805	964
805	965
805	979
805	984
805	998
806	153
806	714
806	823
806	831
806	858
806	953
806	975
806	987
806	989
806	991
806	995
807	199
807	377
807	475
807	739
807	774
807	860
807	928
807	959
807	962
807	969
807	999
808	317
808	516
808	626
808	879
808	889
808	891
808	963
808	964
808	965
808	969
808	984
809	55
809	409
809	587
809	817
809	904
809	948
809	955
809	967
809	982
809	988
809	1000
810	233
810	457
810	775
810	830
810	891
810	909
810	926
810	949
810	984
810	992
810	998
811	665
811	690
811	713
811	754
811	784
811	884
811	905
811	916
811	926
811	949
811	979
812	681
812	689
812	704
812	757
812	972
812	976
812	987
812	990
812	991
812	995
812	996
813	335
813	585
813	747
813	768
813	775
813	882
813	909
813	963
813	964
813	984
813	994
814	214
814	235
814	858
814	936
814	945
814	953
814	987
814	989
814	991
814	993
814	996
815	754
815	937
815	946
815	954
815	960
815	961
815	970
815	980
815	985
815	992
815	994
816	155
816	254
816	589
816	592
816	750
816	770
816	930
816	944
816	947
816	951
816	968
816	977
817	134
817	453
817	482
817	550
817	753
817	757
817	809
817	848
817	854
817	957
817	988
817	1000
818	21
818	59
818	150
818	437
818	545
818	632
818	735
818	751
818	779
818	847
818	916
818	950
819	689
819	834
819	923
819	953
819	972
819	987
819	989
819	990
819	991
819	993
819	995
819	996
820	35
820	102
820	559
820	623
820	672
820	865
820	927
820	929
820	942
820	966
820	971
820	973
821	241
821	365
821	715
821	723
821	783
821	802
821	864
821	875
821	903
821	910
821	931
821	995
822	263
822	400
822	402
822	416
822	493
822	801
822	837
822	843
822	928
822	986
822	997
822	999
823	367
823	647
823	780
823	806
823	850
823	921
823	928
823	962
823	974
823	981
823	983
823	997
824	64
824	143
824	498
824	545
824	639
824	735
824	779
824	786
824	844
824	920
824	932
824	950
825	269
825	412
825	446
825	612
825	736
825	767
825	838
825	874
825	876
825	886
825	893
825	895
826	6
826	10
826	542
826	921
826	959
826	969
826	974
826	981
826	983
826	986
826	997
826	999
827	118
827	286
827	407
827	533
827	555
827	691
827	716
827	765
827	865
827	929
827	942
827	973
828	723
828	848
828	854
828	855
828	894
828	896
828	906
828	955
828	957
828	982
828	988
828	1000
829	111
829	122
829	739
829	774
829	897
829	906
829	934
829	962
829	974
829	981
829	997
829	999
830	303
830	495
830	561
830	598
830	635
830	669
830	763
830	810
830	949
830	963
830	979
830	998
831	568
831	594
831	716
831	741
831	769
831	806
831	873
831	990
831	991
831	993
831	995
831	996
832	594
832	937
832	938
832	946
832	954
832	960
832	961
832	970
832	980
832	985
832	992
832	994
833	53
833	368
833	470
833	494
833	509
833	577
833	751
833	844
833	885
833	887
833	950
833	964
834	456
834	502
834	530
834	656
834	694
834	819
834	855
834	856
834	894
834	952
834	982
834	988
834	1000
835	913
835	937
835	938
835	946
835	954
835	956
835	960
835	961
835	970
835	980
835	985
835	992
835	994
836	50
836	530
836	744
836	845
836	848
836	917
836	948
836	955
836	957
836	967
836	982
836	988
836	999
837	22
837	117
837	387
837	401
837	822
837	843
837	934
837	974
837	976
837	983
837	986
837	997
837	999
838	479
838	496
838	583
838	732
838	736
838	825
838	843
838	846
838	859
838	876
838	883
838	941
838	971
839	188
839	316
839	383
839	645
839	702
839	716
839	765
839	865
839	868
839	889
839	942
839	966
839	973
840	195
840	297
840	338
840	507
840	517
840	553
840	631
840	750
840	782
840	951
840	968
840	977
840	985
841	32
841	524
841	663
841	896
841	911
841	935
841	976
841	987
841	989
841	990
841	991
841	993
841	995
842	66
842	367
842	427
842	745
842	908
842	915
842	922
842	934
842	959
842	967
842	969
842	997
842	999
843	60
843	710
843	711
843	730
843	749
843	822
843	837
843	838
843	934
843	969
843	981
843	986
843	997
844	249
844	437
844	497
844	577
844	616
844	639
844	642
844	735
844	768
844	824
844	833
844	887
844	933
845	595
845	657
845	707
845	790
845	799
845	836
845	952
845	957
845	967
845	975
845	982
845	988
845	1000
846	258
846	276
846	472
846	604
846	736
846	838
846	859
846	876
846	893
846	895
846	898
846	971
846	998
847	53
847	151
847	206
847	313
847	509
847	545
847	755
847	779
847	818
847	885
847	933
847	950
847	959
848	488
848	790
848	799
848	817
848	828
848	836
848	894
848	904
848	957
848	967
848	978
848	988
848	1000
849	42
849	366
849	367
849	650
849	780
849	877
849	897
849	928
849	940
849	969
849	986
849	997
849	999
850	334
850	508
850	593
850	703
850	823
850	922
850	923
850	928
850	943
850	962
850	981
850	986
850	999
851	544
851	591
851	599
851	665
851	754
851	805
851	879
851	891
851	905
851	909
851	942
851	984
851	998
852	94
852	400
852	469
852	613
852	622
852	862
852	915
852	921
852	959
852	969
852	983
852	997
852	999
853	10
853	208
853	299
853	606
853	626
853	634
853	682
853	864
853	903
853	918
853	931
853	939
853	958
854	50
854	364
854	600
854	653
854	718
854	817
854	828
854	855
854	906
854	957
854	967
854	982
854	988
854	1000
855	89
855	324
855	409
855	718
855	799
855	828
855	834
855	854
855	856
855	917
855	952
855	957
855	971
855	1000
856	251
856	404
856	460
856	471
856	488
856	537
856	834
856	855
856	917
856	957
856	967
856	982
856	988
856	1000
857	353
857	491
857	661
857	803
857	858
857	923
857	972
857	975
857	976
857	989
857	990
857	991
857	993
857	996
858	806
858	814
858	857
858	902
858	953
858	971
858	975
858	976
858	989
858	990
858	991
858	993
858	995
858	996
859	88
859	737
859	792
859	793
859	838
859	846
859	876
859	893
859	895
859	898
859	941
859	971
859	981
859	990
860	212
860	332
860	548
860	751
860	787
860	801
860	807
860	869
860	897
860	922
860	959
860	986
860	997
860	999
861	903
861	912
861	913
861	937
861	938
861	946
861	954
861	960
861	961
861	970
861	980
861	985
861	992
861	994
862	66
862	551
862	726
862	852
862	863
862	915
862	934
862	947
862	953
862	959
862	979
862	986
862	997
862	999
863	70
863	146
863	227
863	447
863	455
863	491
863	500
863	549
863	696
863	862
863	934
863	983
863	986
863	991
864	328
864	425
864	434
864	487
864	535
864	564
864	682
864	788
864	821
864	853
864	910
864	939
864	958
864	978
865	448
865	590
865	702
865	756
865	760
865	820
865	827
865	839
865	927
865	929
865	942
865	966
865	973
865	975
866	30
866	181
866	421
866	890
866	924
866	935
866	936
866	950
866	954
866	956
866	976
866	989
866	993
866	996
867	388
867	538
867	553
867	631
867	646
867	667
867	676
867	722
867	782
867	870
867	930
867	944
867	951
867	968
867	977
868	128
868	395
868	590
868	623
868	672
868	716
868	733
868	760
868	839
868	927
868	929
868	936
868	942
868	966
868	973
869	34
869	197
869	475
869	596
869	749
869	774
869	860
869	913
869	922
869	927
869	928
869	934
869	962
869	997
869	999
870	222
870	259
870	631
870	697
870	758
870	770
870	782
870	867
870	881
870	901
870	914
870	968
870	969
870	977
870	999
871	26
871	523
871	654
871	655
871	683
871	731
871	759
871	783
871	875
871	903
871	918
871	931
871	940
871	958
871	978
872	180
872	338
872	339
872	389
872	582
872	611
872	619
872	725
872	776
872	789
872	881
872	911
872	914
872	944
872	968
873	323
873	445
873	570
873	730
873	831
873	919
873	936
873	956
873	975
873	976
873	987
873	990
873	991
873	993
873	995
874	165
874	347
874	467
874	514
874	640
874	693
874	729
874	737
874	772
874	792
874	825
874	883
874	886
874	941
874	971
875	85
875	230
875	270
875	299
875	365
875	673
875	731
875	821
875	871
875	892
875	918
875	930
875	931
875	939
875	978
876	24
876	476
876	496
876	583
876	664
876	695
876	699
876	737
876	772
876	825
876	838
876	846
876	859
876	971
876	988
877	76
877	327
877	452
877	514
877	719
877	788
877	849
877	908
877	915
877	934
877	947
877	962
877	974
877	997
877	999
878	214
878	371
878	398
878	609
878	652
878	800
878	890
878	924
878	925
878	945
878	953
878	976
878	991
878	995
878	996
879	638
879	667
879	698
879	708
879	709
879	808
879	851
879	944
879	949
879	963
879	964
879	965
879	979
879	984
879	998
880	382
880	458
880	480
880	740
880	774
880	908
880	921
880	928
880	934
880	940
880	959
880	969
880	983
880	986
880	997
880	999
881	517
881	611
881	678
881	725
881	728
881	758
881	770
881	800
881	870
881	872
881	901
881	914
881	917
881	944
881	968
881	977
882	45
882	133
882	156
882	312
882	512
882	521
882	775
882	805
882	813
882	891
882	905
882	909
882	949
882	965
882	984
882	998
883	88
883	187
883	285
883	380
883	412
883	649
883	664
883	695
883	729
883	792
883	838
883	874
883	886
883	895
883	941
883	971
884	209
884	539
884	576
884	585
884	588
884	666
884	763
884	811
884	889
884	926
884	963
884	964
884	979
884	984
884	991
884	998
885	97
885	157
885	368
885	577
885	616
885	692
885	735
885	762
885	779
885	833
885	847
885	887
885	920
885	933
885	950
885	967
885	1000
886	285
886	361
886	472
886	496
886	601
886	608
886	640
886	651
886	663
886	672
886	695
886	738
886	825
886	874
886	883
886	893
886	941
887	53
887	138
887	150
887	446
887	531
887	632
887	751
887	755
887	779
887	786
887	794
887	833
887	844
887	885
887	920
887	933
887	950
888	55
888	300
888	348
888	688
888	805
888	936
888	945
888	966
888	972
888	976
888	987
888	989
888	990
888	991
888	993
888	995
888	996
889	768
889	775
889	794
889	804
889	805
889	808
889	839
889	884
889	899
889	926
889	945
889	963
889	964
889	965
889	979
889	984
889	998
890	410
890	566
890	641
890	761
890	866
890	878
890	911
890	919
890	924
890	936
890	945
890	956
890	958
890	975
890	976
890	990
890	996
891	51
891	169
891	528
891	602
891	638
891	690
891	709
891	808
891	810
891	851
891	882
891	905
891	949
891	963
891	964
891	984
891	998
892	31
892	45
892	234
892	474
892	487
892	564
892	565
892	655
892	668
892	675
892	731
892	875
892	902
892	903
892	931
892	958
892	978
893	54
893	101
893	231
893	466
893	510
893	601
893	610
893	693
893	698
893	699
893	738
893	793
893	825
893	846
893	859
893	886
893	971
894	56
894	139
894	197
894	302
894	657
894	694
894	743
894	799
894	828
894	834
894	848
894	896
894	906
894	917
894	967
894	982
894	988
894	1000
895	101
895	347
895	394
895	419
895	479
895	607
895	608
895	664
895	737
895	793
895	825
895	846
895	859
895	883
895	898
895	941
895	971
895	997
896	250
896	252
896	341
896	343
896	378
896	643
896	656
896	744
896	771
896	828
896	841
896	894
896	917
896	939
896	952
896	955
896	967
896	1000
897	115
897	191
897	501
897	700
897	720
897	730
897	766
897	798
897	829
897	849
897	860
897	947
897	981
897	983
897	986
897	995
897	997
897	999
898	179
898	202
898	446
898	466
898	499
898	587
898	651
898	664
898	695
898	699
898	732
898	792
898	793
898	846
898	859
898	895
898	971
898	989
899	351
899	468
899	516
899	525
899	585
899	620
899	626
899	666
899	724
899	889
899	905
899	909
899	949
899	964
899	965
899	979
899	984
899	998
899	1000
900	281
900	907
900	912
900	913
900	937
900	938
900	946
900	948
900	954
900	960
900	961
900	970
900	980
900	985
900	992
900	994
901	93
901	149
901	359
901	546
901	582
901	659
901	697
901	770
901	800
901	870
901	881
901	914
901	930
901	944
901	951
901	968
901	973
901	975
901	977
902	571
902	858
902	892
902	923
902	924
902	926
902	945
902	953
902	956
902	972
902	975
902	976
902	987
902	989
902	990
902	991
902	993
902	995
902	996
903	131
903	198
903	292
903	298
903	374
903	415
903	668
903	675
903	679
903	783
903	802
903	821
903	853
903	861
903	871
903	892
903	939
903	958
903	978
904	75
904	152
904	250
904	460
904	574
904	643
904	706
904	727
904	799
904	809
904	848
904	948
904	955
904	957
904	967
904	982
904	988
904	998
904	1000
905	272
905	307
905	376
905	442
905	444
905	558
905	667
905	769
905	784
905	811
905	851
905	882
905	891
905	899
905	962
905	963
905	979
905	984
905	998
906	14
906	573
906	595
906	605
906	694
906	744
906	771
906	828
906	829
906	854
906	894
906	915
906	948
906	952
906	955
906	957
906	967
906	982
906	1000
907	900
907	912
907	913
907	931
907	937
907	938
907	946
907	954
907	960
907	961
907	970
907	980
907	985
907	989
907	992
907	994
908	111
908	267
908	274
908	430
908	726
908	780
908	842
908	877
908	880
908	915
908	921
908	940
908	969
908	974
908	981
908	982
908	986
908	995
908	997
908	999
909	127
909	164
909	483
909	667
909	669
909	671
909	708
909	754
909	768
909	778
909	795
909	804
909	810
909	813
909	851
909	882
909	899
909	963
909	965
909	979
909	998
910	17
910	94
910	295
910	354
910	374
910	379
910	564
910	614
910	683
910	715
910	723
910	728
910	802
910	821
910	864
910	918
910	933
910	939
910	958
910	978
910	988
911	294
911	380
911	474
911	712
911	841
911	872
911	890
911	923
911	924
911	925
911	953
911	956
911	972
911	975
911	981
911	987
911	989
911	991
911	993
911	995
911	996
912	42
912	696
912	781
912	861
912	900
912	907
912	913
912	937
912	938
912	946
912	954
912	960
912	961
912	970
912	980
912	985
912	992
912	994
913	835
913	861
913	869
913	900
913	907
913	912
913	937
913	938
913	946
913	954
913	960
913	961
913	970
913	980
913	985
913	992
913	994
913	996
914	86
914	226
914	260
914	349
914	359
914	438
914	486
914	507
914	560
914	684
914	722
914	728
914	776
914	778
914	870
914	872
914	881
914	901
914	944
914	968
914	977
914	980
915	170
915	416
915	426
915	441
915	696
915	719
915	842
915	852
915	862
915	877
915	906
915	908
915	940
915	943
915	947
915	955
915	969
915	974
915	981
915	983
915	997
915	999
916	247
916	328
916	752
916	769
916	811
916	818
916	919
916	923
916	924
916	925
916	935
916	945
916	972
916	975
916	976
916	987
916	989
916	990
916	991
916	993
916	995
916	996
917	65
917	352
917	460
917	463
917	573
917	643
917	658
917	706
917	744
917	799
917	836
917	855
917	856
917	881
917	894
917	896
917	952
917	957
917	982
917	986
917	988
917	1000
918	26
918	198
918	256
918	295
918	355
918	415
918	535
918	541
918	564
918	606
918	616
918	655
918	715
918	723
918	759
918	788
918	853
918	871
918	875
918	910
918	958
918	978
919	23
919	92
919	171
919	473
919	675
919	714
919	741
919	746
919	873
919	890
919	916
919	936
919	953
919	956
919	957
919	975
919	987
919	989
919	990
919	991
919	993
919	995
919	996
920	78
920	143
920	224
920	369
920	470
920	492
920	498
920	504
920	554
920	616
920	642
920	644
920	692
920	735
920	751
920	762
920	796
920	824
920	885
920	887
920	933
920	950
920	986
921	39
921	137
921	402
921	455
921	493
921	597
921	711
921	802
921	823
921	826
921	852
921	880
921	908
921	933
921	940
921	943
921	947
921	969
921	974
921	981
921	986
921	997
921	999
922	115
922	127
922	244
922	350
922	357
922	433
922	459
922	496
922	625
922	669
922	687
922	740
922	766
922	842
922	850
922	860
922	869
922	928
922	943
922	959
922	974
922	981
922	997
922	999
923	346
923	450
923	615
923	721
923	746
923	761
923	803
923	819
923	850
923	857
923	902
923	911
923	916
923	945
923	972
923	975
923	976
923	987
923	989
923	990
923	991
923	993
923	995
923	996
924	77
924	272
924	570
924	661
924	685
924	688
924	721
924	757
924	866
924	878
924	890
924	902
924	911
924	916
924	956
924	969
924	972
924	975
924	976
924	989
924	990
924	993
924	995
924	996
925	15
925	92
925	139
925	153
925	162
925	185
925	310
925	311
925	313
925	406
925	547
925	777
925	878
925	911
925	916
925	956
925	972
925	975
925	976
925	989
925	990
925	991
925	995
925	996
926	512
926	529
926	575
926	599
926	629
926	666
926	742
926	781
926	784
926	794
926	810
926	811
926	884
926	889
926	902
926	932
926	949
926	963
926	964
926	965
926	979
926	984
926	997
926	998
927	90
927	132
927	145
927	159
927	265
927	356
927	407
927	460
927	464
927	480
927	495
927	555
927	559
927	623
927	645
927	716
927	733
927	756
927	820
927	865
927	868
927	869
927	942
927	966
927	973
928	327
928	459
928	613
928	622
928	625
928	643
928	671
928	677
928	711
928	787
928	803
928	807
928	822
928	823
928	849
928	850
928	869
928	880
928	922
928	940
928	943
928	981
928	983
928	997
928	999
929	83
929	159
929	254
929	306
929	314
929	337
929	385
929	423
929	449
929	464
929	495
929	533
929	555
929	702
929	733
929	756
929	820
929	827
929	865
929	868
929	942
929	952
929	966
929	973
929	994
930	37
930	87
930	155
930	414
930	486
930	517
930	546
930	560
930	611
930	676
930	684
930	697
930	725
930	728
930	782
930	800
930	816
930	867
930	875
930	901
930	944
930	950
930	951
930	952
930	968
931	10
931	68
931	299
931	333
931	362
931	374
931	379
931	536
931	539
931	567
931	634
931	662
931	723
931	731
931	759
931	788
931	821
931	853
931	871
931	875
931	892
931	907
931	939
931	958
931	978
931	980
932	106
932	428
932	471
932	528
932	575
932	585
932	609
932	635
932	666
932	667
932	690
932	708
932	713
932	742
932	747
932	768
932	781
932	805
932	824
932	926
932	949
932	963
932	965
932	979
932	984
932	998
933	21
933	59
933	97
933	157
933	174
933	228
933	313
933	346
933	396
933	418
933	437
933	492
933	554
933	639
933	686
933	692
933	796
933	844
933	847
933	885
933	887
933	910
933	920
933	921
933	950
933	998
934	6
934	325
934	342
934	425
934	441
934	700
934	801
934	829
934	837
934	842
934	843
934	862
934	863
934	869
934	877
934	880
934	940
934	943
934	959
934	974
934	981
934	983
934	986
934	994
934	997
934	999
935	171
935	374
935	421
935	474
935	533
935	612
935	697
935	701
935	714
935	761
935	777
935	803
935	841
935	866
935	916
935	945
935	956
935	972
935	975
935	976
935	987
935	989
935	990
935	991
935	995
935	996
936	147
936	185
936	236
936	397
936	584
936	714
936	814
936	866
936	868
936	873
936	888
936	890
936	919
936	945
936	953
936	956
936	975
936	976
936	987
936	989
936	990
936	991
936	992
936	993
936	995
936	996
937	744
937	815
937	832
937	835
937	861
937	900
937	907
937	912
937	913
937	938
937	946
937	954
937	960
937	961
937	970
937	980
937	985
937	992
937	994
937	995
938	221
938	325
938	684
938	832
938	835
938	861
938	900
938	907
938	912
938	913
938	937
938	946
938	954
938	960
938	961
938	970
938	980
938	985
938	992
938	994
939	17
939	48
939	85
939	147
939	198
939	208
939	277
939	379
939	381
939	564
939	614
939	655
939	662
939	668
939	673
939	759
939	783
939	853
939	864
939	875
939	896
939	903
939	910
939	931
939	958
939	978
939	999
940	36
940	211
940	508
940	532
940	596
940	720
940	745
940	774
940	787
940	849
940	871
940	880
940	908
940	915
940	921
940	928
940	934
940	959
940	962
940	969
940	974
940	981
940	983
940	986
940	988
940	997
940	999
941	54
941	220
941	231
941	263
941	285
941	361
941	394
941	476
941	510
941	583
941	607
941	610
941	640
941	693
941	695
941	719
941	736
941	767
941	792
941	838
941	859
941	874
941	883
941	886
941	895
941	971
941	986
942	18
942	100
942	161
942	177
942	192
942	254
942	304
942	314
942	337
942	423
942	464
942	559
942	586
942	590
942	645
942	756
942	765
942	820
942	827
942	839
942	851
942	865
942	868
942	927
942	929
942	966
942	973
942	996
943	319
943	357
943	403
943	429
943	430
943	466
943	501
943	549
943	557
943	562
943	650
943	687
943	739
943	745
943	850
943	915
943	921
943	922
943	928
943	934
943	962
943	969
943	974
943	978
943	981
943	983
943	986
943	997
944	86
944	282
944	297
944	318
944	338
944	359
944	507
944	538
944	553
944	592
944	621
944	631
944	646
944	680
944	722
944	758
944	782
944	798
944	816
944	867
944	872
944	879
944	881
944	901
944	914
944	930
944	951
944	968
944	977
945	25
945	450
945	461
945	473
945	586
945	615
945	624
945	685
945	752
945	757
945	814
945	878
945	888
945	889
945	890
945	902
945	916
945	923
945	935
945	936
945	953
945	967
945	982
945	987
945	989
945	990
945	993
945	995
945	996
946	293
946	602
946	773
946	815
946	832
946	835
946	861
946	900
946	907
946	912
946	913
946	937
946	938
946	954
946	960
946	961
946	970
946	978
946	980
946	985
946	992
946	994
947	2
947	39
947	70
947	109
947	146
947	267
947	278
947	401
947	557
947	605
947	636
947	726
947	734
947	745
947	764
947	787
947	798
947	816
947	862
947	877
947	897
947	915
947	921
947	962
947	969
947	974
947	981
947	983
947	986
947	997
947	999
948	99
948	205
948	305
948	343
948	358
948	369
948	386
948	390
948	411
948	453
948	478
948	482
948	537
948	581
948	627
948	674
948	717
948	782
948	790
948	791
948	809
948	836
948	900
948	904
948	906
948	952
948	955
948	957
948	967
948	988
948	1000
949	151
949	311
949	376
949	483
949	529
949	591
949	598
949	609
949	620
949	666
949	671
949	713
949	724
949	762
949	763
949	778
949	810
949	811
949	830
949	879
949	882
949	891
949	899
949	926
949	932
949	963
949	964
949	965
949	979
949	984
949	998
950	64
950	97
950	143
950	174
950	206
950	249
950	264
950	313
950	346
950	437
950	492
950	504
950	509
950	531
950	554
950	642
950	686
950	735
950	755
950	762
950	818
950	824
950	833
950	847
950	866
950	885
950	887
950	920
950	930
950	933
950	996
951	27
951	221
951	391
951	454
951	486
951	507
951	522
951	538
951	546
951	589
951	611
951	619
951	621
951	638
951	659
951	684
951	697
951	725
951	750
951	758
951	770
951	772
951	789
951	800
951	816
951	840
951	867
951	901
951	930
951	944
951	968
951	977
952	33
952	91
952	190
952	251
952	302
952	358
952	364
952	404
952	435
952	453
952	550
952	556
952	579
952	605
952	706
952	739
952	744
952	790
952	799
952	834
952	845
952	855
952	896
952	906
952	917
952	929
952	930
952	948
952	957
952	982
952	988
952	1000
953	29
953	220
953	275
953	450
953	566
953	615
953	618
953	624
953	636
953	663
953	707
953	785
953	797
953	798
953	806
953	814
953	819
953	858
953	862
953	878
953	902
953	911
953	919
953	936
953	945
953	956
953	972
953	976
953	987
953	989
953	991
953	996
954	615
954	743
954	748
954	773
954	786
954	815
954	832
954	835
954	861
954	866
954	900
954	907
954	912
954	913
954	937
954	938
954	946
954	960
954	961
954	970
954	978
954	980
954	985
954	992
954	994
955	14
955	125
955	252
955	256
955	330
955	386
955	462
955	478
955	546
955	574
955	581
955	605
955	657
955	717
955	718
955	744
955	753
955	791
955	809
955	828
955	836
955	896
955	904
955	906
955	915
955	948
955	957
955	967
955	982
955	983
955	988
955	991
955	1000
956	23
956	201
956	563
956	586
956	652
956	663
956	685
956	712
956	741
956	757
956	795
956	835
956	866
956	873
956	890
956	902
956	911
956	919
956	924
956	925
956	935
956	936
956	953
956	972
956	975
956	976
956	979
956	983
956	990
956	991
956	993
956	995
956	996
957	89
957	284
957	324
957	340
957	351
957	386
957	411
957	413
957	456
957	706
957	718
957	753
957	817
957	828
957	836
957	845
957	848
957	854
957	855
957	856
957	904
957	906
957	917
957	919
957	948
957	952
957	955
957	965
957	969
957	976
957	982
957	988
957	1000
958	48
958	104
958	130
958	217
958	271
958	278
958	292
958	355
958	362
958	381
958	415
958	520
958	523
958	536
958	614
958	634
958	673
958	675
958	682
958	683
958	715
958	788
958	853
958	864
958	871
958	890
958	892
958	903
958	910
958	918
958	931
958	939
958	978
958	996
959	34
959	44
959	117
959	137
959	194
959	267
959	396
959	424
959	432
959	441
959	552
959	562
959	733
959	764
959	766
959	787
959	798
959	807
959	826
959	842
959	847
959	852
959	860
959	862
959	880
959	922
959	934
959	940
959	962
959	963
959	974
959	981
959	983
959	997
959	999
960	128
960	289
960	363
960	506
960	580
960	617
960	628
960	660
960	679
960	691
960	710
960	727
960	743
960	748
960	773
960	815
960	832
960	835
960	861
960	900
960	907
960	912
960	913
960	937
960	938
960	946
960	954
960	961
960	966
960	970
960	980
960	981
960	985
960	992
960	994
960	995
961	344
961	393
961	440
961	481
961	580
961	630
961	660
961	691
961	710
961	727
961	743
961	748
961	773
961	815
961	832
961	835
961	861
961	900
961	907
961	912
961	913
961	937
961	938
961	946
961	954
961	960
961	968
961	970
961	971
961	972
961	980
961	985
961	992
961	994
961	998
962	22
962	107
962	108
962	205
962	213
962	325
962	357
962	432
962	436
962	447
962	452
962	491
962	527
962	551
962	570
962	596
962	600
962	650
962	677
962	734
962	739
962	807
962	823
962	829
962	850
962	869
962	877
962	905
962	940
962	943
962	947
962	959
962	974
962	983
962	993
962	997
962	999
963	133
963	160
963	207
963	360
963	489
963	525
963	534
963	544
963	558
963	575
963	578
963	602
963	629
963	635
963	665
963	708
963	709
963	804
963	808
963	813
963	830
963	879
963	884
963	889
963	891
963	905
963	909
963	926
963	932
963	949
963	959
963	964
963	976
963	979
963	983
963	984
963	998
964	61
964	62
964	112
964	183
964	207
964	245
964	376
964	457
964	465
964	528
964	558
964	575
964	578
964	638
964	661
964	665
964	709
964	742
964	747
964	804
964	805
964	808
964	813
964	833
964	879
964	884
964	889
964	891
964	899
964	926
964	949
964	963
964	965
964	968
964	979
964	984
964	998
965	20
965	166
965	169
965	233
965	384
965	428
965	436
965	444
965	471
965	528
965	558
965	588
965	626
965	635
965	638
965	666
965	713
965	724
965	742
965	759
965	768
965	778
965	781
965	805
965	808
965	879
965	882
965	889
965	899
965	909
965	926
965	932
965	949
965	957
965	964
965	979
965	984
965	995
965	998
966	12
966	19
966	35
966	90
966	100
966	102
966	110
966	144
966	177
966	286
966	304
966	306
966	316
966	383
966	395
966	448
966	449
966	533
966	555
966	559
966	572
966	590
966	595
966	645
966	664
966	672
966	733
966	756
966	760
966	765
966	820
966	839
966	865
966	868
966	888
966	927
966	929
966	942
966	960
966	973
967	106
967	126
967	193
967	219
967	293
967	302
967	305
967	320
967	343
967	352
967	366
967	386
967	390
967	413
967	422
967	453
967	482
967	488
967	530
967	595
967	657
967	717
967	753
967	771
967	809
967	836
967	842
967	845
967	848
967	854
967	856
967	885
967	894
967	896
967	904
967	906
967	945
967	948
967	955
967	982
967	988
967	1000
968	9
968	93
968	141
968	149
968	155
968	158
968	187
968	195
968	222
968	226
968	235
968	260
968	297
968	511
968	522
968	538
968	582
968	619
968	646
968	659
968	676
968	678
968	722
968	750
968	758
968	782
968	800
968	816
968	840
968	867
968	870
968	872
968	881
968	901
968	914
968	930
968	944
968	951
968	961
968	964
968	973
968	977
968	989
968	991
969	3
969	46
969	60
969	67
969	107
969	205
969	382
969	402
969	443
969	447
969	501
969	597
969	622
969	687
969	696
969	700
969	719
969	745
969	749
969	764
969	766
969	801
969	807
969	808
969	826
969	842
969	843
969	849
969	852
969	870
969	880
969	908
969	915
969	921
969	924
969	940
969	943
969	947
969	957
969	981
969	983
969	986
969	988
969	997
969	999
970	38
970	287
970	289
970	301
970	326
970	363
970	373
970	393
970	399
970	439
970	515
970	526
970	569
970	580
970	591
970	617
970	628
970	640
970	660
970	679
970	691
970	710
970	727
970	743
970	748
970	773
970	815
970	832
970	835
970	861
970	900
970	907
970	912
970	913
970	937
970	938
970	946
970	954
970	960
970	961
970	975
970	980
970	985
970	992
970	994
970	1000
971	24
971	88
971	179
971	262
971	263
971	269
971	317
971	319
971	347
971	361
971	412
971	419
971	446
971	476
971	479
971	510
971	583
971	587
971	601
971	607
971	608
971	610
971	640
971	649
971	664
971	699
971	729
971	732
971	736
971	737
971	792
971	793
971	820
971	838
971	846
971	855
971	858
971	859
971	874
971	876
971	883
971	893
971	895
971	898
971	941
971	961
972	203
972	218
972	288
972	321
972	398
972	445
972	490
972	519
972	560
972	570
972	624
972	648
972	652
972	661
972	705
972	741
972	746
972	752
972	769
972	771
972	792
972	795
972	797
972	803
972	812
972	819
972	857
972	888
972	902
972	911
972	916
972	923
972	924
972	925
972	935
972	953
972	956
972	961
972	975
972	976
972	984
972	987
972	989
972	990
972	991
972	995
972	996
973	18
973	19
973	35
973	83
973	100
973	102
973	110
973	118
973	128
973	132
973	159
973	177
973	192
973	265
973	286
973	314
973	383
973	385
973	397
973	420
973	423
973	448
973	464
973	480
973	495
973	533
973	572
973	590
973	623
973	645
973	672
973	702
973	712
973	716
973	733
973	756
973	760
973	765
973	820
973	827
973	839
973	865
973	868
973	901
973	927
973	929
973	942
973	966
973	968
973	1000
974	44
974	66
974	122
974	168
974	186
974	240
974	248
974	280
974	334
974	337
974	367
974	382
974	408
974	455
974	458
974	484
974	493
974	500
974	540
974	542
974	562
974	567
974	596
974	603
974	642
974	687
974	703
974	734
974	749
974	764
974	780
974	823
974	826
974	829
974	837
974	877
974	908
974	915
974	921
974	922
974	934
974	940
974	943
974	947
974	959
974	962
974	981
974	983
974	986
974	997
974	999
975	114
975	162
975	167
975	300
975	348
975	397
975	431
975	489
975	490
975	524
975	532
975	571
975	624
975	641
975	661
975	685
975	689
975	704
975	705
975	746
975	752
975	761
975	795
975	797
975	806
975	845
975	857
975	858
975	865
975	873
975	890
975	901
975	902
975	911
975	916
975	919
975	923
975	924
975	925
975	935
975	936
975	956
975	970
975	972
975	976
975	987
975	989
975	990
975	993
975	995
975	996
975	999
976	30
976	57
976	126
976	162
976	167
976	181
976	227
976	450
976	489
976	519
976	547
976	563
976	584
976	648
976	652
976	659
976	661
976	689
976	707
976	714
976	761
976	777
976	791
976	797
976	812
976	837
976	841
976	857
976	858
976	866
976	873
976	878
976	888
976	890
976	902
976	916
976	923
976	924
976	925
976	935
976	936
976	953
976	956
976	957
976	963
976	972
976	975
976	987
976	990
976	991
976	995
976	996
977	86
977	87
977	93
977	141
977	158
977	163
977	180
977	222
977	339
977	349
977	376
977	388
977	389
977	511
977	517
977	522
977	546
977	553
977	560
977	589
977	592
977	611
977	619
977	631
977	659
977	676
977	678
977	680
977	697
977	722
977	725
977	728
977	745
977	758
977	770
977	776
977	782
977	789
977	800
977	801
977	816
977	840
977	867
977	870
977	881
977	901
977	914
977	944
977	951
977	968
977	997
977	999
978	17
978	31
978	48
978	68
978	94
978	200
978	217
978	230
978	234
978	241
978	270
978	271
978	273
978	277
978	298
978	299
978	354
978	362
978	365
978	381
978	405
978	425
978	434
978	523
978	535
978	539
978	543
978	565
978	567
978	606
978	654
978	668
978	673
978	675
978	682
978	683
978	731
978	759
978	783
978	788
978	802
978	848
978	864
978	871
978	875
978	892
978	903
978	910
978	918
978	931
978	939
978	943
978	946
978	954
978	958
978	997
979	61
979	116
979	124
979	160
979	223
979	253
979	290
979	303
979	307
979	309
979	312
979	335
979	360
979	388
979	457
979	465
979	468
979	512
979	521
979	544
979	585
979	591
979	620
979	629
979	635
979	669
979	708
979	709
979	722
979	724
979	742
979	754
979	763
979	781
979	804
979	805
979	811
979	830
979	862
979	879
979	884
979	889
979	899
979	905
979	909
979	926
979	932
979	949
979	956
979	963
979	964
979	965
979	984
979	986
979	996
979	998
980	8
980	13
980	51
980	121
980	204
980	213
980	216
980	229
980	287
980	301
980	308
980	329
980	331
980	344
980	345
980	375
980	440
980	481
980	506
980	518
980	526
980	569
980	580
980	617
980	628
980	630
980	660
980	679
980	691
980	710
980	727
980	743
980	748
980	773
980	803
980	815
980	832
980	835
980	861
980	900
980	907
980	912
980	913
980	914
980	931
980	937
980	938
980	946
980	954
980	960
980	961
980	970
980	985
980	990
980	992
980	994
981	2
981	43
981	67
981	84
981	189
981	387
981	399
981	403
981	417
981	429
981	430
981	458
981	469
981	475
981	484
981	527
981	542
981	593
981	613
981	650
981	653
981	681
981	696
981	720
981	730
981	732
981	734
981	740
981	760
981	764
981	766
981	780
981	787
981	801
981	823
981	826
981	829
981	843
981	850
981	859
981	897
981	908
981	911
981	915
981	921
981	922
981	928
981	934
981	940
981	943
981	947
981	959
981	960
981	969
981	974
981	983
981	986
981	990
981	999
982	33
982	58
982	65
982	99
982	125
982	130
982	250
982	284
982	290
982	324
982	330
982	340
982	341
982	352
982	366
982	390
982	409
982	413
982	460
982	463
982	478
982	513
982	529
982	530
982	537
982	556
982	573
982	574
982	579
982	595
982	627
982	656
982	658
982	674
982	687
982	694
982	706
982	718
982	753
982	771
982	791
982	809
982	828
982	834
982	836
982	845
982	854
982	856
982	894
982	904
982	906
982	908
982	917
982	945
982	952
982	955
982	957
982	967
982	988
982	1000
983	74
983	95
983	103
983	191
983	194
983	296
983	336
983	350
983	417
983	426
983	427
983	429
983	433
983	436
983	469
983	493
983	500
983	505
983	551
983	552
983	596
983	603
983	637
983	677
983	687
983	700
983	720
983	726
983	739
983	745
983	749
983	766
983	774
983	780
983	823
983	826
983	837
983	852
983	863
983	880
983	897
983	915
983	928
983	934
983	940
983	943
983	947
983	955
983	956
983	959
983	962
983	963
983	969
983	974
983	981
983	985
983	988
983	997
983	998
983	999
984	4
984	52
984	112
984	113
984	166
984	175
984	291
984	307
984	335
984	428
984	444
984	457
984	468
984	529
984	549
984	576
984	578
984	588
984	598
984	599
984	620
984	629
984	665
984	667
984	669
984	698
984	708
984	724
984	742
984	747
984	763
984	768
984	775
984	778
984	784
984	787
984	794
984	804
984	805
984	808
984	810
984	813
984	851
984	879
984	882
984	884
984	889
984	891
984	899
984	905
984	926
984	932
984	949
984	963
984	964
984	965
984	972
984	979
984	987
984	993
984	998
984	1000
985	1
985	5
985	13
985	16
985	95
985	119
985	140
985	210
985	225
985	229
985	242
985	246
985	255
985	266
985	287
985	329
985	345
985	373
985	375
985	377
985	393
985	439
985	481
985	506
985	515
985	518
985	526
985	569
985	617
985	628
985	630
985	660
985	679
985	686
985	690
985	691
985	710
985	727
985	743
985	748
985	773
985	815
985	832
985	835
985	840
985	861
985	900
985	907
985	912
985	913
985	937
985	938
985	946
985	954
985	960
985	961
985	970
985	980
985	983
985	992
985	994
985	999
986	6
986	60
986	69
986	103
986	108
986	176
986	189
986	199
986	238
986	248
986	257
986	325
986	334
986	424
986	427
986	459
986	475
986	508
986	542
986	548
986	551
986	565
986	597
986	637
986	650
986	681
986	688
986	700
986	711
986	719
986	720
986	726
986	730
986	734
986	739
986	766
986	822
986	826
986	837
986	843
986	849
986	850
986	860
986	862
986	863
986	880
986	897
986	908
986	917
986	920
986	921
986	934
986	940
986	941
986	943
986	947
986	969
986	974
986	979
986	981
986	993
986	997
986	999
987	25
987	43
987	57
987	136
987	154
987	215
987	279
987	288
987	311
987	321
987	397
987	410
987	442
987	451
987	467
987	477
987	519
987	524
987	563
987	570
987	584
987	594
987	618
987	633
987	636
987	674
987	685
987	688
987	689
987	704
987	705
987	746
987	766
987	769
987	783
987	785
987	795
987	797
987	803
987	806
987	812
987	814
987	819
987	841
987	873
987	888
987	902
987	911
987	916
987	919
987	923
987	935
987	936
987	945
987	953
987	972
987	975
987	976
987	984
987	989
987	990
987	991
987	993
987	995
987	996
988	11
988	14
988	56
988	63
988	89
988	123
988	152
988	190
988	193
988	256
988	284
988	320
988	330
988	340
988	341
988	351
988	352
988	364
988	378
988	404
988	409
988	435
988	456
988	462
988	502
988	513
988	550
988	573
988	581
988	643
988	656
988	657
988	658
988	694
988	717
988	718
988	753
988	771
988	790
988	791
988	809
988	817
988	828
988	834
988	836
988	845
988	848
988	854
988	856
988	876
988	894
988	904
988	910
988	917
988	940
988	948
988	952
988	955
988	957
988	967
988	969
988	982
988	983
988	993
988	999
988	1000
989	57
989	129
989	186
989	214
989	236
989	261
989	294
989	300
989	326
989	328
989	370
989	371
989	398
989	431
989	451
989	473
989	612
989	618
989	624
989	641
989	648
989	651
989	663
989	670
989	685
989	688
989	689
989	701
989	705
989	707
989	712
989	721
989	741
989	746
989	761
989	769
989	797
989	803
989	806
989	814
989	819
989	841
989	857
989	858
989	866
989	888
989	898
989	902
989	907
989	911
989	916
989	919
989	923
989	924
989	925
989	935
989	936
989	945
989	953
989	968
989	972
989	975
989	987
989	990
989	991
989	993
989	995
989	996
990	32
990	77
990	92
990	105
990	114
990	136
990	178
990	179
990	201
990	203
990	215
990	227
990	236
990	245
990	261
990	372
990	473
990	477
990	566
990	597
990	615
990	633
990	641
990	648
990	649
990	670
990	688
990	699
990	714
990	721
990	741
990	746
990	757
990	761
990	769
990	777
990	785
990	797
990	812
990	819
990	831
990	841
990	857
990	858
990	859
990	873
990	888
990	890
990	902
990	916
990	919
990	923
990	924
990	925
990	935
990	936
990	945
990	956
990	972
990	975
990	976
990	980
990	981
990	987
990	989
990	991
990	993
990	995
990	996
991	30
991	105
991	178
991	237
991	279
991	294
991	315
991	322
991	328
991	406
991	410
991	431
991	445
991	461
991	473
991	500
991	519
991	586
991	594
991	612
991	618
991	633
991	641
991	648
991	670
991	678
991	688
991	701
991	704
991	707
991	721
991	741
991	752
991	757
991	769
991	785
991	803
991	806
991	812
991	814
991	819
991	831
991	841
991	857
991	858
991	863
991	873
991	878
991	884
991	888
991	902
991	911
991	916
991	919
991	923
991	925
991	935
991	936
991	953
991	955
991	956
991	968
991	972
991	976
991	987
991	989
991	990
991	993
991	995
991	996
992	1
992	5
992	8
992	16
992	38
992	117
992	119
992	121
992	140
992	204
992	210
992	216
992	225
992	242
992	246
992	255
992	266
992	289
992	301
992	326
992	329
992	331
992	344
992	345
992	363
992	373
992	375
992	377
992	393
992	439
992	440
992	481
992	506
992	515
992	518
992	526
992	569
992	580
992	614
992	617
992	628
992	630
992	660
992	679
992	691
992	708
992	710
992	727
992	743
992	748
992	773
992	810
992	815
992	832
992	835
992	861
992	900
992	907
992	912
992	913
992	936
992	937
992	938
992	946
992	954
992	960
992	961
992	970
992	980
992	985
992	994
992	1000
993	25
993	29
993	81
993	91
993	126
993	129
993	178
993	261
993	288
993	316
993	318
993	321
993	323
993	342
993	372
993	380
993	421
993	445
993	451
993	467
993	474
993	524
993	563
993	566
993	568
993	571
993	612
993	633
993	663
993	670
993	685
993	688
993	689
993	701
993	704
993	707
993	712
993	752
993	785
993	795
993	797
993	803
993	814
993	819
993	831
993	841
993	857
993	858
993	866
993	873
993	888
993	902
993	911
993	916
993	919
993	923
993	924
993	936
993	945
993	956
993	962
993	975
993	984
993	986
993	987
993	988
993	989
993	990
993	991
993	995
993	996
993	999
994	1
994	8
994	13
994	16
994	38
994	51
994	119
994	121
994	140
994	204
994	210
994	216
994	225
994	229
994	242
994	246
994	255
994	287
994	289
994	301
994	326
994	329
994	331
994	344
994	345
994	363
994	373
994	375
994	377
994	416
994	439
994	440
994	481
994	506
994	515
994	518
994	526
994	569
994	580
994	611
994	617
994	628
994	630
994	660
994	679
994	691
994	692
994	710
994	717
994	727
994	743
994	748
994	773
994	777
994	813
994	815
994	832
994	835
994	861
994	900
994	907
994	912
994	913
994	929
994	934
994	937
994	938
994	946
994	954
994	960
994	961
994	970
994	980
994	985
994	992
995	81
995	129
995	153
995	154
995	172
995	184
995	185
995	201
995	203
995	215
995	237
995	247
995	275
995	294
995	322
995	342
995	372
995	406
995	408
995	421
995	461
995	467
995	477
995	484
995	489
995	490
995	563
995	568
995	586
995	601
995	612
995	618
995	624
995	641
995	648
995	652
995	668
995	670
995	689
995	701
995	704
995	712
995	714
995	757
995	761
995	769
995	777
995	785
995	795
995	806
995	812
995	819
995	821
995	831
995	841
995	858
995	873
995	878
995	888
995	897
995	902
995	908
995	911
995	916
995	919
995	923
995	924
995	925
995	935
995	936
995	937
995	945
995	956
995	960
995	965
995	972
995	975
995	976
995	987
995	989
995	990
995	991
995	993
995	996
996	29
996	32
996	55
996	83
996	99
996	105
996	167
996	172
996	184
996	218
996	247
996	279
996	300
996	311
996	321
996	322
996	348
996	371
996	380
996	398
996	406
996	410
996	461
996	474
996	477
996	489
996	490
996	524
996	547
996	568
996	584
996	594
996	615
996	633
996	636
996	641
996	661
996	663
996	670
996	701
996	704
996	705
996	707
996	712
996	741
996	746
996	763
996	769
996	777
996	812
996	814
996	819
996	831
996	857
996	858
996	866
996	878
996	888
996	890
996	902
996	911
996	913
996	916
996	919
996	923
996	924
996	925
996	935
996	936
996	942
996	945
996	950
996	953
996	956
996	958
996	972
996	975
996	976
996	979
996	987
996	989
996	990
996	991
996	993
996	995
996	1000
997	2
997	34
997	36
997	39
997	40
997	41
997	70
997	72
997	74
997	166
997	182
997	186
997	196
997	238
997	240
997	243
997	257
997	274
997	281
997	283
997	315
997	327
997	336
997	350
997	353
997	417
997	424
997	426
997	427
997	433
997	436
997	455
997	501
997	508
997	548
997	549
997	552
997	557
997	572
997	603
997	613
997	625
997	634
997	637
997	647
997	677
997	696
997	701
997	709
997	719
997	726
997	730
997	734
997	780
997	822
997	823
997	826
997	829
997	837
997	842
997	843
997	849
997	852
997	860
997	862
997	869
997	877
997	880
997	895
997	897
997	908
997	915
997	921
997	922
997	926
997	928
997	934
997	940
997	943
997	947
997	959
997	962
997	969
997	974
997	977
997	978
997	983
997	986
997	999
998	4
998	7
998	20
998	46
998	61
998	62
998	71
998	73
998	112
998	124
998	133
998	148
998	160
998	175
998	183
998	223
998	253
998	272
998	290
998	307
998	312
998	335
998	384
998	428
998	442
998	465
998	471
998	483
998	485
998	512
998	525
998	528
998	529
998	534
998	540
998	544
998	558
998	561
998	576
998	578
998	588
998	591
998	598
998	602
998	609
998	620
998	626
998	666
998	667
998	669
998	670
998	690
998	698
998	708
998	709
998	713
998	724
998	742
998	747
998	754
998	763
998	773
998	784
998	794
998	804
998	805
998	810
998	830
998	846
998	851
998	879
998	882
998	884
998	889
998	891
998	899
998	904
998	905
998	909
998	926
998	932
998	933
998	949
998	961
998	963
998	964
998	965
998	979
998	983
998	984
998	999
999	22
999	40
999	44
999	67
999	72
999	84
999	104
999	108
999	109
999	111
999	127
999	194
999	234
999	244
999	278
999	281
999	327
999	332
999	353
999	357
999	370
999	399
999	400
999	401
999	402
999	417
999	432
999	441
999	447
999	458
999	484
999	491
999	500
999	501
999	503
999	527
999	549
999	552
999	593
999	597
999	600
999	603
999	622
999	650
999	677
999	681
999	687
999	703
999	719
999	726
999	739
999	740
999	766
999	780
999	801
999	807
999	822
999	826
999	829
999	836
999	837
999	842
999	849
999	850
999	852
999	860
999	862
999	869
999	870
999	877
999	880
999	897
999	908
999	915
999	921
999	922
999	928
999	934
999	939
999	940
999	947
999	959
999	962
999	969
999	974
999	975
999	977
999	981
999	983
999	985
999	986
999	988
999	993
999	997
999	998
1000	11
1000	15
1000	28
1000	49
1000	50
1000	56
1000	58
1000	62
1000	63
1000	65
1000	75
1000	79
1000	91
1000	125
1000	134
1000	139
1000	152
1000	232
1000	251
1000	268
1000	284
1000	293
1000	302
1000	305
1000	320
1000	324
1000	330
1000	340
1000	343
1000	351
1000	366
1000	369
1000	378
1000	390
1000	411
1000	413
1000	422
1000	435
1000	453
1000	456
1000	462
1000	463
1000	482
1000	488
1000	502
1000	513
1000	530
1000	537
1000	550
1000	556
1000	573
1000	574
1000	579
1000	581
1000	595
1000	627
1000	655
1000	656
1000	657
1000	674
1000	694
1000	706
1000	717
1000	718
1000	744
1000	753
1000	771
1000	790
1000	791
1000	799
1000	809
1000	817
1000	828
1000	834
1000	845
1000	848
1000	854
1000	855
1000	856
1000	885
1000	894
1000	896
1000	899
1000	904
1000	906
1000	917
1000	948
1000	952
1000	955
1000	957
1000	967
1000	970
1000	973
1000	982
1000	984
1000	988
1000	992
1000	996
