1	551
1	767
1	961
2	451
2	997
2	998
3	991
3	995
3	1000
4	794
4	804
4	975
5	645
5	908
5	990
6	838
6	877
6	990
7	818
7	874
7	959
8	895
8	950
8	993
9	829
9	974
9	998
10	56
10	976
10	998
11	904
11	945
11	952
12	211
12	969
12	982
13	88
13	556
13	804
14	50
14	781
14	982
15	958
15	967
15	998
16	850
16	957
16	964
17	949
17	959
17	975
18	600
18	981
18	987
19	685
19	977
19	990
20	800
20	889
20	964
21	105
21	816
21	986
22	631
22	877
22	997
23	177
23	890
23	935
24	620
24	883
24	982
25	185
25	873
25	969
26	713
26	811
26	987
27	866
27	978
27	995
28	820
28	968
28	996
29	340
29	526
29	572
30	903
30	951
30	995
31	414
31	821
31	953
32	694
32	979
32	997
33	335
33	792
33	981
34	692
34	955
34	995
35	615
35	919
35	995
36	673
36	943
36	959
37	942
37	974
37	979
38	257
38	648
38	959
39	927
39	989
39	990
40	553
40	967
40	997
41	428
41	969
41	982
42	962
42	978
42	991
43	621
43	686
43	987
44	533
44	916
44	1000
45	435
45	797
45	992
46	729
46	946
46	983
47	862
47	950
47	972
48	778
48	868
48	889
49	356
49	724
49	987
50	14
50	957
50	996
51	493
51	831
51	999
52	971
52	974
52	998
53	767
53	953
53	961
54	908
54	937
54	989
55	605
55	896
55	981
56	10
56	271
56	991
57	720
57	985
57	999
58	325
58	593
58	964
59	730
59	989
59	997
60	822
60	874
60	943
61	329
61	865
61	970
62	401
62	668
62	847
63	157
63	683
63	996
64	565
64	587
64	990
65	670
65	707
65	943
66	695
66	911
66	975
67	777
67	811
67	986
68	853
68	997
68	998
69	273
69	910
69	939
70	690
70	861
70	883
71	820
71	846
71	949
72	426
72	497
72	890
73	75
73	821
73	900
74	954
74	962
74	999
75	73
75	978
75	985
76	382
76	718
76	977
77	90
77	337
77	664
78	904
78	974
78	998
79	599
79	965
79	980
80	946
80	991
80	1000
81	727
81	784
81	915
82	614
82	754
82	980
83	907
83	981
83	986
84	932
84	946
84	991
85	766
85	904
85	943
86	957
86	993
86	996
87	865
87	884
87	970
88	13
88	219
88	841
89	976
89	979
89	988
90	77
90	947
90	989
91	543
91	857
91	915
92	874
92	930
92	975
93	851
93	953
93	961
94	274
94	298
94	922
95	593
95	850
95	996
96	283
96	554
96	885
97	842
97	972
97	996
98	685
98	921
98	947
99	910
99	972
99	996
100	266
100	585
100	822
101	611
101	919
101	948
102	438
102	636
102	911
103	869
103	989
103	990
104	170
104	849
104	945
105	21
105	934
105	995
106	955
106	984
106	995
107	759
107	960
107	966
108	462
108	902
108	996
109	761
109	909
109	932
110	738
110	869
110	977
111	737
111	974
111	997
112	864
112	992
112	999
113	328
113	499
113	990
114	530
114	784
114	852
115	782
115	971
115	997
116	920
116	983
116	999
117	563
117	834
117	965
118	439
118	813
118	822
119	925
119	956
119	998
120	251
120	913
120	963
121	798
121	961
121	980
122	657
122	960
122	996
123	137
123	883
123	936
124	701
124	950
124	994
125	195
125	838
125	965
126	967
126	997
126	998
127	469
127	965
127	989
128	927
128	977
128	990
129	981
129	986
129	987
130	962
130	984
130	994
131	887
131	956
131	976
132	693
132	838
132	982
133	784
133	894
133	970
134	494
134	915
134	970
135	834
135	843
135	899
136	573
136	719
136	885
137	123
137	828
137	984
138	142
138	494
138	970
139	563
139	757
139	863
140	344
140	544
140	992
141	405
141	974
141	997
142	138
142	448
142	993
143	512
143	989
143	990
144	216
144	287
144	982
145	821
145	945
145	952
146	495
146	584
146	921
147	994
147	996
147	1000
148	583
148	864
148	941
149	219
149	528
149	863
150	460
150	802
150	911
151	356
151	784
151	989
152	847
152	897
152	963
153	839
153	932
153	981
154	609
154	825
154	975
155	349
155	996
155	997
156	768
156	973
156	995
157	63
157	966
157	968
158	826
158	936
158	995
159	967
159	979
159	981
160	321
160	884
160	993
161	747
161	986
161	987
162	885
162	918
162	970
163	316
163	862
163	993
164	865
164	885
164	970
165	781
165	879
165	888
166	381
166	970
166	979
167	183
167	966
167	993
168	893
168	988
168	997
169	725
169	897
169	993
170	104
170	900
170	980
171	845
171	897
171	970
172	859
172	942
172	988
173	475
173	567
173	960
174	948
174	973
174	983
175	335
175	932
175	986
176	607
176	973
176	995
177	23
177	875
177	991
178	723
178	809
178	977
179	492
179	821
179	953
180	501
180	775
180	969
181	194
181	895
181	993
182	929
182	983
182	999
183	167
183	220
183	890
184	598
184	673
184	949
185	25
185	775
185	828
186	760
186	972
186	987
187	646
187	794
187	804
188	436
188	940
188	990
189	933
189	960
189	992
190	870
190	920
190	991
191	849
191	945
191	980
192	878
192	953
192	961
193	437
193	647
193	936
194	181
194	549
194	912
195	125
195	872
195	990
196	726
196	790
196	898
197	449
197	764
197	822
198	869
198	954
198	994
199	452
199	655
199	995
200	867
200	956
200	1000
201	640
201	968
201	990
202	386
202	519
202	921
203	652
203	747
203	987
204	824
204	952
204	961
205	358
205	997
205	998
206	947
206	965
206	994
207	985
207	999
207	1000
208	270
208	748
208	982
209	611
209	914
209	981
210	919
210	973
210	991
211	12
211	830
211	970
212	457
212	578
212	762
213	517
213	757
213	990
214	719
214	845
214	852
215	888
215	906
215	982
216	144
216	375
216	969
217	480
217	571
217	984
218	849
218	961
218	980
219	88
219	149
219	799
220	183
220	475
220	950
221	947
221	965
221	977
222	324
222	843
222	847
223	599
223	937
223	951
224	664
224	772
224	995
225	443
225	880
225	982
226	678
226	981
226	986
227	375
227	601
227	861
228	955
228	992
228	1000
229	330
229	846
229	967
230	748
230	985
230	994
231	456
231	869
231	940
232	636
232	911
232	930
233	531
233	974
233	976
234	521
234	557
234	900
235	490
235	992
235	999
236	983
236	992
236	999
237	713
237	776
237	986
238	790
238	969
238	982
239	856
239	991
239	994
240	373
240	391
240	977
241	342
241	593
241	759
242	590
242	999
242	1000
243	725
243	952
243	963
244	798
244	849
244	900
245	485
245	860
245	976
246	551
246	725
246	980
247	556
247	933
247	998
248	928
248	991
248	992
249	259
249	853
249	987
250	701
250	865
250	970
251	120
251	963
251	970
252	808
252	933
252	993
253	825
253	891
253	990
254	718
254	863
254	975
255	337
255	977
255	989
256	750
256	904
256	952
257	38
257	526
257	884
258	871
258	970
258	975
259	249
259	605
259	986
260	780
260	840
260	854
261	968
261	993
261	996
262	319
262	883
262	923
263	968
263	993
263	996
264	699
264	958
264	976
265	659
265	971
265	997
266	100
266	467
266	714
267	535
267	604
267	662
268	535
268	747
268	820
269	966
269	972
269	993
270	208
270	571
270	906
271	56
271	919
271	953
272	621
272	723
272	738
273	69
273	737
273	993
274	94
274	840
274	844
275	785
275	941
275	977
276	954
276	983
276	999
277	788
277	958
277	979
278	958
278	979
278	998
279	877
279	979
279	997
280	478
280	983
280	991
281	743
281	748
281	941
282	852
282	913
282	963
283	96
283	857
283	913
284	383
284	851
284	961
285	673
285	969
285	982
286	741
286	742
286	989
287	144
287	801
287	922
288	800
288	841
288	943
289	933
289	993
289	996
290	690
290	751
290	980
291	853
291	988
291	998
292	883
292	922
292	982
293	427
293	763
293	894
294	668
294	865
294	971
295	468
295	819
295	848
296	557
296	878
296	904
297	656
297	964
297	993
298	94
298	888
298	941
299	527
299	911
299	995
300	973
300	995
300	1000
301	822
301	949
301	959
302	976
302	988
302	997
303	926
303	955
303	962
304	853
304	976
304	998
305	352
305	548
305	834
306	743
306	971
306	997
307	860
307	974
307	998
308	806
308	941
308	969
309	616
309	835
309	980
310	376
310	667
310	981
310	987
311	791
311	826
311	887
311	934
312	687
312	888
312	906
312	982
313	935
313	985
313	994
313	1000
314	361
314	824
314	952
314	953
315	960
315	972
315	993
315	996
316	163
316	925
316	972
316	996
317	672
317	803
317	884
317	985
318	880
318	946
318	964
318	996
319	262
319	795
319	844
319	923
320	856
320	948
320	992
320	999
321	160
321	427
321	554
321	963
322	728
322	909
322	986
322	987
323	848
323	893
323	948
323	997
324	222
324	871
324	884
324	970
325	58
325	610
325	890
325	996
326	974
326	988
326	997
326	998
327	658
327	960
327	993
327	996
328	113
328	787
328	957
328	993
329	61
329	804
329	841
329	975
330	229
330	841
330	930
330	943
331	936
331	973
331	992
331	1000
332	896
332	909
332	981
332	986
333	755
333	881
333	960
333	968
334	929
334	978
334	993
334	999
335	33
335	175
335	731
335	987
336	907
336	932
336	981
336	986
337	77
337	255
337	545
337	977
338	944
338	956
338	971
338	979
339	613
339	936
339	937
339	995
340	29
340	670
340	752
340	911
341	907
341	932
341	981
341	986
342	241
342	713
342	972
342	996
343	967
343	971
343	997
343	998
344	140
344	833
344	935
344	1000
345	688
345	984
345	994
345	1000
346	794
346	992
346	999
346	1000
347	909
347	932
347	986
347	987
348	800
348	916
348	968
348	993
349	155
349	855
349	971
349	997
350	889
350	902
350	960
350	966
351	906
351	912
351	969
351	982
352	305
352	601
352	702
352	989
353	494
353	910
353	993
353	996
354	704
354	887
354	946
354	1000
355	728
355	737
355	950
355	966
356	49
356	151
356	482
356	921
357	918
357	950
357	972
357	996
358	205
358	399
358	998
358	1000
359	530
359	785
359	922
359	923
360	667
360	907
360	932
360	981
361	314
361	787
361	960
361	993
362	860
362	893
362	901
362	925
363	369
363	611
363	914
363	987
364	916
364	994
364	995
364	1000
365	937
365	985
365	994
365	1000
366	642
366	837
366	989
366	990
367	709
367	850
367	972
367	993
368	580
368	699
368	997
368	998
369	363
369	909
369	986
369	987
370	527
370	540
370	648
370	975
371	588
371	873
371	938
371	939
372	546
372	954
372	995
372	1000
373	240
373	482
373	645
373	872
374	992
374	994
374	995
374	999
375	216
375	227
375	583
375	881
376	310
376	600
376	981
376	987
377	527
377	804
377	815
377	876
378	858
378	971
378	997
378	998
379	974
379	988
379	997
379	998
380	714
380	801
380	864
380	969
381	166
381	494
381	901
381	913
382	76
382	738
382	989
382	990
383	284
383	824
383	924
383	980
384	766
384	799
384	930
384	986
385	836
385	954
385	984
385	991
386	202
386	882
386	920
386	926
387	958
387	988
387	997
387	998
388	512
388	675
388	965
388	999
389	893
389	979
389	997
389	998
390	671
390	854
390	864
390	982
391	240
391	908
391	940
391	977
392	737
392	966
392	972
392	996
393	550
393	899
393	908
393	997
394	855
394	925
394	997
394	998
395	827
395	951
395	992
395	995
396	645
396	675
396	953
396	990
397	703
397	877
397	944
397	997
398	476
398	967
398	997
398	998
399	358
399	956
399	987
399	998
400	965
400	970
400	989
400	990
401	62
401	615
401	847
401	970
402	910
402	988
402	993
402	996
403	473
403	687
403	861
403	941
404	640
404	823
404	890
404	950
405	141
405	500
405	949
405	975
406	717
406	960
406	993
406	996
407	881
407	939
407	964
407	996
408	944
408	974
408	979
408	998
409	878
409	983
409	995
409	1000
410	936
410	992
410	994
410	1000
411	833
411	935
411	984
411	995
412	437
412	862
412	950
412	996
413	483
413	932
413	986
413	987
414	31
414	716
414	952
414	980
415	944
415	974
415	976
415	992
416	763
416	871
416	894
416	998
417	491
417	907
417	981
417	986
418	618
418	944
418	992
418	998
419	507
419	693
419	906
419	982
420	783
420	786
420	833
420	977
421	634
421	901
421	997
421	998
422	495
422	685
422	940
422	990
423	937
423	962
423	992
423	1000
424	640
424	735
424	921
424	989
425	973
425	985
425	992
425	993
426	72
426	487
426	894
426	897
427	293
427	321
427	963
427	970
428	41
428	854
428	861
428	898
429	688
429	879
429	898
429	969
430	923
430	941
430	959
430	969
431	555
431	735
431	742
431	921
432	455
432	992
432	995
432	1000
433	929
433	946
433	994
433	995
434	937
434	983
434	994
434	995
435	45
435	956
435	967
435	971
436	188
436	965
436	977
436	989
437	193
437	412
437	993
437	996
438	102
438	700
438	846
438	975
439	118
439	799
439	804
439	840
440	788
440	964
440	968
440	972
441	485
441	617
441	922
441	982
442	472
442	503
442	917
442	945
443	225
443	819
443	898
443	923
444	726
444	886
444	988
444	997
445	938
445	965
445	977
445	989
446	577
446	881
446	939
446	996
447	864
447	883
447	898
447	982
448	142
448	717
448	827
448	890
449	197
449	951
449	991
449	994
450	666
450	816
450	914
450	987
451	2
451	726
451	807
451	998
452	199
452	908
452	921
452	990
453	904
453	917
453	961
453	980
454	788
454	933
454	966
454	993
455	432
455	983
455	985
455	999
456	231
456	873
456	938
456	990
457	212
457	717
457	823
457	996
458	715
458	830
458	894
458	963
459	783
459	919
459	928
459	978
460	150
460	649
460	695
460	975
461	903
461	957
461	993
461	996
462	108
462	507
462	933
462	996
463	710
463	912
463	984
463	994
464	638
464	873
464	977
464	996
465	812
465	918
465	968
465	993
466	756
466	900
466	952
466	980
467	266
467	670
467	949
467	959
468	295
468	854
468	879
468	931
469	127
469	873
469	938
469	977
470	863
470	930
470	943
470	959
471	644
471	854
471	895
471	957
472	442
472	756
472	904
472	980
473	403
473	898
473	943
473	982
474	658
474	679
474	798
474	904
475	173
475	220
475	788
475	964
475	972
476	398
476	979
476	988
476	997
476	998
477	527
477	746
477	801
477	806
477	840
478	280
478	743
478	956
478	958
478	997
479	484
479	713
479	811
479	896
479	986
480	217
480	826
480	954
480	978
480	983
481	514
481	942
481	958
481	979
481	998
482	356
482	373
482	730
482	947
482	989
483	413
483	635
483	835
483	878
483	953
484	479
484	686
484	816
484	986
484	987
485	245
485	441
485	581
485	697
485	982
486	901
486	925
486	956
486	971
486	998
487	426
487	852
487	865
487	888
487	970
488	973
488	984
488	985
488	994
488	999
489	769
489	900
489	917
489	952
489	995
490	235
490	735
490	736
490	937
490	978
491	417
491	752
491	797
491	875
491	951
492	179
492	614
492	835
492	953
492	980
493	51
493	607
493	779
493	995
493	1000
494	134
494	138
494	353
494	381
494	633
495	146
495	422
495	578
495	825
495	990
496	867
496	948
496	957
496	995
496	999
497	72
497	803
497	894
497	958
497	963
498	608
498	636
498	810
498	841
498	975
499	113
499	825
499	927
499	940
499	977
500	405
500	707
500	794
500	799
500	911
501	180
501	517
501	696
501	947
501	990
502	740
502	774
502	972
502	991
502	1000
503	442
503	983
503	985
503	991
503	995
504	912
504	929
504	978
504	992
504	994
505	578
505	881
505	910
505	950
505	982
506	788
506	918
506	933
506	951
506	996
507	419
507	462
507	815
507	968
507	996
508	703
508	825
508	956
508	971
508	997
509	788
509	903
509	957
509	965
509	996
510	856
510	891
510	919
510	985
510	999
511	542
511	656
511	859
511	960
511	993
512	143
512	388
512	545
512	686
512	908
513	629
513	727
513	830
513	913
513	963
514	481
514	958
514	967
514	971
514	979
515	885
515	914
515	915
515	963
515	970
516	609
516	738
516	965
516	977
516	989
517	213
517	501
517	745
517	989
517	990
518	721
518	876
518	943
518	959
518	975
519	202
519	741
519	938
519	947
519	965
520	754
520	900
520	945
520	980
520	997
521	234
521	603
521	912
521	928
521	999
522	974
522	976
522	988
522	997
522	998
523	715
523	719
523	885
523	913
523	944
524	554
524	871
524	894
524	915
524	963
525	700
525	766
525	794
525	874
525	975
526	29
526	257
526	764
526	911
526	928
527	299
527	370
527	377
527	477
527	764
528	149
528	710
528	876
528	930
528	959
529	850
529	878
529	953
529	961
529	980
530	114
530	359
530	674
530	879
530	923
531	233
531	893
531	991
531	997
531	998
532	547
532	919
532	969
532	992
532	999
533	44
533	935
533	989
533	999
533	1000
534	829
534	886
534	901
534	974
534	988
535	267
535	268
535	757
535	764
535	959
536	823
536	889
536	924
536	968
536	996
537	872
537	899
537	938
537	940
537	977
538	586
538	626
538	994
538	999
538	1000
539	787
539	815
539	850
539	957
539	993
540	370
540	714
540	814
540	943
540	998
541	870
541	962
541	983
541	985
541	999
542	511
542	823
542	966
542	972
542	996
543	91
543	653
543	796
543	915
543	963
544	140
544	826
544	832
544	912
544	1000
545	337
545	512
545	588
545	816
545	965
546	372
546	831
546	905
546	916
546	978
547	532
547	929
547	935
547	978
547	991
548	305
548	642
548	947
548	965
548	989
549	194
549	753
549	765
549	926
549	931
550	393
550	783
550	872
550	908
550	947
551	1
551	246
551	835
551	900
551	961
552	868
552	920
552	983
552	999
552	1000
553	40
553	769
553	953
553	961
553	980
554	96
554	321
554	524
554	715
554	852
555	431
555	837
555	845
555	899
555	990
556	13
556	247
556	569
556	988
556	997
557	234
557	296
557	754
557	884
557	917
558	871
558	885
558	897
558	915
558	963
559	722
559	793
559	942
559	967
559	971
560	762
560	809
560	973
560	999
560	1000
561	944
561	974
561	988
561	997
561	998
562	984
562	985
562	992
562	995
562	999
563	117
563	139
563	676
563	940
563	990
564	604
564	650
564	939
564	950
564	966
565	64
565	936
565	991
565	992
565	994
566	616
566	767
566	917
566	945
566	980
567	173
567	728
567	903
567	933
567	939
568	579
568	712
568	896
568	907
568	986
569	556
569	893
569	956
569	979
569	998
570	809
570	919
570	994
570	995
570	998
571	217
571	270
571	795
571	898
571	969
572	29
572	756
572	824
572	953
572	980
573	136
573	857
573	865
573	959
573	963
574	678
574	914
574	981
574	986
574	987
575	774
575	882
575	926
575	931
575	1000
576	671
576	697
576	746
576	861
576	982
577	446
577	714
577	764
577	814
577	949
577	959
578	212
578	495
578	505
578	964
578	966
578	993
579	568
579	817
579	932
579	981
579	986
579	987
580	368
580	704
580	958
580	976
580	997
580	998
581	485
581	601
581	620
581	674
581	746
581	840
582	916
582	977
582	994
582	995
582	999
582	1000
583	148
583	375
583	830
583	879
583	888
583	969
584	146
584	744
584	838
584	869
584	965
584	989
585	100
585	761
585	866
585	948
585	973
585	984
586	538
586	663
586	740
586	929
586	931
586	1000
587	64
587	741
587	772
587	837
587	872
587	990
588	371
588	545
588	873
588	940
588	965
588	990
589	771
589	908
589	927
589	965
589	990
589	999
590	242
590	613
590	866
590	887
590	984
590	992
591	595
591	644
591	748
591	861
591	888
591	898
592	729
592	902
592	918
592	957
592	964
592	996
593	58
593	95
593	241
593	657
593	759
593	957
594	658
594	945
594	952
594	953
594	961
594	980
595	591
595	670
595	819
595	922
595	941
595	982
596	667
596	839
596	896
596	909
596	932
596	986
597	711
597	858
597	947
597	974
597	979
597	998
598	184
598	721
598	818
598	906
598	911
598	949
599	79
599	223
599	824
599	953
599	961
599	980
600	18
600	376
600	896
600	930
600	932
600	987
601	227
601	352
601	581
601	806
601	879
601	982
602	608
602	671
602	695
602	930
602	943
602	975
603	521
603	770
603	867
603	920
603	948
603	992
604	267
604	564
604	648
604	802
604	822
604	959
605	55
605	259
605	713
605	907
605	914
605	981
606	804
606	911
606	949
606	954
606	959
606	975
607	176
607	493
607	955
607	985
607	991
607	992
608	498
608	602
608	792
608	813
608	876
608	930
609	154
609	516
609	696
609	823
609	965
609	990
610	325
610	880
610	968
610	993
610	996
610	998
611	101
611	209
611	363
611	792
611	839
611	981
612	835
612	878
612	886
612	900
612	952
612	961
613	339
613	590
613	832
613	912
613	985
613	1000
614	82
614	492
614	658
614	754
614	821
614	980
615	35
615	401
615	629
615	865
615	915
615	970
616	309
616	566
616	751
616	878
616	917
616	980
617	441
617	687
617	775
617	779
617	785
617	969
618	418
618	742
618	860
618	893
618	988
618	998
619	805
619	808
619	854
619	957
619	968
619	996
620	24
620	581
620	844
620	879
620	910
620	969
621	43
621	272
621	652
621	907
621	909
621	986
622	631
622	917
622	956
622	967
622	997
622	998
623	643
623	868
623	992
623	994
623	995
623	1000
624	956
624	976
624	979
624	983
624	997
624	998
625	804
625	905
625	926
625	946
625	995
625	1000
626	538
626	736
626	770
626	957
626	973
626	992
627	800
627	875
627	939
627	964
627	968
627	993
628	654
628	816
628	896
628	914
628	981
628	986
629	513
629	615
629	719
629	871
629	884
629	970
630	867
630	912
630	920
630	974
630	995
630	999
631	22
631	622
631	799
631	925
631	988
631	998
632	824
632	907
632	914
632	932
632	986
632	987
633	494
633	765
633	845
633	857
633	885
633	970
634	421
634	886
634	967
634	971
634	997
634	998
635	483
635	767
635	849
635	900
635	980
635	988
636	102
636	232
636	498
636	775
636	818
636	841
637	700
637	732
637	853
637	874
637	959
637	975
638	464
638	742
638	938
638	974
638	989
638	990
639	807
639	817
639	877
639	942
639	958
639	998
640	201
640	404
640	424
640	786
640	947
640	990
641	649
641	902
641	903
641	939
641	993
641	996
642	366
642	548
642	742
642	838
642	927
642	989
643	623
643	833
643	983
643	991
643	994
643	999
644	471
644	591
644	881
644	895
644	903
644	996
645	5
645	373
645	396
645	940
645	989
645	991
646	187
646	813
646	818
646	863
646	943
646	975
647	193
647	660
647	842
647	910
647	964
647	996
648	38
648	370
648	604
648	718
648	926
648	943
649	460
649	641
649	822
649	874
649	949
649	959
650	564
650	656
650	805
650	826
650	993
650	996
651	755
651	812
651	889
651	939
651	972
651	993
652	203
652	621
652	896
652	909
652	986
652	987
653	543
653	734
653	897
653	913
653	963
653	980
654	628
654	816
654	916
654	932
654	986
654	987
655	199
655	774
655	887
655	991
655	994
655	999
656	297
656	511
656	650
656	737
656	842
656	993
657	122
657	593
657	800
657	924
657	968
657	996
658	327
658	474
658	594
658	614
658	849
658	980
659	265
659	724
659	956
659	979
659	997
659	998
660	647
660	689
660	942
660	967
660	988
660	997
661	852
661	865
661	871
661	897
661	970
661	1000
662	267
662	721
662	804
662	930
662	949
662	975
663	586
663	836
663	951
663	991
663	994
663	1000
664	77
664	224
664	912
664	978
664	985
664	991
664	999
665	889
665	940
665	950
665	957
665	966
665	968
665	996
666	450
666	751
666	777
666	909
666	981
666	986
666	987
667	310
667	360
667	596
667	914
667	981
667	986
667	987
668	62
668	294
668	763
668	803
668	897
668	915
668	963
669	710
669	836
669	861
669	866
669	920
669	999
669	1000
670	65
670	340
670	467
670	595
670	813
670	876
670	975
671	390
671	576
671	602
671	748
671	883
671	906
671	922
672	317
672	763
672	845
672	847
672	857
672	894
672	970
673	36
673	184
673	285
673	846
673	863
673	959
673	975
674	530
674	581
674	697
674	941
674	969
674	982
674	1000
675	388
675	396
675	908
675	921
675	977
675	989
675	994
676	563
676	837
676	898
676	899
676	947
676	965
676	990
677	722
677	859
677	942
677	974
677	988
677	997
677	998
678	226
678	574
678	777
678	909
678	981
678	986
678	987
679	474
679	716
679	767
679	945
679	952
679	953
679	980
680	925
680	976
680	979
680	988
680	994
680	997
680	998
681	737
681	745
681	815
681	933
681	939
681	972
681	996
682	948
682	951
682	980
682	991
682	994
682	995
682	999
683	63
683	759
683	827
683	902
683	951
683	968
683	993
684	862
684	889
684	895
684	924
684	957
684	972
684	993
685	19
685	98
685	422
685	921
685	989
685	990
685	995
686	43
686	484
686	512
686	839
686	932
686	981
686	987
687	312
687	403
687	617
687	781
687	806
687	840
687	969
688	345
688	429
688	780
688	888
688	906
688	923
688	982
689	660
689	819
689	925
689	967
689	988
689	997
689	998
690	70
690	290
690	795
690	898
690	906
690	941
690	969
691	886
691	958
691	971
691	976
691	988
691	997
691	998
692	34
692	797
692	895
692	934
692	973
692	999
692	1000
693	132
693	419
693	775
693	819
693	883
693	982
693	998
694	32
694	708
694	928
694	962
694	994
694	999
694	1000
695	66
695	460
695	602
695	810
695	818
695	874
695	975
696	501
696	609
696	927
696	938
696	940
696	947
696	977
697	485
697	576
697	674
697	821
697	864
697	969
697	982
698	814
698	846
698	863
698	876
698	930
698	959
698	975
699	264
699	368
699	782
699	860
699	901
699	997
699	998
700	438
700	525
700	637
700	874
700	911
700	949
700	962
701	124
701	250
701	808
701	890
701	892
701	902
701	960
702	352
702	738
702	771
702	786
702	872
702	873
702	989
703	397
703	508
703	726
703	886
703	921
703	967
703	997
704	354
704	580
704	905
704	931
704	954
704	955
704	1000
705	773
705	833
705	893
705	920
705	946
705	994
705	1000
706	859
706	910
706	971
706	976
706	979
706	997
706	998
707	65
707	500
707	802
707	818
707	876
707	943
707	975
708	694
708	851
708	929
708	946
708	978
708	995
708	1000
709	367
709	858
709	942
709	956
709	958
709	974
709	988
710	463
710	528
710	669
710	843
710	948
710	991
710	995
711	597
711	855
711	858
711	956
711	988
711	989
711	997
711	998
712	568
712	760
712	896
712	909
712	914
712	981
712	986
712	987
713	26
713	237
713	342
713	479
713	605
713	909
713	981
713	987
714	266
714	380
714	540
714	577
714	802
714	820
714	822
714	876
715	458
715	523
715	554
715	727
715	884
715	892
715	915
715	970
716	414
716	679
716	798
716	851
716	937
716	945
716	952
716	953
717	406
717	448
717	457
717	903
717	950
717	967
717	993
717	996
718	76
718	254
718	648
718	799
718	810
718	841
718	846
718	863
719	136
719	214
719	523
719	629
719	784
719	830
719	845
719	908
720	57
720	779
720	931
720	955
720	963
720	973
720	985
720	992
721	518
721	598
721	662
721	813
721	874
721	903
721	959
721	975
722	559
722	677
722	796
722	842
722	893
722	974
722	979
722	997
723	178
723	272
723	837
723	856
723	869
723	921
723	938
723	989
724	49
724	659
724	731
724	811
724	914
724	981
724	986
724	987
725	169
725	243
725	246
725	727
725	852
725	884
725	913
725	915
726	196
726	444
726	451
726	703
726	749
726	971
726	988
726	998
727	81
727	513
727	715
727	725
727	830
727	885
727	913
727	915
728	322
728	355
728	567
728	787
728	881
728	960
728	964
728	972
729	46
729	592
729	862
729	895
729	939
729	950
729	972
729	996
730	59
730	482
730	744
730	758
730	825
730	899
730	977
730	985
731	335
731	724
731	792
731	896
731	914
731	935
731	981
731	987
732	637
732	810
732	814
732	820
732	930
732	959
732	975
732	981
733	773
733	833
733	856
733	916
733	919
733	926
733	978
733	995
734	653
734	763
734	784
734	803
734	894
734	897
734	913
734	970
735	424
735	431
735	490
735	758
735	872
735	908
735	977
735	990
736	490
736	626
736	862
736	916
736	978
736	984
736	991
736	992
737	111
737	273
737	355
737	392
737	656
737	681
737	960
737	996
738	110
738	272
738	382
738	516
738	702
738	834
738	965
738	989
739	740
739	882
739	887
739	934
739	962
739	982
739	995
739	1000
740	502
740	586
740	739
740	916
740	983
740	992
740	995
740	1000
741	286
741	519
741	587
741	786
741	808
741	873
741	938
741	990
742	286
742	431
742	618
742	638
742	642
742	838
742	899
742	938
743	281
743	306
743	478
743	848
743	944
743	974
743	976
743	988
744	584
744	730
744	838
744	927
744	936
744	947
744	977
744	989
745	517
745	681
745	834
745	899
745	927
745	940
745	977
745	990
746	477
746	576
746	581
746	795
746	906
746	922
746	941
746	977
747	161
747	203
747	268
747	907
747	932
747	981
747	986
747	987
748	208
748	230
748	281
748	591
748	671
748	781
748	898
748	982
749	726
749	817
749	848
749	858
749	971
749	974
749	976
749	997
750	256
750	904
750	917
750	945
750	953
750	961
750	962
750	980
751	290
751	616
751	666
751	835
751	945
751	952
751	953
751	961
751	980
752	340
752	491
752	762
752	831
752	934
752	946
752	978
752	983
752	991
753	549
753	828
753	882
753	948
753	951
753	960
753	991
753	994
753	999
754	82
754	520
754	557
754	614
754	824
754	900
754	945
754	961
754	980
755	333
755	651
755	860
755	950
755	964
755	966
755	968
755	972
755	996
756	466
756	472
756	572
756	849
756	900
756	904
756	917
756	945
756	952
757	139
757	213
757	535
757	921
757	927
757	938
757	940
757	977
757	989
758	730
758	735
758	786
758	837
758	838
758	908
758	921
758	965
758	1000
759	107
759	241
759	593
759	683
759	877
759	903
759	939
759	957
759	996
760	186
760	712
760	776
760	812
760	896
760	909
760	981
760	986
760	987
761	109
761	585
761	905
761	931
761	955
761	973
761	994
761	995
761	999
762	212
762	560
762	752
762	875
762	936
762	983
762	992
762	994
762	999
763	293
763	416
763	668
763	672
763	734
763	884
763	894
763	897
763	986
764	197
764	526
764	527
764	535
764	577
764	802
764	841
764	975
764	986
765	549
765	633
765	791
765	867
765	882
765	929
765	946
765	973
765	991
766	85
766	384
766	525
766	820
766	841
766	888
766	943
766	949
766	975
767	1
767	53
767	566
767	635
767	679
767	798
767	953
767	961
767	980
768	156
768	779
768	933
768	973
768	985
768	991
768	994
768	995
768	1000
769	489
769	553
769	878
769	900
769	904
769	945
769	952
769	977
769	980
770	603
770	626
770	882
770	945
770	951
770	985
770	994
770	995
770	999
771	589
771	702
771	783
771	837
771	869
771	870
771	947
771	965
771	990
772	224
772	587
772	919
772	926
772	931
772	962
772	994
772	995
772	999
773	705
773	733
773	836
773	899
773	935
773	991
773	992
773	994
773	999
774	502
774	575
774	655
774	954
774	970
774	985
774	995
774	999
774	1000
775	180
775	185
775	617
775	636
775	693
775	861
775	945
775	969
775	982
776	237
776	760
776	811
776	905
776	909
776	932
776	981
776	986
776	987
777	67
777	666
777	678
777	839
777	882
777	896
777	914
777	981
777	987
778	48
778	902
778	903
778	924
778	934
778	964
778	972
778	993
778	996
779	493
779	617
779	720
779	768
779	951
779	955
779	962
779	995
779	1000
780	260
780	688
780	854
780	861
780	879
780	922
780	923
780	969
780	982
780	999
781	14
781	165
781	687
781	748
781	861
781	888
781	922
781	923
781	982
781	984
782	115
782	699
782	839
782	886
782	901
782	958
782	979
782	988
782	997
782	998
783	420
783	459
783	550
783	771
783	872
783	873
783	927
783	947
783	965
783	977
784	81
784	114
784	133
784	151
784	719
784	734
784	897
784	913
784	963
784	970
785	275
785	359
785	617
785	795
785	801
785	844
785	864
785	879
785	969
785	973
786	420
786	640
786	702
786	741
786	758
786	908
786	975
786	977
786	989
786	990
787	328
787	361
787	539
787	728
787	862
787	895
787	966
787	968
787	972
787	999
788	277
788	440
788	454
788	475
788	506
788	509
788	827
788	889
788	890
788	996
789	805
789	809
789	978
789	983
789	984
789	992
789	994
789	995
789	999
789	1000
790	196
790	238
790	806
790	840
790	861
790	879
790	883
790	922
790	969
790	976
791	311
791	765
791	856
791	875
791	954
791	981
791	991
791	995
791	999
791	1000
792	33
792	608
792	611
792	731
792	896
792	907
792	932
792	981
792	986
792	987
793	559
793	901
793	942
793	956
793	976
793	979
793	987
793	988
793	997
793	998
794	4
794	187
794	346
794	500
794	525
794	802
794	810
794	818
794	930
794	949
795	319
795	571
795	690
795	746
795	785
795	819
795	834
795	861
795	941
795	969
796	543
796	722
796	942
796	956
796	971
796	974
796	976
796	979
796	997
796	998
797	45
797	491
797	692
797	826
797	905
797	931
797	973
797	992
797	996
797	999
798	121
798	244
798	474
798	716
798	767
798	851
798	917
798	952
798	953
798	959
799	219
799	384
799	439
799	500
799	631
799	718
799	841
799	911
799	943
799	949
800	20
800	288
800	348
800	627
800	657
800	960
800	964
800	968
800	993
800	996
801	287
801	380
801	477
801	785
801	844
801	864
801	883
801	906
801	941
801	994
802	150
802	604
802	707
802	714
802	764
802	794
802	841
802	911
802	914
802	949
803	317
803	497
803	668
803	734
803	830
803	865
803	885
803	897
803	963
803	969
804	4
804	13
804	187
804	329
804	377
804	439
804	606
804	625
804	662
804	874
804	911
805	619
805	650
805	789
805	815
805	862
805	890
805	933
805	950
805	960
805	993
805	996
806	308
806	477
806	601
806	687
806	790
806	840
806	854
806	888
806	922
806	923
806	984
807	451
807	639
807	817
807	858
807	877
807	886
807	920
807	944
807	958
807	997
807	999
808	252
808	619
808	701
808	741
808	850
808	880
808	892
808	939
808	964
808	993
808	996
809	178
809	560
809	570
809	789
809	833
809	882
809	935
809	946
809	962
809	985
809	991
810	498
810	695
810	718
810	732
810	794
810	818
810	820
810	863
810	865
810	959
810	975
811	26
811	67
811	479
811	724
811	776
811	816
811	839
811	909
811	949
811	981
811	986
812	465
812	651
812	760
812	903
812	924
812	939
812	957
812	966
812	972
812	993
812	996
813	118
813	608
813	646
813	670
813	721
813	818
813	820
813	943
813	949
813	959
813	995
814	540
814	577
814	698
814	732
814	820
814	833
814	876
814	891
814	930
814	949
814	975
815	377
815	507
815	539
815	681
815	805
815	881
815	892
815	902
815	966
815	993
815	996
816	21
816	450
816	484
816	545
816	628
816	654
816	811
816	907
816	914
816	981
816	987
817	579
817	639
817	749
817	807
817	942
817	971
817	974
817	976
817	979
817	997
817	998
818	7
818	598
818	636
818	646
818	695
818	707
818	794
818	810
818	813
818	820
818	991
819	295
819	443
819	595
819	689
819	693
819	795
819	861
819	906
819	941
819	969
819	982
820	28
820	71
820	268
820	714
820	732
820	766
820	810
820	813
820	814
820	818
820	975
821	31
821	73
821	145
821	179
821	614
821	697
821	851
821	878
821	917
821	952
821	980
822	60
822	100
822	118
822	197
822	301
822	604
822	649
822	714
822	964
822	975
822	994
823	404
823	457
823	536
823	542
823	609
823	892
823	902
823	957
823	960
823	964
823	993
824	204
824	314
824	383
824	572
824	599
824	632
824	754
824	904
824	917
824	952
824	961
824	980
825	154
825	253
825	495
825	499
825	508
825	730
825	869
825	908
825	921
825	977
825	989
825	990
826	158
826	311
826	480
826	544
826	650
826	797
826	891
826	948
826	984
826	985
826	994
826	995
827	395
827	448
827	683
827	788
827	862
827	918
827	933
827	939
827	966
827	970
827	993
827	996
828	137
828	185
828	753
828	868
828	931
828	954
828	962
828	991
828	994
828	995
828	999
828	1000
829	9
829	534
829	877
829	925
829	942
829	956
829	958
829	967
829	973
829	976
829	997
829	998
830	211
830	458
830	513
830	583
830	719
830	727
830	803
830	871
830	884
830	894
830	897
830	963
831	51
831	546
831	752
831	912
831	954
831	971
831	973
831	978
831	983
831	984
831	992
831	999
832	544
832	613
832	887
832	905
832	920
832	926
832	962
832	964
832	983
832	984
832	992
832	1000
833	344
833	411
833	420
833	643
833	705
833	733
833	809
833	814
833	867
833	973
833	994
833	999
834	117
834	135
834	305
834	738
834	745
834	795
834	837
834	896
834	927
834	938
834	989
834	990
835	309
835	483
835	492
835	551
835	612
835	751
835	849
835	851
835	904
835	945
835	961
835	992
836	385
836	663
836	669
836	773
836	961
836	984
836	985
836	988
836	991
836	992
836	999
836	1000
837	366
837	555
837	587
837	676
837	723
837	758
837	771
837	834
837	841
837	873
837	940
837	989
837	990
838	6
838	125
838	132
838	584
838	642
838	742
838	744
838	758
838	921
838	940
838	965
838	977
838	990
839	153
839	596
839	611
839	686
839	777
839	782
839	811
839	897
839	907
839	914
839	981
839	986
839	987
840	260
840	274
840	439
840	477
840	581
840	687
840	790
840	806
840	864
840	898
840	941
840	942
840	969
841	88
841	288
841	329
841	330
841	498
841	636
841	718
841	764
841	766
841	799
841	802
841	837
841	959
842	97
842	647
842	656
842	722
842	890
842	918
842	933
842	939
842	960
842	966
842	968
842	993
842	996
843	135
843	222
843	710
843	856
843	868
843	912
843	931
843	937
843	954
843	983
843	984
843	994
843	995
844	274
844	319
844	620
844	785
844	801
844	854
844	864
844	888
844	898
844	923
844	969
844	982
844	1000
845	171
845	214
845	555
845	633
845	672
845	719
845	871
845	884
845	896
845	897
845	913
845	963
845	970
846	71
846	229
846	438
846	673
846	698
846	718
846	863
846	876
846	911
846	928
846	949
846	959
846	975
847	62
847	152
847	222
847	401
847	672
847	852
847	857
847	871
847	894
847	913
847	963
847	966
847	970
848	295
848	323
848	743
848	749
848	859
848	872
848	944
848	974
848	976
848	979
848	988
848	997
848	998
849	104
849	191
849	218
849	244
849	635
849	658
849	756
849	835
849	878
849	904
849	917
849	952
849	961
850	16
850	95
850	367
850	529
850	539
850	808
850	862
850	881
850	892
850	911
850	939
850	972
850	993
850	996
851	93
851	284
851	708
851	716
851	798
851	821
851	835
851	904
851	917
851	945
851	953
851	961
851	980
851	997
852	114
852	214
852	282
852	487
852	554
852	661
852	725
852	847
852	884
852	885
852	894
852	913
852	963
852	978
853	68
853	249
853	291
853	304
853	637
853	860
853	944
853	956
853	958
853	967
853	974
853	976
853	988
853	998
854	260
854	390
854	428
854	468
854	471
854	619
854	780
854	806
854	844
854	879
854	883
854	922
854	923
854	982
855	349
855	394
855	711
855	877
855	934
855	942
855	944
855	956
855	967
855	976
855	979
855	982
855	988
855	998
856	239
856	320
856	510
856	723
856	733
856	791
856	843
856	916
856	931
856	946
856	983
856	985
856	995
856	999
857	91
857	283
857	573
857	633
857	672
857	847
857	871
857	884
857	885
857	913
857	915
857	938
857	963
857	970
858	378
858	597
858	709
858	711
858	749
858	807
858	967
858	971
858	974
858	976
858	988
858	994
858	997
858	998
859	172
859	511
859	677
859	706
859	848
859	893
859	944
859	956
859	967
859	971
859	979
859	988
859	997
859	998
860	245
860	307
860	362
860	618
860	699
860	755
860	853
860	901
860	925
860	942
860	979
860	988
860	997
860	998
861	70
861	227
861	403
861	428
861	576
861	591
861	669
861	775
861	780
861	781
861	790
861	795
861	819
861	922
861	982
862	47
862	163
862	412
862	684
862	729
862	736
862	787
862	805
862	827
862	850
862	910
862	960
862	972
862	993
862	996
863	139
863	149
863	254
863	470
863	646
863	673
863	698
863	718
863	810
863	846
863	930
863	943
863	949
863	975
863	992
864	112
864	148
864	380
864	390
864	447
864	697
864	785
864	801
864	840
864	844
864	883
864	906
864	919
864	923
864	941
865	61
865	87
865	164
865	250
865	294
865	487
865	573
865	615
865	661
865	803
865	810
865	871
865	884
865	894
865	963
866	27
866	585
866	590
866	669
866	916
866	919
866	926
866	931
866	937
866	973
866	976
866	984
866	991
866	994
866	999
867	200
867	496
867	603
867	630
867	765
867	833
867	919
867	966
867	978
867	984
867	991
867	994
867	995
867	999
867	1000
868	48
868	552
868	623
868	828
868	843
868	928
868	929
868	934
868	937
868	948
868	951
868	973
868	995
868	999
868	1000
869	103
869	110
869	198
869	231
869	584
869	723
869	771
869	825
869	873
869	899
869	927
869	940
869	947
869	965
869	989
870	190
870	541
870	771
870	882
870	929
870	934
870	946
870	948
870	951
870	954
870	984
870	985
870	995
870	999
870	1000
871	258
871	324
871	416
871	524
871	558
871	629
871	661
871	830
871	845
871	847
871	857
871	865
871	880
871	915
871	963
871	970
872	195
872	373
872	537
872	550
872	587
872	702
872	735
872	783
872	848
872	899
872	921
872	927
872	938
872	947
872	989
872	990
873	25
873	371
873	456
873	464
873	469
873	588
873	702
873	741
873	783
873	837
873	869
873	940
873	947
873	977
873	989
873	990
874	7
874	60
874	92
874	525
874	637
874	649
874	695
874	700
874	721
874	804
874	876
874	930
874	943
874	949
874	959
874	999
875	177
875	491
875	627
875	762
875	791
875	882
875	891
875	937
875	954
875	955
875	962
875	989
875	991
875	994
875	999
875	1000
876	377
876	518
876	528
876	608
876	670
876	698
876	707
876	714
876	814
876	846
876	874
876	919
876	930
876	943
876	959
876	975
877	6
877	22
877	279
877	397
877	639
877	759
877	807
877	829
877	855
877	944
877	971
877	976
877	979
877	988
877	997
877	998
878	192
878	296
878	409
878	483
878	529
878	612
878	616
878	769
878	821
878	849
878	900
878	941
878	945
878	952
878	953
878	961
879	165
879	429
879	468
879	530
879	583
879	601
879	620
879	780
879	785
879	790
879	854
879	887
879	898
879	906
879	941
879	969
879	982
880	225
880	318
880	610
880	808
880	871
880	881
880	902
880	918
880	924
880	933
880	950
880	960
880	964
880	966
880	968
880	993
880	996
881	333
881	375
881	407
881	446
881	505
881	644
881	728
881	815
881	850
881	880
881	892
881	910
881	964
881	968
881	971
881	972
881	993
882	386
882	575
882	739
882	753
882	765
882	770
882	777
882	809
882	870
882	875
882	921
882	936
882	978
882	983
882	991
882	992
882	994
883	24
883	70
883	123
883	262
883	292
883	447
883	671
883	693
883	790
883	801
883	854
883	864
883	923
883	941
883	969
883	976
883	982
884	87
884	160
884	257
884	317
884	324
884	557
884	629
884	715
884	725
884	763
884	830
884	845
884	852
884	857
884	865
884	963
884	970
885	96
885	136
885	162
885	164
885	515
885	523
885	558
885	633
885	727
885	803
885	852
885	857
885	913
885	915
885	963
885	970
885	988
886	444
886	534
886	612
886	634
886	691
886	703
886	782
886	807
886	925
886	942
886	944
886	974
886	976
886	988
886	997
886	998
886	1000
887	131
887	311
887	354
887	590
887	655
887	739
887	832
887	879
887	912
887	920
887	954
887	978
887	983
887	984
887	985
887	995
887	1000
888	165
888	215
888	298
888	312
888	487
888	583
888	591
888	688
888	766
888	781
888	806
888	844
888	906
888	922
888	923
888	941
888	982
889	20
889	48
889	350
889	536
889	651
889	665
889	684
889	788
889	892
889	902
889	924
889	950
889	957
889	964
889	967
889	968
889	990
889	996
890	23
890	72
890	183
890	325
890	404
890	448
890	701
890	788
890	805
890	842
890	895
890	910
890	918
890	924
890	964
890	968
890	993
890	996
891	253
891	510
891	814
891	826
891	875
891	905
891	919
891	928
891	936
891	973
891	978
891	984
891	985
891	991
891	992
891	995
891	999
891	1000
892	701
892	715
892	808
892	815
892	823
892	850
892	881
892	889
892	910
892	924
892	950
892	960
892	966
892	968
892	972
892	991
892	993
892	996
893	168
893	323
893	362
893	389
893	531
893	569
893	618
893	705
893	722
893	859
893	942
893	958
893	967
893	974
893	976
893	979
893	988
893	997
894	133
894	293
894	416
894	426
894	458
894	497
894	524
894	672
894	734
894	763
894	830
894	847
894	852
894	865
894	897
894	915
894	943
894	970
894	983
895	8
895	181
895	471
895	644
895	684
895	692
895	729
895	787
895	890
895	902
895	918
895	924
895	939
895	957
895	960
895	964
895	972
895	993
895	996
896	55
896	332
896	479
896	568
896	596
896	600
896	628
896	652
896	712
896	731
896	760
896	777
896	792
896	834
896	845
896	914
896	981
896	986
896	987
897	152
897	169
897	171
897	426
897	558
897	653
897	661
897	668
897	734
897	763
897	784
897	803
897	830
897	839
897	845
897	894
897	915
897	934
897	963
898	196
898	428
898	429
898	443
898	447
898	473
898	571
898	591
898	676
898	690
898	748
898	840
898	844
898	879
898	923
898	941
898	969
898	982
898	998
899	135
899	393
899	537
899	555
899	676
899	730
899	742
899	745
899	773
899	869
899	872
899	907
899	921
899	927
899	940
899	965
899	977
899	989
899	990
900	73
900	170
900	234
900	244
900	466
900	489
900	520
900	551
900	612
900	635
900	754
900	756
900	769
900	878
900	905
900	917
900	945
900	969
900	980
901	362
901	381
901	421
901	486
901	534
901	699
901	782
901	793
901	860
901	925
901	942
901	944
901	958
901	966
901	967
901	974
901	979
901	988
901	997
901	998
902	108
902	350
902	592
902	641
902	683
902	701
902	778
902	815
902	823
902	880
902	889
902	895
902	903
902	910
902	924
902	957
902	965
902	966
902	995
902	996
903	30
903	461
903	509
903	567
903	641
903	644
903	717
903	721
903	759
903	778
903	812
903	902
903	910
903	918
903	933
903	960
903	964
903	966
903	993
903	996
904	11
904	78
904	85
904	256
904	296
904	453
904	472
904	474
904	750
904	756
904	769
904	824
904	835
904	849
904	851
904	917
904	945
904	952
904	961
904	980
905	546
905	625
905	704
905	761
905	776
905	797
905	832
905	891
905	900
905	919
905	920
905	935
905	936
905	978
905	985
905	992
905	994
905	995
905	999
905	1000
906	215
906	270
906	312
906	351
906	419
906	598
906	671
906	688
906	690
906	746
906	801
906	819
906	864
906	879
906	888
906	922
906	923
906	942
906	969
906	982
907	83
907	336
907	341
907	360
907	417
907	568
907	605
907	621
907	632
907	747
907	792
907	816
907	839
907	899
907	909
907	914
907	947
907	981
907	986
907	987
908	5
908	54
908	391
908	393
908	452
908	512
908	550
908	589
908	675
908	719
908	735
908	758
908	786
908	825
908	927
908	938
908	947
908	965
908	972
908	990
909	109
909	322
909	332
909	347
909	369
909	596
909	621
909	652
909	666
909	678
909	712
909	713
909	760
909	776
909	811
909	907
909	927
909	932
909	956
909	981
909	986
910	69
910	99
910	353
910	402
910	505
910	620
910	647
910	706
910	862
910	881
910	890
910	892
910	902
910	903
910	924
910	939
910	950
910	957
910	966
910	972
910	993
911	66
911	102
911	150
911	232
911	299
911	340
911	500
911	526
911	598
911	606
911	700
911	799
911	802
911	804
911	846
911	850
911	930
911	943
911	949
911	952
911	959
912	194
912	351
912	463
912	504
912	521
912	544
912	613
912	630
912	664
912	831
912	843
912	887
912	920
912	934
912	935
912	937
912	984
912	991
912	995
912	999
912	1000
913	120
913	282
913	283
913	381
913	513
913	523
913	653
913	725
913	727
913	734
913	784
913	845
913	847
913	852
913	857
913	885
913	915
913	955
913	963
913	970
913	999
914	209
914	363
914	450
914	515
914	574
914	605
914	628
914	632
914	667
914	712
914	724
914	731
914	777
914	802
914	816
914	839
914	896
914	907
914	932
914	986
914	987
915	81
915	91
915	134
915	515
915	524
915	543
915	558
915	615
915	668
915	715
915	725
915	727
915	857
915	871
915	885
915	894
915	897
915	913
915	970
915	993
915	996
916	44
916	348
916	364
916	546
916	582
916	654
916	733
916	736
916	740
916	856
916	866
916	926
916	935
916	936
916	937
916	955
916	978
916	985
916	994
916	999
916	1000
917	442
917	453
917	489
917	557
917	566
917	616
917	622
917	750
917	756
917	798
917	821
917	824
917	849
917	851
917	900
917	904
917	918
917	952
917	961
917	968
917	980
918	162
918	357
918	465
918	506
918	592
918	827
918	842
918	880
918	890
918	895
918	903
918	917
918	924
918	933
918	939
918	960
918	964
918	968
918	972
918	993
918	996
919	35
919	101
919	210
919	271
919	459
919	510
919	532
919	570
919	733
919	772
919	864
919	866
919	867
919	876
919	891
919	905
919	920
919	928
919	958
919	962
919	984
919	1000
920	116
920	190
920	386
920	552
920	603
920	630
920	669
920	705
920	807
920	832
920	887
920	905
920	912
920	919
920	929
920	936
920	974
920	985
920	991
920	992
920	999
920	1000
921	98
921	146
921	202
921	356
921	424
921	431
921	452
921	675
921	685
921	703
921	723
921	757
921	758
921	825
921	838
921	872
921	882
921	899
921	938
921	977
921	989
921	990
922	94
922	287
922	292
922	359
922	441
922	595
922	671
922	746
922	780
922	781
922	790
922	806
922	854
922	861
922	888
922	906
922	923
922	941
922	969
922	978
922	982
922	1000
923	262
923	319
923	359
923	430
923	443
923	530
923	688
923	780
923	781
923	806
923	844
923	854
923	864
923	883
923	888
923	898
923	906
923	922
923	929
923	955
923	969
923	979
924	383
924	536
924	657
924	684
924	778
924	812
924	880
924	889
924	890
924	892
924	895
924	902
924	910
924	918
924	933
924	939
924	957
924	966
924	972
924	989
924	993
924	996
925	119
925	316
925	362
925	394
925	486
925	631
925	680
925	689
925	829
925	860
925	886
925	901
925	956
925	958
925	967
925	971
925	974
925	976
925	978
925	988
925	997
925	998
926	303
926	386
926	549
926	575
926	625
926	648
926	733
926	772
926	832
926	866
926	916
926	928
926	935
926	954
926	955
926	976
926	983
926	984
926	992
926	994
926	995
926	1000
927	39
927	128
927	499
927	589
927	642
927	696
927	744
927	745
927	757
927	783
927	834
927	869
927	872
927	899
927	908
927	909
927	940
927	946
927	947
927	977
927	989
927	990
928	248
928	459
928	521
928	526
928	694
928	846
928	868
928	891
928	919
928	926
928	931
928	946
928	951
928	962
928	973
928	978
928	983
928	984
928	992
928	994
928	999
928	1000
929	182
929	334
929	433
929	504
929	547
929	586
929	708
929	765
929	868
929	870
929	920
929	923
929	931
929	978
929	981
929	983
929	984
929	992
929	994
929	995
929	999
929	1000
930	92
930	232
930	330
930	384
930	470
930	528
930	600
930	602
930	608
930	662
930	698
930	732
930	794
930	814
930	863
930	874
930	876
930	911
930	943
930	951
930	959
930	975
931	468
931	549
931	575
931	586
931	704
931	720
931	761
931	772
931	797
931	828
931	843
931	856
931	866
931	928
931	929
931	948
931	951
931	973
931	980
931	984
931	985
931	991
931	1000
932	84
932	109
932	153
932	175
932	336
932	341
932	347
932	360
932	413
932	579
932	596
932	600
932	632
932	654
932	686
932	747
932	776
932	792
932	909
932	914
932	986
932	987
932	992
933	189
933	247
933	252
933	289
933	454
933	462
933	506
933	567
933	681
933	768
933	805
933	827
933	842
933	880
933	903
933	918
933	924
933	950
933	960
933	964
933	966
933	968
933	972
933	993
934	105
934	311
934	692
934	739
934	752
934	778
934	855
934	868
934	870
934	897
934	912
934	935
934	937
934	948
934	951
934	955
934	978
934	983
934	985
934	992
934	994
934	995
934	999
934	1000
935	23
935	313
935	344
935	411
935	533
935	547
935	731
935	773
935	809
935	905
935	912
935	916
935	926
935	934
935	937
935	950
935	954
935	955
935	962
935	978
935	983
935	984
935	992
935	995
936	123
936	158
936	193
936	331
936	339
936	410
936	565
936	744
936	762
936	882
936	891
936	905
936	916
936	920
936	937
936	948
936	951
936	955
936	983
936	984
936	985
936	992
936	994
936	999
936	1000
937	54
937	223
937	339
937	365
937	423
937	434
937	490
937	716
937	843
937	866
937	868
937	875
937	912
937	916
937	934
937	935
937	936
937	948
937	962
937	966
937	991
937	992
937	994
937	999
937	1000
938	371
938	445
938	456
938	469
938	519
938	537
938	638
938	696
938	723
938	741
938	742
938	757
938	834
938	857
938	872
938	908
938	921
938	940
938	947
938	965
938	973
938	977
938	987
938	989
938	990
939	69
939	371
939	407
939	446
939	564
939	567
939	627
939	641
939	651
939	681
939	729
939	759
939	808
939	812
939	827
939	842
939	850
939	895
939	910
939	918
939	924
939	968
939	979
939	993
939	996
940	188
940	231
940	391
940	422
940	499
940	537
940	563
940	588
940	645
940	665
940	696
940	745
940	757
940	837
940	838
940	869
940	873
940	899
940	927
940	938
940	947
940	965
940	973
940	977
940	989
940	995
941	148
941	275
941	281
941	298
941	308
941	403
941	430
941	595
941	674
941	690
941	746
941	795
941	801
941	819
941	840
941	864
941	878
941	879
941	883
941	888
941	898
941	922
941	955
941	969
941	982
941	984
942	37
942	172
942	481
942	559
942	639
942	660
942	677
942	709
942	793
942	796
942	817
942	829
942	840
942	855
942	860
942	886
942	893
942	901
942	906
942	944
942	971
942	974
942	976
942	979
942	988
942	997
943	36
943	60
943	65
943	85
943	288
943	330
943	470
943	473
943	518
943	540
943	602
943	646
943	648
943	707
943	766
943	799
943	813
943	863
943	874
943	876
943	894
943	911
943	930
943	944
943	949
943	959
944	338
944	397
944	408
944	415
944	418
944	523
944	561
944	743
944	807
944	848
944	853
944	855
944	859
944	877
944	886
944	901
944	942
944	943
944	958
944	967
944	971
944	974
944	979
944	988
944	997
944	998
945	11
945	104
945	145
945	191
945	442
945	520
945	566
945	594
945	679
945	716
945	750
945	751
945	754
945	756
945	769
945	770
945	775
945	835
945	851
945	878
945	900
945	904
945	952
945	953
945	961
945	980
946	46
946	80
946	84
946	318
946	354
946	433
946	625
946	705
946	708
946	752
946	765
946	809
946	856
946	870
946	927
946	928
946	954
946	955
946	962
946	983
946	985
946	991
946	992
946	994
946	995
946	999
946	1000
947	90
947	98
947	206
947	221
947	482
947	501
947	519
947	548
947	550
947	597
947	640
947	676
947	696
947	744
947	771
947	783
947	869
947	872
947	873
947	907
947	908
947	927
947	938
947	940
947	965
947	989
947	990
948	101
948	174
948	320
948	323
948	496
948	585
948	603
948	682
948	710
948	753
948	826
948	868
948	870
948	931
948	934
948	936
948	937
948	973
948	978
948	983
948	984
948	990
948	992
948	994
948	995
948	999
948	1000
949	17
949	71
949	184
949	301
949	405
949	467
949	577
949	598
949	606
949	649
949	662
949	700
949	766
949	794
949	799
949	802
949	811
949	813
949	814
949	846
949	863
949	874
949	911
949	943
949	975
949	984
949	992
950	8
950	47
950	124
950	220
950	355
950	357
950	404
950	412
950	505
950	564
950	665
950	717
950	729
950	755
950	805
950	880
950	889
950	892
950	910
950	933
950	935
950	957
950	964
950	966
950	968
950	972
950	985
950	993
951	30
951	223
951	395
951	449
951	491
951	506
951	663
951	682
951	683
951	753
951	770
951	779
951	868
951	870
951	928
951	930
951	931
951	934
951	936
951	955
951	983
951	984
951	985
951	991
951	992
951	994
951	999
951	1000
952	11
952	145
952	204
952	243
952	256
952	314
952	414
952	466
952	489
952	594
952	612
952	679
952	716
952	751
952	756
952	769
952	798
952	821
952	824
952	849
952	878
952	904
952	911
952	917
952	945
952	953
952	961
952	980
953	31
953	53
953	93
953	179
953	192
953	271
953	314
953	396
953	483
953	492
953	529
953	553
953	572
953	594
953	599
953	679
953	716
953	750
953	751
953	767
953	798
953	851
953	878
953	945
953	952
953	961
953	980
953	983
954	74
954	198
954	276
954	372
954	385
954	480
954	606
954	704
954	774
954	791
954	828
954	831
954	843
954	870
954	875
954	887
954	926
954	935
954	946
954	955
954	960
954	973
954	978
954	983
954	985
954	990
954	992
954	994
954	1000
955	34
955	106
955	228
955	303
955	607
955	704
955	720
955	761
955	779
955	875
955	913
955	916
955	923
955	926
955	934
955	935
955	936
955	941
955	946
955	951
955	954
955	962
955	973
955	978
955	983
955	984
955	991
955	994
955	995
955	999
956	119
956	131
956	200
956	338
956	399
956	435
956	478
956	486
956	508
956	569
956	622
956	624
956	659
956	709
956	711
956	793
956	796
956	829
956	853
956	855
956	859
956	909
956	925
956	958
956	971
956	974
956	976
956	979
956	988
956	993
956	998
957	16
957	50
957	86
957	328
957	461
957	471
957	496
957	509
957	539
957	592
957	593
957	619
957	626
957	665
957	684
957	759
957	812
957	823
957	889
957	895
957	902
957	910
957	924
957	950
957	960
957	964
957	968
957	972
957	975
957	993
957	996
958	15
958	264
958	277
958	278
958	387
958	478
958	481
958	497
958	514
958	580
958	639
958	691
958	709
958	782
958	807
958	829
958	853
958	893
958	901
958	919
958	925
958	944
958	956
958	962
958	967
958	971
958	976
958	979
958	988
958	997
958	998
959	7
959	17
959	36
959	38
959	301
959	430
959	467
959	470
959	518
959	528
959	535
959	573
959	577
959	604
959	606
959	637
959	649
959	673
959	698
959	721
959	732
959	798
959	810
959	813
959	841
959	846
959	874
959	876
959	911
959	930
959	943
959	975
960	107
960	122
960	173
960	189
960	315
960	327
960	333
960	350
960	361
960	406
960	511
960	701
960	728
960	737
960	753
960	800
960	805
960	823
960	842
960	862
960	880
960	892
960	895
960	903
960	918
960	933
960	954
960	957
960	963
960	966
960	993
960	996
961	1
961	53
961	93
961	121
961	192
961	204
961	218
961	284
961	453
961	529
961	551
961	553
961	594
961	599
961	612
961	750
961	751
961	754
961	767
961	824
961	835
961	836
961	849
961	851
961	878
961	904
961	917
961	945
961	952
961	953
961	963
961	980
961	985
962	42
962	74
962	130
962	303
962	423
962	541
962	694
962	700
962	739
962	750
962	772
962	779
962	809
962	828
962	832
962	875
962	919
962	928
962	935
962	937
962	946
962	955
962	958
962	973
962	978
962	983
962	984
962	985
962	992
962	994
962	995
962	999
962	1000
963	120
963	152
963	243
963	251
963	282
963	321
963	427
963	458
963	497
963	513
963	515
963	524
963	543
963	558
963	573
963	653
963	668
963	720
963	784
963	803
963	830
963	845
963	847
963	852
963	857
963	865
963	871
963	884
963	885
963	897
963	913
963	960
963	961
963	970
964	16
964	20
964	58
964	297
964	318
964	407
964	440
964	475
964	578
964	592
964	627
964	647
964	728
964	755
964	778
964	800
964	808
964	822
964	823
964	832
964	880
964	881
964	889
964	890
964	895
964	903
964	918
964	933
964	950
964	957
964	966
964	993
964	994
964	996
965	79
965	117
965	125
965	127
965	206
965	221
965	388
965	400
965	436
965	445
965	509
965	516
965	519
965	545
965	548
965	584
965	588
965	589
965	609
965	676
965	738
965	758
965	771
965	783
965	838
965	869
965	899
965	902
965	908
965	938
965	940
965	947
965	977
965	989
965	990
966	107
966	157
966	167
966	269
966	350
966	355
966	392
966	454
966	542
966	564
966	578
966	665
966	755
966	787
966	812
966	815
966	827
966	842
966	847
966	867
966	880
966	892
966	901
966	902
966	903
966	910
966	924
966	933
966	937
966	950
966	960
966	964
966	972
966	993
966	996
967	15
967	40
967	126
967	159
967	229
967	343
967	398
967	435
967	514
967	559
967	622
967	634
967	660
967	689
967	703
967	717
967	829
967	853
967	855
967	858
967	859
967	889
967	893
967	901
967	925
967	944
967	958
967	971
967	974
967	976
967	979
967	988
967	989
967	997
967	998
968	28
968	157
968	201
968	261
968	263
968	333
968	348
968	440
968	465
968	507
968	536
968	610
968	619
968	627
968	657
968	665
968	683
968	755
968	787
968	800
968	842
968	880
968	881
968	889
968	890
968	892
968	917
968	918
968	933
968	939
968	950
968	957
968	972
968	981
968	993
969	12
969	25
969	41
969	180
969	216
969	238
969	285
969	308
969	351
969	380
969	429
969	430
969	532
969	571
969	583
969	617
969	620
969	674
969	687
969	690
969	697
969	775
969	780
969	785
969	790
969	795
969	803
969	819
969	840
969	844
969	879
969	883
969	898
969	900
969	906
969	922
969	923
969	941
969	982
970	61
970	87
970	133
970	134
970	138
970	162
970	164
970	166
970	171
970	211
970	250
970	251
970	258
970	324
970	400
970	401
970	427
970	487
970	515
970	615
970	629
970	633
970	661
970	672
970	715
970	734
970	774
970	784
970	827
970	845
970	847
970	857
970	871
970	884
970	885
970	894
970	913
970	915
970	963
971	52
971	115
971	265
971	294
971	306
971	338
971	343
971	349
971	378
971	435
971	486
971	508
971	514
971	559
971	634
971	691
971	706
971	726
971	749
971	796
971	817
971	831
971	858
971	859
971	877
971	881
971	925
971	942
971	944
971	956
971	958
971	967
971	974
971	976
971	979
971	984
971	988
971	997
971	998
972	47
972	97
972	99
972	186
972	269
972	315
972	316
972	342
972	357
972	367
972	392
972	440
972	475
972	502
972	542
972	651
972	681
972	684
972	728
972	729
972	755
972	778
972	787
972	812
972	850
972	862
972	881
972	892
972	895
972	908
972	910
972	918
972	924
972	933
972	950
972	957
972	966
972	968
972	991
972	996
973	156
973	174
973	176
973	210
973	300
973	331
973	425
973	488
973	560
973	585
973	626
973	692
973	720
973	761
973	765
973	768
973	785
973	797
973	829
973	831
973	833
973	866
973	868
973	891
973	928
973	931
973	938
973	940
973	948
973	954
973	955
973	962
973	978
973	983
973	984
973	991
973	992
973	994
973	995
973	999
973	1000
974	9
974	37
974	52
974	78
974	111
974	141
974	233
974	307
974	326
974	379
974	408
974	415
974	522
974	534
974	561
974	597
974	630
974	638
974	677
974	709
974	722
974	743
974	749
974	796
974	817
974	848
974	853
974	858
974	886
974	893
974	901
974	920
974	925
974	942
974	944
974	956
974	967
974	971
974	988
974	997
974	998
974	1000
975	4
975	17
975	66
975	92
975	154
975	254
975	258
975	329
975	370
975	405
975	438
975	460
975	498
975	518
975	525
975	602
975	606
975	637
975	646
975	662
975	670
975	673
975	695
975	698
975	707
975	721
975	732
975	764
975	766
975	786
975	810
975	814
975	820
975	822
975	846
975	863
975	876
975	930
975	949
975	957
975	959
975	997
976	10
976	89
976	131
976	233
976	245
976	264
976	302
976	304
976	415
976	522
976	580
976	624
976	680
976	691
976	706
976	743
976	749
976	790
976	793
976	796
976	817
976	829
976	848
976	853
976	855
976	858
976	866
976	877
976	883
976	886
976	893
976	925
976	926
976	942
976	956
976	958
976	967
976	971
976	979
976	988
976	997
976	998
977	19
977	76
977	110
977	128
977	178
977	221
977	240
977	255
977	275
977	337
977	391
977	420
977	436
977	445
977	464
977	469
977	499
977	516
977	537
977	582
977	675
977	696
977	730
977	735
977	744
977	745
977	746
977	757
977	769
977	783
977	786
977	825
977	838
977	873
977	899
977	921
977	927
977	938
977	940
977	965
977	989
977	990
977	991
978	27
978	42
978	75
978	334
978	459
978	480
978	490
978	504
978	546
978	547
978	664
978	708
978	733
978	736
978	752
978	789
978	831
978	852
978	867
978	882
978	887
978	891
978	905
978	916
978	922
978	925
978	928
978	929
978	934
978	935
978	948
978	954
978	955
978	962
978	973
978	983
978	984
978	985
978	991
978	992
978	994
978	995
978	997
978	999
979	32
979	37
979	89
979	159
979	166
979	277
979	278
979	279
979	338
979	389
979	408
979	476
979	481
979	514
979	569
979	597
979	624
979	659
979	680
979	706
979	722
979	782
979	793
979	796
979	817
979	848
979	855
979	859
979	860
979	877
979	893
979	901
979	923
979	939
979	942
979	944
979	956
979	958
979	967
979	971
979	976
979	988
979	997
979	998
979	1000
980	79
980	82
980	121
980	170
980	191
980	218
980	246
980	290
980	309
980	383
980	414
980	453
980	466
980	472
980	492
980	520
980	529
980	553
980	566
980	572
980	594
980	599
980	614
980	616
980	635
980	653
980	658
980	679
980	682
980	750
980	751
980	754
980	767
980	769
980	821
980	824
980	851
980	900
980	904
980	917
980	931
980	945
980	952
980	953
980	961
980	983
981	18
981	33
981	55
981	83
981	129
981	153
981	159
981	209
981	226
981	310
981	332
981	336
981	341
981	360
981	376
981	417
981	574
981	579
981	605
981	611
981	628
981	666
981	667
981	678
981	686
981	712
981	713
981	724
981	731
981	732
981	747
981	760
981	776
981	777
981	791
981	792
981	811
981	816
981	839
981	896
981	907
981	909
981	929
981	968
981	986
981	987
982	12
982	14
982	24
982	41
982	132
982	144
982	208
982	215
982	225
982	238
982	285
982	292
982	312
982	351
982	390
982	419
982	441
982	447
982	473
982	485
982	505
982	576
982	595
982	601
982	674
982	688
982	693
982	697
982	739
982	748
982	775
982	780
982	781
982	819
982	844
982	854
982	855
982	861
982	879
982	883
982	888
982	898
982	906
982	922
982	941
982	969
982	988
982	995
983	46
983	116
983	174
983	182
983	236
983	276
983	280
983	409
983	434
983	455
983	480
983	503
983	541
983	552
983	624
983	643
983	740
983	752
983	762
983	789
983	831
983	832
983	843
983	856
983	882
983	887
983	894
983	926
983	928
983	929
983	934
983	935
983	936
983	946
983	948
983	951
983	953
983	954
983	955
983	962
983	973
983	978
983	980
983	991
983	992
983	995
983	997
983	999
983	1000
984	106
984	130
984	137
984	217
984	345
984	385
984	411
984	463
984	488
984	562
984	585
984	590
984	736
984	781
984	789
984	806
984	826
984	831
984	832
984	836
984	843
984	866
984	867
984	870
984	887
984	891
984	912
984	919
984	926
984	928
984	929
984	931
984	935
984	936
984	941
984	948
984	949
984	951
984	955
984	962
984	971
984	973
984	978
984	985
984	991
984	992
984	994
984	995
984	999
985	57
985	75
985	207
985	230
985	313
985	317
985	365
985	425
985	455
985	488
985	503
985	510
985	541
985	562
985	607
985	613
985	664
985	720
985	730
985	768
985	770
985	774
985	809
985	826
985	836
985	856
985	870
985	887
985	891
985	905
985	916
985	920
985	931
985	934
985	936
985	946
985	950
985	951
985	954
985	961
985	962
985	978
985	984
985	992
985	994
985	995
985	998
985	999
985	1000
986	21
986	67
986	83
986	129
986	161
986	175
986	226
986	237
986	259
986	322
986	332
986	336
986	341
986	347
986	369
986	384
986	413
986	417
986	479
986	484
986	568
986	574
986	579
986	596
986	621
986	628
986	632
986	652
986	654
986	666
986	667
986	678
986	712
986	724
986	747
986	760
986	763
986	764
986	776
986	792
986	811
986	839
986	896
986	907
986	909
986	914
986	932
986	981
986	987
986	990
986	993
987	18
987	26
987	43
987	49
987	129
987	161
987	186
987	203
987	249
987	310
987	322
987	335
987	347
987	363
987	369
987	376
987	399
987	413
987	450
987	484
987	574
987	579
987	600
987	632
987	652
987	654
987	666
987	667
987	678
987	686
987	712
987	713
987	724
987	731
987	747
987	760
987	776
987	777
987	792
987	793
987	816
987	839
987	896
987	907
987	914
987	932
987	938
987	981
987	986
987	989
987	996
988	89
988	168
988	172
988	291
988	302
988	326
988	379
988	387
988	402
988	444
988	476
988	522
988	534
988	556
988	561
988	618
988	631
988	635
988	660
988	677
988	680
988	689
988	691
988	709
988	711
988	726
988	743
988	782
988	793
988	836
988	848
988	853
988	855
988	858
988	859
988	860
988	877
988	885
988	886
988	893
988	901
988	925
988	942
988	944
988	956
988	958
988	967
988	971
988	974
988	976
988	979
988	982
988	997
989	39
989	54
989	59
989	90
989	103
989	127
989	143
989	151
989	255
989	286
989	352
989	366
989	382
989	400
989	424
989	436
989	445
989	482
989	516
989	517
989	533
989	548
989	584
989	638
989	642
989	645
989	675
989	685
989	702
989	711
989	723
989	738
989	744
989	757
989	786
989	825
989	834
989	837
989	869
989	872
989	873
989	875
989	899
989	921
989	924
989	927
989	938
989	940
989	947
989	965
989	967
989	977
989	987
989	990
990	5
990	6
990	19
990	39
990	64
990	103
990	113
990	128
990	143
990	188
990	195
990	201
990	213
990	253
990	366
990	382
990	396
990	400
990	422
990	452
990	456
990	495
990	501
990	517
990	555
990	563
990	587
990	588
990	589
990	609
990	638
990	640
990	676
990	685
990	735
990	741
990	745
990	771
990	786
990	825
990	834
990	837
990	838
990	872
990	873
990	889
990	899
990	908
990	921
990	927
990	938
990	947
990	948
990	954
990	965
990	977
990	986
990	989
990	996
990	1000
991	3
991	42
991	56
991	80
991	84
991	177
991	190
991	210
991	239
991	248
991	280
991	385
991	449
991	502
991	503
991	531
991	547
991	565
991	607
991	643
991	645
991	655
991	663
991	664
991	682
991	710
991	736
991	752
991	753
991	765
991	768
991	773
991	791
991	809
991	818
991	828
991	836
991	866
991	867
991	875
991	882
991	891
991	892
991	912
991	920
991	931
991	937
991	946
991	951
991	955
991	972
991	973
991	977
991	978
991	983
991	984
991	992
991	994
991	995
991	999
991	1000
992	45
992	112
992	140
992	189
992	228
992	235
992	236
992	248
992	320
992	331
992	346
992	374
992	395
992	410
992	415
992	418
992	423
992	425
992	432
992	504
992	532
992	562
992	565
992	590
992	603
992	607
992	623
992	626
992	720
992	736
992	740
992	762
992	773
992	789
992	797
992	831
992	832
992	835
992	836
992	863
992	882
992	891
992	905
992	920
992	926
992	928
992	929
992	932
992	934
992	935
992	936
992	937
992	946
992	948
992	949
992	951
992	954
992	962
992	973
992	978
992	983
992	984
992	985
992	991
992	994
992	995
992	999
992	1000
993	8
993	86
993	142
993	160
993	163
993	167
993	169
993	181
993	252
993	261
993	263
993	269
993	273
993	289
993	297
993	315
993	327
993	328
993	334
993	348
993	353
993	361
993	367
993	402
993	406
993	425
993	437
993	454
993	461
993	465
993	511
993	539
993	578
993	610
993	627
993	641
993	650
993	651
993	656
993	683
993	684
993	717
993	778
993	800
993	805
993	808
993	812
993	815
993	823
993	827
993	842
993	850
993	862
993	880
993	881
993	890
993	892
993	895
993	903
993	910
993	915
993	918
993	924
993	933
993	939
993	950
993	956
993	957
993	960
993	964
993	966
993	968
993	986
993	996
993	999
994	124
994	130
994	147
994	198
994	206
994	230
994	239
994	313
994	345
994	364
994	365
994	374
994	410
994	433
994	434
994	449
994	463
994	488
994	504
994	538
994	565
994	570
994	582
994	623
994	643
994	655
994	663
994	675
994	680
994	682
994	694
994	705
994	753
994	761
994	762
994	768
994	770
994	772
994	773
994	789
994	801
994	822
994	826
994	828
994	833
994	843
994	858
994	866
994	867
994	875
994	882
994	905
994	916
994	926
994	928
994	929
994	934
994	936
994	937
994	946
994	948
994	951
994	954
994	955
994	962
994	964
994	973
994	978
994	984
994	985
994	991
994	992
994	995
994	999
994	1000
995	3
995	27
995	30
995	34
995	35
995	105
995	106
995	156
995	158
995	176
995	199
995	224
995	299
995	300
995	339
995	364
995	372
995	374
995	395
995	409
995	411
995	432
995	433
995	434
995	489
995	493
995	496
995	503
995	562
995	570
995	582
995	623
995	625
995	630
995	682
995	685
995	708
995	710
995	733
995	739
995	740
995	761
995	768
995	770
995	772
995	774
995	779
995	789
995	791
995	813
995	826
995	828
995	843
995	856
995	867
995	868
995	870
995	887
995	891
995	902
995	905
995	912
995	926
995	929
995	934
995	935
995	940
995	946
995	948
995	955
995	962
995	973
995	978
995	982
995	983
995	984
995	985
995	991
995	992
995	994
995	998
995	999
995	1000
996	28
996	50
996	63
996	86
996	95
996	97
996	99
996	108
996	122
996	147
996	155
996	261
996	263
996	289
996	315
996	316
996	318
996	325
996	327
996	342
996	353
996	357
996	392
996	402
996	406
996	407
996	412
996	437
996	446
996	457
996	461
996	462
996	464
996	506
996	507
996	509
996	536
996	542
996	592
996	610
996	619
996	641
996	644
996	647
996	650
996	657
996	665
996	681
996	717
996	729
996	737
996	755
996	759
996	778
996	788
996	797
996	800
996	805
996	808
996	812
996	815
996	827
996	842
996	850
996	862
996	880
996	889
996	890
996	892
996	895
996	902
996	903
996	915
996	918
996	924
996	939
996	957
996	960
996	964
996	966
996	972
996	987
996	990
996	993
996	998
997	2
997	22
997	32
997	40
997	59
997	68
997	111
997	115
997	126
997	141
997	155
997	168
997	205
997	265
997	279
997	302
997	306
997	323
997	326
997	343
997	349
997	368
997	378
997	379
997	387
997	389
997	393
997	394
997	397
997	398
997	421
997	444
997	476
997	478
997	508
997	520
997	522
997	531
997	556
997	561
997	580
997	622
997	624
997	634
997	659
997	660
997	677
997	680
997	689
997	691
997	699
997	703
997	706
997	711
997	722
997	749
997	782
997	793
997	796
997	807
997	817
997	829
997	848
997	851
997	858
997	859
997	860
997	877
997	886
997	893
997	901
997	925
997	942
997	944
997	958
997	967
997	971
997	974
997	975
997	976
997	978
997	979
997	983
997	988
997	998
997	999
998	2
998	9
998	10
998	15
998	52
998	68
998	78
998	119
998	126
998	205
998	247
998	278
998	291
998	304
998	307
998	326
998	343
998	358
998	368
998	378
998	379
998	387
998	389
998	394
998	398
998	399
998	408
998	416
998	418
998	421
998	451
998	476
998	481
998	486
998	522
998	531
998	540
998	561
998	569
998	570
998	580
998	597
998	610
998	618
998	622
998	624
998	631
998	634
998	639
998	659
998	677
998	680
998	689
998	691
998	693
998	699
998	706
998	711
998	726
998	782
998	793
998	796
998	817
998	829
998	848
998	853
998	855
998	858
998	859
998	860
998	877
998	886
998	898
998	901
998	925
998	944
998	956
998	958
998	967
998	971
998	974
998	976
998	979
998	985
998	995
998	996
998	997
999	51
999	57
999	74
999	112
999	116
999	182
999	207
999	235
999	236
999	242
999	276
999	320
999	334
999	346
999	374
999	388
999	455
999	488
999	496
999	510
999	521
999	532
999	533
999	538
999	541
999	552
999	560
999	562
999	582
999	589
999	630
999	643
999	655
999	664
999	669
999	682
999	692
999	694
999	753
999	761
999	762
999	770
999	772
999	773
999	774
999	780
999	787
999	789
999	791
999	797
999	807
999	828
999	831
999	833
999	836
999	856
999	866
999	867
999	868
999	870
999	874
999	875
999	891
999	905
999	912
999	913
999	916
999	920
999	928
999	929
999	934
999	936
999	937
999	946
999	948
999	951
999	955
999	962
999	973
999	978
999	983
999	984
999	985
999	991
999	992
999	993
999	994
999	995
999	997
999	1000
1000	3
1000	44
1000	80
1000	147
1000	200
1000	207
1000	228
1000	242
1000	300
1000	313
1000	331
1000	344
1000	345
1000	346
1000	354
1000	358
1000	364
1000	365
1000	372
1000	409
1000	410
1000	423
1000	432
1000	493
1000	502
1000	533
1000	538
1000	544
1000	552
1000	560
1000	575
1000	582
1000	586
1000	613
1000	623
1000	625
1000	661
1000	663
1000	669
1000	674
1000	692
1000	694
1000	704
1000	705
1000	708
1000	739
1000	740
1000	758
1000	768
1000	774
1000	779
1000	789
1000	791
1000	828
1000	832
1000	836
1000	844
1000	867
1000	868
1000	870
1000	875
1000	886
1000	887
1000	891
1000	905
1000	912
1000	916
1000	919
1000	920
1000	922
1000	926
1000	928
1000	929
1000	931
1000	934
1000	936
1000	937
1000	946
1000	948
1000	951
1000	954
1000	962
1000	973
1000	974
1000	979
1000	983
1000	985
1000	990
1000	991
1000	992
1000	994
1000	995
1000	999
