1	835
1	880
1	996
2	928
2	939
2	973
3	773
3	986
3	995
4	563
4	775
4	862
5	276
5	829
5	882
6	589
6	926
6	979
7	628
7	944
7	967
8	252
8	601
8	948
9	953
9	970
9	978
10	947
10	960
10	982
11	860
11	938
11	995
12	133
12	741
12	964
13	958
13	995
13	999
14	621
14	707
14	987
15	285
15	976
15	985
16	920
16	978
16	981
17	57
17	739
17	997
18	515
18	934
18	975
19	678
19	850
19	954
20	746
20	828
20	994
21	822
21	970
21	972
22	249
22	979
22	989
23	932
23	960
23	982
24	929
24	976
24	986
25	995
25	999
25	1000
26	217
26	841
26	990
27	826
27	893
27	979
28	852
28	946
28	992
29	219
29	789
29	875
30	656
30	792
30	924
31	918
31	979
31	985
32	444
32	622
32	768
33	994
33	997
33	998
34	756
34	970
34	972
35	682
35	837
35	975
36	423
36	987
36	991
37	955
37	984
37	993
38	241
38	675
38	757
39	927
39	933
39	996
40	506
40	968
40	974
41	558
41	721
41	993
42	815
42	921
42	943
43	633
43	979
43	992
44	832
44	965
44	1000
45	93
45	470
45	977
46	914
46	966
46	990
47	691
47	950
47	996
48	188
48	977
48	980
49	799
49	903
49	979
50	169
50	756
50	972
51	953
51	978
51	981
52	749
52	932
52	982
53	118
53	658
53	991
54	945
54	970
54	982
55	325
55	544
55	987
56	938
56	995
56	1000
57	17
57	984
57	1000
58	994
58	997
58	998
59	208
59	993
59	1000
60	385
60	795
60	801
61	914
61	947
61	981
62	393
62	987
62	991
63	320
63	851
63	986
64	187
64	732
64	972
65	885
65	962
65	998
66	990
66	999
66	1000
67	993
67	999
67	1000
68	916
68	950
68	973
69	549
69	576
69	907
70	804
70	916
70	934
71	630
71	936
71	982
72	415
72	979
72	989
73	862
73	999
73	1000
74	678
74	954
74	964
75	859
75	985
75	986
76	924
76	966
76	990
77	289
77	725
77	956
78	673
78	982
78	994
79	965
79	983
79	999
80	315
80	946
80	991
81	571
81	906
81	911
82	93
82	966
82	981
83	488
83	964
83	991
84	937
84	982
84	997
85	657
85	963
85	989
86	983
86	986
86	999
87	89
87	841
87	944
88	859
88	985
88	986
89	87
89	980
89	981
90	323
90	465
90	981
91	181
91	730
91	990
92	878
92	920
92	953
93	45
93	82
93	411
94	923
94	961
94	994
95	994
95	997
95	998
96	814
96	950
96	998
97	890
97	989
97	992
98	530
98	915
98	966
99	541
99	701
99	991
100	929
100	943
100	985
101	994
101	997
101	998
102	892
102	911
102	987
103	987
103	991
103	993
104	951
104	997
104	998
105	983
105	999
105	1000
106	150
106	978
106	990
107	837
107	927
107	996
108	900
108	976
108	986
109	761
109	969
109	972
110	909
110	918
110	968
111	650
111	829
111	882
112	624
112	966
112	980
113	957
113	997
113	998
114	935
114	947
114	982
115	159
115	848
115	996
116	920
116	924
116	981
117	307
117	883
117	909
118	53
118	594
118	868
119	277
119	968
119	974
120	937
120	947
120	982
121	946
121	978
121	992
122	450
122	725
122	928
123	622
123	635
123	996
124	570
124	938
124	983
125	155
125	971
125	997
126	941
126	995
126	999
127	418
127	971
127	985
128	884
128	918
128	968
129	701
129	906
129	991
130	612
130	956
130	993
131	993
131	995
131	999
132	334
132	959
132	996
133	12
133	748
133	970
134	963
134	989
134	992
135	282
135	991
135	1000
136	882
136	916
136	973
137	629
137	739
137	1000
138	855
138	944
138	978
139	153
139	655
139	991
140	957
140	994
140	997
141	456
141	802
141	969
142	356
142	965
142	993
143	806
143	909
143	977
144	850
144	907
144	964
145	609
145	989
145	992
146	848
146	934
146	956
147	289
147	569
147	988
148	846
148	936
148	977
149	718
149	969
149	970
150	106
150	944
150	978
151	287
151	987
151	991
152	966
152	972
152	980
153	139
153	186
153	751
154	733
154	849
154	873
155	125
155	743
155	981
156	891
156	934
156	988
157	431
157	576
157	822
158	790
158	994
158	998
159	115
159	702
159	996
160	974
160	989
160	992
161	801
161	988
161	996
162	399
162	436
162	679
163	993
163	999
163	1000
164	683
164	860
164	976
165	824
165	959
165	996
166	749
166	935
166	960
167	940
167	983
167	1000
168	824
168	835
168	996
169	50
169	952
169	991
170	765
170	772
170	882
171	930
171	963
171	989
172	823
172	853
172	922
173	889
173	967
173	990
174	804
174	837
174	988
175	832
175	995
175	999
176	867
176	953
176	967
177	854
177	949
177	957
178	854
178	876
178	998
179	412
179	892
179	964
180	935
180	960
180	982
181	91
181	889
181	915
182	974
182	979
182	989
183	543
183	757
183	979
184	619
184	783
184	905
185	615
185	647
185	735
186	153
186	435
186	881
187	64
187	653
187	972
188	48
188	263
188	743
189	971
189	994
189	998
190	825
190	994
190	998
191	661
191	949
191	998
192	465
192	738
192	978
193	615
193	943
193	986
194	491
194	914
194	983
195	314
195	558
195	725
196	567
196	974
196	992
197	492
197	907
197	954
198	335
198	668
198	873
199	861
199	964
199	991
200	781
200	970
200	972
201	659
201	677
201	986
202	307
202	743
202	975
203	775
203	967
203	980
204	235
204	926
204	989
205	495
205	695
205	981
206	905
206	967
206	990
207	958
207	995
207	999
208	59
208	758
208	995
209	931
209	976
209	986
210	873
210	958
210	996
211	217
211	924
211	990
212	971
212	997
212	998
213	818
213	917
213	986
214	533
214	969
214	972
215	824
215	918
215	992
216	219
216	927
216	996
217	26
217	211
217	905
218	448
218	640
218	987
219	29
219	216
219	674
220	766
220	983
220	995
221	802
221	969
221	992
222	993
222	999
222	1000
223	722
223	903
223	982
224	811
224	961
224	998
225	741
225	875
225	952
226	251
226	831
226	833
227	973
227	975
227	988
228	733
228	956
228	985
229	750
229	958
229	984
230	544
230	663
230	987
231	803
231	933
231	988
232	507
232	650
232	933
233	276
233	916
233	973
234	883
234	905
234	999
235	204
235	368
235	946
236	947
236	960
236	982
237	454
237	942
237	993
238	759
238	780
238	974
239	451
239	550
239	702
240	882
240	898
240	988
241	38
241	294
241	631
242	802
242	840
242	972
243	541
243	571
243	912
244	697
244	969
244	970
245	936
245	960
245	982
246	882
246	971
246	997
247	672
247	969
247	970
248	349
248	744
248	863
249	22
249	767
249	963
250	845
250	976
250	985
251	226
251	871
251	987
252	8
252	920
252	953
253	632
253	944
253	977
254	585
254	817
254	952
255	958
255	993
255	1000
256	345
256	891
256	984
257	867
257	966
257	990
258	976
258	985
258	986
259	453
259	513
259	926
260	828
260	994
260	998
261	412
261	747
261	856
262	707
262	871
262	991
263	188
263	878
263	966
264	840
264	969
264	970
265	549
265	956
265	989
266	849
266	939
266	988
267	363
267	867
267	897
268	835
268	889
268	950
269	656
269	698
269	980
270	983
270	999
270	1000
271	984
271	995
271	1000
272	772
272	963
272	968
273	932
273	936
273	982
274	652
274	790
274	939
275	761
275	866
275	970
276	5
276	233
276	996
277	119
277	817
277	903
277	992
278	917
278	976
278	985
278	986
279	470
279	664
279	915
279	948
280	640
280	703
280	952
280	991
281	783
281	924
281	966
281	981
282	135
282	358
282	871
282	964
283	376
283	633
283	764
283	989
284	852
284	895
284	986
284	992
285	15
285	948
285	967
285	978
286	460
286	929
286	976
286	985
287	151
287	907
287	964
287	987
288	322
288	572
288	668
288	996
289	77
289	147
289	869
289	994
290	919
290	983
290	984
290	993
291	867
291	980
291	983
291	990
292	896
292	937
292	947
292	982
293	414
293	938
293	999
293	1000
294	241
294	881
294	963
294	989
295	778
295	959
295	973
295	988
296	335
296	439
296	959
296	975
297	462
297	778
297	794
297	978
298	624
298	709
298	967
298	990
299	935
299	937
299	947
299	982
300	776
300	779
300	789
300	991
301	813
301	908
301	978
301	990
302	668
302	975
302	988
302	1000
303	943
303	976
303	985
303	986
304	884
304	909
304	974
304	992
305	962
305	994
305	995
305	997
306	857
306	940
306	995
306	999
307	117
307	202
307	456
307	980
308	356
308	789
308	952
308	991
309	516
309	971
309	997
309	998
310	885
310	957
310	997
310	998
311	779
311	961
311	978
311	997
312	578
312	971
312	997
312	998
313	962
313	994
313	997
313	998
314	195
314	916
314	973
314	975
315	80
315	906
315	987
315	991
316	873
316	880
316	927
316	991
317	605
317	756
317	822
317	972
318	438
318	994
318	997
318	998
319	764
319	925
319	993
319	999
320	63
320	759
320	931
320	986
321	739
321	807
321	999
321	1000
322	288
322	815
322	900
322	976
323	90
323	751
323	915
323	978
324	489
324	933
324	975
324	996
325	55
325	703
325	831
325	987
326	886
326	965
326	995
326	1000
327	927
327	973
327	988
327	996
328	963
328	968
328	979
328	992
329	775
329	948
329	967
329	990
330	698
330	728
330	846
330	914
331	390
331	932
331	947
331	982
332	686
332	977
332	980
332	990
333	836
333	845
333	931
333	986
334	132
334	471
334	969
334	972
335	198
335	296
335	988
335	996
336	789
336	949
336	952
336	987
337	484
337	562
337	980
337	990
338	897
338	904
338	955
338	995
339	618
339	864
339	964
339	998
340	823
340	894
340	921
340	989
341	796
341	939
341	950
341	988
342	828
342	971
342	994
342	998
343	357
343	444
343	946
343	992
344	741
344	911
344	954
344	987
345	256
345	765
345	927
345	996
346	602
346	976
346	985
346	986
347	765
347	849
347	960
347	996
348	518
348	801
348	959
348	996
349	248
349	804
349	928
349	996
350	387
350	484
350	738
350	944
351	896
351	914
351	953
351	990
352	471
352	969
352	970
352	972
353	920
353	953
353	967
353	978
354	886
354	894
354	935
354	982
355	822
355	969
355	970
355	972
356	142
356	308
356	833
356	991
357	343
357	963
357	989
357	992
358	282
358	871
358	907
358	954
359	993
359	995
359	999
359	1000
360	798
360	926
360	962
360	998
361	820
361	823
361	879
361	930
362	923
362	961
362	997
362	998
363	267
363	410
363	548
363	990
364	866
364	969
364	970
364	972
365	894
365	936
365	960
365	982
366	517
366	836
366	976
366	985
367	508
367	769
367	929
367	991
368	235
368	446
368	946
368	989
369	546
369	786
369	921
369	979
370	740
370	765
370	950
370	959
371	932
371	937
371	960
371	982
372	948
372	953
372	966
372	981
373	957
373	961
373	994
373	998
374	896
374	966
374	977
374	978
375	531
375	829
375	965
375	988
376	283
376	823
376	989
376	992
377	940
377	984
377	999
377	1000
378	530
378	846
378	915
378	990
379	506
379	993
379	995
379	999
380	971
380	994
380	997
380	998
381	832
381	897
381	955
381	1000
382	462
382	600
382	681
382	835
383	517
383	993
383	999
383	1000
384	476
384	480
384	966
384	990
385	60
385	932
385	973
385	996
386	943
386	961
386	997
386	998
387	350
387	857
387	942
387	995
388	513
388	691
388	921
388	968
389	526
389	874
389	991
389	1000
390	331
390	894
390	936
390	960
391	508
391	701
391	881
391	987
392	772
392	898
392	988
392	996
393	62
393	424
393	875
393	991
394	888
394	969
394	971
394	972
395	879
395	885
395	994
395	997
396	694
396	795
396	801
396	855
397	944
397	993
397	999
397	1000
398	471
398	756
398	888
398	969
399	162
399	751
399	853
399	952
400	716
400	783
400	943
400	985
401	812
401	918
401	946
401	974
402	823
402	890
402	940
402	992
403	415
403	444
403	974
403	979
404	933
404	951
404	962
404	997
405	953
405	977
405	980
405	981
406	886
406	935
406	936
406	982
407	791
407	955
407	999
407	1000
408	751
408	871
408	954
408	987
409	984
409	995
409	999
409	1000
410	363
410	967
410	977
410	990
411	93
411	709
411	918
411	992
412	179
412	261
412	568
412	991
413	449
413	831
413	987
413	991
414	293
414	984
414	999
414	1000
415	72
415	403
415	974
415	992
416	613
416	689
416	849
416	912
417	958
417	995
417	999
417	1000
418	127
418	949
418	997
418	998
419	777
419	862
419	980
419	990
420	735
420	950
420	968
420	988
421	493
421	954
421	987
421	991
422	575
422	931
422	937
422	945
423	36
423	665
423	835
423	996
424	393
424	552
424	911
424	991
425	862
425	994
425	997
425	998
426	983
426	995
426	999
426	1000
427	720
427	809
427	924
427	944
428	813
428	826
428	978
428	981
429	596
429	666
429	716
429	931
430	565
430	866
430	970
430	972
431	157
431	837
431	975
431	996
432	878
432	941
432	965
432	995
433	709
433	797
433	989
433	992
434	707
434	954
434	991
434	993
435	186
435	678
435	856
435	987
436	162
436	800
436	892
436	964
437	518
437	577
437	796
437	848
438	318
438	718
438	745
438	750
438	802
439	296
439	603
439	963
439	979
439	989
440	484
440	700
440	953
440	981
440	990
441	715
441	770
441	915
441	948
441	981
442	942
442	984
442	993
442	999
442	1000
443	965
443	993
443	995
443	999
443	1000
444	32
444	343
444	403
444	761
444	992
445	961
445	971
445	994
445	997
445	998
446	368
446	930
446	946
446	984
446	992
447	546
447	890
447	921
447	930
447	992
448	218
448	481
448	508
448	564
448	991
449	413
449	726
449	881
449	952
449	987
450	122
450	559
450	786
450	903
450	992
451	239
451	689
451	933
451	975
451	996
452	715
452	899
452	905
452	953
452	966
453	259
453	616
453	963
453	974
453	989
454	237
454	791
454	958
454	993
454	1000
455	797
455	922
455	934
455	968
455	992
456	141
456	307
456	888
456	969
456	970
457	771
457	821
457	945
457	960
457	982
458	641
458	912
458	994
458	997
458	998
459	794
459	910
459	961
459	994
459	997
460	286
460	574
460	929
460	931
460	985
461	903
461	946
461	979
461	989
461	1000
462	297
462	382
462	796
462	956
462	985
463	908
463	949
463	962
463	994
463	998
464	928
464	934
464	977
464	988
464	996
465	90
465	192
465	770
465	807
465	944
466	805
466	867
466	948
466	980
466	981
467	561
467	777
467	977
467	980
467	990
468	623
468	961
468	962
468	997
468	998
469	702
469	814
469	829
469	975
469	988
470	45
470	279
470	662
470	865
470	883
471	334
471	352
471	398
471	888
471	972
472	941
472	965
472	993
472	995
472	1000
473	536
473	833
473	868
473	964
473	991
474	821
474	932
474	936
474	947
474	982
475	560
475	653
475	866
475	970
475	972
476	384
476	790
476	939
476	973
476	975
477	582
477	610
477	620
477	780
477	989
478	925
478	938
478	993
478	995
478	999
479	569
479	759
479	943
479	976
479	986
480	384
480	809
480	813
480	878
480	990
481	448
481	731
481	943
481	985
481	986
482	756
482	781
482	930
482	970
482	972
483	658
483	741
483	769
483	795
483	868
484	337
484	350
484	440
484	538
484	977
485	955
485	958
485	995
485	997
485	999
486	905
486	953
486	967
486	977
486	981
487	565
487	706
487	840
487	970
487	972
488	83
488	867
488	911
488	987
488	991
489	324
489	933
489	973
489	975
489	988
490	688
490	692
490	780
490	809
490	981
491	194
491	944
491	953
491	977
491	989
492	197
492	770
492	861
492	954
492	964
493	421
493	678
493	954
493	987
493	992
494	745
494	866
494	969
494	970
494	990
495	205
495	656
495	755
495	980
495	990
496	677
496	983
496	993
496	999
496	1000
497	640
497	747
497	861
497	954
497	964
498	910
498	962
498	994
498	997
498	998
499	955
499	977
499	984
499	993
499	999
500	852
500	963
500	974
500	979
500	992
501	723
501	915
501	977
501	981
501	990
502	954
502	962
502	994
502	997
502	998
503	846
503	872
503	924
503	978
503	990
504	827
504	954
504	979
504	987
504	991
505	892
505	907
505	952
505	954
505	991
506	40
506	379
506	582
506	676
506	767
507	232
507	835
507	973
507	975
507	996
508	367
508	391
508	448
508	754
508	984
509	601
509	855
509	889
509	980
509	981
510	719
510	917
510	929
510	985
510	986
511	949
511	971
511	994
511	997
511	998
512	793
512	845
512	851
512	966
512	985
513	259
513	388
513	780
513	967
513	979
514	913
514	962
514	994
514	997
514	998
515	18
515	804
515	956
515	975
515	988
516	309
516	837
516	939
516	973
516	996
517	366
517	383
517	604
517	830
517	925
518	348
518	437
518	939
518	988
518	996
519	534
519	909
519	918
519	930
519	968
520	548
520	971
520	994
520	997
520	998
521	689
521	796
521	928
521	988
521	996
522	602
522	942
522	993
522	995
522	999
523	885
523	946
523	994
523	997
523	998
524	913
524	961
524	994
524	997
524	998
525	734
525	793
525	900
525	943
525	986
526	389
526	983
526	984
526	999
526	1000
527	541
527	634
527	881
527	907
527	952
528	766
528	942
528	984
528	995
528	1000
529	955
529	984
529	995
529	999
529	1000
530	98
530	378
530	624
530	980
530	981
531	375
531	612
531	634
531	880
531	934
532	677
532	865
532	958
532	984
532	1000
533	214
533	712
533	969
533	970
533	972
534	519
534	587
534	661
534	944
534	967
535	557
535	971
535	994
535	997
535	998
536	473
536	861
536	875
536	911
536	987
536	991
537	865
537	914
537	965
537	984
537	993
537	1000
538	484
538	730
538	777
538	809
538	948
538	967
539	594
539	701
539	747
539	868
539	991
539	997
540	681
540	804
540	869
540	973
540	975
540	996
541	99
541	243
541	527
541	831
541	844
541	906
542	680
542	887
542	917
542	929
542	976
542	986
543	183
543	922
543	946
543	968
543	974
543	992
544	55
544	230
544	629
544	850
544	898
544	987
545	643
545	863
545	928
545	934
545	956
545	959
546	369
546	447
546	893
546	963
546	974
546	979
547	685
547	840
547	936
547	945
547	947
547	960
548	363
548	520
548	923
548	951
548	997
548	998
549	69
549	265
549	681
549	794
549	803
549	988
550	239
550	579
550	801
550	957
550	975
550	996
551	670
551	697
551	756
551	943
551	970
551	972
552	424
552	844
552	927
552	952
552	987
552	991
553	780
553	884
553	922
553	930
553	968
553	989
554	664
554	738
554	819
554	846
554	905
554	914
555	951
555	970
555	971
555	994
555	997
555	998
556	773
556	900
556	943
556	976
556	985
556	986
557	535
557	834
557	957
557	994
557	997
557	998
558	41
558	195
558	983
558	984
558	995
558	999
559	450
559	645
559	817
559	901
559	921
559	989
560	475
560	750
560	840
560	969
560	970
560	972
561	467
561	770
561	889
561	980
561	981
561	990
562	337
562	896
562	941
562	966
562	967
562	990
563	4
563	690
563	770
563	806
563	862
563	981
564	448
564	571
564	800
564	853
564	952
564	987
565	430
565	487
565	756
565	781
565	893
565	969
566	836
566	839
566	943
566	976
566	985
566	986
567	196
567	727
567	799
567	890
567	968
567	992
568	412
568	581
568	925
568	955
568	999
568	1000
569	147
569	479
569	848
569	928
569	973
569	988
570	124
570	838
570	928
570	941
570	995
570	1000
571	81
571	243
571	564
571	853
571	856
571	991
572	288
572	647
572	927
572	933
572	941
572	975
573	876
573	912
573	961
573	994
573	997
573	998
574	460
574	581
574	626
574	719
574	985
574	986
575	422
575	740
575	784
575	940
575	947
575	982
576	69
576	157
576	785
576	835
576	934
576	956
577	437
577	756
577	866
577	888
577	969
577	972
578	312
578	772
578	927
578	939
578	959
578	988
579	550
579	803
579	956
579	967
579	988
579	996
580	854
580	957
580	971
580	994
580	997
580	998
581	568
581	574
581	940
581	958
581	993
581	995
582	477
582	506
582	921
582	926
582	930
582	979
583	650
583	810
583	824
583	880
583	950
583	996
584	921
584	968
584	979
584	989
584	992
584	994
585	254
585	684
585	715
585	831
585	833
585	861
586	729
586	894
586	936
586	945
586	960
586	982
587	534
587	648
587	862
587	977
587	980
587	990
588	753
588	919
588	983
588	993
588	999
588	1000
589	6
589	893
589	946
589	974
589	979
589	992
590	663
590	939
590	956
590	959
590	988
590	996
591	648
591	748
591	781
591	969
591	972
591	989
592	836
592	839
592	863
592	929
592	976
592	986
593	818
593	931
593	941
593	943
593	976
593	985
594	118
594	539
594	798
594	875
594	987
594	991
595	760
595	885
595	887
595	910
595	997
595	998
596	429
596	628
596	669
596	693
596	920
596	980
597	832
597	955
597	968
597	983
597	984
597	999
598	670
598	840
598	852
598	969
598	970
598	972
599	811
599	893
599	938
599	983
599	993
599	1000
600	382
600	684
600	916
600	956
600	959
600	996
601	8
601	509
601	738
601	820
601	920
601	966
602	346
602	522
602	899
602	904
602	995
602	1000
603	439
603	678
603	909
603	974
603	989
603	992
604	517
604	763
604	983
604	993
604	995
604	999
605	317
605	843
605	983
605	993
605	995
605	999
606	941
606	958
606	983
606	995
606	999
606	1000
607	918
607	926
607	946
607	974
607	992
607	1000
608	661
608	720
608	841
608	872
608	944
608	980
609	145
609	799
609	926
609	946
609	979
609	980
610	477
610	789
610	833
610	964
610	987
610	991
611	893
611	922
611	958
611	968
611	989
611	992
612	130
612	531
612	835
612	927
612	959
612	988
612	996
613	416
613	644
613	725
613	778
613	927
613	934
613	973
614	887
614	949
614	971
614	988
614	994
614	997
614	998
615	185
615	193
615	851
615	943
615	976
615	985
615	986
616	453
616	780
616	903
616	926
616	982
616	989
616	992
617	825
617	949
617	951
617	966
617	994
617	997
617	998
618	339
618	871
618	957
618	961
618	994
618	997
618	998
619	184
619	897
619	942
619	965
619	983
619	993
619	999
620	477
620	901
620	930
620	950
620	963
620	974
620	989
621	14
621	853
621	858
621	907
621	952
621	987
621	991
622	32
622	123
622	742
622	863
622	973
622	988
622	996
623	468
623	923
623	953
623	961
623	994
623	997
623	998
624	112
624	298
624	530
624	953
624	978
624	990
624	998
625	925
625	940
625	958
625	993
625	996
625	999
625	1000
626	574
626	694
626	818
626	900
626	976
626	985
626	986
627	632
627	749
627	792
627	967
627	977
627	978
627	981
628	7
628	596
628	715
628	966
628	977
628	978
628	981
629	137
629	544
629	800
629	881
629	952
629	964
629	991
630	71
630	894
630	902
630	932
630	935
630	947
630	982
631	241
631	645
631	709
631	847
631	907
631	968
631	989
632	253
632	627
632	820
632	876
632	966
632	967
632	981
633	43
633	283
633	757
633	893
633	901
633	963
633	974
634	527
634	531
634	710
634	835
634	928
634	934
634	996
635	123
635	869
635	873
635	939
635	943
635	950
635	996
636	680
636	758
636	791
636	917
636	943
636	976
636	985
637	877
637	950
637	962
637	971
637	994
637	997
637	998
638	940
638	941
638	942
638	958
638	984
638	999
638	1000
639	767
639	830
639	879
639	909
639	926
639	979
639	989
640	218
640	280
640	497
640	793
640	850
640	911
640	991
641	458
641	949
641	961
641	962
641	994
641	997
641	998
642	938
642	940
642	941
642	965
642	983
642	999
642	1000
643	545
643	682
643	716
643	778
643	882
643	939
643	959
644	613
644	730
644	814
644	829
644	950
644	956
644	973
645	559
645	631
645	764
645	828
645	847
645	901
645	926
646	876
646	961
646	962
646	971
646	982
646	997
646	998
647	185
647	572
647	752
647	795
647	869
647	928
647	950
648	587
648	591
648	840
648	866
648	969
648	970
648	972
649	864
649	951
649	957
649	961
649	962
649	994
649	998
650	111
650	232
650	583
650	710
650	973
650	975
650	996
651	773
651	940
651	983
651	984
651	995
651	999
651	1000
652	274
652	770
652	914
652	966
652	977
652	980
652	990
653	187
653	475
653	840
653	888
653	931
653	970
653	972
654	874
654	919
654	938
654	965
654	993
654	995
654	999
655	139
655	853
655	881
655	964
655	987
655	991
655	993
656	30
656	269
656	495
656	768
656	944
656	981
656	990
657	85
657	711
657	799
657	895
657	926
657	946
657	963
658	53
658	483
658	701
658	789
658	871
658	991
658	999
659	201
659	917
659	925
659	931
659	976
659	985
659	986
660	665
660	702
660	733
660	796
660	927
660	988
660	996
661	191
661	534
661	608
661	738
661	948
661	966
661	980
662	470
662	806
662	855
662	955
662	967
662	977
662	990
663	230
663	590
663	674
663	686
663	956
663	959
663	996
664	279
664	554
664	819
664	889
664	920
664	953
664	981
665	423
665	660
665	783
665	794
665	891
665	939
665	950
666	429
666	815
666	931
666	943
666	976
666	985
666	986
667	685
667	763
667	932
667	945
667	956
667	960
667	982
668	198
668	288
668	302
668	824
668	933
668	975
668	996
669	596
669	730
669	867
669	924
669	957
669	966
669	981
670	551
670	598
670	748
670	840
670	969
670	970
670	972
671	675
671	686
671	863
671	882
671	889
671	927
671	950
671	973
672	247
672	732
672	756
672	808
672	888
672	969
672	970
672	972
673	78
673	726
673	740
673	937
673	947
673	960
673	971
673	982
674	219
674	663
674	790
674	863
674	956
674	959
674	996
674	999
675	38
675	671
675	837
675	873
675	880
675	934
675	975
675	996
676	506
676	767
676	834
676	852
676	884
676	903
676	963
676	992
677	201
677	496
677	532
677	955
677	965
677	984
677	993
677	999
678	19
678	74
678	435
678	493
678	603
678	892
678	952
678	987
679	162
679	902
679	932
679	936
679	937
679	945
679	947
679	982
680	542
680	636
680	773
680	851
680	900
680	976
680	985
680	986
681	382
681	540
681	549
681	794
681	795
681	838
681	869
681	996
682	35
682	643
682	702
682	898
682	916
682	973
682	988
682	996
683	164
683	793
683	931
683	943
683	976
683	985
683	986
683	998
684	585
684	600
684	789
684	831
684	861
684	892
684	906
684	991
685	547
685	667
685	693
685	935
685	937
685	945
685	960
685	982
686	332
686	663
686	671
686	801
686	880
686	956
686	975
686	988
687	841
687	865
687	940
687	955
687	965
687	984
687	999
687	1000
688	490
688	723
688	730
688	819
688	953
688	978
688	987
688	990
689	416
689	451
689	521
689	742
689	803
689	829
689	916
689	933
690	563
690	791
690	941
690	942
690	965
690	993
690	995
690	1000
691	47
691	388
691	826
691	922
691	946
691	968
691	974
691	989
692	490
692	889
692	915
692	967
692	974
692	978
692	981
692	990
693	596
693	685
693	700
693	792
693	872
693	953
693	980
693	990
694	396
694	626
694	713
694	869
694	939
694	973
694	988
694	996
695	205
695	700
695	777
695	792
695	905
695	953
695	977
695	990
696	735
696	870
696	925
696	938
696	940
696	942
696	984
696	995
697	244
697	551
697	750
697	761
697	802
697	822
697	969
697	970
698	269
698	330
698	807
698	878
698	889
698	948
698	975
698	977
699	717
699	876
699	923
699	951
699	971
699	994
699	997
699	998
700	440
700	693
700	695
700	807
700	915
700	966
700	978
700	990
701	99
701	129
701	391
701	539
701	658
701	754
701	776
701	987
702	159
702	239
702	469
702	660
702	682
702	733
702	986
702	996
703	280
703	325
703	868
703	892
703	906
703	954
703	964
703	991
704	759
704	787
704	818
704	929
704	943
704	976
704	985
704	986
705	912
705	913
705	923
705	949
705	951
705	994
705	997
705	998
706	487
706	729
706	732
706	745
706	781
706	840
706	969
706	970
707	14
707	262
707	434
707	827
707	844
707	871
707	890
707	991
708	830
708	858
708	983
708	984
708	993
708	995
708	999
708	1000
709	298
709	411
709	433
709	631
709	847
709	893
709	921
709	992
710	634
710	650
710	714
710	735
710	837
710	934
710	973
710	975
711	657
711	757
711	826
711	918
711	921
711	974
711	989
711	992
712	533
712	843
712	919
712	942
712	955
712	983
712	995
712	1000
713	694
713	882
713	916
713	933
713	975
713	988
713	993
713	996
714	710
714	736
714	886
714	937
714	945
714	947
714	960
714	982
715	441
715	452
715	585
715	628
715	775
715	944
715	966
715	978
716	400
716	429
716	643
716	731
716	931
716	976
716	985
716	986
717	699
717	737
717	899
717	904
717	965
717	983
717	993
717	999
718	149
718	438
718	732
718	741
718	761
718	888
718	969
718	970
718	972
719	510
719	574
719	836
719	839
719	845
719	851
719	883
719	917
719	985
720	427
720	608
720	878
720	883
720	889
720	924
720	967
720	978
720	980
721	41
721	925
721	938
721	965
721	982
721	983
721	995
721	999
721	1000
722	223
722	726
722	771
722	784
722	932
722	936
722	937
722	960
722	982
723	501
723	688
723	783
723	872
723	915
723	966
723	981
723	990
723	999
724	821
724	886
724	902
724	935
724	936
724	937
724	947
724	960
724	982
725	77
725	122
725	195
725	613
725	765
725	778
725	898
725	950
725	996
726	449
726	673
726	722
726	740
726	886
726	902
726	945
726	960
726	982
727	567
727	852
727	890
727	895
727	921
727	968
727	974
727	978
727	989
728	330
728	792
728	806
728	914
728	966
728	978
728	980
728	990
728	998
729	586
729	706
729	886
729	894
729	935
729	945
729	947
729	960
729	982
730	91
730	538
730	644
730	669
730	688
730	792
730	883
730	905
730	967
731	481
731	716
731	793
731	839
731	929
731	937
731	976
731	985
731	986
732	64
732	672
732	706
732	718
732	745
732	822
732	845
732	888
732	969
733	154
733	228
733	660
733	702
733	814
733	898
733	916
733	959
733	977
734	525
734	830
734	938
734	940
734	955
734	984
734	993
734	995
734	999
735	185
735	420
735	696
735	710
735	742
735	772
735	835
735	950
735	996
736	714
736	749
736	902
736	932
736	935
736	936
736	945
736	960
736	982
737	717
737	955
737	958
737	983
737	993
737	995
737	998
737	999
737	1000
738	192
738	350
738	554
738	601
738	661
738	855
738	948
738	953
738	987
739	17
739	137
739	321
739	816
739	832
739	870
739	983
739	999
739	1000
740	370
740	575
740	673
740	726
740	894
740	937
740	945
740	960
740	982
741	12
741	225
741	344
741	483
741	718
741	861
741	892
741	987
741	991
742	622
742	689
742	735
742	863
742	933
742	973
742	975
742	995
742	996
743	155
743	188
743	202
743	872
743	914
743	952
743	953
743	977
743	981
744	248
744	898
744	927
744	928
744	956
744	959
744	988
744	996
744	999
745	438
745	494
745	706
745	732
745	761
745	802
745	888
745	969
745	972
746	20
746	792
746	949
746	951
746	957
746	971
746	994
746	997
746	998
747	261
747	497
747	539
747	827
747	868
747	871
747	911
747	952
747	963
748	133
748	591
748	670
748	822
748	866
748	928
748	969
748	970
748	972
749	52
749	166
749	627
749	736
749	902
749	936
749	937
749	945
749	960
750	229
750	438
750	560
750	697
750	761
750	802
750	888
750	969
750	970
750	972
751	153
751	323
751	399
751	408
751	800
751	833
751	881
751	952
751	954
751	991
752	647
752	842
752	877
752	887
752	908
752	910
752	951
752	962
752	994
752	997
753	588
753	812
753	869
753	925
753	983
753	984
753	993
753	995
753	999
753	1000
754	508
754	701
754	831
754	847
754	850
754	861
754	911
754	952
754	964
754	991
755	495
755	806
755	819
755	835
755	846
755	896
755	967
755	978
755	980
755	990
756	34
756	50
756	317
756	398
756	482
756	551
756	565
756	577
756	672
756	995
757	38
757	183
757	633
757	711
757	817
757	834
757	890
757	963
757	968
757	996
758	208
758	636
758	836
758	839
758	859
758	860
758	943
758	976
758	985
758	986
759	238
759	320
759	479
759	704
759	793
759	900
759	929
759	976
759	985
759	986
760	595
760	762
760	913
760	951
760	954
760	957
760	961
760	971
760	994
760	997
761	109
761	275
761	444
761	697
761	718
761	745
761	750
761	822
761	969
761	970
762	760
762	910
762	913
762	949
762	957
762	962
762	988
762	994
762	997
762	998
763	604
763	667
763	886
763	902
763	932
763	935
763	936
763	937
763	945
763	982
764	283
764	319
764	645
764	884
764	893
764	895
764	922
764	926
764	968
764	992
765	170
765	345
765	347
765	370
765	725
765	785
765	829
765	891
765	939
765	972
766	220
766	528
766	899
766	904
766	940
766	961
766	983
766	993
766	999
766	1000
767	249
767	506
767	639
767	676
767	852
767	903
767	951
767	974
767	979
767	989
768	32
768	656
768	788
768	895
768	909
768	921
768	968
768	979
768	989
768	992
769	367
769	483
769	856
769	875
769	892
769	906
769	954
769	959
769	964
769	987
770	441
770	465
770	492
770	561
770	563
770	652
770	862
770	967
770	977
770	980
771	457
771	722
771	836
771	932
771	935
771	937
771	945
771	947
771	960
771	982
772	170
772	272
772	392
772	578
772	735
772	848
772	928
772	959
772	988
772	996
773	3
773	556
773	651
773	680
773	818
773	860
773	917
773	929
773	931
773	985
774	857
774	919
774	925
774	940
774	941
774	958
774	959
774	984
774	993
774	995
775	4
775	203
775	329
775	715
775	792
775	881
775	944
775	948
775	978
775	990
776	300
776	701
776	784
776	789
776	800
776	911
776	952
776	964
776	987
776	991
777	419
777	467
777	538
777	695
777	915
777	920
777	963
777	977
777	978
777	981
778	295
778	297
778	613
778	643
778	725
778	801
778	870
778	891
778	956
778	959
778	975
779	300
779	311
779	782
779	877
779	908
779	913
779	949
779	951
779	962
779	994
779	997
780	238
780	477
780	490
780	513
780	553
780	616
780	797
780	901
780	946
780	974
780	979
781	200
781	482
781	565
781	591
781	706
781	822
781	866
781	888
781	898
781	969
781	970
782	779
782	864
782	876
782	910
782	923
782	939
782	957
782	971
782	994
782	997
782	998
783	184
783	281
783	400
783	665
783	723
783	809
783	841
783	914
783	915
783	967
783	990
784	575
784	722
784	776
784	886
784	894
784	902
784	935
784	937
784	945
784	960
784	982
785	576
785	765
785	814
785	869
785	873
785	891
785	898
785	939
785	950
785	994
785	996
786	369
786	450
786	808
786	903
786	910
786	922
786	930
786	963
786	964
786	989
786	992
787	704
787	845
787	851
787	860
787	917
787	931
787	949
787	976
787	985
787	986
787	994
788	768
788	890
788	892
788	901
788	909
788	946
788	968
788	974
788	979
788	989
788	992
789	29
789	300
789	308
789	336
789	610
789	658
789	684
789	776
789	945
789	964
789	987
790	158
790	274
790	476
790	674
790	794
790	837
790	891
790	928
790	956
790	973
790	988
791	407
791	454
791	636
791	690
791	897
791	958
791	983
791	993
791	995
791	999
791	1000
792	30
792	627
792	693
792	695
792	728
792	730
792	746
792	775
792	966
792	980
792	990
793	512
793	525
793	640
793	683
793	731
793	759
793	815
793	859
793	929
793	985
793	986
794	297
794	459
794	549
794	665
794	681
794	790
794	803
794	869
794	898
794	988
794	996
795	60
795	396
795	483
795	647
795	681
795	928
795	950
795	956
795	973
795	975
795	988
796	341
796	437
796	462
796	521
796	660
796	803
796	882
796	891
796	898
796	939
796	974
797	433
797	455
797	780
797	826
797	895
797	901
797	963
797	964
797	968
797	989
797	992
798	360
798	594
798	887
798	912
798	957
798	961
798	962
798	971
798	994
798	997
798	998
799	49
799	567
799	609
799	657
799	872
799	879
799	922
799	963
799	968
799	974
799	992
800	436
800	564
800	629
800	751
800	776
800	844
800	850
800	861
800	906
800	907
800	992
801	60
801	161
801	348
801	396
801	550
801	686
801	778
801	916
801	973
801	975
801	995
802	141
802	221
802	242
802	438
802	697
802	745
802	750
802	922
802	969
802	970
802	972
803	231
803	549
803	579
803	689
803	794
803	796
803	824
803	933
803	988
803	996
803	997
804	70
804	174
804	349
804	515
804	540
804	810
804	829
804	928
804	956
804	983
804	996
805	466
805	816
805	899
805	919
805	941
805	942
805	958
805	984
805	995
805	999
805	1000
806	143
806	563
806	662
806	728
806	755
806	867
806	948
806	956
806	967
806	981
806	990
807	321
807	465
807	698
807	700
807	841
807	905
807	948
807	953
807	967
807	978
807	980
808	672
808	786
808	817
808	823
808	826
808	918
808	922
808	974
808	979
808	988
808	989
809	427
809	480
809	490
809	538
809	783
809	825
809	841
809	953
809	966
809	978
809	980
810	583
810	804
810	848
810	849
810	900
810	916
810	928
810	939
810	973
810	988
810	996
811	224
811	599
811	838
811	843
811	890
811	904
811	955
811	958
811	984
811	993
811	995
811	999
812	401
812	753
812	816
812	870
812	938
812	955
812	958
812	965
812	984
812	995
812	999
812	1000
813	301
813	428
813	480
813	820
813	861
813	915
813	924
813	944
813	967
813	977
813	978
813	990
814	96
814	469
814	644
814	733
814	785
814	891
814	928
814	934
814	950
814	975
814	990
814	996
815	42
815	322
815	666
815	793
815	818
815	837
815	851
815	859
815	931
815	976
815	985
815	986
816	739
816	805
816	812
816	838
816	859
816	942
816	965
816	983
816	984
816	993
816	999
816	1000
817	254
817	277
817	559
817	757
817	808
817	879
817	895
817	901
817	918
817	930
817	946
817	974
818	213
818	593
818	626
818	704
818	773
818	815
818	860
818	929
818	976
818	980
818	985
818	986
819	554
819	664
819	688
819	755
819	872
819	885
819	924
819	953
819	967
819	978
819	980
819	990
820	361
820	601
820	632
820	813
820	846
820	878
820	920
820	948
820	977
820	978
820	980
820	981
821	457
821	474
821	724
821	827
821	894
821	902
821	932
821	935
821	937
821	947
821	960
821	982
822	21
822	157
822	317
822	355
822	697
822	732
822	748
822	761
822	781
822	969
822	970
822	972
823	172
823	340
823	361
823	376
823	402
823	808
823	903
823	930
823	962
823	974
823	989
823	992
824	165
824	168
824	215
824	583
824	668
824	803
824	873
824	891
824	950
824	959
824	996
824	1000
825	190
825	617
825	809
825	876
825	887
825	908
825	923
825	951
825	961
825	994
825	997
825	998
826	27
826	428
826	691
826	711
826	797
826	808
826	909
826	946
826	968
826	974
826	989
826	992
827	504
827	707
827	747
827	821
827	868
827	871
827	906
827	907
827	954
827	964
827	987
827	991
828	20
828	260
828	342
828	645
828	885
828	923
828	949
828	961
828	971
828	994
828	997
828	998
829	5
829	111
829	375
829	469
829	644
829	689
829	765
829	804
829	848
829	905
829	959
829	975
829	988
830	517
830	639
830	708
830	734
830	938
830	941
830	965
830	983
830	984
830	993
830	995
830	999
830	1000
831	226
831	325
831	413
831	541
831	585
831	684
831	754
831	839
831	853
831	875
831	906
831	911
831	964
832	44
832	175
832	381
832	597
832	739
832	838
832	858
832	865
832	961
832	965
832	993
832	995
832	1000
833	226
833	356
833	473
833	585
833	610
833	751
833	850
833	871
833	911
833	952
833	964
833	991
833	996
834	557
834	676
834	757
834	903
834	905
834	918
834	922
834	930
834	963
834	968
834	979
834	989
834	992
835	1
835	168
835	268
835	382
835	423
835	507
835	576
835	612
835	634
835	735
835	755
835	873
835	996
836	333
836	366
836	566
836	592
836	719
836	758
836	771
836	900
836	917
836	929
836	976
836	985
836	986
837	35
837	107
837	174
837	431
837	516
837	675
837	710
837	790
837	815
837	927
837	950
837	975
837	988
838	570
838	681
838	811
838	816
838	832
838	919
838	955
838	965
838	982
838	983
838	984
838	995
838	999
839	566
839	592
839	719
839	731
839	758
839	831
839	900
839	929
839	931
839	943
839	976
839	985
839	986
840	242
840	264
840	487
840	547
840	560
840	598
840	648
840	653
840	670
840	706
840	969
840	970
840	972
841	26
841	87
841	608
841	687
841	783
841	807
841	809
841	878
841	889
841	948
841	977
841	980
841	990
842	752
842	854
842	912
842	923
842	938
842	951
842	957
842	961
842	962
842	971
842	994
842	997
842	998
843	605
843	712
843	811
843	865
843	919
843	942
843	958
843	959
843	983
843	984
843	993
843	999
843	1000
844	541
844	552
844	707
844	800
844	850
844	853
844	868
844	906
844	954
844	964
844	969
844	987
844	991
845	250
845	333
845	512
845	719
845	732
845	787
845	860
845	900
845	917
845	931
845	976
845	985
845	986
846	148
846	330
846	378
846	503
846	554
846	755
846	820
846	878
846	883
846	903
846	966
846	981
846	990
847	631
847	645
847	709
847	754
847	879
847	884
847	918
847	921
847	926
847	946
847	979
847	989
847	992
848	115
848	146
848	437
848	569
848	772
848	810
848	829
848	916
848	927
848	950
848	973
848	988
848	991
849	154
849	266
849	347
849	416
849	810
849	873
849	882
849	924
849	928
849	933
849	950
849	959
849	988
850	19
850	144
850	544
850	640
850	754
850	800
850	833
850	844
850	952
850	954
850	964
850	977
850	991
851	63
851	512
851	615
851	680
851	719
851	787
851	815
851	859
851	929
851	943
851	969
851	976
851	985
851	986
852	28
852	284
852	500
852	598
852	676
852	727
852	767
852	901
852	922
852	926
852	963
852	979
852	989
852	992
853	172
853	399
853	564
853	571
853	621
853	655
853	831
853	844
853	952
853	954
853	964
853	966
853	987
853	991
854	177
854	178
854	580
854	842
854	885
854	908
854	949
854	951
854	957
854	962
854	971
854	991
854	997
854	998
855	138
855	396
855	509
855	662
855	738
855	862
855	896
855	914
855	920
855	966
855	967
855	977
855	980
855	990
856	261
856	435
856	571
856	769
856	875
856	881
856	907
856	911
856	952
856	954
856	964
856	981
856	987
856	991
857	306
857	387
857	774
857	899
857	904
857	925
857	940
857	955
857	965
857	983
857	989
857	995
857	999
857	1000
858	621
858	708
858	832
858	874
858	904
858	925
858	955
858	958
858	984
858	985
858	993
858	995
858	999
858	1000
859	75
859	88
859	758
859	793
859	815
859	816
859	851
859	917
859	929
859	931
859	943
859	976
859	985
859	986
860	11
860	164
860	758
860	773
860	787
860	818
860	845
860	900
860	917
860	931
860	943
860	971
860	985
860	986
861	199
861	492
861	497
861	536
861	585
861	684
861	741
861	754
861	800
861	813
861	875
861	907
861	964
861	987
861	991
862	4
862	73
862	419
862	425
862	563
862	587
862	770
862	855
862	896
862	920
862	948
862	977
862	978
862	980
862	990
863	248
863	545
863	592
863	622
863	671
863	674
863	742
863	880
863	898
863	933
863	956
863	959
863	973
863	988
863	996
864	339
864	649
864	782
864	876
864	877
864	912
864	913
864	923
864	949
864	957
864	971
864	979
864	994
864	997
864	998
865	470
865	532
865	537
865	687
865	832
865	843
865	874
865	899
865	919
865	942
865	958
865	983
865	993
865	995
865	1000
866	275
866	364
866	430
866	475
866	494
866	577
866	648
866	748
866	781
866	887
866	888
866	913
866	969
866	970
866	972
867	176
867	257
867	267
867	291
867	466
867	488
867	669
867	806
867	872
867	889
867	896
867	944
867	966
867	977
867	990
868	118
868	473
868	483
868	539
868	703
868	747
868	827
868	844
868	871
868	911
868	954
868	964
868	972
868	987
868	991
869	289
869	540
869	635
869	647
869	681
869	694
869	753
869	785
869	794
869	927
869	934
869	959
869	975
869	988
869	996
870	696
870	739
870	778
870	812
870	923
870	941
870	955
870	958
870	965
870	983
870	984
870	993
870	995
870	999
870	1000
871	251
871	262
871	282
871	358
871	408
871	618
871	658
871	707
871	747
871	827
871	833
871	868
871	896
871	906
871	954
872	503
872	608
872	693
872	723
872	743
872	799
872	819
872	867
872	896
872	924
872	944
872	968
872	977
872	980
872	990
873	154
873	198
873	210
873	316
873	635
873	675
873	785
873	824
873	835
873	849
873	880
873	929
873	959
873	973
873	988
873	996
874	389
874	654
874	858
874	865
874	899
874	925
874	938
874	940
874	958
874	963
874	983
874	984
874	992
874	993
874	995
874	1000
875	29
875	225
875	393
875	536
875	594
875	769
875	831
875	856
875	861
875	892
875	952
875	954
875	962
875	964
875	987
875	991
876	178
876	573
876	632
876	646
876	699
876	782
876	825
876	864
876	877
876	885
876	949
876	951
876	957
876	962
876	997
876	998
877	637
877	752
877	779
877	864
877	876
877	887
877	910
877	916
877	949
877	951
877	957
877	961
877	962
877	994
877	997
877	998
878	92
878	263
878	432
878	480
878	698
878	720
878	820
878	841
878	846
878	883
878	914
878	919
878	920
878	948
878	978
878	980
879	361
879	395
879	639
879	799
879	817
879	847
879	901
879	903
879	909
879	921
879	930
879	963
879	979
879	989
879	992
879	996
880	1
880	316
880	531
880	583
880	675
880	686
880	863
880	873
880	891
880	916
880	927
880	928
880	939
880	942
880	973
880	996
881	186
881	294
881	391
881	449
881	527
881	629
881	655
881	751
881	775
881	856
881	892
881	906
881	907
881	964
881	987
881	991
882	5
882	111
882	136
882	170
882	240
882	246
882	643
882	671
882	713
882	796
882	849
882	933
882	934
882	975
882	987
882	996
883	117
883	234
883	470
883	719
883	720
883	730
883	846
883	878
883	905
883	911
883	948
883	953
883	977
883	980
883	981
883	990
884	128
884	304
884	553
884	676
884	764
884	847
884	890
884	893
884	917
884	922
884	930
884	946
884	963
884	968
884	979
884	989
884	992
885	65
885	310
885	395
885	523
885	595
885	819
885	828
885	854
885	876
885	949
885	957
885	961
885	962
885	971
885	994
885	997
885	998
886	326
886	354
886	406
886	714
886	724
886	726
886	729
886	763
886	784
886	932
886	935
886	936
886	945
886	947
886	948
886	960
886	982
887	542
887	595
887	614
887	752
887	798
887	825
887	866
887	877
887	908
887	910
887	949
887	951
887	957
887	961
887	994
887	997
887	998
888	394
888	398
888	456
888	471
888	577
888	653
888	672
888	718
888	732
888	745
888	750
888	781
888	866
888	970
888	972
888	976
888	986
889	173
889	181
889	268
889	509
889	561
889	664
889	671
889	692
889	698
889	720
889	841
889	867
889	920
889	948
889	977
889	980
889	981
890	97
890	402
890	447
890	567
890	707
890	727
890	757
890	788
890	811
890	884
890	893
890	901
890	968
890	974
890	979
890	989
890	992
891	156
891	256
891	665
891	765
891	778
891	785
891	790
891	796
891	814
891	824
891	880
891	939
891	950
891	957
891	975
891	983
891	996
892	102
892	179
892	436
892	505
892	678
892	684
892	703
892	741
892	769
892	788
892	875
892	881
892	906
892	911
892	952
892	987
892	991
892	1000
893	27
893	546
893	565
893	589
893	599
893	611
893	633
893	709
893	764
893	884
893	890
893	918
893	946
893	968
893	974
893	979
893	989
893	992
894	340
894	354
894	365
894	390
894	586
894	630
894	729
894	740
894	784
894	821
894	926
894	932
894	935
894	936
894	937
894	945
894	947
894	982
895	284
895	657
895	727
895	764
895	768
895	797
895	817
895	903
895	922
895	926
895	930
895	945
895	963
895	968
895	973
895	979
895	989
895	992
896	292
896	351
896	374
896	562
896	755
896	855
896	862
896	867
896	871
896	872
896	905
896	920
896	944
896	966
896	977
896	978
896	981
896	990
897	267
897	338
897	381
897	619
897	791
897	919
897	938
897	940
897	941
897	942
897	965
897	973
897	983
897	984
897	993
897	995
897	999
897	1000
898	240
898	392
898	544
898	682
898	725
898	733
898	744
898	781
898	785
898	794
898	796
898	863
898	927
898	934
898	939
898	975
898	988
898	996
899	452
899	602
899	717
899	766
899	805
899	857
899	865
899	874
899	919
899	938
899	942
899	958
899	965
899	984
899	993
899	995
899	999
899	1000
900	108
900	322
900	525
900	556
900	626
900	680
900	759
900	810
900	836
900	839
900	845
900	860
900	917
900	931
900	943
900	976
900	980
900	985
900	986
901	559
901	620
901	633
901	645
901	780
901	788
901	797
901	817
901	852
901	879
901	890
901	926
901	930
901	936
901	946
901	963
901	979
901	992
901	996
902	630
902	679
902	724
902	726
902	736
902	749
902	763
902	784
902	821
902	913
902	932
902	935
902	936
902	937
902	945
902	947
902	959
902	960
902	982
903	49
903	223
903	277
903	450
903	461
903	616
903	676
903	767
903	786
903	823
903	834
903	846
903	879
903	895
903	963
903	974
903	979
903	989
903	992
904	338
904	602
904	717
904	766
904	811
904	857
904	858
904	916
904	938
904	940
904	941
904	942
904	958
904	965
904	983
904	988
904	995
904	999
904	1000
905	184
905	206
905	217
905	234
905	452
905	486
905	554
905	695
905	730
905	807
905	829
905	834
905	883
905	896
905	924
905	944
905	977
905	978
905	990
906	81
906	129
906	315
906	541
906	684
906	703
906	769
906	800
906	827
906	831
906	844
906	871
906	881
906	892
906	920
906	954
906	964
906	979
906	987
906	991
907	69
907	144
907	197
907	287
907	358
907	505
907	527
907	621
907	631
907	800
907	827
907	856
907	861
907	881
907	911
907	952
907	954
907	964
907	987
907	991
908	301
908	463
908	752
908	779
908	825
908	854
908	887
908	910
908	912
908	913
908	923
908	949
908	951
908	957
908	962
908	971
908	977
908	994
908	997
908	998
909	110
909	117
909	143
909	304
909	519
909	603
909	639
909	768
909	788
909	826
909	879
909	922
909	926
909	930
909	963
909	968
909	974
909	979
909	989
909	992
910	459
910	498
910	595
910	752
910	762
910	782
910	786
910	877
910	887
910	908
910	912
910	913
910	924
910	957
910	961
910	962
910	971
910	994
910	997
910	998
911	81
911	102
911	344
911	424
911	488
911	536
911	640
911	747
911	754
911	776
911	831
911	833
911	856
911	868
911	883
911	892
911	907
911	954
911	981
911	987
911	991
912	243
912	416
912	458
912	573
912	705
912	798
912	842
912	864
912	908
912	910
912	913
912	923
912	949
912	951
912	957
912	961
912	962
912	971
912	994
912	997
912	998
913	514
913	524
913	705
913	760
913	762
913	779
913	864
913	866
913	902
913	908
913	910
913	912
913	923
913	949
913	951
913	957
913	962
913	971
913	994
913	997
913	998
914	46
914	61
914	194
914	330
914	351
914	537
914	554
914	652
914	728
914	743
914	783
914	855
914	878
914	921
914	924
914	944
914	977
914	978
914	980
914	981
914	990
915	98
915	181
915	279
915	323
915	378
915	441
915	501
915	692
915	700
915	723
915	777
915	783
915	813
915	917
915	924
915	948
915	967
915	973
915	977
915	980
915	981
916	68
916	70
916	136
916	233
916	314
916	600
916	682
916	689
916	713
916	733
916	801
916	810
916	848
916	877
916	880
916	904
916	933
916	950
916	956
916	973
916	988
916	996
917	213
917	278
917	510
917	542
917	636
917	659
917	719
917	773
917	787
917	836
917	845
917	859
917	860
917	884
917	900
917	915
917	929
917	931
917	943
917	976
917	985
917	986
918	31
918	110
918	128
918	215
918	401
918	411
918	519
918	607
918	711
918	808
918	817
918	834
918	847
918	893
918	921
918	940
918	946
918	961
918	963
918	968
918	979
918	989
918	992
919	290
919	588
919	654
919	712
919	774
919	805
919	838
919	843
919	865
919	878
919	897
919	899
919	925
919	942
919	955
919	965
919	980
919	983
919	984
919	993
919	995
919	999
919	1000
920	16
920	92
920	116
920	252
920	353
920	596
920	601
920	664
920	777
920	820
920	855
920	862
920	878
920	889
920	896
920	906
920	944
920	948
920	966
920	967
920	978
920	979
920	990
921	42
921	340
921	369
921	388
921	447
921	559
921	582
921	584
921	709
921	711
921	727
921	768
921	847
921	879
921	914
921	918
921	926
921	930
921	963
921	974
921	979
921	991
921	992
922	172
922	455
922	543
922	553
922	611
922	691
922	764
922	786
922	799
922	802
922	808
922	834
922	852
922	884
922	895
922	909
922	963
922	967
922	968
922	974
922	979
922	989
922	992
923	94
923	362
923	548
923	623
923	699
923	705
923	782
923	825
923	828
923	842
923	864
923	870
923	908
923	912
923	913
923	937
923	951
923	961
923	962
923	971
923	994
923	997
923	998
924	30
924	76
924	116
924	211
924	281
924	427
924	503
924	669
924	720
924	813
924	819
924	849
924	872
924	905
924	910
924	914
924	915
924	967
924	977
924	978
924	980
924	981
924	988
925	319
925	478
925	517
925	568
925	625
925	659
925	696
925	721
925	753
925	774
925	857
925	858
925	874
925	919
925	928
925	938
925	941
925	942
925	955
925	983
925	984
925	993
925	995
925	999
925	1000
926	6
926	204
926	259
926	360
926	582
926	607
926	609
926	616
926	639
926	645
926	657
926	764
926	847
926	852
926	894
926	895
926	901
926	909
926	921
926	930
926	968
926	974
926	979
926	989
926	992
927	39
927	107
927	216
927	316
927	327
927	345
927	552
927	572
927	578
927	612
927	613
927	660
927	671
927	744
927	837
927	848
927	869
927	880
927	898
927	934
927	938
927	947
927	950
927	959
927	988
928	2
928	122
928	349
928	464
928	521
928	545
928	569
928	570
928	634
928	647
928	744
928	748
928	772
928	790
928	795
928	804
928	810
928	814
928	849
928	880
928	925
928	933
928	934
928	959
928	975
929	24
929	100
929	286
929	367
929	460
929	510
929	542
929	592
929	704
929	731
929	759
929	773
929	793
929	818
929	836
929	839
929	851
929	859
929	873
929	917
929	931
929	943
929	960
929	976
929	985
929	986
930	171
930	361
930	446
930	447
930	482
930	519
930	553
930	582
930	620
930	786
930	817
930	823
930	834
930	879
930	884
930	895
930	901
930	909
930	921
930	926
930	946
930	961
930	974
930	979
930	989
930	992
931	209
931	320
931	333
931	422
931	429
931	460
931	593
931	653
931	659
931	666
931	683
931	716
931	773
931	787
931	815
931	839
931	845
931	859
931	860
931	900
931	917
931	929
931	943
931	976
931	985
931	986
932	23
932	52
932	273
932	331
932	371
932	385
932	474
932	630
932	667
932	679
932	722
932	736
932	763
932	771
932	821
932	886
932	894
932	902
932	935
932	936
932	937
932	945
932	947
932	960
932	982
932	992
933	39
933	231
933	232
933	324
933	404
933	451
933	489
933	572
933	668
933	689
933	713
933	742
933	803
933	849
933	863
933	882
933	916
933	928
933	934
933	956
933	959
933	973
933	975
933	994
933	995
933	996
934	18
934	70
934	146
934	156
934	455
934	464
934	531
934	545
934	576
934	613
934	634
934	675
934	710
934	814
934	869
934	882
934	898
934	927
934	928
934	933
934	939
934	950
934	956
934	973
934	975
934	988
934	993
935	114
935	166
935	180
935	299
935	354
935	406
935	630
935	685
935	724
935	729
935	736
935	763
935	771
935	784
935	821
935	886
935	894
935	902
935	932
935	936
935	937
935	945
935	947
935	960
935	979
935	982
935	988
936	71
936	148
936	245
936	273
936	365
936	390
936	406
936	474
936	547
936	586
936	679
936	722
936	724
936	736
936	749
936	763
936	886
936	894
936	901
936	902
936	932
936	935
936	937
936	945
936	947
936	952
936	960
936	982
937	84
937	120
937	292
937	299
937	371
937	422
937	673
937	679
937	685
937	714
937	722
937	724
937	731
937	740
937	749
937	763
937	771
937	784
937	821
937	894
937	902
937	923
937	932
937	935
937	936
937	945
937	947
937	982
938	11
938	56
938	124
938	293
938	478
938	599
938	642
938	654
938	696
938	721
938	734
938	812
938	830
938	842
938	874
938	897
938	899
938	904
938	925
938	927
938	940
938	941
938	955
938	983
938	984
938	985
938	999
938	1000
939	2
939	266
939	274
939	341
939	476
939	516
939	518
939	578
939	590
939	635
939	643
939	665
939	694
939	765
939	782
939	785
939	796
939	810
939	880
939	891
939	898
939	934
939	956
939	959
939	973
939	974
939	975
939	988
939	996
940	167
940	306
940	377
940	402
940	575
940	581
940	625
940	638
940	642
940	651
940	687
940	696
940	734
940	766
940	774
940	857
940	874
940	897
940	904
940	918
940	938
940	941
940	965
940	983
940	984
940	993
940	995
940	999
940	1000
941	126
941	432
941	472
941	562
941	570
941	572
941	593
941	606
941	638
941	642
941	690
941	774
941	805
941	830
941	870
941	897
941	904
941	925
941	938
941	940
941	942
941	955
941	958
941	965
941	984
941	993
941	995
941	999
941	1000
942	237
942	387
942	442
942	522
942	528
942	619
942	638
942	690
942	696
942	712
942	805
942	816
942	843
942	865
942	880
942	897
942	899
942	904
942	919
942	925
942	941
942	944
942	965
942	983
942	984
942	993
942	995
942	997
942	999
942	1000
943	42
943	100
943	193
943	303
943	386
943	400
943	479
943	481
943	525
943	551
943	556
943	566
943	593
943	615
943	635
943	636
943	666
943	683
943	704
943	758
943	839
943	851
943	859
943	860
943	900
943	917
943	929
943	931
943	985
943	986
944	7
944	87
944	138
944	150
944	253
944	350
944	397
944	427
944	465
944	491
944	534
944	608
944	656
944	715
944	775
944	813
944	867
944	872
944	896
944	905
944	914
944	920
944	942
944	953
944	967
944	976
944	977
944	978
944	980
944	981
945	54
945	422
945	457
945	547
945	586
945	667
945	679
945	685
945	714
945	726
945	729
945	736
945	740
945	749
945	763
945	771
945	784
945	789
945	886
945	894
945	895
945	902
945	932
945	935
945	936
945	937
945	947
945	960
945	982
945	986
945	990
946	28
946	80
946	121
946	235
946	343
946	368
946	401
946	446
946	461
946	523
946	543
946	589
946	607
946	609
946	657
946	691
946	780
946	788
946	817
946	826
946	847
946	884
946	893
946	901
946	918
946	930
946	974
946	979
946	980
946	989
946	992
947	10
947	61
947	114
947	120
947	236
947	292
947	299
947	331
947	474
947	547
947	575
947	630
947	673
947	679
947	714
947	724
947	729
947	771
947	821
947	886
947	894
947	902
947	927
947	932
947	935
947	936
947	937
947	945
947	960
947	982
947	991
948	8
948	279
948	285
948	329
948	372
948	441
948	466
948	538
948	661
948	698
948	738
948	775
948	806
948	807
948	820
948	841
948	862
948	878
948	883
948	886
948	889
948	915
948	920
948	963
948	966
948	967
948	970
948	977
948	980
948	981
948	990
949	177
949	191
949	336
949	418
949	463
949	511
949	614
949	617
949	641
949	705
949	746
949	762
949	779
949	787
949	828
949	854
949	864
949	876
949	877
949	885
949	887
949	908
949	912
949	913
949	951
949	953
949	957
949	961
949	962
949	971
949	994
949	997
949	998
950	47
950	68
950	96
950	268
950	341
950	370
950	420
950	583
950	620
950	635
950	637
950	644
950	647
950	665
950	671
950	725
950	735
950	785
950	795
950	814
950	824
950	837
950	848
950	849
950	891
950	916
950	927
950	934
950	970
950	973
950	975
950	988
950	996
951	104
951	404
951	548
951	555
951	617
951	649
951	699
951	705
951	746
951	752
951	760
951	767
951	779
951	825
951	842
951	854
951	876
951	877
951	887
951	908
951	912
951	913
951	923
951	949
951	957
951	961
951	962
951	965
951	969
951	971
951	994
951	997
951	998
952	169
952	225
952	254
952	280
952	308
952	336
952	399
952	449
952	505
952	527
952	552
952	564
952	621
952	629
952	678
952	743
952	747
952	751
952	754
952	776
952	833
952	850
952	853
952	856
952	875
952	892
952	907
952	936
952	954
952	955
952	964
952	987
952	988
952	991
953	9
953	51
953	92
953	176
953	252
953	351
953	353
953	372
953	405
953	440
953	452
953	486
953	491
953	623
953	624
953	664
953	688
953	693
953	695
953	738
953	743
953	807
953	809
953	819
953	883
953	944
953	949
953	966
953	967
953	973
953	978
953	980
953	981
953	990
954	19
954	74
954	197
954	344
954	358
954	408
954	421
954	434
954	492
954	493
954	497
954	502
954	504
954	505
954	703
954	751
954	760
954	769
954	827
954	844
954	850
954	853
954	856
954	868
954	871
954	875
954	906
954	907
954	911
954	952
954	964
954	987
954	991
954	998
955	37
955	338
955	381
955	407
955	485
955	499
955	529
955	568
955	597
955	662
955	677
955	687
955	712
955	734
955	737
955	811
955	812
955	838
955	857
955	858
955	870
955	919
955	925
955	938
955	941
955	952
955	958
955	983
955	984
955	993
955	995
955	998
955	999
955	1000
956	77
956	130
956	146
956	228
956	265
956	462
956	515
956	545
956	576
956	579
956	590
956	600
956	644
956	663
956	667
956	674
956	686
956	744
956	778
956	790
956	795
956	804
956	806
956	863
956	916
956	933
956	934
956	939
956	959
956	965
956	973
956	975
956	988
956	996
957	113
957	140
957	177
957	310
957	373
957	550
957	557
957	580
957	618
957	649
957	669
957	746
957	760
957	762
957	782
957	798
957	842
957	854
957	864
957	876
957	877
957	885
957	887
957	891
957	908
957	910
957	912
957	913
957	949
957	951
957	961
957	962
957	971
957	994
957	997
957	998
957	999
958	13
958	207
958	210
958	229
958	255
958	417
958	454
958	485
958	532
958	581
958	606
958	611
958	625
958	638
958	737
958	774
958	791
958	805
958	811
958	812
958	843
958	858
958	865
958	870
958	874
958	899
958	904
958	941
958	955
958	965
958	979
958	983
958	984
958	989
958	993
958	999
958	1000
959	132
959	165
959	295
959	296
959	348
959	370
959	545
959	578
959	590
959	600
959	612
959	643
959	663
959	674
959	733
959	744
959	769
959	772
959	774
959	778
959	824
959	829
959	843
959	849
959	863
959	869
959	873
959	902
959	927
959	928
959	933
959	939
959	956
959	973
959	975
959	988
959	996
960	10
960	23
960	166
960	180
960	236
960	245
960	347
960	365
960	371
960	390
960	457
960	547
960	586
960	667
960	673
960	685
960	714
960	722
960	724
960	726
960	729
960	736
960	740
960	749
960	771
960	784
960	821
960	886
960	902
960	929
960	932
960	935
960	936
960	945
960	947
960	968
960	982
960	990
961	94
961	224
961	311
961	362
961	373
961	386
961	445
961	459
961	468
961	524
961	573
961	618
961	623
961	641
961	646
961	649
961	760
961	766
961	798
961	825
961	828
961	832
961	842
961	877
961	885
961	887
961	910
961	912
961	918
961	923
961	930
961	949
961	951
961	957
961	962
961	971
961	994
961	997
961	998
962	65
962	305
962	313
962	360
962	404
962	463
962	468
962	498
962	502
962	514
962	637
962	641
962	646
962	649
962	752
962	762
962	779
962	798
962	823
962	842
962	854
962	875
962	876
962	877
962	885
962	908
962	910
962	912
962	913
962	923
962	949
962	951
962	957
962	961
962	971
962	981
962	990
962	994
962	997
962	998
963	85
963	134
963	171
963	249
963	272
963	294
963	328
963	357
963	439
963	453
963	500
963	546
963	620
963	633
963	657
963	676
963	747
963	757
963	777
963	786
963	797
963	799
963	834
963	852
963	874
963	879
963	884
963	895
963	901
963	903
963	909
963	918
963	921
963	922
963	948
963	968
963	974
963	979
963	989
963	992
964	12
964	74
964	83
964	144
964	179
964	199
964	282
964	287
964	339
964	436
964	473
964	492
964	497
964	610
964	629
964	655
964	703
964	754
964	769
964	776
964	786
964	789
964	797
964	827
964	831
964	833
964	844
964	850
964	853
964	856
964	861
964	868
964	875
964	881
964	906
964	907
964	952
964	954
964	987
964	991
964	997
965	44
965	79
965	142
965	326
965	375
965	432
965	443
965	472
965	537
965	619
965	642
965	654
965	677
965	687
965	690
965	717
965	721
965	812
965	816
965	830
965	832
965	838
965	857
965	870
965	897
965	899
965	904
965	919
965	940
965	941
965	942
965	951
965	956
965	958
965	983
965	984
965	987
965	993
965	995
965	999
965	1000
966	46
966	76
966	82
966	98
966	112
966	152
966	257
966	263
966	281
966	372
966	374
966	384
966	452
966	512
966	562
966	601
966	617
966	628
966	632
966	652
966	661
966	669
966	700
966	715
966	723
966	728
966	792
966	809
966	846
966	853
966	855
966	867
966	896
966	920
966	948
966	953
966	977
966	980
966	981
966	987
966	990
967	7
967	173
967	176
967	203
967	206
967	285
967	298
967	329
967	353
967	410
967	486
967	513
967	534
967	538
967	562
967	579
967	627
967	632
967	662
967	692
967	720
967	730
967	755
967	770
967	783
967	806
967	807
967	813
967	819
967	855
967	915
967	920
967	922
967	924
967	944
967	948
967	953
967	977
967	978
967	981
967	998
968	40
968	110
968	119
968	128
968	272
968	328
968	388
968	420
968	455
968	519
968	543
968	553
968	567
968	584
968	597
968	611
968	631
968	691
968	727
968	757
968	764
968	768
968	788
968	797
968	799
968	826
968	834
968	872
968	884
968	890
968	893
968	895
968	909
968	918
968	922
968	926
968	960
968	963
968	974
968	979
968	992
969	109
969	141
969	149
969	214
969	221
969	244
969	247
969	264
969	334
969	352
969	355
969	364
969	394
969	398
969	456
969	494
969	533
969	560
969	565
969	577
969	591
969	598
969	648
969	670
969	672
969	697
969	706
969	718
969	732
969	745
969	748
969	750
969	761
969	781
969	802
969	822
969	840
969	844
969	851
969	866
969	951
969	970
969	972
969	985
970	9
970	21
970	34
970	54
970	133
970	149
970	200
970	244
970	247
970	264
970	275
970	352
970	355
970	364
970	430
970	456
970	475
970	482
970	487
970	494
970	533
970	551
970	555
970	560
970	598
970	648
970	653
970	670
970	672
970	697
970	706
970	718
970	748
970	750
970	761
970	781
970	802
970	822
970	840
970	866
970	888
970	948
970	950
970	969
970	972
971	125
971	127
971	189
971	212
971	246
971	309
971	312
971	342
971	380
971	394
971	445
971	511
971	520
971	535
971	555
971	580
971	614
971	637
971	646
971	673
971	699
971	746
971	760
971	782
971	798
971	828
971	842
971	854
971	860
971	864
971	885
971	908
971	910
971	912
971	913
971	923
971	949
971	951
971	957
971	961
971	962
971	990
971	994
971	997
971	998
972	21
972	34
972	50
972	64
972	109
972	152
972	187
972	200
972	214
972	242
972	317
972	334
972	352
972	355
972	364
972	394
972	430
972	471
972	475
972	482
972	487
972	533
972	551
972	560
972	577
972	591
972	598
972	648
972	653
972	670
972	672
972	718
972	745
972	748
972	750
972	765
972	802
972	822
972	840
972	866
972	868
972	888
972	969
972	970
972	976
972	984
973	2
973	68
973	136
973	227
973	233
973	295
973	314
973	327
973	385
973	476
973	489
973	507
973	516
973	540
973	569
973	613
973	622
973	644
973	650
973	671
973	682
973	694
973	710
973	742
973	790
973	795
973	801
973	810
973	848
973	863
973	873
973	880
973	895
973	897
973	915
973	916
973	933
973	934
973	939
973	950
973	953
973	956
973	959
973	975
973	988
973	992
973	996
974	40
974	119
974	160
974	182
974	196
974	238
974	304
974	401
974	403
974	415
974	453
974	500
974	543
974	546
974	589
974	603
974	607
974	620
974	633
974	691
974	692
974	711
974	727
974	767
974	780
974	788
974	796
974	799
974	808
974	817
974	823
974	826
974	890
974	893
974	903
974	909
974	921
974	922
974	926
974	930
974	939
974	946
974	963
974	968
974	975
974	979
974	981
974	992
975	18
975	35
975	202
975	227
975	296
975	302
975	314
975	324
975	431
975	451
975	469
975	476
975	489
975	507
975	515
975	540
975	550
975	572
975	650
975	668
975	675
975	686
975	698
975	710
975	713
975	742
975	778
975	795
975	801
975	814
975	829
975	837
975	869
975	882
975	891
975	898
975	928
975	933
975	934
975	939
975	950
975	956
975	959
975	973
975	974
975	978
975	988
975	995
976	15
976	24
976	108
976	164
976	209
976	250
976	258
976	278
976	286
976	303
976	322
976	346
976	366
976	479
976	542
976	556
976	566
976	592
976	593
976	615
976	626
976	636
976	659
976	666
976	680
976	683
976	704
976	716
976	731
976	758
976	759
976	787
976	815
976	818
976	836
976	839
976	845
976	851
976	859
976	888
976	900
976	917
976	929
976	931
976	944
976	972
976	985
976	986
976	995
976	1000
977	45
977	48
977	143
977	148
977	253
977	332
977	374
977	405
977	410
977	464
977	467
977	484
977	486
977	491
977	499
977	501
977	587
977	627
977	628
977	652
977	662
977	695
977	698
977	733
977	743
977	770
977	777
977	813
977	820
977	841
977	850
977	855
977	862
977	867
977	872
977	883
977	889
977	896
977	905
977	908
977	914
977	915
977	924
977	944
977	948
977	966
977	967
977	978
977	981
977	990
978	9
978	16
978	51
978	106
978	121
978	138
978	150
978	192
978	285
978	297
978	301
978	311
978	323
978	353
978	374
978	428
978	503
978	624
978	627
978	628
978	688
978	692
978	700
978	715
978	720
978	727
978	728
978	755
978	775
978	777
978	807
978	809
978	813
978	819
978	820
978	862
978	878
978	896
978	905
978	914
978	920
978	924
978	944
978	953
978	967
978	975
978	977
978	980
978	981
978	990
979	6
979	22
979	27
979	31
979	43
979	49
979	72
979	182
979	183
979	328
979	369
979	403
979	439
979	461
979	500
979	504
979	513
979	546
979	582
979	584
979	589
979	609
979	639
979	767
979	768
979	780
979	788
979	808
979	834
979	847
979	852
979	864
979	879
979	884
979	890
979	893
979	895
979	901
979	903
979	906
979	909
979	918
979	920
979	921
979	922
979	926
979	930
979	935
979	946
979	958
979	963
979	968
979	974
979	989
979	992
980	48
980	89
980	112
980	152
980	203
980	269
980	291
980	307
980	332
980	337
980	405
980	419
980	466
980	467
980	495
980	509
980	530
980	561
980	587
980	596
980	608
980	609
980	652
980	661
980	693
980	720
980	728
980	755
980	770
980	792
980	807
980	809
980	818
980	819
980	820
980	841
980	855
980	862
980	872
980	878
980	883
980	889
980	900
980	914
980	915
980	919
980	924
980	944
980	946
980	948
980	953
980	966
980	978
980	981
980	997
981	16
981	51
981	61
981	82
981	89
981	90
981	116
981	155
981	205
981	281
981	372
981	405
981	428
981	440
981	441
981	466
981	486
981	490
981	501
981	509
981	530
981	561
981	563
981	627
981	628
981	632
981	656
981	664
981	669
981	692
981	723
981	743
981	777
981	806
981	820
981	846
981	856
981	883
981	889
981	896
981	911
981	914
981	915
981	924
981	944
981	948
981	953
981	962
981	966
981	967
981	974
981	977
981	978
981	980
981	990
981	996
982	10
982	23
982	52
982	54
982	71
982	78
982	84
982	114
982	120
982	180
982	223
982	236
982	245
982	273
982	292
982	299
982	331
982	354
982	365
982	371
982	406
982	457
982	474
982	575
982	586
982	616
982	630
982	646
982	667
982	673
982	679
982	685
982	714
982	721
982	722
982	724
982	726
982	729
982	736
982	740
982	763
982	771
982	784
982	821
982	838
982	886
982	894
982	902
982	932
982	935
982	936
982	937
982	945
982	947
982	960
982	993
983	79
983	86
983	105
983	124
983	167
983	194
983	220
983	270
983	290
983	291
983	426
983	496
983	526
983	558
983	588
983	597
983	599
983	604
983	605
983	606
983	619
983	642
983	651
983	708
983	712
983	717
983	721
983	737
983	739
983	753
983	766
983	791
983	804
983	816
983	830
983	838
983	843
983	857
983	865
983	870
983	874
983	891
983	897
983	904
983	919
983	925
983	938
983	940
983	942
983	955
983	958
983	965
983	984
983	991
983	993
983	995
983	1000
984	37
984	57
984	229
984	256
984	271
984	290
984	377
984	409
984	414
984	442
984	446
984	499
984	508
984	526
984	528
984	529
984	532
984	537
984	558
984	597
984	638
984	651
984	677
984	687
984	696
984	708
984	734
984	753
984	774
984	805
984	811
984	812
984	816
984	830
984	838
984	843
984	858
984	870
984	874
984	897
984	899
984	919
984	925
984	938
984	940
984	941
984	942
984	955
984	958
984	965
984	972
984	983
984	989
984	993
984	995
984	999
984	1000
985	15
985	31
985	75
985	88
985	100
985	127
985	228
985	250
985	258
985	278
985	286
985	303
985	346
985	366
985	400
985	460
985	462
985	481
985	510
985	512
985	556
985	566
985	574
985	593
985	615
985	626
985	636
985	659
985	666
985	680
985	683
985	704
985	716
985	719
985	731
985	758
985	759
985	773
985	787
985	793
985	815
985	818
985	836
985	839
985	845
985	851
985	858
985	859
985	860
985	900
985	917
985	929
985	931
985	938
985	943
985	969
985	976
985	986
986	3
986	24
986	63
986	75
986	86
986	88
986	108
986	193
986	201
986	209
986	213
986	258
986	278
986	284
986	303
986	320
986	333
986	346
986	479
986	481
986	510
986	525
986	542
986	556
986	566
986	574
986	592
986	615
986	626
986	659
986	666
986	680
986	683
986	702
986	704
986	716
986	731
986	758
986	759
986	787
986	793
986	815
986	818
986	836
986	839
986	845
986	851
986	859
986	860
986	888
986	900
986	917
986	929
986	931
986	943
986	945
986	976
986	985
986	989
987	14
987	36
987	55
987	62
987	102
987	103
987	151
987	218
987	230
987	251
987	287
987	315
987	325
987	336
987	344
987	391
987	408
987	413
987	421
987	435
987	449
987	488
987	493
987	504
987	536
987	544
987	552
987	564
987	594
987	610
987	621
987	655
987	678
987	688
987	701
987	738
987	741
987	769
987	776
987	789
987	827
987	844
987	853
987	856
987	861
987	868
987	875
987	881
987	882
987	892
987	906
987	907
987	911
987	952
987	954
987	964
987	965
987	966
987	991
987	999
988	147
988	156
988	161
988	174
988	227
988	231
988	240
988	266
988	295
988	302
988	327
988	335
988	341
988	375
988	392
988	420
988	464
988	469
988	489
988	515
988	518
988	521
988	549
988	569
988	578
988	579
988	590
988	612
988	614
988	622
988	660
988	682
988	686
988	694
988	713
988	744
988	762
988	772
988	790
988	794
988	795
988	803
988	808
988	810
988	829
988	837
988	848
988	849
988	863
988	869
988	873
988	898
988	904
988	916
988	924
988	927
988	934
988	935
988	939
988	950
988	952
988	956
988	959
988	973
988	975
988	996
989	22
989	72
989	85
989	97
989	134
989	145
989	160
989	171
989	182
989	204
989	265
989	283
989	294
989	340
989	357
989	368
989	376
989	433
989	439
989	453
989	461
989	477
989	491
989	553
989	559
989	584
989	591
989	603
989	611
989	616
989	620
989	631
989	639
989	691
989	711
989	727
989	767
989	768
989	786
989	788
989	797
989	808
989	823
989	826
989	834
989	847
989	852
989	857
989	879
989	884
989	890
989	893
989	895
989	903
989	909
989	918
989	922
989	926
989	930
989	946
989	958
989	963
989	979
989	984
989	986
989	992
990	26
990	46
990	66
990	76
990	91
990	106
990	173
990	206
990	211
990	257
990	291
990	298
990	301
990	329
990	332
990	337
990	351
990	363
990	378
990	384
990	410
990	419
990	440
990	467
990	480
990	494
990	495
990	501
990	503
990	561
990	562
990	587
990	624
990	652
990	656
990	662
990	688
990	692
990	693
990	695
990	700
990	723
990	728
990	755
990	775
990	783
990	792
990	806
990	813
990	814
990	819
990	841
990	846
990	855
990	862
990	867
990	872
990	883
990	896
990	905
990	914
990	920
990	945
990	948
990	953
990	960
990	962
990	966
990	971
990	977
990	978
990	981
991	36
991	53
991	62
991	80
991	83
991	99
991	103
991	129
991	135
991	139
991	151
991	169
991	199
991	262
991	280
991	300
991	308
991	315
991	316
991	356
991	367
991	389
991	393
991	412
991	413
991	421
991	424
991	434
991	448
991	473
991	488
991	504
991	505
991	536
991	539
991	552
991	571
991	594
991	610
991	621
991	629
991	640
991	655
991	658
991	684
991	703
991	707
991	741
991	751
991	754
991	776
991	827
991	833
991	844
991	848
991	850
991	853
991	854
991	856
991	861
991	868
991	875
991	881
991	892
991	906
991	907
991	911
991	921
991	947
991	952
991	954
991	964
991	983
991	987
992	28
992	43
992	97
992	121
992	134
992	145
992	160
992	196
992	215
992	221
992	277
992	284
992	304
992	328
992	343
992	357
992	376
992	402
992	411
992	415
992	433
992	444
992	446
992	447
992	450
992	455
992	493
992	500
992	543
992	567
992	584
992	589
992	603
992	607
992	611
992	616
992	676
992	709
992	711
992	764
992	768
992	786
992	788
992	797
992	799
992	800
992	823
992	826
992	834
992	847
992	852
992	874
992	879
992	884
992	890
992	893
992	895
992	901
992	903
992	909
992	918
992	921
992	922
992	926
992	930
992	932
992	946
992	963
992	968
992	973
992	974
992	979
992	989
992	999
993	37
993	41
993	59
993	67
993	103
993	130
993	131
993	142
993	163
993	222
993	237
993	255
993	290
993	319
993	359
993	379
993	383
993	397
993	434
993	442
993	443
993	454
993	472
993	478
993	496
993	499
993	522
993	537
993	581
993	588
993	599
993	604
993	605
993	619
993	625
993	654
993	655
993	677
993	690
993	708
993	713
993	717
993	734
993	737
993	753
993	766
993	774
993	791
993	811
993	816
993	830
993	832
993	843
993	858
993	865
993	870
993	874
993	897
993	899
993	919
993	925
993	934
993	940
993	941
993	942
993	955
993	958
993	965
993	982
993	983
993	984
993	994
993	995
993	1000
994	20
994	33
994	58
994	78
994	94
994	95
994	101
994	140
994	158
994	189
994	190
994	260
994	289
994	305
994	313
994	318
994	342
994	373
994	380
994	395
994	425
994	445
994	458
994	459
994	463
994	498
994	502
994	511
994	514
994	520
994	523
994	524
994	535
994	555
994	557
994	573
994	580
994	584
994	614
994	617
994	618
994	623
994	637
994	641
994	649
994	699
994	705
994	746
994	752
994	760
994	762
994	779
994	782
994	785
994	787
994	798
994	825
994	828
994	842
994	864
994	877
994	885
994	887
994	908
994	910
994	912
994	913
994	923
994	933
994	949
994	951
994	957
994	961
994	962
994	971
994	993
994	997
994	998
994	999
995	3
995	11
995	13
995	25
995	56
995	126
995	131
995	175
995	207
995	208
995	220
995	271
995	305
995	306
995	326
995	338
995	359
995	379
995	387
995	409
995	417
995	426
995	432
995	443
995	472
995	478
995	485
995	522
995	528
995	529
995	558
995	570
995	581
995	602
995	604
995	605
995	606
995	651
995	654
995	690
995	696
995	708
995	712
995	721
995	734
995	737
995	742
995	753
995	756
995	774
995	791
995	801
995	805
995	811
995	812
995	830
995	832
995	838
995	857
995	858
995	865
995	870
995	874
995	897
995	899
995	904
995	919
995	925
995	933
995	940
995	941
995	942
995	955
995	965
995	975
995	976
995	983
995	984
995	993
995	999
995	1000
996	1
996	39
996	47
996	107
996	115
996	123
996	132
996	159
996	161
996	165
996	168
996	210
996	216
996	276
996	288
996	324
996	327
996	335
996	345
996	347
996	348
996	349
996	385
996	392
996	423
996	431
996	451
996	464
996	507
996	516
996	518
996	521
996	540
996	550
996	579
996	583
996	590
996	600
996	612
996	622
996	625
996	634
996	635
996	650
996	660
996	663
996	668
996	674
996	675
996	681
996	682
996	694
996	702
996	713
996	725
996	735
996	742
996	744
996	757
996	772
996	785
996	794
996	803
996	804
996	810
996	814
996	824
996	833
996	835
996	863
996	869
996	873
996	879
996	880
996	882
996	891
996	898
996	901
996	916
996	933
996	939
996	950
996	956
996	959
996	973
996	981
996	988
996	998
996	1000
997	17
997	33
997	58
997	84
997	95
997	101
997	104
997	113
997	125
997	140
997	212
997	246
997	305
997	309
997	310
997	311
997	312
997	313
997	318
997	362
997	380
997	386
997	395
997	404
997	418
997	425
997	445
997	458
997	459
997	468
997	485
997	498
997	502
997	511
997	514
997	520
997	523
997	524
997	535
997	539
997	548
997	555
997	557
997	573
997	580
997	595
997	614
997	617
997	618
997	623
997	637
997	641
997	646
997	699
997	705
997	746
997	752
997	760
997	762
997	779
997	782
997	798
997	803
997	825
997	828
997	842
997	854
997	864
997	876
997	877
997	885
997	887
997	908
997	910
997	912
997	913
997	923
997	942
997	949
997	951
997	957
997	961
997	962
997	964
997	971
997	980
997	994
997	998
997	1000
998	33
998	58
998	65
998	95
998	96
998	101
998	104
998	113
998	158
998	178
998	189
998	190
998	191
998	212
998	224
998	260
998	309
998	310
998	312
998	313
998	318
998	339
998	342
998	360
998	362
998	373
998	380
998	386
998	418
998	425
998	445
998	458
998	463
998	468
998	498
998	502
998	511
998	514
998	520
998	523
998	524
998	535
998	548
998	555
998	557
998	573
998	580
998	595
998	614
998	617
998	618
998	623
998	624
998	637
998	641
998	646
998	649
998	683
998	699
998	705
998	728
998	737
998	746
998	762
998	782
998	798
998	825
998	828
998	842
998	854
998	864
998	876
998	877
998	885
998	887
998	908
998	910
998	912
998	913
998	923
998	949
998	951
998	954
998	955
998	957
998	961
998	962
998	967
998	971
998	994
998	996
998	997
999	13
999	25
999	66
999	67
999	73
999	79
999	86
999	105
999	126
999	131
999	163
999	175
999	207
999	222
999	234
999	270
999	293
999	306
999	319
999	321
999	359
999	377
999	379
999	383
999	397
999	407
999	409
999	414
999	417
999	426
999	442
999	443
999	478
999	485
999	496
999	499
999	522
999	526
999	529
999	558
999	568
999	588
999	597
999	604
999	605
999	606
999	619
999	625
999	638
999	642
999	651
999	654
999	658
999	674
999	677
999	687
999	708
999	717
999	721
999	723
999	734
999	737
999	739
999	744
999	753
999	766
999	791
999	805
999	811
999	812
999	816
999	830
999	838
999	843
999	857
999	858
999	870
999	897
999	899
999	904
999	919
999	925
999	938
999	940
999	941
999	942
999	955
999	957
999	958
999	965
999	984
999	987
999	992
999	994
999	995
999	1000
1000	25
1000	44
1000	56
1000	57
1000	59
1000	66
1000	67
1000	73
1000	105
1000	135
1000	137
1000	163
1000	167
1000	222
1000	255
1000	270
1000	271
1000	293
1000	302
1000	321
1000	326
1000	359
1000	377
1000	381
1000	383
1000	389
1000	397
1000	407
1000	409
1000	414
1000	417
1000	426
1000	442
1000	443
1000	454
1000	461
1000	472
1000	496
1000	526
1000	528
1000	529
1000	532
1000	537
1000	568
1000	570
1000	588
1000	599
1000	602
1000	606
1000	607
1000	625
1000	638
1000	642
1000	651
1000	687
1000	690
1000	708
1000	712
1000	721
1000	737
1000	739
1000	753
1000	766
1000	791
1000	805
1000	812
1000	816
1000	824
1000	830
1000	832
1000	843
1000	857
1000	858
1000	865
1000	870
1000	874
1000	892
1000	897
1000	899
1000	904
1000	919
1000	925
1000	938
1000	940
1000	941
1000	942
1000	955
1000	958
1000	965
1000	976
1000	983
1000	984
1000	993
1000	995
1000	996
1000	997
1000	999
