1	731
1	918
1	957
2	24
2	614
2	996
3	816
3	960
3	993
4	692
4	950
4	975
5	218
5	978
5	991
6	947
6	948
6	971
7	657
7	953
7	991
8	579
8	985
8	992
9	819
9	924
9	998
10	747
10	858
10	981
11	638
11	921
11	986
12	143
12	191
12	950
13	972
13	996
13	999
14	671
14	966
14	999
15	20
15	890
15	995
16	903
16	906
16	949
17	847
17	972
17	982
18	872
18	959
18	967
19	894
19	941
19	980
20	15
20	861
20	995
21	932
21	982
21	995
22	726
22	954
22	993
23	50
23	916
23	973
24	2
24	216
24	996
25	844
25	851
25	965
26	765
26	961
26	997
27	311
27	940
27	986
28	925
28	926
28	993
29	927
29	951
29	997
30	895
30	947
30	979
31	366
31	673
31	745
32	886
32	972
32	977
33	278
33	293
33	620
34	836
34	933
34	991
35	730
35	801
35	895
36	340
36	915
36	946
37	728
37	953
37	991
38	116
38	224
38	548
39	853
39	859
39	989
40	763
40	843
40	996
41	162
41	613
41	964
42	272
42	798
42	998
43	44
43	318
43	856
44	43
44	932
44	995
45	949
45	972
45	982
46	684
46	953
46	991
47	798
47	948
47	979
48	454
48	996
48	999
49	935
49	978
49	991
50	23
50	785
50	994
51	493
51	946
51	995
52	854
52	954
52	983
53	729
53	855
53	963
54	753
54	934
54	967
55	233
55	291
55	915
56	945
56	978
56	986
57	948
57	972
57	999
58	950
58	987
58	998
59	894
59	978
59	991
60	950
60	976
60	998
61	118
61	676
61	876
62	906
62	966
62	996
63	615
63	948
63	979
64	653
64	917
64	955
65	615
65	718
65	948
66	855
66	989
66	993
67	562
67	636
67	943
68	633
68	912
68	995
69	419
69	631
69	984
70	89
70	578
70	955
71	850
71	918
71	921
72	973
72	997
72	1000
73	606
73	962
73	988
74	398
74	451
74	811
75	897
75	912
75	995
76	675
76	742
76	985
77	355
77	890
77	975
78	721
78	789
78	804
79	942
79	964
79	975
80	776
80	849
80	880
81	238
81	617
81	995
82	912
82	926
82	995
83	273
83	996
83	999
84	99
84	620
84	892
85	594
85	868
85	997
86	431
86	925
86	989
87	592
87	992
87	994
88	604
88	929
88	993
89	70
89	992
89	994
90	846
90	930
90	993
91	513
91	772
91	999
92	839
92	863
92	986
93	660
93	968
93	993
94	511
94	601
94	917
95	118
95	667
95	940
96	425
96	701
96	990
97	560
97	996
97	999
98	887
98	897
98	990
99	84
99	901
99	971
100	410
100	930
100	989
101	224
101	830
101	932
102	316
102	418
102	1000
103	678
103	688
103	999
104	303
104	806
104	970
105	616
105	791
105	873
106	661
106	996
106	999
107	270
107	971
107	979
108	944
108	996
108	999
109	351
109	921
109	969
110	898
110	971
110	979
111	957
111	960
111	989
112	592
112	925
112	929
113	849
113	977
113	999
114	807
114	879
114	943
115	669
115	767
115	986
116	38
116	794
116	995
117	785
117	887
117	992
118	61
118	95
118	892
119	579
119	700
119	1000
120	973
120	976
120	998
121	905
121	978
121	991
122	935
122	992
122	994
123	813
123	969
123	997
124	949
124	996
124	999
125	343
125	853
125	968
126	750
126	996
126	999
127	587
127	939
127	998
128	930
128	968
128	989
129	980
129	981
129	983
130	879
130	900
130	943
131	378
131	919
131	969
132	607
132	904
132	938
133	248
133	895
133	979
134	186
134	932
134	995
135	748
135	897
135	995
136	879
136	896
136	962
137	907
137	994
137	1000
138	938
138	971
138	987
139	150
139	983
139	997
140	954
140	981
140	992
141	443
141	958
141	994
142	161
142	328
142	982
143	12
143	513
143	999
144	962
144	973
144	974
145	834
145	884
145	978
146	422
146	723
146	955
147	892
147	955
147	986
148	315
148	780
148	889
149	327
149	916
149	998
150	139
150	701
150	990
151	733
151	820
151	993
152	366
152	806
152	996
153	761
153	810
153	851
154	230
154	852
154	960
155	804
155	946
155	995
156	866
156	943
156	998
157	358
157	971
157	979
158	659
158	666
158	971
159	954
159	985
159	994
160	599
160	926
160	948
161	142
161	886
161	920
162	41
162	950
162	974
163	782
163	942
163	988
164	665
164	676
164	945
165	356
165	881
165	973
166	605
166	914
166	961
167	931
167	963
167	968
168	833
168	969
168	985
169	896
169	936
169	988
170	920
170	977
170	996
171	229
171	233
171	995
172	741
172	861
172	995
173	613
173	667
173	945
174	865
174	902
174	955
175	754
175	963
175	993
176	461
176	967
176	992
177	282
177	878
177	911
178	739
178	966
178	999
179	893
179	898
179	904
180	863
180	945
180	986
181	867
181	958
181	994
182	837
182	929
182	993
183	758
183	971
183	979
184	601
184	923
184	939
185	603
185	638
185	761
186	134
186	781
186	822
187	611
187	795
187	963
188	858
188	980
188	981
189	893
189	895
189	979
190	699
190	887
190	961
191	12
191	653
191	923
192	297
192	672
192	998
193	913
193	925
193	963
194	365
194	935
194	997
195	974
195	987
195	998
196	995
196	997
196	1000
197	886
197	950
197	999
198	670
198	888
198	999
199	896
199	975
199	987
200	571
200	665
200	952
201	711
201	980
201	990
202	327
202	847
202	923
203	651
203	738
203	898
204	786
204	865
204	970
205	543
205	614
205	977
206	870
206	950
206	962
207	828
207	967
207	983
208	264
208	964
208	974
209	761
209	955
209	970
210	608
210	626
210	942
211	310
211	583
211	805
212	533
212	965
212	991
213	832
213	869
213	1000
214	917
214	920
214	975
215	693
215	934
215	988
216	24
216	734
216	816
217	745
217	891
217	999
218	5
218	441
218	745
219	908
219	989
219	993
220	862
220	948
220	979
221	790
221	977
221	996
222	959
222	980
222	997
223	734
223	794
223	995
224	38
224	101
224	995
225	818
225	854
225	993
226	845
226	978
226	991
227	739
227	910
227	944
228	771
228	941
228	962
229	171
229	743
229	798
230	154
230	239
230	960
231	660
231	709
231	865
232	880
232	970
232	999
233	55
233	171
233	617
234	854
234	989
234	998
235	714
235	801
235	979
236	865
236	940
236	969
237	738
237	876
237	970
238	81
238	883
238	995
239	230
239	573
239	710
240	600
240	871
240	993
241	646
241	810
241	817
242	333
242	853
242	989
243	481
243	532
243	977
244	349
244	398
244	825
245	957
245	963
245	968
246	723
246	940
246	952
247	341
247	928
247	979
248	133
248	446
248	947
249	883
249	900
249	950
250	846
250	888
250	999
251	423
251	705
251	993
252	263
252	811
252	838
253	415
253	716
253	974
254	914
254	956
254	992
255	417
255	927
255	982
256	467
256	887
256	984
257	618
257	805
257	986
258	857
258	896
258	988
259	879
259	945
259	952
260	438
260	749
260	946
261	582
261	945
261	970
262	936
262	962
262	998
263	252
263	900
263	975
264	208
264	977
264	996
265	524
265	914
265	990
266	885
266	937
266	992
267	972
267	996
267	999
268	618
268	835
268	986
269	974
269	987
269	998
270	107
270	938
270	951
271	352
271	885
271	971
272	42
272	847
272	954
273	83
273	960
273	993
274	770
274	955
274	986
275	717
275	955
275	969
276	856
276	926
276	995
277	944
277	977
277	996
278	33
278	747
278	967
279	919
279	930
279	931
280	505
280	655
280	949
281	879
281	923
281	975
282	177
282	938
282	991
283	960
283	989
283	993
284	893
284	971
284	979
285	943
285	988
285	998
286	454
286	982
286	999
287	961
287	980
287	997
288	827
288	874
288	974
289	724
289	992
289	1000
290	940
290	969
290	970
291	55
291	682
291	965
292	629
292	644
292	909
293	33
293	298
293	603
294	905
294	911
294	971
294	991
295	575
295	889
295	904
295	947
296	808
296	908
296	976
296	989
297	192
297	575
297	879
297	988
298	293
298	840
298	876
298	888
299	812
299	919
299	969
299	970
300	809
300	965
300	967
300	997
301	732
301	790
301	846
301	972
302	745
302	843
302	891
302	982
303	104
303	712
303	876
303	918
304	563
304	569
304	865
304	876
305	916
305	962
305	988
305	998
306	881
306	983
306	994
306	1000
307	793
307	812
307	986
307	991
308	554
308	822
308	861
308	995
309	374
309	586
309	941
309	991
310	211
310	892
310	902
310	918
311	27
311	761
311	940
311	969
312	914
312	956
312	980
312	1000
313	639
313	709
313	841
313	918
314	980
314	990
314	994
314	1000
315	148
315	666
315	927
315	948
316	102
316	560
316	949
316	966
317	714
317	870
317	930
317	993
318	43
318	465
318	555
318	989
319	414
319	931
319	972
319	989
320	819
320	942
320	987
320	998
321	724
321	909
321	977
321	996
322	809
322	828
322	858
322	997
323	452
323	673
323	712
323	930
324	852
324	854
324	929
324	989
325	500
325	873
325	975
325	976
326	863
326	892
326	940
326	970
327	149
327	202
327	740
327	974
328	142
328	931
328	949
328	999
329	361
329	726
329	859
329	989
330	756
330	915
330	995
330	997
331	369
331	934
331	974
331	998
332	766
332	791
332	924
332	988
333	242
333	871
333	892
333	968
334	742
334	747
334	833
334	981
335	380
335	994
335	997
335	1000
336	642
336	678
336	949
336	966
337	490
337	762
337	941
337	991
338	362
338	983
338	988
338	992
339	959
339	985
339	994
339	1000
340	36
340	946
340	983
340	995
341	247
341	352
341	948
341	979
342	660
342	767
342	835
342	952
343	125
343	960
343	989
343	993
344	848
344	985
344	990
344	994
345	507
345	696
345	891
345	996
346	882
346	921
346	969
346	986
347	897
347	926
347	928
347	995
348	707
348	866
348	964
348	987
349	244
349	460
349	784
349	995
350	639
350	892
350	952
350	983
351	109
351	850
351	901
351	902
352	271
352	341
352	904
352	979
353	673
353	732
353	996
353	999
354	947
354	961
354	981
354	990
355	77
355	923
355	934
355	988
356	165
356	950
356	987
356	988
357	866
357	942
357	964
357	988
358	157
358	659
358	947
358	971
359	740
359	755
359	810
359	876
360	700
360	935
360	992
360	1000
361	329
361	870
361	957
361	989
362	338
362	699
362	980
362	994
363	582
363	921
363	953
363	986
364	648
364	766
364	973
364	998
365	194
365	935
365	980
365	997
366	31
366	152
366	920
366	996
367	745
367	778
367	982
367	999
368	508
368	913
368	963
368	982
369	331
369	916
369	939
369	976
370	437
370	923
370	936
370	975
371	878
371	970
371	978
371	991
372	646
372	759
372	939
372	973
373	703
373	961
373	992
373	994
374	309
374	434
374	800
374	991
375	942
375	984
375	992
375	1000
376	735
376	794
376	926
376	995
377	543
377	776
377	949
377	996
378	131
378	770
378	835
378	986
379	739
379	813
379	984
379	985
380	335
380	887
380	914
380	928
381	798
381	801
381	893
381	947
382	885
382	938
382	948
382	973
383	608
383	967
383	984
383	997
384	429
384	511
384	766
384	998
385	744
385	803
385	975
385	988
386	715
386	905
386	941
386	951
387	657
387	890
387	932
387	995
388	598
388	888
388	906
388	910
389	417
389	637
389	937
389	997
390	522
390	855
390	908
390	929
391	812
391	850
391	969
391	970
392	542
392	797
392	906
392	982
393	468
393	553
393	571
393	603
394	425
394	927
394	981
394	1000
395	607
395	901
395	979
395	997
396	779
396	867
396	980
396	997
397	567
397	749
397	838
397	864
398	74
398	244
398	815
398	915
399	559
399	962
399	987
399	988
400	852
400	869
400	963
400	993
401	830
401	905
401	978
401	991
402	638
402	677
402	863
402	924
403	564
403	928
403	992
403	997
404	633
404	804
404	856
404	864
405	868
405	926
405	994
405	997
406	743
406	750
406	901
406	979
407	503
407	775
407	963
407	968
408	778
408	824
408	920
408	999
409	766
409	933
409	951
409	991
410	100
410	760
410	989
410	993
411	843
411	944
411	966
411	999
412	659
412	796
412	971
412	979
413	956
413	959
413	985
413	1000
414	319
414	729
414	795
414	989
415	253
415	743
415	971
415	979
416	768
416	904
416	948
416	979
417	255
417	389
417	704
417	928
418	102
418	965
418	980
418	990
419	69
419	686
419	814
419	996
420	441
420	679
420	880
420	999
421	888
421	946
421	972
421	999
422	146
422	630
422	709
422	892
423	251
423	760
423	989
423	993
424	574
424	862
424	938
424	971
425	96
425	394
425	770
425	935
426	736
426	758
426	881
426	959
427	630
427	942
427	984
427	987
428	468
428	944
428	982
428	996
429	384
429	883
429	975
429	976
430	811
430	864
430	915
430	995
431	86
431	706
431	868
431	899
432	985
432	992
432	997
432	1000
433	595
433	735
433	946
433	995
434	374
434	857
434	953
434	991
435	537
435	967
435	990
435	997
436	704
436	951
436	978
436	991
437	370
437	860
437	933
437	991
438	260
438	496
438	775
438	989
439	459
439	680
439	740
439	902
440	868
440	927
440	983
440	986
441	218
441	420
441	769
441	977
442	728
442	827
442	873
442	916
443	141
443	980
443	990
443	994
444	848
444	907
444	935
444	980
445	700
445	908
445	968
445	989
445	993
446	248
446	697
446	783
446	893
446	938
447	449
447	742
447	872
447	985
447	1000
448	672
448	939
448	961
448	964
448	973
449	447
449	685
449	985
449	992
449	997
450	603
450	620
450	851
450	863
450	969
451	74
451	597
451	811
451	974
451	995
452	323
452	776
452	779
452	829
452	972
453	837
453	984
453	985
453	997
453	1000
454	48
454	286
454	722
454	972
454	982
455	975
455	976
455	987
455	988
455	998
456	775
456	870
456	908
456	960
456	968
457	685
457	945
457	952
457	970
457	986
458	587
458	795
458	824
458	852
458	913
459	439
459	841
459	940
459	970
459	986
460	349
460	594
460	935
460	992
460	994
461	176
461	736
461	887
461	928
461	981
462	592
462	706
462	957
462	987
462	993
463	642
463	886
463	972
463	982
463	996
464	536
464	787
464	878
464	990
464	1000
465	318
465	556
465	913
465	925
465	989
466	962
466	973
466	974
466	976
466	987
467	256
467	839
467	887
467	965
467	990
468	393
468	428
468	806
468	918
468	969
469	928
469	984
469	985
469	990
469	997
470	904
470	933
470	941
470	978
470	991
471	548
471	830
471	890
471	912
471	995
472	844
472	906
472	935
472	954
472	994
473	679
473	744
473	829
473	837
473	996
474	689
474	693
474	742
474	821
474	1000
475	585
475	876
475	952
475	955
475	986
476	887
476	893
476	895
476	947
476	948
477	599
477	735
477	781
477	981
477	995
478	771
478	896
478	934
478	962
478	964
479	794
479	804
479	902
479	915
479	995
480	782
480	803
480	864
480	964
480	975
481	243
481	733
481	963
481	968
481	993
482	748
482	784
482	838
482	932
482	962
483	871
483	883
483	964
483	974
483	987
484	756
484	890
484	932
484	946
484	995
485	861
485	890
485	932
485	981
485	995
486	660
486	725
486	940
486	945
486	986
487	629
487	776
487	989
487	996
487	999
488	530
488	973
488	975
488	976
488	987
489	637
489	717
489	985
489	990
489	1000
490	337
490	513
490	671
490	996
490	999
491	780
491	796
491	885
491	889
491	982
492	757
492	849
492	888
492	910
492	999
493	51
493	826
493	946
493	972
493	995
494	670
494	884
494	950
494	976
494	998
495	593
495	664
495	760
495	869
495	960
496	438
496	731
496	930
496	983
496	989
497	766
497	803
497	924
497	975
497	976
498	632
498	826
498	830
498	912
498	995
499	816
499	820
499	930
499	960
499	989
500	325
500	964
500	976
500	988
500	1000
501	854
501	905
501	929
501	930
501	993
502	527
502	866
502	975
502	987
502	988
503	407
503	808
503	812
503	913
503	960
504	748
504	822
504	825
504	897
504	987
505	280
505	678
505	739
505	807
505	982
506	753
506	771
506	791
506	974
506	998
507	345
507	562
507	622
507	949
507	996
508	368
508	643
508	925
508	929
508	993
509	526
509	756
509	826
509	915
509	946
510	780
510	857
510	951
510	953
510	991
511	94
511	384
511	866
511	962
511	988
512	774
512	831
512	891
512	910
512	999
513	91
513	143
513	490
513	598
513	982
514	905
514	951
514	978
514	991
514	992
515	600
515	859
515	963
515	968
515	993
516	711
516	885
516	938
516	947
516	948
517	735
517	784
517	890
517	897
517	915
518	640
518	752
518	984
518	985
518	1000
519	818
519	917
519	934
519	975
519	976
520	899
520	908
520	913
520	968
520	993
521	533
521	800
521	951
521	953
521	991
522	390
522	854
522	930
522	957
522	993
523	548
523	836
523	894
523	953
523	991
524	265
524	990
524	992
524	994
524	1000
525	590
525	682
525	825
525	932
525	995
526	509
526	617
526	748
526	912
526	932
527	502
527	777
527	974
527	988
527	998
528	809
528	928
528	954
528	985
528	997
529	762
529	842
529	857
529	941
529	991
530	488
530	584
530	973
530	975
530	987
531	589
531	944
531	966
531	972
531	999
532	243
532	903
532	920
532	977
532	999
533	212
533	521
533	905
533	978
533	991
534	848
534	965
534	984
534	992
534	997
535	958
535	983
535	990
535	997
535	1000
536	464
536	813
536	936
536	984
536	994
537	435
537	680
537	767
537	952
537	970
538	733
538	737
538	929
538	960
538	963
539	818
539	894
539	917
539	923
539	998
540	565
540	656
540	966
540	977
540	996
541	920
541	922
541	961
541	967
541	990
542	392
542	944
542	966
542	996
542	999
543	205
543	377
543	906
543	972
543	982
544	715
544	762
544	800
544	933
544	978
544	991
545	645
545	762
545	951
545	953
545	978
545	991
546	690
546	922
546	981
546	990
546	999
546	1000
547	607
547	647
547	679
547	686
547	910
547	982
548	38
548	471
548	523
548	825
548	856
548	926
549	567
549	781
549	789
549	856
549	944
549	995
550	648
550	870
550	871
550	899
550	989
550	993
551	720
551	843
551	877
551	903
551	972
551	999
552	893
552	938
552	947
552	971
552	979
552	1000
553	393
553	738
553	767
553	840
553	850
553	981
554	308
554	595
554	811
554	821
554	946
554	995
555	318
555	600
555	820
555	861
555	957
555	963
556	465
556	916
556	974
556	975
556	976
556	998
557	634
557	832
557	912
557	922
557	984
557	994
558	699
558	939
558	962
558	964
558	973
558	998
559	399
559	804
559	864
559	926
559	946
559	995
560	97
560	316
560	647
560	942
560	966
560	972
561	914
561	928
561	954
561	959
561	983
561	994
562	67
562	507
562	772
562	880
562	996
562	999
563	304
563	603
563	669
563	865
563	952
563	969
564	403
564	689
564	940
564	961
564	992
564	1000
565	540
565	598
565	880
565	909
565	996
565	999
566	617
566	815
566	864
566	897
566	926
566	995
567	397
567	549
567	748
567	757
567	789
567	826
568	877
568	884
568	911
568	953
568	978
568	991
569	304
569	588
569	793
569	902
569	970
569	996
570	795
570	871
570	929
570	960
570	968
570	993
571	200
571	393
571	835
571	919
571	969
571	986
572	877
572	894
572	933
572	951
572	991
572	996
573	239
573	723
573	803
573	921
573	970
573	986
574	424
574	981
574	985
574	990
574	994
574	1000
575	295
575	297
575	847
575	976
575	987
575	998
576	916
576	935
576	956
576	965
576	997
576	1000
577	657
577	781
577	864
577	890
577	926
577	995
578	70
578	865
578	876
578	902
578	940
578	969
579	8
579	119
579	848
579	954
579	967
579	1000
580	591
580	598
580	880
580	906
580	962
580	999
581	680
581	806
581	841
581	882
581	955
581	962
582	261
582	363
582	590
582	602
582	786
582	806
583	211
583	699
583	851
583	965
583	981
583	992
584	530
584	896
584	936
584	976
584	987
584	989
585	475
585	717
585	805
585	865
585	952
585	960
586	309
586	917
586	939
586	943
586	987
586	1000
587	127
587	458
587	731
587	960
587	968
587	993
588	569
588	639
588	692
588	770
588	919
588	986
589	531
589	907
589	914
589	956
589	958
589	1000
590	525
590	582
590	740
590	882
590	952
590	970
591	580
591	679
591	903
591	966
591	968
591	982
592	87
592	112
592	462
592	823
592	963
592	989
593	495
593	649
593	816
593	899
593	929
593	930
594	85
594	460
594	779
594	868
594	945
594	981
595	433
595	554
595	811
595	838
595	932
595	946
596	807
596	843
596	906
596	910
596	982
596	996
597	451
597	749
597	897
597	926
597	932
597	995
598	388
598	513
598	565
598	580
598	966
598	996
599	160
599	477
599	856
599	897
599	946
599	995
600	240
600	515
600	555
600	899
600	960
600	993
601	94
601	184
601	787
601	873
601	936
601	998
602	582
602	622
602	738
602	850
602	939
602	952
603	185
603	293
603	393
603	450
603	563
603	841
604	88
604	714
604	853
604	957
604	979
604	989
605	166
605	924
605	939
605	942
605	943
605	962
605	975
606	73
606	764
606	916
606	936
606	942
606	964
606	987
607	132
607	395
607	547
607	862
607	938
607	948
607	971
608	210
608	383
608	681
608	742
608	802
608	980
608	1000
609	702
609	911
609	933
609	941
609	951
609	960
609	991
610	664
610	737
610	792
610	948
610	957
610	960
610	989
611	187
611	726
611	824
611	931
611	957
611	989
611	993
612	865
612	894
612	905
612	933
612	951
612	953
612	978
613	41
613	173
613	934
613	973
613	975
613	988
613	998
614	2
614	205
614	797
614	814
614	849
614	944
614	977
615	63
615	65
615	862
615	898
615	938
615	979
615	994
616	105
616	816
616	869
616	871
616	957
616	963
616	993
617	81
617	233
617	526
617	566
617	794
617	932
617	995
618	257
618	268
618	723
618	835
618	918
618	970
618	997
619	872
619	959
619	965
619	978
619	980
619	985
619	997
620	33
620	84
620	450
620	660
620	882
620	969
620	977
621	688
621	695
621	896
621	973
621	976
621	978
621	998
622	507
622	602
622	805
622	806
622	863
622	955
622	970
623	647
623	665
623	807
623	814
623	837
623	843
623	846
624	677
624	710
624	886
624	921
624	952
624	955
624	970
625	727
625	800
625	836
625	894
625	905
625	933
625	991
626	210
626	759
626	916
626	962
626	973
626	987
626	998
627	644
627	758
627	779
627	958
627	965
627	984
627	997
628	734
628	889
628	891
628	906
628	920
628	949
628	996
629	292
629	487
629	920
629	950
629	972
629	996
629	999
630	422
630	427
630	936
630	942
630	974
630	975
630	998
631	69
631	683
631	777
631	927
631	992
631	994
631	1000
632	498
632	856
632	861
632	890
632	911
632	932
632	995
633	68
633	404
633	789
633	861
633	897
633	946
633	995
634	557
634	719
634	922
634	928
634	958
634	959
634	1000
635	683
635	881
635	927
635	935
635	965
635	977
635	992
636	67
636	723
636	923
636	934
636	942
636	974
636	987
637	389
637	489
637	799
637	887
637	965
637	985
637	994
638	11
638	185
638	402
638	677
638	742
638	892
638	970
639	313
639	350
639	588
639	856
639	892
639	919
639	940
640	518
640	658
640	799
640	937
640	985
640	992
640	1000
641	653
641	695
641	900
641	962
641	975
641	987
641	998
642	336
642	463
642	757
642	966
642	977
642	982
642	999
643	508
643	779
643	828
643	872
643	914
643	980
643	983
644	292
644	627
644	647
644	880
644	966
644	972
644	999
645	545
645	752
645	905
645	911
645	973
645	978
645	991
646	241
646	372
646	723
646	725
646	793
646	918
646	970
647	547
647	560
647	623
647	644
647	718
647	888
647	972
648	364
648	550
648	824
648	869
648	968
648	989
648	993
649	593
649	795
649	852
649	866
649	963
649	968
649	989
650	922
650	935
650	937
650	961
650	963
650	981
650	990
651	203
651	659
651	901
651	904
651	947
651	971
651	979
652	900
652	939
652	943
652	964
652	966
652	974
652	988
653	64
653	191
653	641
653	879
653	916
653	974
653	998
654	736
654	758
654	867
654	875
654	954
654	965
654	990
655	280
655	807
655	822
655	880
655	903
655	944
655	999
656	540
656	828
656	922
656	927
656	981
656	992
656	997
657	7
657	387
657	577
657	804
657	826
657	897
657	995
658	640
658	836
658	905
658	941
658	953
658	978
658	991
659	158
659	358
659	412
659	651
659	763
659	860
659	885
660	93
660	231
660	342
660	486
660	620
660	955
660	986
661	106
661	843
661	888
661	977
661	978
661	982
661	996
662	727
662	845
662	911
662	932
662	941
662	951
662	953
663	763
663	885
663	898
663	901
663	938
663	947
663	948
663	995
664	495
664	610
664	925
664	931
664	963
664	968
664	991
664	993
665	164
665	200
665	623
665	876
665	892
665	918
665	919
665	955
666	158
666	315
666	784
666	862
666	893
666	898
666	971
666	979
667	95
667	173
667	677
667	786
667	918
667	919
667	921
667	986
668	710
668	809
668	937
668	954
668	965
668	981
668	984
668	994
669	115
669	563
669	687
669	840
669	940
669	969
669	986
669	999
670	198
670	494
670	691
670	782
670	939
670	950
670	974
670	998
671	14
671	490
671	858
671	880
671	972
671	977
671	982
671	996
672	192
672	448
672	703
672	827
672	924
672	973
672	987
672	998
673	31
673	323
673	353
673	949
673	966
673	977
673	996
673	999
674	857
674	877
674	911
674	933
674	953
674	978
674	986
674	991
675	76
675	851
675	958
675	961
675	980
675	994
675	999
675	1000
676	61
676	164
676	812
676	817
676	835
676	887
676	918
676	945
677	402
677	624
677	638
677	667
677	793
677	918
677	952
677	986
678	103
678	336
678	505
678	814
678	837
678	920
678	949
678	996
679	420
679	473
679	547
679	591
679	750
679	982
679	996
679	999
680	439
680	537
680	581
680	737
680	876
680	902
680	919
680	986
681	608
681	928
681	937
681	964
681	985
681	992
681	994
681	1000
682	291
682	525
682	735
682	748
682	784
682	813
682	861
682	912
683	631
683	635
683	779
683	943
683	980
683	984
683	985
683	992
684	46
684	741
684	860
684	878
684	884
684	933
684	978
684	991
685	449
685	457
685	806
685	865
685	892
685	940
685	945
685	986
686	419
686	547
686	837
686	846
686	888
686	891
686	996
686	999
687	669
687	723
687	786
687	810
687	812
687	835
687	944
687	986
688	103
688	621
688	923
688	924
688	973
688	987
688	988
688	998
689	474
689	564
689	756
689	981
689	983
689	984
689	990
689	997
690	546
690	867
690	875
690	928
690	937
690	956
690	986
690	990
691	670
691	782
691	873
691	896
691	917
691	942
691	962
691	998
692	4
692	588
692	847
692	942
692	962
692	974
692	987
692	998
693	215
693	474
693	887
693	967
693	981
693	983
693	985
693	994
694	800
694	844
694	857
694	860
694	884
694	941
694	953
694	991
695	621
695	641
695	924
695	936
695	943
695	962
695	973
695	988
696	345
696	829
696	886
696	910
696	944
696	949
696	982
696	999
697	446
697	768
697	889
697	893
697	904
697	938
697	947
697	948
698	936
698	965
698	967
698	981
698	992
698	994
698	997
698	1000
699	190
699	362
699	558
699	583
699	832
699	858
699	937
699	980
700	119
700	360
700	445
700	785
700	958
700	961
700	992
700	997
701	96
701	150
701	935
701	961
701	983
701	985
701	994
701	1000
702	609
702	752
702	800
702	884
702	941
702	953
702	978
702	991
703	373
703	672
703	821
703	935
703	956
703	967
703	984
703	992
704	417
704	436
704	839
704	956
704	958
704	980
704	992
704	997
705	251
705	792
705	854
705	859
705	957
705	963
705	989
705	993
706	431
706	462
706	820
706	850
706	853
706	957
706	968
706	993
707	348
707	718
707	798
707	862
707	901
707	947
707	971
707	979
708	907
708	915
708	959
708	967
708	983
708	984
708	992
708	997
709	231
709	313
709	422
709	793
709	882
709	902
709	933
709	970
710	239
710	624
710	668
710	918
710	945
710	952
710	955
710	970
711	201
711	516
711	798
711	885
711	889
711	901
711	971
711	979
712	303
712	323
712	797
712	843
712	920
712	944
712	977
712	982
713	900
713	916
713	924
713	939
713	950
713	971
713	976
713	998
714	235
714	317
714	604
714	855
714	913
714	925
714	930
714	957
714	993
715	386
715	544
715	853
715	894
715	905
715	951
715	953
715	978
715	991
716	253
716	719
716	896
716	923
716	964
716	973
716	976
716	987
716	998
717	275
717	489
717	585
717	840
717	940
717	945
717	952
717	955
717	986
718	65
718	647
718	707
718	780
718	895
718	901
718	938
718	947
718	979
719	634
719	716
719	777
719	858
719	875
719	980
719	990
719	992
719	1000
720	551
720	759
720	790
720	831
720	891
720	966
720	972
720	977
720	999
721	78
721	784
721	826
721	856
721	915
721	926
721	946
721	958
721	995
722	454
722	788
722	849
722	880
722	949
722	972
722	979
722	982
722	999
723	146
723	246
723	573
723	618
723	636
723	646
723	687
723	840
723	841
724	289
724	321
724	914
724	937
724	981
724	983
724	990
724	994
724	1000
725	486
725	646
725	840
725	841
725	921
725	945
725	952
725	986
725	992
726	22
726	329
726	611
726	731
726	854
726	899
726	913
726	925
726	993
727	625
727	662
727	762
727	834
727	842
727	878
727	884
727	941
727	991
728	37
728	442
728	847
728	873
728	900
728	917
728	973
728	976
728	998
729	53
729	414
729	733
729	823
729	852
729	855
729	930
729	989
729	993
730	35
730	768
730	873
730	889
730	904
730	938
730	947
730	971
730	979
731	1
731	496
731	587
731	726
731	764
731	808
731	855
731	925
731	993
732	301
732	353
732	788
732	807
732	814
732	909
732	917
732	944
732	999
733	151
733	481
733	538
733	729
733	833
733	852
733	960
733	989
733	993
734	216
734	223
734	628
734	788
734	891
734	910
734	966
734	996
734	999
735	376
735	433
735	477
735	517
735	682
735	791
735	897
735	926
735	995
736	426
736	461
736	654
736	907
736	958
736	990
736	992
736	994
736	997
737	538
737	610
737	680
737	816
737	871
737	930
737	963
737	989
737	993
738	203
738	237
738	553
738	602
738	835
738	919
738	921
738	945
738	969
739	178
739	227
739	379
739	505
739	772
739	886
739	949
739	982
739	996
740	327
740	359
740	439
740	590
740	767
740	940
740	969
740	970
740	986
741	172
741	684
741	857
741	894
741	933
741	951
741	953
741	978
741	991
742	76
742	334
742	447
742	474
742	608
742	638
742	980
742	984
742	990
743	229
743	406
743	415
743	893
743	895
743	947
743	948
743	971
743	979
744	385
744	473
744	764
744	942
744	962
744	973
744	974
744	988
744	998
745	31
745	217
745	218
745	302
745	367
745	769
745	929
745	972
745	977
746	818
746	917
746	923
746	934
746	939
746	964
746	976
746	983
746	998
747	10
747	278
747	334
747	885
747	954
747	956
747	980
747	994
747	997
748	135
748	482
748	504
748	526
748	567
748	682
748	815
748	890
748	995
749	260
749	397
749	597
749	804
749	815
749	915
749	932
749	949
749	995
750	126
750	406
750	679
750	829
750	891
750	966
750	982
750	996
750	999
751	762
751	845
751	878
751	933
751	941
751	953
751	958
751	978
751	991
752	518
752	645
752	702
752	842
752	860
752	894
752	951
752	953
752	991
753	54
753	506
753	874
753	924
753	961
753	975
753	976
753	987
753	988
753	998
754	175
754	869
754	929
754	930
754	957
754	960
754	968
754	979
754	989
754	993
755	359
755	767
755	805
755	840
755	912
755	919
755	921
755	940
755	969
755	986
756	330
756	484
756	509
756	689
756	781
756	825
756	912
756	915
756	946
756	995
757	492
757	567
757	642
757	903
757	909
757	944
757	966
757	977
757	996
757	999
758	183
758	426
758	627
758	654
758	833
758	927
758	961
758	980
758	990
758	992
759	372
759	626
759	720
759	879
759	883
759	896
759	942
759	943
759	962
759	998
760	410
760	423
760	495
760	808
760	823
760	831
760	913
760	963
760	968
760	993
761	153
761	185
761	209
761	311
761	806
761	892
761	945
761	955
761	970
761	997
762	337
762	529
762	544
762	545
762	727
762	751
762	911
762	978
762	991
762	1000
763	40
763	659
763	663
763	780
763	862
763	889
763	947
763	948
763	971
763	979
764	606
764	731
764	744
764	771
764	942
764	964
764	973
764	974
764	988
764	998
765	26
765	875
765	961
765	963
765	967
765	983
765	992
765	994
765	997
765	1000
766	332
766	364
766	384
766	409
766	497
766	883
766	939
766	976
766	988
766	998
767	115
767	342
767	537
767	553
767	740
767	755
767	969
767	970
767	986
767	996
768	416
768	697
768	730
768	789
768	796
768	895
768	898
768	901
768	904
768	971
769	441
769	745
769	829
769	888
769	920
769	949
769	959
769	972
769	996
769	999
770	274
770	378
770	425
770	588
770	817
770	841
770	850
770	918
770	919
770	986
771	228
771	478
771	506
771	764
771	819
771	916
771	934
771	950
771	993
771	998
772	91
772	562
772	739
772	966
772	972
772	977
772	982
772	996
772	998
772	999
773	843
773	868
773	937
773	961
773	981
773	985
773	992
773	994
773	997
773	1000
774	512
774	782
774	819
774	916
774	923
774	924
774	973
774	976
774	987
774	998
775	407
775	438
775	456
775	816
775	868
775	930
775	931
775	960
775	989
775	993
776	80
776	377
776	452
776	487
776	831
776	903
776	909
776	937
776	977
776	996
777	527
777	631
777	719
777	799
777	881
777	956
777	984
777	994
777	997
777	1000
778	367
778	408
778	828
778	837
778	880
778	886
778	910
778	977
778	982
778	999
779	396
779	452
779	594
779	627
779	643
779	683
779	907
779	954
779	984
779	997
780	148
780	491
780	510
780	718
780	763
780	895
780	938
780	948
780	971
780	979
781	186
781	477
781	549
781	577
781	756
781	789
781	811
781	825
781	946
781	968
781	995
782	163
782	480
782	670
782	691
782	774
782	917
782	932
782	942
782	962
782	973
782	975
783	446
783	821
783	887
783	922
783	937
783	956
783	959
783	980
783	985
783	990
783	992
784	349
784	482
784	517
784	666
784	682
784	721
784	804
784	822
784	830
784	946
784	991
785	50
785	117
785	700
785	834
785	858
785	935
785	954
785	961
785	980
785	990
785	994
786	204
786	582
786	667
786	687
786	793
786	841
786	904
786	940
786	945
786	970
786	986
787	464
787	601
787	799
787	833
787	907
787	959
787	983
787	985
787	990
787	994
787	1000
788	722
788	732
788	734
788	846
788	849
788	907
788	966
788	972
788	977
788	996
788	999
789	78
789	549
789	567
789	633
789	768
789	781
789	804
789	811
789	912
789	926
789	995
790	221
790	301
790	720
790	797
790	872
790	891
790	966
790	972
790	977
790	982
790	996
791	105
791	332
791	506
791	735
791	879
791	936
791	962
791	964
791	973
791	974
791	998
792	610
792	705
792	808
792	871
792	913
792	929
792	931
792	957
792	963
792	983
792	989
793	307
793	569
793	646
793	677
793	709
793	786
793	805
793	921
793	955
793	969
793	991
794	116
794	223
794	376
794	479
794	617
794	815
794	861
794	912
794	926
794	943
794	995
795	187
795	414
795	458
795	570
795	649
795	852
795	903
795	929
795	931
795	968
795	989
796	412
796	491
796	768
796	801
796	817
796	885
796	889
796	898
796	901
796	948
796	971
797	392
797	614
797	712
797	790
797	831
797	906
797	909
797	913
797	920
797	977
797	996
798	42
798	47
798	229
798	381
798	707
798	711
798	885
798	889
798	898
798	971
798	979
799	637
799	640
799	777
799	787
799	833
799	928
799	961
799	967
799	983
799	995
799	1000
800	374
800	521
800	544
800	625
800	694
800	702
800	941
800	951
800	956
800	978
800	991
801	35
801	235
801	381
801	796
801	885
801	895
801	904
801	938
801	948
801	979
801	998
802	608
802	813
802	956
802	967
802	981
802	984
802	990
802	992
802	994
802	999
802	1000
803	385
803	480
803	497
803	573
803	934
803	942
803	950
803	976
803	987
803	988
803	998
804	78
804	155
804	404
804	479
804	559
804	657
804	749
804	784
804	789
804	946
804	969
805	211
805	257
805	585
805	622
805	755
805	793
805	882
805	921
805	940
805	955
805	969
805	993
806	104
806	152
806	468
806	581
806	582
806	622
806	685
806	761
806	842
806	921
806	952
806	970
807	114
807	505
807	596
807	623
807	655
807	732
807	846
807	909
807	920
807	972
807	977
807	982
808	296
808	503
808	731
808	760
808	792
808	870
808	931
808	968
808	989
808	992
808	993
808	1000
809	300
809	322
809	528
809	668
809	881
809	946
809	956
809	959
809	965
809	980
809	990
809	1000
810	153
810	241
810	359
810	687
810	879
810	882
810	919
810	921
810	940
810	955
810	969
810	970
811	74
811	252
811	430
811	451
811	554
811	595
811	781
811	789
811	830
811	883
811	932
811	995
812	299
812	307
812	391
812	503
812	676
812	687
812	850
812	892
812	952
812	960
812	970
812	986
813	123
813	379
813	536
813	682
813	802
813	851
813	922
813	928
813	959
813	984
813	997
813	1000
814	419
814	614
814	623
814	678
814	732
814	886
814	910
814	938
814	944
814	966
814	977
814	996
815	398
815	566
815	748
815	749
815	794
815	838
815	869
815	897
815	926
815	928
815	932
815	995
816	3
816	216
816	499
816	593
816	616
816	737
816	775
816	852
816	859
816	968
816	989
816	993
817	241
817	676
817	770
817	796
817	865
817	882
817	902
817	918
817	921
817	945
817	969
817	981
818	225
818	519
818	539
818	746
818	879
818	943
818	950
818	964
818	975
818	976
818	987
818	988
819	9
819	320
819	771
819	774
819	896
819	916
819	930
819	936
819	943
819	950
819	976
819	988
820	151
820	499
820	555
820	706
820	915
820	925
820	931
820	957
820	960
820	968
820	989
820	993
821	474
821	554
821	703
821	783
821	839
821	935
821	958
821	981
821	983
821	984
821	994
821	997
822	186
822	308
822	504
822	655
822	784
822	825
822	864
822	890
822	897
822	912
822	946
822	995
823	592
823	729
823	760
823	869
823	871
823	908
823	913
823	940
823	960
823	963
823	989
823	993
824	408
824	458
824	611
824	648
824	855
824	869
824	870
824	899
824	929
824	968
824	989
824	994
825	244
825	504
825	525
825	548
825	756
825	781
825	822
825	915
825	926
825	932
825	995
825	999
826	493
826	498
826	509
826	567
826	657
826	721
826	861
826	890
826	912
826	946
826	987
826	995
827	288
827	442
827	672
827	873
827	900
827	943
827	964
827	974
827	975
827	988
827	993
827	998
828	207
828	322
828	643
828	656
828	778
828	867
828	876
828	958
828	959
828	967
828	994
828	997
829	452
829	473
829	696
829	750
829	769
829	886
829	891
829	956
829	966
829	982
829	996
829	999
830	101
830	401
830	471
830	498
830	784
830	811
830	856
830	861
830	864
830	890
830	912
830	915
830	932
831	512
831	720
831	760
831	776
831	797
831	837
831	891
831	910
831	944
831	949
831	966
831	982
831	999
832	213
832	557
832	699
832	922
832	934
832	935
832	958
832	965
832	983
832	984
832	994
832	997
832	1000
833	168
833	334
833	733
833	758
833	787
833	799
833	965
833	981
833	983
833	984
833	985
833	994
833	997
834	145
834	727
834	785
834	836
834	860
834	877
834	884
834	894
834	911
834	933
834	941
834	978
834	991
835	268
835	342
835	378
835	571
835	618
835	676
835	687
835	738
835	840
835	850
835	895
835	952
835	974
836	34
836	523
836	625
836	658
836	834
836	845
836	877
836	884
836	911
836	933
836	942
836	978
836	991
837	182
837	453
837	473
837	623
837	678
837	686
837	778
837	831
837	944
837	966
837	972
837	982
837	996
838	252
838	397
838	482
838	595
838	815
838	856
838	861
838	864
838	899
838	912
838	915
838	953
838	995
839	92
839	467
839	704
839	821
839	872
839	954
839	958
839	980
839	990
839	994
839	996
839	997
839	1000
840	298
840	553
840	669
840	717
840	723
840	725
840	755
840	835
840	850
840	882
840	922
840	940
840	945
841	313
841	459
841	581
841	603
841	723
841	725
841	770
841	786
841	882
841	902
841	918
841	919
841	945
841	985
842	529
842	727
842	752
842	806
842	857
842	860
842	878
842	884
842	894
842	925
842	933
842	951
842	978
842	991
843	40
843	302
843	411
843	551
843	596
843	623
843	661
843	712
843	773
843	909
843	972
843	977
843	996
843	999
844	25
844	472
844	694
844	927
844	958
844	967
844	981
844	985
844	990
844	992
844	994
844	997
844	998
844	1000
845	226
845	662
845	751
845	836
845	860
845	877
845	878
845	884
845	911
845	941
845	951
845	963
845	978
845	991
846	90
846	250
846	301
846	623
846	686
846	788
846	807
846	886
846	920
846	924
846	972
846	982
846	996
846	999
847	17
847	202
847	272
847	575
847	692
847	728
847	874
847	900
847	924
847	936
847	939
847	964
847	975
847	998
848	344
848	444
848	534
848	579
848	882
848	959
848	965
848	967
848	976
848	983
848	984
848	990
848	994
848	1000
849	80
849	113
849	492
849	614
849	722
849	788
849	903
849	909
849	910
849	972
849	977
849	996
849	998
849	999
850	71
850	351
850	391
850	553
850	602
850	706
850	770
850	812
850	835
850	840
850	865
850	945
850	952
850	995
851	25
851	153
851	450
851	583
851	675
851	813
851	927
851	954
851	956
851	981
851	983
851	990
851	992
851	994
851	997
852	154
852	324
852	400
852	458
852	649
852	729
852	733
852	795
852	816
852	853
852	913
852	931
852	949
852	963
852	968
853	39
853	125
853	242
853	604
853	706
853	715
853	852
853	878
853	899
853	925
853	929
853	931
853	957
853	989
853	993
854	52
854	225
854	234
854	324
854	501
854	522
854	705
854	726
854	899
854	908
854	910
854	931
854	957
854	960
854	989
855	53
855	66
855	390
855	714
855	729
855	731
855	824
855	908
855	913
855	925
855	931
855	957
855	986
855	989
855	993
856	43
856	276
856	404
856	548
856	549
856	599
856	632
856	639
856	721
856	830
856	838
856	864
856	926
856	946
856	979
856	995
857	258
857	434
857	510
857	529
857	674
857	694
857	741
857	842
857	877
857	884
857	933
857	941
857	951
857	953
857	978
857	991
858	10
858	188
858	322
858	671
858	699
858	719
858	785
858	875
858	881
858	907
858	914
858	922
858	983
858	984
858	994
858	1000
859	39
859	329
859	515
859	705
859	816
859	871
859	899
859	908
859	917
859	925
859	930
859	957
859	960
859	963
859	989
859	993
860	437
860	659
860	684
860	694
860	752
860	834
860	842
860	845
860	877
860	878
860	905
860	941
860	951
860	953
860	978
860	991
861	20
861	172
861	308
861	485
861	555
861	632
861	633
861	682
861	794
861	826
861	830
861	838
861	912
861	915
861	926
861	995
862	220
862	424
862	607
862	615
862	666
862	707
862	763
862	871
862	889
862	895
862	904
862	938
862	948
862	971
862	973
862	979
863	92
863	180
863	326
863	402
863	450
863	622
863	882
863	892
863	911
863	919
863	940
863	945
863	952
863	969
863	970
863	986
864	397
864	404
864	430
864	480
864	559
864	566
864	577
864	822
864	830
864	838
864	856
864	897
864	915
864	926
864	946
864	995
865	174
865	204
865	231
865	236
865	304
865	563
865	578
865	585
865	612
865	685
865	817
865	850
865	902
865	969
865	970
865	986
866	156
866	348
866	357
866	502
866	511
866	649
866	883
866	896
866	916
866	917
866	950
866	957
866	962
866	964
866	988
866	998
867	181
867	396
867	654
867	690
867	828
867	875
867	881
867	916
867	937
867	954
867	967
867	981
867	983
867	984
867	992
867	997
868	85
868	405
868	431
868	440
868	594
868	773
868	775
868	872
868	922
868	959
868	961
868	983
868	985
868	990
868	994
868	1000
869	213
869	400
869	495
869	616
869	648
869	754
869	815
869	823
869	824
869	871
869	899
869	908
869	963
869	968
869	989
869	993
870	206
870	317
870	361
870	456
870	550
870	808
870	824
870	925
870	929
870	931
870	949
870	957
870	960
870	968
870	989
870	993
871	240
871	333
871	483
871	550
871	570
871	616
871	737
871	792
871	823
871	859
871	862
871	869
871	908
871	925
871	963
871	989
871	993
872	18
872	447
872	619
872	643
872	790
872	839
872	868
872	907
872	914
872	961
872	965
872	967
872	981
872	984
872	985
872	992
872	997
873	105
873	325
873	442
873	601
873	691
873	728
873	730
873	827
873	914
873	923
873	924
873	934
873	973
873	974
873	975
873	988
873	998
874	288
874	753
874	847
874	879
874	883
874	913
874	917
874	939
874	945
874	950
874	964
874	973
874	974
874	975
874	976
874	987
874	998
875	654
875	690
875	719
875	765
875	858
875	867
875	887
875	927
875	959
875	963
875	980
875	983
875	985
875	990
875	992
875	997
875	1000
876	61
876	237
876	298
876	303
876	304
876	359
876	475
876	578
876	665
876	680
876	828
876	902
876	918
876	919
876	955
876	959
876	969
876	986
877	551
877	568
877	572
877	674
877	834
877	836
877	845
877	857
877	860
877	878
877	894
877	923
877	933
877	941
877	951
877	953
877	978
877	991
878	177
878	371
878	464
878	684
878	727
878	751
878	842
878	845
878	853
878	860
878	877
878	884
878	911
878	933
878	951
878	953
878	978
878	991
879	114
879	130
879	136
879	259
879	281
879	297
879	653
879	759
879	791
879	810
879	818
879	874
879	936
879	943
879	950
879	987
879	988
879	998
880	80
880	232
880	420
880	562
880	565
880	580
880	644
880	655
880	671
880	722
880	778
880	903
880	906
880	934
880	972
880	977
880	990
880	996
881	165
881	306
881	426
881	635
881	777
881	809
881	858
881	867
881	961
881	965
881	967
881	980
881	983
881	984
881	985
881	990
881	992
881	996
881	1000
882	346
882	581
882	590
882	620
882	709
882	805
882	810
882	817
882	840
882	841
882	848
882	863
882	914
882	919
882	921
882	952
882	955
882	969
882	970
883	238
883	249
883	429
883	483
883	759
883	766
883	811
883	866
883	874
883	896
883	923
883	936
883	962
883	973
883	974
883	975
883	976
883	987
883	998
884	145
884	494
884	568
884	684
884	694
884	702
884	727
884	834
884	836
884	842
884	845
884	857
884	878
884	911
884	941
884	951
884	965
884	978
884	991
885	266
885	271
885	382
885	491
885	516
885	659
885	663
885	711
885	747
885	796
885	798
885	801
885	893
885	895
885	898
885	901
885	947
885	971
885	979
886	32
886	161
886	197
886	463
886	624
886	696
886	739
886	778
886	814
886	829
886	846
886	910
886	944
886	949
886	977
886	982
886	990
886	996
886	999
887	98
887	117
887	190
887	256
887	380
887	461
887	467
887	476
887	637
887	676
887	693
887	783
887	875
887	927
887	958
887	981
887	990
887	994
887	997
888	198
888	250
888	298
888	388
888	421
888	492
888	647
888	661
888	686
888	769
888	891
888	920
888	944
888	949
888	966
888	972
888	985
888	996
888	999
889	148
889	295
889	491
889	628
889	697
889	711
889	730
889	763
889	796
889	798
889	862
889	893
889	895
889	901
889	938
889	947
889	948
889	971
889	995
890	15
890	77
890	387
890	471
890	484
890	485
890	517
890	577
890	632
890	748
890	822
890	826
890	830
890	912
890	915
890	926
890	932
890	988
890	995
891	217
891	302
891	345
891	512
891	628
891	686
891	720
891	734
891	750
891	790
891	829
891	831
891	888
891	910
891	944
891	975
891	982
891	994
891	999
892	84
892	118
892	147
892	310
892	326
892	333
892	350
892	422
892	638
892	639
892	665
892	685
892	761
892	812
892	863
892	918
892	940
892	952
892	969
893	179
893	189
893	284
893	381
893	446
893	476
893	552
893	666
893	697
893	743
893	885
893	889
893	896
893	898
893	901
893	904
893	947
893	971
893	979
893	994
894	19
894	59
894	523
894	539
894	572
894	612
894	625
894	715
894	741
894	752
894	834
894	842
894	877
894	905
894	911
894	951
894	953
894	978
894	990
894	991
895	30
895	35
895	133
895	189
895	476
895	718
895	743
895	768
895	780
895	801
895	835
895	862
895	885
895	889
895	898
895	901
895	938
895	947
895	975
895	979
896	136
896	169
896	199
896	258
896	478
896	584
896	621
896	691
896	716
896	759
896	819
896	866
896	883
896	893
896	936
896	943
896	964
896	974
896	988
896	993
897	75
897	98
897	135
897	347
897	504
897	517
897	566
897	597
897	599
897	633
897	657
897	735
897	815
897	822
897	864
897	912
897	915
897	926
897	958
897	995
898	110
898	179
898	203
898	615
898	663
898	666
898	768
898	796
898	798
898	885
898	893
898	895
898	901
898	904
898	938
898	939
898	947
898	948
898	967
898	971
899	431
899	520
899	550
899	593
899	600
899	726
899	824
899	838
899	853
899	854
899	859
899	869
899	908
899	910
899	929
899	931
899	957
899	963
899	989
899	993
900	130
900	249
900	263
900	641
900	652
900	713
900	728
900	827
900	847
900	916
900	923
900	934
900	962
900	974
900	976
900	977
900	987
900	988
900	990
900	998
901	99
901	351
901	395
901	406
901	651
901	663
901	707
901	711
901	718
901	768
901	796
901	885
901	889
901	893
901	895
901	898
901	948
901	957
901	971
901	979
902	174
902	310
902	351
902	439
902	479
902	569
902	578
902	680
902	709
902	817
902	841
902	865
902	876
902	918
902	921
902	945
902	955
902	970
902	986
902	994
903	16
903	532
903	551
903	591
903	655
903	757
903	776
903	795
903	849
903	880
903	906
903	909
903	920
903	949
903	972
903	977
903	980
903	982
903	996
903	999
904	132
904	179
904	295
904	352
904	416
904	470
904	651
904	697
904	730
904	768
904	786
904	801
904	862
904	893
904	898
904	938
904	947
904	948
904	971
904	979
905	121
905	294
905	386
905	401
905	501
905	514
905	533
905	612
905	625
905	645
905	658
905	715
905	860
905	894
905	911
905	930
905	933
905	941
905	953
905	978
905	991
906	16
906	62
906	388
906	392
906	472
906	543
906	580
906	596
906	628
906	797
906	880
906	903
906	910
906	920
906	949
906	966
906	972
906	982
906	991
906	996
906	999
907	137
907	444
907	589
907	708
907	736
907	779
907	787
907	788
907	858
907	872
907	937
907	952
907	956
907	967
907	980
907	984
907	990
907	992
907	994
907	997
907	1000
908	219
908	296
908	390
908	445
908	456
908	520
908	823
908	854
908	855
908	859
908	869
908	871
908	899
908	909
908	913
908	925
908	929
908	960
908	985
908	989
908	992
908	993
909	292
909	321
909	565
909	732
909	757
909	776
909	797
909	807
909	843
909	849
909	903
909	908
909	910
909	944
909	949
909	950
909	966
909	972
909	977
909	982
909	996
909	999
910	227
910	388
910	492
910	512
910	547
910	596
910	696
910	734
910	778
910	814
910	831
910	849
910	854
910	886
910	891
910	899
910	906
910	909
910	949
910	982
910	996
910	999
911	177
911	294
911	568
911	609
911	632
911	645
911	662
911	674
911	762
911	834
911	836
911	845
911	863
911	878
911	884
911	894
911	905
911	941
911	951
911	953
911	978
911	991
912	68
912	75
912	82
912	471
912	498
912	526
912	557
912	682
912	755
912	756
912	789
912	794
912	822
912	826
912	830
912	838
912	861
912	890
912	897
912	915
912	946
912	995
913	193
913	368
913	458
913	465
913	503
913	520
913	714
913	726
913	760
913	792
913	797
913	823
913	852
913	855
913	874
913	908
913	925
913	929
913	930
913	957
913	963
913	993
914	166
914	254
914	265
914	312
914	380
914	561
914	589
914	643
914	724
914	858
914	872
914	873
914	882
914	927
914	954
914	956
914	959
914	961
914	980
914	990
914	992
914	997
914	1000
915	36
915	55
915	330
915	398
915	430
915	479
915	509
915	517
915	708
915	721
915	749
915	756
915	820
915	825
915	830
915	838
915	861
915	864
915	890
915	897
915	912
915	932
915	995
916	23
916	149
916	305
916	369
916	442
916	556
916	576
916	606
916	626
916	653
916	713
916	771
916	774
916	819
916	866
916	867
916	900
916	936
916	950
916	964
916	976
916	987
916	998
917	64
917	94
917	214
917	519
917	539
917	586
917	691
917	728
917	732
917	746
917	782
917	859
917	866
917	874
917	931
917	936
917	939
917	964
917	973
917	974
917	975
917	976
917	987
917	998
918	1
918	71
918	303
918	310
918	313
918	468
918	618
918	646
918	665
918	667
918	676
918	677
918	710
918	770
918	817
918	841
918	876
918	892
918	902
918	923
918	952
918	955
918	969
918	986
919	131
919	279
919	299
919	571
919	588
919	639
919	665
919	667
919	680
919	738
919	755
919	770
919	810
919	841
919	863
919	876
919	882
919	921
919	945
919	955
919	969
919	970
919	986
919	998
920	161
920	170
920	214
920	366
920	408
920	532
920	541
920	628
920	629
920	678
920	712
920	769
920	797
920	807
920	846
920	888
920	903
920	906
920	921
920	944
920	949
920	966
920	977
920	999
921	11
921	71
921	109
921	346
921	363
921	573
921	624
921	667
921	725
921	738
921	755
921	793
921	805
921	806
921	810
921	817
921	882
921	902
921	919
921	920
921	940
921	955
921	980
921	986
922	541
922	546
922	557
922	634
922	650
922	656
922	783
922	813
922	832
922	840
922	858
922	868
922	933
922	954
922	959
922	967
922	980
922	981
922	983
922	990
922	992
922	994
922	997
922	1000
923	184
923	191
923	202
923	281
923	355
923	370
923	539
923	636
923	688
923	716
923	746
923	774
923	873
923	877
923	883
923	900
923	918
923	924
923	936
923	964
923	975
923	976
923	987
923	988
923	998
924	9
924	332
924	402
924	497
924	605
924	672
924	688
924	695
924	713
924	753
924	774
924	846
924	847
924	873
924	923
924	934
924	943
924	950
924	973
924	974
924	975
924	976
924	987
924	988
924	998
925	28
925	86
925	112
925	193
925	465
925	508
925	664
925	714
925	726
925	731
925	820
925	842
925	853
925	855
925	859
925	870
925	871
925	908
925	913
925	929
925	930
925	947
925	960
925	963
925	968
925	993
926	28
926	82
926	160
926	276
926	347
926	376
926	405
926	548
926	559
926	566
926	577
926	597
926	721
926	735
926	789
926	794
926	815
926	825
926	856
926	861
926	864
926	890
926	897
926	932
926	946
926	995
927	29
927	255
927	315
927	394
927	440
927	631
927	635
927	656
927	758
927	844
927	851
927	875
927	887
927	914
927	935
927	954
927	956
927	961
927	965
927	981
927	982
927	983
927	990
927	992
927	994
927	997
928	247
928	347
928	380
928	403
928	417
928	461
928	469
928	528
928	561
928	634
928	681
928	690
928	799
928	813
928	815
928	954
928	958
928	965
928	981
928	983
928	984
928	990
928	992
928	994
928	997
928	1000
929	88
929	112
929	182
929	324
929	390
929	501
929	508
929	538
929	570
929	593
929	745
929	754
929	792
929	795
929	824
929	853
929	870
929	899
929	908
929	913
929	925
929	930
929	931
929	963
929	968
929	989
930	90
930	100
930	128
930	279
930	317
930	323
930	496
930	499
930	501
930	522
930	593
930	714
930	729
930	737
930	754
930	775
930	819
930	859
930	905
930	913
930	925
930	929
930	931
930	960
930	989
930	993
931	167
931	279
931	319
931	328
931	611
931	664
931	775
931	792
931	795
931	808
931	820
931	852
931	853
931	854
931	855
931	870
931	899
931	917
931	929
931	930
931	957
931	960
931	961
931	968
931	989
931	993
932	21
932	44
932	101
932	134
932	387
932	482
932	484
932	485
932	525
932	526
932	595
932	597
932	617
932	632
932	662
932	749
932	782
932	811
932	815
932	825
932	830
932	890
932	915
932	926
932	946
932	995
933	34
933	409
933	437
933	470
933	544
933	572
933	609
933	612
933	625
933	674
933	684
933	709
933	741
933	751
933	834
933	836
933	842
933	857
933	877
933	878
933	905
933	922
933	941
933	951
933	978
933	991
933	994
934	54
934	215
934	331
934	355
934	478
934	519
934	613
934	636
934	746
934	771
934	803
934	832
934	873
934	880
934	900
934	924
934	939
934	943
934	950
934	964
934	973
934	974
934	975
934	976
934	984
934	987
934	998
935	49
935	122
935	194
935	360
935	365
935	425
935	444
935	460
935	472
935	576
935	635
935	650
935	701
935	703
935	785
935	821
935	832
935	927
935	977
935	981
935	983
935	984
935	985
935	990
935	992
935	994
935	997
936	169
936	262
936	370
936	536
936	584
936	601
936	606
936	630
936	695
936	698
936	791
936	819
936	847
936	879
936	883
936	896
936	916
936	917
936	923
936	943
936	950
936	973
936	974
936	975
936	988
936	991
936	998
937	266
937	389
937	640
937	650
937	668
937	681
937	690
937	699
937	724
937	773
937	776
937	783
937	867
937	907
937	956
937	961
937	967
937	980
937	981
937	984
937	985
937	986
937	990
937	992
937	994
937	997
937	1000
938	132
938	138
938	270
938	282
938	382
938	424
938	446
938	516
938	552
938	607
938	615
938	663
938	697
938	718
938	730
938	780
938	801
938	814
938	862
938	889
938	895
938	898
938	904
938	947
938	948
938	971
938	979
938	998
939	127
939	184
939	369
939	372
939	448
939	558
939	586
939	602
939	605
939	652
939	670
939	713
939	746
939	766
939	847
939	874
939	898
939	917
939	934
939	943
939	962
939	964
939	973
939	974
939	976
939	988
939	994
939	998
940	27
940	95
940	236
940	246
940	290
940	311
940	326
940	459
940	486
940	564
940	578
940	639
940	669
940	685
940	717
940	740
940	755
940	786
940	805
940	810
940	823
940	840
940	863
940	892
940	921
940	945
940	967
940	986
941	19
941	228
941	309
941	337
941	386
941	470
941	529
941	609
941	658
941	662
941	694
941	702
941	727
941	751
941	800
941	834
941	845
941	857
941	860
941	877
941	884
941	905
941	911
941	933
941	953
941	961
941	978
941	991
942	79
942	163
942	210
942	320
942	357
942	375
942	427
942	560
942	605
942	606
942	630
942	636
942	691
942	692
942	744
942	759
942	764
942	782
942	803
942	836
942	943
942	950
942	973
942	974
942	975
942	976
942	987
942	988
942	998
943	67
943	114
943	130
943	156
943	285
943	586
943	605
943	652
943	683
943	695
943	759
943	794
943	818
943	819
943	827
943	879
943	896
943	924
943	934
943	936
943	939
943	942
943	962
943	964
943	973
943	976
943	987
943	988
943	998
943	999
944	108
944	227
944	277
944	411
944	428
944	531
944	542
944	549
944	614
944	655
944	687
944	696
944	712
944	732
944	757
944	814
944	831
944	837
944	886
944	888
944	891
944	909
944	920
944	962
944	966
944	972
944	977
944	982
944	996
944	999
945	56
945	164
945	173
945	180
945	259
945	261
945	457
945	486
945	594
945	676
945	685
945	710
945	717
945	725
945	738
945	761
945	786
945	817
945	840
945	841
945	850
945	863
945	874
945	902
945	919
945	940
945	955
945	969
945	970
945	1000
946	36
946	51
946	155
946	260
946	340
946	421
946	433
946	484
946	493
946	509
946	554
946	559
946	595
946	599
946	633
946	721
946	756
946	781
946	784
946	804
946	809
946	822
946	826
946	856
946	864
946	912
946	926
946	932
946	976
946	995
947	6
947	30
947	248
947	295
947	354
947	358
947	381
947	476
947	516
947	552
947	651
947	663
947	697
947	707
947	718
947	730
947	743
947	763
947	885
947	889
947	893
947	895
947	898
947	904
947	925
947	938
947	948
947	971
947	979
947	989
947	992
948	6
948	47
948	57
948	63
948	65
948	160
948	220
948	315
948	341
948	382
948	416
948	476
948	516
948	607
948	610
948	663
948	697
948	743
948	763
948	780
948	796
948	801
948	862
948	889
948	898
948	901
948	904
948	938
948	947
948	971
948	979
949	16
949	45
949	124
949	280
949	316
949	328
949	336
949	377
949	507
949	628
949	673
949	678
949	696
949	722
949	739
949	749
949	769
949	831
949	852
949	870
949	886
949	888
949	903
949	906
949	909
949	910
949	920
949	966
949	972
949	977
949	996
949	999
950	4
950	12
950	58
950	60
950	162
950	197
950	206
950	249
950	356
950	494
950	629
950	670
950	713
950	771
950	803
950	818
950	819
950	866
950	874
950	879
950	909
950	916
950	924
950	934
950	936
950	942
950	962
950	964
950	974
950	987
950	988
950	998
951	29
951	270
951	386
951	409
951	436
951	510
951	514
951	521
951	545
951	572
951	609
951	612
951	662
951	715
951	741
951	752
951	800
951	842
951	845
951	857
951	860
951	877
951	878
951	884
951	894
951	911
951	933
951	953
951	978
951	991
951	995
951	998
952	200
952	246
952	259
952	342
952	350
952	457
952	475
952	537
952	563
952	585
952	590
952	602
952	624
952	677
952	710
952	717
952	725
952	806
952	812
952	835
952	850
952	863
952	882
952	892
952	907
952	918
952	955
952	968
952	969
952	970
952	986
952	987
953	7
953	37
953	46
953	363
953	434
953	510
953	521
953	523
953	545
953	568
953	612
953	658
953	662
953	674
953	694
953	702
953	715
953	741
953	751
953	752
953	838
953	857
953	860
953	877
953	878
953	894
953	905
953	911
953	941
953	951
953	978
953	991
953	997
954	22
954	52
954	140
954	159
954	272
954	472
954	528
954	561
954	579
954	654
954	668
954	747
954	779
954	785
954	839
954	851
954	867
954	914
954	922
954	927
954	928
954	956
954	958
954	959
954	961
954	965
954	981
954	984
954	985
954	989
954	992
954	997
954	1000
955	64
955	70
955	146
955	147
955	174
955	209
955	274
955	275
955	475
955	581
955	622
955	624
955	660
955	665
955	710
955	717
955	761
955	793
955	805
955	810
955	876
955	882
955	902
955	918
955	919
955	921
955	945
955	952
955	964
955	969
955	970
955	986
955	988
956	254
956	312
956	413
956	576
956	589
956	690
956	703
956	704
956	747
956	777
956	783
956	800
956	802
956	809
956	829
956	851
956	907
956	914
956	927
956	937
956	954
956	958
956	959
956	965
956	967
956	983
956	984
956	990
956	992
956	994
956	997
956	999
956	1000
957	1
957	111
957	245
957	361
957	462
957	522
957	555
957	604
957	610
957	611
957	616
957	705
957	706
957	714
957	754
957	792
957	820
957	853
957	854
957	855
957	859
957	866
957	870
957	899
957	901
957	913
957	931
957	960
957	968
957	988
957	989
957	993
957	999
958	141
958	181
958	535
958	589
958	627
958	634
958	675
958	700
958	704
958	721
958	736
958	751
958	821
958	828
958	832
958	839
958	844
958	887
958	897
958	928
958	954
958	956
958	959
958	961
958	965
958	967
958	980
958	981
958	985
958	989
958	990
958	997
958	1000
959	18
959	222
959	339
959	413
959	426
959	561
959	619
959	634
959	708
959	769
959	783
959	787
959	809
959	813
959	828
959	848
959	868
959	875
959	876
959	914
959	922
959	954
959	956
959	958
959	961
959	965
959	970
959	981
959	983
959	985
959	989
959	990
959	992
959	994
959	997
959	1000
960	3
960	111
960	154
960	230
960	273
960	283
960	343
960	456
960	495
960	499
960	503
960	538
960	570
960	585
960	587
960	600
960	609
960	610
960	733
960	754
960	775
960	812
960	820
960	823
960	854
960	859
960	870
960	908
960	925
960	930
960	931
960	957
960	963
960	965
960	968
960	989
960	993
961	26
961	166
961	190
961	287
961	354
961	373
961	448
961	541
961	564
961	650
961	675
961	700
961	701
961	753
961	758
961	765
961	773
961	785
961	799
961	868
961	872
961	881
961	914
961	927
961	931
961	937
961	941
961	954
961	958
961	959
961	965
961	980
961	981
961	983
961	992
961	994
961	1000
962	73
962	136
962	144
962	206
962	228
962	262
962	305
962	399
962	466
962	478
962	482
962	511
962	558
962	580
962	581
962	605
962	626
962	641
962	691
962	692
962	695
962	744
962	759
962	782
962	791
962	866
962	883
962	900
962	939
962	943
962	944
962	950
962	973
962	974
962	976
962	988
962	998
963	53
963	167
963	175
963	187
963	193
963	245
963	368
963	400
963	407
963	481
963	515
963	538
963	555
963	592
963	616
963	649
963	650
963	664
963	705
963	737
963	760
963	765
963	792
963	823
963	845
963	852
963	859
963	869
963	871
963	875
963	899
963	913
963	925
963	929
963	960
963	968
963	989
963	993
964	41
964	79
964	208
964	348
964	357
964	448
964	478
964	480
964	483
964	500
964	558
964	606
964	652
964	681
964	716
964	746
964	764
964	791
964	818
964	827
964	847
964	866
964	874
964	896
964	916
964	917
964	923
964	934
964	939
964	943
964	950
964	955
964	973
964	974
964	980
964	987
964	992
964	998
965	25
965	212
965	291
965	300
965	418
965	467
965	534
965	576
965	583
965	619
965	627
965	635
965	637
965	654
965	668
965	698
965	809
965	832
965	833
965	848
965	872
965	881
965	884
965	927
965	928
965	954
965	956
965	958
965	959
965	960
965	961
965	980
965	984
965	985
965	990
965	992
965	994
965	1000
966	14
966	62
966	178
966	316
966	336
966	411
966	531
966	540
966	542
966	560
966	591
966	598
966	642
966	644
966	652
966	673
966	720
966	734
966	750
966	757
966	772
966	788
966	790
966	814
966	829
966	831
966	837
966	888
966	906
966	909
966	920
966	944
966	949
966	969
966	977
966	984
966	996
966	999
967	18
967	54
967	176
967	207
967	278
967	300
967	383
967	435
967	541
967	579
967	693
967	698
967	703
967	708
967	765
967	799
967	802
967	828
967	844
967	848
967	867
967	872
967	881
967	898
967	907
967	922
967	937
967	940
967	956
967	958
967	974
967	983
967	984
967	985
967	990
967	992
967	994
967	997
967	1000
968	93
968	125
968	128
968	167
968	245
968	333
968	407
968	445
968	456
968	481
968	515
968	520
968	570
968	587
968	591
968	648
968	649
968	664
968	706
968	754
968	760
968	781
968	795
968	808
968	816
968	820
968	824
968	852
968	869
968	870
968	925
968	929
968	931
968	952
968	957
968	960
968	963
968	989
968	993
968	997
969	109
969	123
969	131
969	168
969	236
969	275
969	290
969	299
969	311
969	346
969	391
969	450
969	468
969	563
969	571
969	578
969	620
969	669
969	738
969	740
969	755
969	767
969	793
969	804
969	805
969	810
969	817
969	863
969	865
969	876
969	882
969	892
969	918
969	919
969	945
969	952
969	955
969	966
969	970
969	986
970	104
970	204
970	209
970	232
970	237
970	261
970	290
970	299
970	326
970	371
970	391
970	457
970	459
970	537
970	569
970	573
970	590
970	618
970	622
970	624
970	638
970	646
970	709
970	710
970	740
970	761
970	767
970	786
970	806
970	810
970	812
970	863
970	865
970	882
970	902
970	919
970	945
970	952
970	955
970	959
970	969
970	993
971	6
971	99
971	107
971	110
971	138
971	157
971	158
971	183
971	271
971	284
971	294
971	358
971	412
971	415
971	424
971	552
971	607
971	651
971	666
971	707
971	711
971	713
971	730
971	743
971	763
971	768
971	780
971	796
971	798
971	862
971	885
971	889
971	893
971	898
971	901
971	904
971	938
971	947
971	948
971	979
971	984
971	985
972	13
972	17
972	32
972	45
972	57
972	267
972	301
972	319
972	421
972	452
972	454
972	463
972	493
972	531
972	543
972	551
972	560
972	629
972	644
972	647
972	671
972	720
972	722
972	745
972	769
972	772
972	788
972	790
972	807
972	837
972	843
972	846
972	849
972	880
972	888
972	903
972	906
972	909
972	944
972	949
972	977
972	979
972	985
972	996
972	999
973	23
973	72
973	120
973	144
973	165
973	364
973	372
973	382
973	448
973	466
973	488
973	530
973	558
973	613
973	621
973	626
973	645
973	672
973	688
973	695
973	716
973	728
973	744
973	764
973	774
973	782
973	791
973	862
973	873
973	874
973	883
973	917
973	924
973	934
973	936
973	939
973	942
973	943
973	962
973	964
973	974
973	975
973	987
973	988
973	990
973	998
974	144
974	162
974	195
974	208
974	253
974	269
974	288
974	327
974	331
974	451
974	466
974	483
974	506
974	527
974	556
974	630
974	636
974	652
974	653
974	670
974	692
974	744
974	764
974	791
974	827
974	835
974	873
974	874
974	883
974	896
974	900
974	917
974	924
974	934
974	936
974	939
974	942
974	950
974	962
974	964
974	967
974	973
974	975
974	976
974	984
974	987
974	998
975	4
975	77
975	79
975	199
975	214
975	263
975	281
975	325
975	370
975	385
975	429
975	455
975	480
975	488
975	497
975	502
975	519
975	530
975	556
975	605
975	613
975	630
975	641
975	753
975	782
975	818
975	827
975	847
975	873
975	874
975	883
975	891
975	895
975	917
975	923
975	924
975	934
975	936
975	942
975	973
975	974
975	976
975	982
975	987
975	988
975	994
975	998
976	60
976	120
976	296
976	325
976	369
976	429
976	455
976	466
976	488
976	494
976	497
976	500
976	519
976	556
976	575
976	584
976	621
976	713
976	716
976	728
976	746
976	753
976	766
976	774
976	803
976	818
976	819
976	848
976	874
976	883
976	900
976	916
976	917
976	923
976	924
976	934
976	939
976	942
976	943
976	946
976	962
976	974
976	975
976	987
976	988
976	997
976	1000
977	32
977	113
977	170
977	205
977	221
977	243
977	264
977	277
977	321
977	441
977	532
977	540
977	614
977	620
977	635
977	642
977	661
977	671
977	673
977	712
977	720
977	745
977	757
977	772
977	776
977	778
977	788
977	790
977	797
977	807
977	814
977	843
977	849
977	880
977	886
977	900
977	903
977	909
977	920
977	935
977	944
977	949
977	966
977	972
977	982
977	991
977	996
977	999
978	5
978	49
978	56
978	59
978	121
978	145
978	226
978	371
978	401
978	436
978	470
978	514
978	533
978	544
978	545
978	568
978	612
978	619
978	621
978	645
978	658
978	661
978	674
978	684
978	702
978	715
978	741
978	751
978	762
978	800
978	834
978	836
978	842
978	845
978	857
978	860
978	877
978	878
978	884
978	894
978	905
978	911
978	933
978	941
978	951
978	953
978	991
978	996
979	30
979	47
979	63
979	107
979	110
979	133
979	157
979	183
979	189
979	220
979	235
979	247
979	284
979	341
979	352
979	395
979	406
979	412
979	415
979	416
979	552
979	604
979	615
979	651
979	666
979	707
979	711
979	718
979	722
979	730
979	743
979	754
979	763
979	780
979	798
979	801
979	856
979	862
979	885
979	893
979	895
979	901
979	904
979	938
979	947
979	948
979	971
979	972
980	19
980	129
980	188
980	201
980	222
980	287
980	312
980	314
980	362
980	365
980	396
980	418
980	443
980	444
980	608
980	619
980	643
980	675
980	683
980	699
980	704
980	719
980	742
980	747
980	758
980	783
980	785
980	809
980	839
980	875
980	881
980	903
980	907
980	914
980	921
980	922
980	937
980	958
980	961
980	964
980	965
980	983
980	984
980	990
980	992
980	994
980	997
980	1000
981	10
981	129
981	140
981	188
981	334
981	354
981	394
981	461
981	477
981	485
981	546
981	553
981	574
981	583
981	594
981	650
981	656
981	668
981	689
981	693
981	698
981	724
981	773
981	802
981	817
981	821
981	833
981	844
981	851
981	867
981	872
981	887
981	922
981	927
981	928
981	935
981	937
981	954
981	958
981	959
981	961
981	984
981	985
981	990
981	992
981	994
981	996
981	997
981	1000
982	17
982	21
982	45
982	142
982	255
982	286
982	302
982	367
982	368
982	392
982	428
982	454
982	463
982	491
982	505
982	513
982	543
982	547
982	591
982	596
982	642
982	661
982	671
982	679
982	696
982	712
982	722
982	739
982	750
982	772
982	778
982	790
982	807
982	829
982	831
982	837
982	846
982	886
982	891
982	903
982	906
982	909
982	910
982	927
982	944
982	975
982	977
982	996
982	999
983	52
983	129
983	139
983	207
983	306
983	338
983	340
983	350
983	440
983	496
983	535
983	561
983	643
983	689
983	693
983	701
983	708
983	724
983	746
983	765
983	787
983	792
983	799
983	821
983	832
983	833
983	848
983	851
983	858
983	867
983	868
983	875
983	881
983	922
983	927
983	928
983	935
983	956
983	959
983	961
983	967
983	980
983	984
983	985
983	990
983	992
983	994
983	997
983	1000
984	69
984	256
984	375
984	379
984	383
984	427
984	453
984	469
984	518
984	534
984	536
984	557
984	627
984	668
984	683
984	689
984	703
984	708
984	742
984	777
984	779
984	802
984	813
984	821
984	832
984	833
984	848
984	858
984	867
984	872
984	881
984	907
984	928
984	934
984	935
984	937
984	954
984	956
984	965
984	966
984	967
984	971
984	974
984	980
984	981
984	983
984	985
984	990
984	994
984	997
984	1000
985	8
985	76
985	159
985	168
985	339
985	344
985	379
985	413
985	432
985	447
985	449
985	453
985	469
985	489
985	518
985	528
985	574
985	619
985	637
985	640
985	681
985	683
985	693
985	701
985	773
985	783
985	787
985	833
985	841
985	844
985	868
985	872
985	875
985	881
985	888
985	908
985	935
985	937
985	954
985	958
985	959
985	965
985	967
985	971
985	972
985	981
985	983
985	984
985	990
985	992
985	997
985	1000
986	11
986	27
986	56
986	92
986	115
986	147
986	180
986	257
986	268
986	274
986	307
986	346
986	363
986	378
986	440
986	457
986	459
986	475
986	486
986	571
986	573
986	588
986	660
986	667
986	669
986	674
986	677
986	680
986	685
986	687
986	690
986	717
986	725
986	740
986	755
986	767
986	770
986	786
986	812
986	855
986	863
986	865
986	876
986	902
986	918
986	919
986	921
986	937
986	940
986	952
986	955
986	969
987	58
987	138
987	195
987	199
987	269
987	320
987	348
987	356
987	399
987	427
987	455
987	462
987	466
987	483
987	488
987	502
987	504
987	530
987	575
987	584
987	586
987	606
987	626
987	636
987	641
987	672
987	688
987	692
987	716
987	753
987	774
987	803
987	818
987	826
987	874
987	879
987	883
987	900
987	916
987	917
987	923
987	924
987	934
987	942
987	943
987	950
987	952
987	964
987	973
987	974
987	975
987	976
987	998
988	73
988	163
988	169
988	215
988	258
988	285
988	297
988	305
988	332
988	338
988	355
988	356
988	357
988	385
988	399
988	455
988	500
988	502
988	511
988	527
988	613
988	652
988	688
988	695
988	744
988	753
988	764
988	766
988	803
988	818
988	819
988	827
988	866
988	873
988	879
988	890
988	896
988	900
988	923
988	924
988	936
988	939
988	942
988	943
988	950
988	955
988	957
988	962
988	973
988	975
988	976
988	992
988	998
989	39
989	66
989	86
989	100
989	111
989	128
989	219
989	234
989	242
989	283
989	296
989	318
989	319
989	324
989	329
989	343
989	361
989	410
989	414
989	423
989	438
989	445
989	465
989	487
989	496
989	499
989	550
989	584
989	592
989	604
989	610
989	611
989	648
989	649
989	705
989	729
989	733
989	737
989	754
989	775
989	792
989	795
989	808
989	816
989	820
989	823
989	824
989	853
989	854
989	855
989	859
989	869
989	870
989	871
989	899
989	908
989	929
989	930
989	931
989	947
989	954
989	957
989	958
989	959
989	960
989	963
989	968
989	993
990	96
990	98
990	150
990	201
990	265
990	314
990	344
990	354
990	418
990	435
990	443
990	464
990	467
990	469
990	489
990	524
990	535
990	541
990	546
990	574
990	650
990	654
990	689
990	690
990	719
990	724
990	736
990	742
990	758
990	783
990	785
990	787
990	802
990	809
990	839
990	844
990	848
990	851
990	868
990	875
990	880
990	881
990	886
990	887
990	894
990	900
990	907
990	914
990	922
990	927
990	928
990	935
990	937
990	956
990	958
990	959
990	965
990	967
990	973
990	980
990	981
990	983
990	984
990	985
990	992
990	993
990	994
990	996
990	997
990	1000
991	5
991	7
991	34
991	37
991	46
991	49
991	59
991	121
991	212
991	226
991	282
991	294
991	307
991	309
991	337
991	371
991	374
991	401
991	409
991	434
991	436
991	437
991	470
991	510
991	514
991	521
991	523
991	529
991	533
991	544
991	545
991	568
991	572
991	609
991	625
991	645
991	658
991	664
991	674
991	684
991	694
991	702
991	715
991	727
991	741
991	751
991	752
991	762
991	784
991	793
991	800
991	834
991	836
991	842
991	845
991	857
991	860
991	877
991	878
991	884
991	894
991	905
991	906
991	911
991	933
991	936
991	941
991	951
991	953
991	977
991	978
992	8
992	87
992	89
992	117
992	122
992	140
992	176
992	254
992	266
992	289
992	338
992	360
992	373
992	375
992	403
992	432
992	449
992	460
992	514
992	524
992	534
992	564
992	583
992	631
992	635
992	640
992	656
992	681
992	683
992	698
992	700
992	703
992	704
992	708
992	719
992	725
992	736
992	758
992	765
992	773
992	783
992	802
992	808
992	844
992	851
992	867
992	872
992	875
992	881
992	907
992	908
992	914
992	922
992	927
992	928
992	935
992	937
992	947
992	954
992	956
992	959
992	961
992	964
992	965
992	967
992	980
992	981
992	983
992	985
992	988
992	990
992	995
992	997
992	1000
993	3
993	22
993	28
993	66
993	88
993	90
993	93
993	151
993	175
993	182
993	219
993	225
993	240
993	251
993	273
993	283
993	317
993	343
993	400
993	410
993	423
993	445
993	462
993	481
993	501
993	508
993	515
993	520
993	522
993	550
993	570
993	587
993	600
993	611
993	616
993	648
993	664
993	705
993	706
993	714
993	726
993	729
993	731
993	733
993	737
993	754
993	760
993	771
993	775
993	805
993	808
993	816
993	820
993	823
993	827
993	853
993	855
993	859
993	869
993	870
993	871
993	896
993	899
993	908
993	913
993	925
993	930
993	931
993	957
993	960
993	963
993	968
993	970
993	989
993	990
993	997
993	1000
994	50
994	87
994	89
994	122
994	137
994	141
994	159
994	181
994	306
994	314
994	335
994	339
994	344
994	362
994	373
994	405
994	443
994	460
994	472
994	524
994	536
994	557
994	561
994	574
994	615
994	631
994	637
994	668
994	675
994	681
994	693
994	698
994	701
994	724
994	736
994	747
994	765
994	773
994	777
994	785
994	787
994	802
994	821
994	824
994	828
994	832
994	833
994	839
994	844
994	848
994	851
994	858
994	868
994	887
994	891
994	893
994	902
994	907
994	922
994	927
994	928
994	933
994	935
994	937
994	939
994	956
994	959
994	961
994	965
994	967
994	975
994	980
994	981
994	983
994	984
994	990
994	997
994	1000
995	15
995	20
995	21
995	44
995	51
995	68
995	75
995	81
995	82
995	116
995	134
995	135
995	155
995	171
995	172
995	196
995	223
995	224
995	238
995	276
995	308
995	330
995	340
995	347
995	349
995	376
995	387
995	430
995	433
995	451
995	471
995	477
995	479
995	484
995	485
995	493
995	498
995	525
995	549
995	554
995	559
995	566
995	577
995	597
995	599
995	617
995	632
995	633
995	657
995	663
995	721
995	735
995	748
995	749
995	756
995	781
995	789
995	794
995	799
995	811
995	815
995	822
995	825
995	826
995	838
995	850
995	856
995	861
995	864
995	889
995	890
995	897
995	912
995	915
995	926
995	932
995	946
995	951
995	992
995	999
996	2
996	13
996	24
996	40
996	48
996	62
996	83
996	97
996	106
996	108
996	124
996	126
996	152
996	170
996	221
996	264
996	267
996	277
996	321
996	345
996	353
996	366
996	377
996	419
996	428
996	463
996	473
996	487
996	490
996	507
996	540
996	542
996	562
996	565
996	569
996	572
996	596
996	598
996	628
996	629
996	661
996	671
996	673
996	678
996	679
996	686
996	734
996	739
996	750
996	757
996	767
996	769
996	772
996	776
996	788
996	790
996	797
996	814
996	829
996	837
996	839
996	843
996	846
996	849
996	880
996	881
996	886
996	888
996	903
996	906
996	909
996	910
996	944
996	949
996	966
996	972
996	977
996	978
996	981
996	982
996	990
996	999
997	26
997	29
997	72
997	85
997	123
997	139
997	194
997	196
997	222
997	287
997	300
997	322
997	330
997	335
997	365
997	383
997	389
997	395
997	396
997	403
997	405
997	432
997	435
997	449
997	453
997	469
997	528
997	534
997	535
997	576
997	618
997	619
997	627
997	656
997	689
997	698
997	700
997	704
997	708
997	736
997	747
997	761
997	765
997	773
997	777
997	779
997	813
997	821
997	828
997	832
997	833
997	839
997	844
997	851
997	867
997	872
997	875
997	887
997	907
997	914
997	922
997	927
997	928
997	935
997	937
997	953
997	954
997	956
997	958
997	959
997	967
997	968
997	976
997	980
997	981
997	983
997	984
997	985
997	990
997	992
997	993
997	994
997	1000
998	9
998	42
998	58
998	60
998	120
998	127
998	149
998	156
998	192
998	195
998	234
998	262
998	269
998	285
998	305
998	320
998	331
998	364
998	384
998	455
998	494
998	506
998	527
998	539
998	556
998	558
998	575
998	601
998	613
998	621
998	626
998	630
998	641
998	653
998	670
998	672
998	688
998	691
998	692
998	713
998	716
998	728
998	744
998	746
998	753
998	759
998	764
998	766
998	771
998	772
998	774
998	791
998	801
998	803
998	827
998	844
998	847
998	849
998	866
998	873
998	874
998	879
998	883
998	900
998	916
998	917
998	919
998	923
998	924
998	934
998	936
998	938
998	939
998	942
998	943
998	950
998	951
998	962
998	964
998	973
998	974
998	975
998	987
998	988
998	1000
999	13
999	14
999	48
999	57
999	83
999	91
999	97
999	103
999	106
999	108
999	113
999	124
999	126
999	143
999	178
999	197
999	198
999	217
999	232
999	250
999	267
999	286
999	328
999	353
999	367
999	408
999	411
999	420
999	421
999	487
999	490
999	492
999	512
999	531
999	532
999	542
999	546
999	551
999	562
999	565
999	580
999	629
999	642
999	644
999	655
999	669
999	673
999	675
999	679
999	686
999	696
999	720
999	722
999	732
999	734
999	750
999	757
999	769
999	772
999	778
999	788
999	802
999	825
999	829
999	831
999	843
999	846
999	849
999	886
999	888
999	891
999	903
999	906
999	909
999	910
999	920
999	943
999	944
999	949
999	956
999	957
999	966
999	972
999	977
999	982
999	995
999	996
1000	72
1000	102
1000	119
1000	137
1000	196
1000	213
1000	289
1000	306
1000	312
1000	314
1000	335
1000	339
1000	360
1000	375
1000	394
1000	413
1000	432
1000	447
1000	453
1000	464
1000	474
1000	489
1000	500
1000	518
1000	524
1000	535
1000	546
1000	552
1000	564
1000	574
1000	576
1000	579
1000	586
1000	589
1000	608
1000	631
1000	634
1000	640
1000	675
1000	681
1000	698
1000	701
1000	719
1000	724
1000	762
1000	765
1000	773
1000	777
1000	787
1000	799
1000	802
1000	808
1000	809
1000	813
1000	832
1000	839
1000	844
1000	848
1000	858
1000	868
1000	875
1000	881
1000	907
1000	914
1000	922
1000	928
1000	937
1000	945
1000	954
1000	956
1000	958
1000	959
1000	961
1000	965
1000	967
1000	976
1000	980
1000	981
1000	983
1000	984
1000	985
1000	990
1000	992
1000	993
1000	994
1000	997
1000	998
