1	881
1	973
1	995
2	721
2	985
2	990
3	794
3	924
3	996
4	887
4	892
4	953
5	808
5	919
5	961
6	803
6	931
6	993
7	347
7	858
7	969
8	525
8	546
8	988
9	948
9	951
9	992
10	435
10	975
10	988
11	201
11	970
11	997
12	939
12	977
12	982
13	936
13	981
13	995
14	468
14	997
14	999
15	934
15	994
15	997
16	310
16	323
16	931
17	633
17	950
17	961
18	369
18	883
18	964
19	861
19	979
19	996
20	442
20	800
20	862
21	786
21	994
21	999
22	918
22	954
22	993
23	952
23	981
23	995
24	586
24	965
24	971
25	509
25	880
25	996
26	221
26	947
26	960
27	875
27	956
27	991
28	803
28	873
28	878
29	314
29	835
29	978
30	512
30	692
30	889
31	974
31	981
31	995
32	916
32	973
32	995
33	73
33	872
33	891
34	410
34	985
34	990
35	597
35	991
35	996
36	945
36	979
36	991
37	431
37	958
37	996
38	979
38	986
38	991
39	149
39	270
39	464
40	600
40	898
40	926
41	800
41	801
41	988
42	955
42	984
42	998
43	884
43	971
43	975
44	957
44	978
44	982
45	101
45	309
45	758
46	889
46	903
46	963
47	918
47	920
47	993
48	922
48	984
48	999
49	494
49	912
49	982
50	478
50	980
50	992
51	701
51	897
51	961
52	594
52	957
52	987
53	973
53	986
53	995
54	457
54	945
54	988
55	862
55	867
55	868
56	906
56	998
56	1000
57	437
57	917
57	982
58	660
58	941
58	996
59	194
59	768
59	993
60	601
60	810
60	978
61	967
61	984
61	994
62	869
62	983
62	997
63	340
63	647
63	850
64	865
64	874
64	962
65	877
65	903
65	937
66	775
66	931
66	993
67	600
67	952
67	977
68	760
68	970
68	998
69	601
69	696
69	962
70	569
70	820
70	964
71	122
71	983
71	989
72	430
72	754
72	953
73	33
73	874
73	957
74	107
74	971
74	988
75	899
75	928
75	987
76	767
76	809
76	1000
77	802
77	899
77	960
78	953
78	985
78	990
79	397
79	829
79	901
80	900
80	953
80	985
81	935
81	981
81	995
82	781
82	984
82	999
83	164
83	931
83	942
84	172
84	366
84	783
85	732
85	857
85	918
86	547
86	839
86	985
87	974
87	981
87	995
88	973
88	974
88	995
89	966
89	967
89	997
90	973
90	974
90	995
91	928
91	963
91	976
92	646
92	886
92	976
93	870
93	965
93	977
94	517
94	802
94	960
95	414
95	783
95	983
96	415
96	986
96	996
97	346
97	946
97	997
98	701
98	906
98	980
99	951
99	992
99	996
100	883
100	974
100	978
101	45
101	540
101	691
102	528
102	846
102	981
103	706
103	884
103	988
104	767
104	998
104	999
105	929
105	941
105	996
106	874
106	883
106	917
107	74
107	111
107	318
108	450
108	954
108	993
109	984
109	998
109	1000
110	921
110	937
110	947
111	107
111	586
111	971
112	162
112	945
112	996
113	655
113	991
113	996
114	793
114	904
114	969
115	704
115	779
115	942
116	842
116	932
116	987
117	588
117	985
117	990
118	743
118	975
118	1000
119	945
119	956
119	959
120	968
120	980
120	992
121	959
121	991
121	996
122	71
122	802
122	932
123	739
123	979
123	991
124	617
124	903
124	928
125	188
125	947
125	987
126	826
126	865
126	979
127	955
127	970
127	983
128	414
128	922
128	946
129	911
129	940
129	974
130	931
130	991
130	996
131	475
131	938
131	999
132	940
132	958
132	979
133	311
133	581
133	945
134	943
134	980
134	992
135	961
135	984
135	1000
136	491
136	758
136	988
137	307
137	875
137	985
138	968
138	980
138	985
139	830
139	899
139	987
140	351
140	905
140	972
141	357
141	683
141	898
142	630
142	965
142	988
143	926
143	950
143	977
144	677
144	894
144	925
145	178
145	417
145	942
146	376
146	423
146	971
147	243
147	606
147	748
148	683
148	809
148	952
149	39
149	458
149	987
150	600
150	916
150	995
151	331
151	907
151	979
152	818
152	866
152	998
153	923
153	937
153	976
154	865
154	938
154	993
155	897
155	919
155	948
156	776
156	986
156	996
157	796
157	812
157	986
158	900
158	985
158	990
159	731
159	965
159	975
160	165
160	916
160	995
161	805
161	943
161	961
162	112
162	959
162	991
163	461
163	944
163	948
164	83
164	853
164	949
165	160
165	842
165	976
166	713
166	815
166	993
167	481
167	979
167	986
168	842
168	923
168	986
169	973
169	981
169	995
170	952
170	972
170	977
171	973
171	981
171	995
172	84
172	759
172	962
173	948
173	961
173	980
174	527
174	985
174	990
175	973
175	974
175	995
176	560
176	933
176	978
177	666
177	957
177	977
178	145
178	815
178	920
179	632
179	965
179	971
180	919
180	950
180	992
181	905
181	926
181	982
182	544
182	967
182	999
183	283
183	855
183	970
184	541
184	891
184	964
185	505
185	984
185	994
186	974
186	981
186	995
187	945
187	956
187	986
188	125
188	932
188	950
189	667
189	736
189	963
190	610
190	970
190	993
191	777
191	841
191	988
192	892
192	953
192	990
193	877
193	895
193	976
194	59
194	272
194	954
195	513
195	829
195	894
196	388
196	395
196	982
197	950
197	980
197	992
198	902
198	985
198	990
199	733
199	785
199	975
200	871
200	938
200	999
201	11
201	966
201	997
202	965
202	969
202	985
203	963
203	976
203	987
204	989
204	999
204	1000
205	955
205	989
205	998
206	808
206	859
206	992
207	759
207	965
207	992
208	569
208	683
208	952
209	997
209	999
209	1000
210	779
210	946
210	993
211	560
211	739
211	926
212	503
212	942
212	954
213	924
213	927
213	999
214	833
214	900
214	985
215	677
215	968
215	992
216	827
216	949
216	993
217	957
217	983
217	999
218	887
218	902
218	985
219	732
219	878
219	997
220	920
220	942
220	993
221	26
221	756
221	987
222	316
222	829
222	964
223	660
223	777
223	986
224	275
224	822
224	988
225	885
225	892
225	912
226	758
226	775
226	837
227	708
227	927
227	989
228	719
228	953
228	997
229	553
229	975
229	988
230	288
230	625
230	979
231	927
231	998
231	999
232	943
232	960
232	987
233	845
233	986
233	996
234	838
234	887
234	990
235	951
235	962
235	968
236	973
236	981
236	995
237	483
237	972
237	977
238	574
238	997
238	998
239	740
239	917
239	935
240	671
240	953
240	990
241	695
241	965
241	988
242	328
242	983
242	984
243	147
243	535
243	988
244	929
244	956
244	991
245	983
245	999
245	1000
246	882
246	942
246	993
247	909
247	947
247	999
248	623
248	971
248	988
249	912
249	926
249	959
250	676
250	885
250	972
251	480
251	914
251	1000
252	994
252	998
252	1000
253	779
253	790
253	993
254	717
254	937
254	960
255	868
255	969
255	975
256	888
256	944
256	961
257	933
257	943
257	972
258	485
258	910
258	996
259	335
259	870
259	971
260	587
260	885
260	978
261	712
261	990
261	994
262	469
262	855
262	993
263	880
263	886
263	961
264	809
264	823
264	964
265	938
265	997
265	1000
266	556
266	934
266	998
267	737
267	799
267	999
268	479
268	793
268	996
269	310
269	954
269	993
270	39
270	947
270	953
271	772
271	949
271	993
272	194
272	942
272	954
273	984
273	999
273	1000
274	961
274	968
274	980
275	224
275	965
275	988
276	603
276	796
276	975
277	922
277	927
277	997
278	933
278	972
278	977
279	893
279	968
279	992
280	974
280	981
280	995
281	611
281	872
281	972
282	945
282	978
282	982
283	183
283	745
283	993
284	612
284	980
284	992
285	551
285	682
285	846
286	354
286	605
286	755
287	494
287	891
287	962
288	230
288	986
288	996
289	716
289	765
289	995
290	923
290	960
290	987
291	989
291	998
291	999
292	510
292	900
292	953
293	579
293	845
293	958
293	986
294	387
294	929
294	941
294	962
295	506
295	616
295	962
295	964
296	622
296	834
296	955
296	978
297	871
297	997
297	998
297	1000
298	562
298	613
298	836
298	841
299	862
299	935
299	965
299	986
300	789
300	923
300	934
300	989
301	651
301	838
301	985
301	990
302	447
302	472
302	706
302	939
303	495
303	598
303	787
303	906
304	877
304	967
304	976
304	987
305	725
305	959
305	986
305	991
306	734
306	894
306	912
306	978
307	137
307	801
307	858
307	975
308	384
308	532
308	822
308	827
309	45
309	668
309	988
309	992
310	16
310	269
310	918
310	993
311	133
311	905
311	958
311	991
312	967
312	984
312	999
312	1000
313	967
313	983
313	997
313	998
314	29
314	901
314	939
314	964
315	922
315	970
315	997
315	1000
316	222
316	905
316	964
316	982
317	936
317	974
317	981
317	995
318	107
318	568
318	969
318	988
319	657
319	842
319	976
319	987
320	358
320	739
320	863
320	898
321	630
321	705
321	740
321	904
322	756
322	937
322	960
322	976
323	16
323	942
323	982
323	993
324	727
324	983
324	997
324	998
325	870
325	884
325	965
325	969
326	905
326	952
326	957
326	985
327	424
327	973
327	981
327	995
328	242
328	869
328	871
328	998
329	936
329	940
329	974
329	995
330	837
330	859
330	872
330	891
331	151
331	929
331	956
331	996
332	426
332	921
332	923
332	963
333	669
333	969
333	975
333	988
334	419
334	850
334	987
334	999
335	259
335	773
335	875
335	944
336	901
336	933
336	972
336	977
337	540
337	638
337	884
337	969
338	940
338	981
338	993
338	995
339	871
339	984
339	998
339	999
340	63
340	665
340	728
340	928
341	911
341	974
341	981
341	995
342	664
342	754
342	956
342	990
343	887
343	892
343	953
343	985
344	629
344	907
344	958
344	991
345	961
345	968
345	980
345	992
346	97
346	870
346	989
346	1000
347	7
347	935
347	969
347	988
348	838
348	953
348	985
348	990
349	637
349	728
349	814
349	842
350	973
350	974
350	981
350	995
351	140
351	585
351	849
351	871
352	635
352	906
352	984
352	998
353	878
353	983
353	998
353	999
354	286
354	419
354	892
354	921
355	522
355	971
355	998
355	1000
356	519
356	956
356	992
356	996
357	141
357	859
357	962
357	972
358	320
358	853
358	964
358	978
359	740
359	747
359	773
359	975
360	889
360	899
360	923
360	987
361	812
361	945
361	986
361	996
362	366
362	867
362	875
362	988
363	594
363	937
363	960
363	987
364	740
364	867
364	975
364	988
365	910
365	956
365	959
365	998
366	84
366	362
366	858
366	975
367	924
367	945
367	956
367	979
368	871
368	938
368	999
368	1000
369	18
369	905
369	912
369	925
370	861
370	929
370	991
370	996
371	634
371	738
371	928
371	976
372	498
372	744
372	828
372	982
373	496
373	669
373	949
373	954
374	820
374	939
374	957
374	982
375	747
375	934
375	999
375	1000
376	146
376	443
376	971
376	975
377	536
377	965
377	971
377	975
378	902
378	953
378	985
378	990
379	551
379	695
379	904
379	971
380	797
380	816
380	957
380	977
381	803
381	931
381	954
381	993
382	766
382	772
382	965
382	971
383	595
383	793
383	986
383	996
384	308
384	853
384	873
384	993
385	910
385	979
385	986
385	991
386	712
386	831
386	892
386	990
387	294
387	956
387	986
387	991
388	196
388	664
388	721
388	990
389	730
389	790
389	920
389	922
390	631
390	885
390	977
390	982
391	906
391	956
391	983
391	997
392	956
392	959
392	968
392	996
393	849
393	938
393	967
393	1000
394	944
394	973
394	974
394	995
395	196
395	754
395	887
395	990
396	870
396	965
396	975
396	988
397	79
397	891
397	964
397	978
398	634
398	798
398	949
398	993
399	619
399	953
399	985
399	990
400	721
400	900
400	985
400	990
401	710
401	892
401	985
401	990
402	584
402	701
402	950
402	992
403	724
403	861
403	958
403	979
404	829
404	898
404	957
404	994
405	973
405	974
405	981
405	995
406	757
406	922
406	994
406	1000
407	626
407	980
407	992
407	1000
408	846
408	969
408	975
408	981
409	642
409	951
409	968
409	980
410	34
410	887
410	892
410	902
411	787
411	970
411	989
411	997
412	488
412	984
412	999
412	1000
413	802
413	937
413	947
413	959
414	95
414	128
414	966
414	994
415	96
415	614
415	655
415	979
416	896
416	930
416	979
416	991
417	145
417	898
417	920
417	942
418	518
418	695
418	841
418	975
419	334
419	354
419	947
419	976
420	549
420	790
420	882
420	949
421	491
421	623
421	908
421	969
422	513
422	889
422	930
422	960
423	146
423	984
423	994
423	999
424	327
424	680
424	717
424	947
425	562
425	695
425	801
425	884
426	332
426	932
426	976
426	980
427	844
427	925
427	981
427	995
428	929
428	930
428	956
428	979
429	929
429	945
429	959
429	996
430	72
430	755
430	985
430	990
431	37
431	986
431	991
431	996
432	473
432	561
432	985
432	990
433	943
433	950
433	980
433	992
434	963
434	974
434	981
434	995
435	10
435	868
435	869
435	971
436	744
436	925
436	933
436	982
437	57
437	962
437	978
437	982
438	762
438	893
438	950
438	951
439	959
439	966
439	979
439	991
440	580
440	594
440	929
440	979
441	893
441	897
441	980
441	992
442	20
442	491
442	714
442	988
443	376
443	815
443	862
443	969
444	604
444	664
444	900
444	990
445	774
445	833
445	964
445	982
446	677
446	860
446	943
446	992
447	302
447	905
447	933
447	996
448	839
448	903
448	921
448	928
449	499
449	953
449	985
449	990
450	108
450	942
450	954
450	993
451	946
451	983
451	994
451	1000
452	877
452	889
452	899
452	969
453	525
453	766
453	836
453	969
454	549
454	882
454	918
454	942
455	896
455	950
455	951
455	958
456	802
456	889
456	976
456	987
457	54
457	596
457	606
457	785
458	149
458	839
458	889
458	932
459	753
459	944
459	951
459	961
460	533
460	848
460	926
460	997
461	163
461	950
461	951
461	992
462	824
462	890
462	973
462	995
463	523
463	855
463	899
463	954
464	39
464	850
464	923
464	955
465	499
465	838
465	980
465	985
466	813
466	973
466	981
466	995
467	924
467	929
467	979
467	996
468	14
468	473
468	654
468	994
469	262
469	873
469	954
469	971
469	993
470	769
470	819
470	966
470	970
470	1000
471	697
471	833
471	912
471	962
471	972
472	302
472	936
472	940
472	973
472	995
473	432
473	468
473	712
473	720
473	985
474	941
474	945
474	986
474	996
474	1000
475	131
475	544
475	946
475	955
475	998
476	918
476	949
476	954
476	993
476	998
477	609
477	849
477	984
477	999
477	1000
478	50
478	716
478	909
478	984
478	994
479	268
479	770
479	979
479	991
479	996
480	251
480	841
480	862
480	965
480	988
481	167
481	910
481	954
481	958
481	991
482	726
482	762
482	948
482	950
482	968
483	237
483	972
483	978
483	982
483	991
484	640
484	763
484	953
484	956
484	990
485	258
485	706
485	784
485	933
485	964
486	915
486	967
486	974
486	981
486	995
487	687
487	915
487	974
487	981
487	995
488	412
488	752
488	843
488	967
488	984
489	854
489	941
489	945
489	986
489	991
490	901
490	902
490	953
490	985
490	990
491	136
491	421
491	442
491	731
491	971
492	516
492	966
492	989
492	994
492	999
493	760
493	914
493	927
493	983
493	997
494	49
494	287
494	552
494	901
494	982
495	303
495	955
495	984
495	998
495	999
496	373
496	742
496	895
496	949
496	993
497	656
497	837
497	943
497	951
497	992
498	372
498	570
498	901
498	957
498	982
499	449
499	465
499	578
499	985
499	990
500	663
500	946
500	983
500	989
500	999
501	578
501	648
501	693
501	763
501	985
502	764
502	925
502	952
502	962
502	982
503	212
503	714
503	745
503	759
503	988
504	864
504	940
504	973
504	981
504	995
505	185
505	788
505	952
505	955
505	999
506	295
506	809
506	962
506	977
506	982
507	907
507	959
507	986
507	991
507	996
508	811
508	897
508	943
508	961
508	992
509	25
509	686
509	989
509	999
509	1000
510	292
510	720
510	831
510	892
510	985
511	868
511	940
511	973
511	974
511	995
512	30
512	780
512	940
512	981
512	995
513	195
513	422
513	673
513	947
513	987
514	690
514	858
514	870
514	971
514	983
515	917
515	962
515	972
515	977
515	982
516	492
516	769
516	946
516	994
516	1000
517	94
517	937
517	963
517	987
517	990
518	418
518	868
518	931
518	935
518	965
519	356
519	543
519	958
519	979
519	991
520	722
520	908
520	974
520	981
520	995
521	829
521	952
521	964
521	972
521	978
522	355
522	967
522	983
522	989
522	1000
523	463
523	607
523	779
523	949
523	993
524	856
524	864
524	944
524	948
524	992
525	8
525	453
525	733
525	844
525	965
526	559
526	689
526	742
526	822
526	954
527	174
527	648
527	970
527	985
527	990
528	102
528	636
528	747
528	773
528	841
529	839
529	850
529	921
529	960
529	962
530	700
530	857
530	918
530	942
530	993
531	936
531	973
531	974
531	981
531	995
532	308
532	840
532	989
532	999
532	1000
533	460
533	697
533	905
533	957
533	962
534	554
534	736
534	989
534	999
534	1000
535	243
535	694
535	856
535	971
535	988
536	377
536	888
536	948
536	961
536	968
537	866
537	966
537	983
537	998
537	999
538	907
538	930
538	958
538	959
538	991
539	629
539	744
539	941
539	959
539	979
540	101
540	337
540	659
540	884
540	969
541	184
541	576
541	912
541	964
541	978
542	709
542	896
542	951
542	968
542	992
543	519
543	655
543	941
543	991
543	996
544	182
544	475
544	934
544	938
544	999
545	840
545	916
545	974
545	981
545	995
546	8
546	907
546	910
546	930
546	991
547	86
547	838
547	946
547	953
547	985
548	867
548	983
548	994
548	998
548	999
549	420
549	454
549	822
549	882
549	993
550	759
550	775
550	800
550	975
550	1000
551	285
551	379
551	606
551	714
551	971
552	494
552	797
552	829
552	926
552	977
553	229
553	586
553	836
553	971
553	999
554	534
554	902
554	953
554	985
554	990
555	848
555	859
555	957
555	972
555	978
556	266
556	792
556	838
556	953
556	990
557	908
557	973
557	974
557	981
557	995
558	609
558	933
558	977
558	978
558	988
559	526
559	689
559	740
559	954
559	993
560	176
560	211
560	571
560	952
560	982
561	432
561	763
561	792
561	953
561	990
562	298
562	425
562	766
562	841
562	975
563	811
563	919
563	950
563	980
563	992
564	591
564	682
564	787
564	946
564	994
565	886
565	900
565	968
565	980
565	992
566	630
566	690
566	858
566	870
566	971
567	794
567	850
567	852
567	960
567	963
568	318
568	897
568	968
568	980
568	992
569	70
569	208
569	823
569	952
569	982
570	498
570	833
570	894
570	917
570	957
571	560
571	973
571	974
571	981
571	995
572	821
572	964
572	967
572	989
572	1000
573	668
573	836
573	935
573	937
573	988
574	238
574	842
574	983
574	998
574	1000
575	879
575	970
575	994
575	998
575	1000
576	541
576	602
576	816
576	897
576	977
577	826
577	882
577	931
577	972
577	993
578	499
578	501
578	671
578	892
578	990
579	293
579	924
579	986
579	991
579	996
580	440
580	880
580	924
580	930
580	986
581	133
581	788
581	840
581	967
581	997
582	946
582	966
582	983
582	999
582	1000
583	770
583	945
583	959
583	977
583	986
584	402
584	909
584	983
584	997
584	999
585	351
585	675
585	994
585	998
585	1000
586	24
586	111
586	553
586	758
586	975
586	994
587	260
587	945
587	956
587	958
587	979
587	991
588	117
588	648
588	778
588	870
588	900
588	990
589	863
589	921
589	932
589	947
589	960
589	970
590	653
590	955
590	966
590	970
590	984
590	998
591	564
591	791
591	984
591	989
591	994
591	1000
592	914
592	920
592	955
592	989
592	999
592	1000
593	617
593	863
593	927
593	960
593	963
593	987
594	52
594	363
594	440
594	932
594	963
594	976
595	383
595	941
595	945
595	958
595	986
595	996
596	457
596	694
596	795
596	867
596	965
596	987
597	35
597	910
597	941
597	986
597	991
597	996
598	303
598	866
598	883
598	970
598	989
598	998
599	808
599	897
599	948
599	980
599	983
599	992
600	40
600	67
600	150
600	666
600	810
600	957
601	60
601	69
601	666
601	768
601	823
601	978
602	576
602	781
602	891
602	972
602	977
602	978
603	276
603	659
603	662
603	691
603	748
603	775
604	444
604	710
604	900
604	953
604	985
604	990
605	286
605	618
605	902
605	947
605	963
605	987
606	147
606	457
606	551
606	870
606	935
606	975
607	523
607	944
607	961
607	968
607	980
607	992
608	966
608	970
608	994
608	997
608	998
608	1000
609	477
609	558
609	835
609	876
609	977
609	982
610	190
610	764
610	829
610	970
610	994
610	998
611	281
611	845
611	945
611	959
611	986
611	996
612	284
612	649
612	864
612	919
612	968
612	992
613	298
613	689
613	698
613	827
613	918
613	954
614	415
614	643
614	979
614	986
614	991
614	996
615	709
615	818
615	970
615	989
615	994
615	998
616	295
616	652
616	833
616	885
616	901
616	939
617	124
617	593
617	928
617	932
617	976
617	987
618	605
618	646
618	718
618	921
618	987
618	998
619	399
619	900
619	902
619	941
619	985
619	990
620	681
620	782
620	943
620	961
620	968
620	980
621	928
621	939
621	957
621	964
621	972
621	982
622	296
622	792
622	849
622	922
622	989
622	1000
623	248
623	421
623	801
623	836
623	862
623	965
624	945
624	983
624	984
624	989
624	997
624	999
625	230
625	670
625	910
625	956
625	979
625	991
626	407
626	782
626	943
626	944
626	951
626	992
627	774
627	948
627	950
627	961
627	980
627	992
628	716
628	718
628	843
628	984
628	994
628	999
629	344
629	539
629	828
629	880
629	924
629	991
630	142
630	321
630	566
630	693
630	971
630	1000
631	390
631	764
631	869
631	946
631	966
631	997
632	179
632	740
632	904
632	969
632	975
632	988
633	17
633	641
633	778
633	944
633	980
633	992
634	371
634	398
634	873
634	931
634	949
634	993
635	352
635	842
635	847
635	850
635	937
635	963
636	528
636	758
636	785
636	801
636	807
636	969
637	349
637	707
637	852
637	899
637	976
637	987
638	337
638	694
638	862
638	971
638	988
638	997
639	781
639	976
639	994
639	997
639	998
639	1000
640	484
640	752
640	755
640	902
640	985
640	990
641	633
641	856
641	944
641	961
641	968
641	980
642	409
642	656
642	699
642	762
642	950
642	992
643	614
643	812
643	930
643	956
643	986
643	996
644	936
644	940
644	973
644	974
644	981
644	995
645	906
645	990
645	997
645	998
645	999
645	1000
646	92
646	618
646	738
646	960
646	976
646	987
647	63
647	654
647	834
647	938
647	989
647	998
647	1000
648	501
648	527
648	588
648	831
648	900
648	985
648	990
649	612
649	746
649	860
649	897
649	950
649	961
649	992
650	729
650	863
650	899
650	937
650	952
650	960
650	963
651	301
651	887
651	892
651	953
651	973
651	985
651	990
652	616
652	688
652	730
652	790
652	827
652	942
652	954
653	590
653	843
653	914
653	970
653	983
653	984
653	998
654	468
654	647
654	776
654	989
654	997
654	999
654	1000
655	113
655	415
655	543
655	758
655	793
655	991
655	996
656	497
656	642
656	695
656	893
656	948
656	961
656	968
657	319
657	832
657	909
657	955
657	966
657	997
657	998
658	888
658	944
658	948
658	950
658	968
658	980
658	992
659	540
659	603
659	714
659	743
659	811
659	969
659	988
660	58
660	223
660	675
660	907
660	924
660	986
660	996
661	763
661	778
661	831
661	892
661	900
661	985
661	990
662	603
662	897
662	944
662	961
662	968
662	980
662	992
663	500
663	752
663	840
663	905
663	909
663	946
663	955
664	342
664	388
664	444
664	778
664	900
664	953
664	990
665	340
665	794
665	847
665	921
665	937
665	963
665	987
666	177
666	600
666	601
666	912
666	927
666	972
666	977
667	189
667	734
667	773
667	834
667	913
667	997
667	998
668	309
668	573
668	694
668	735
668	800
668	875
668	975
669	333
669	373
669	704
669	857
669	882
669	954
669	993
670	625
670	838
670	907
670	958
670	959
670	991
670	996
671	240
671	578
671	710
671	755
671	896
671	985
671	990
672	786
672	799
672	955
672	984
672	998
672	999
672	1000
673	513
673	738
673	852
673	863
673	877
673	923
673	928
674	790
674	871
674	994
674	997
674	998
674	999
674	1000
675	585
675	660
675	958
675	959
675	986
675	991
675	996
676	250
676	876
676	901
676	912
676	925
676	972
676	982
677	144
677	215
677	446
677	950
677	968
677	980
677	992
678	835
678	874
678	917
678	933
678	952
678	972
678	977
679	787
679	895
679	989
679	994
679	997
679	998
679	999
680	424
680	830
680	937
680	963
680	976
680	986
680	987
681	620
681	856
681	926
681	944
681	948
681	950
681	992
682	285
682	564
682	694
682	862
682	868
682	971
682	975
683	141
683	148
683	208
683	859
683	898
683	957
683	1000
684	707
684	921
684	927
684	955
684	983
684	998
684	1000
685	814
685	830
685	850
685	923
685	937
685	963
685	987
686	509
686	787
686	849
686	966
686	997
686	998
686	1000
687	487
687	850
687	923
687	928
687	947
687	976
687	987
688	652
688	803
688	815
688	857
688	878
688	949
688	979
689	526
689	559
689	613
689	704
689	878
689	931
689	993
690	514
690	566
690	837
690	846
690	862
690	904
690	969
691	101
691	603
691	766
691	868
691	955
691	965
691	988
692	30
692	814
692	839
692	889
692	928
692	947
692	960
693	501
693	630
693	807
693	904
693	969
693	975
693	988
694	535
694	596
694	638
694	668
694	682
694	777
694	969
695	241
695	379
695	418
695	425
695	656
695	775
695	988
696	69
696	894
696	938
696	939
696	972
696	977
696	978
696	982
697	471
697	533
697	952
697	964
697	967
697	972
697	978
697	982
698	613
698	826
698	855
698	857
698	878
698	931
698	949
698	993
699	642
699	860
699	864
699	893
699	951
699	968
699	992
699	999
700	530
700	803
700	882
700	920
700	931
700	942
700	993
700	995
701	51
701	98
701	402
701	909
701	948
701	951
701	961
701	980
702	805
702	808
702	886
702	943
702	948
702	950
702	980
702	992
703	824
703	831
703	908
703	915
703	973
703	974
703	981
703	995
704	115
704	669
704	689
704	853
704	855
704	931
704	954
704	993
705	321
705	881
705	908
705	936
705	940
705	973
705	981
705	995
706	103
706	302
706	485
706	925
706	962
706	964
706	972
706	982
707	637
707	684
707	789
707	895
707	967
707	997
707	999
707	1000
708	227
708	783
708	884
708	946
708	966
708	984
708	997
708	999
709	542
709	615
709	821
709	970
709	984
709	989
709	997
709	999
710	401
710	604
710	671
710	720
710	728
710	900
710	985
710	990
711	738
711	839
711	903
711	923
711	932
711	976
711	983
711	987
712	261
712	386
712	473
712	792
712	933
712	953
712	985
712	990
713	166
713	822
713	882
713	918
713	939
713	942
713	954
713	993
714	442
714	503
714	551
714	659
714	841
714	948
714	971
714	975
715	832
715	927
715	951
715	983
715	994
715	997
715	998
715	1000
716	289
716	478
716	628
716	833
716	927
716	967
716	983
716	997
717	254
717	424
717	825
717	881
717	947
717	960
717	963
717	976
718	618
718	628
718	794
718	923
718	932
718	937
718	947
718	960
719	228
719	866
719	872
719	927
719	934
719	994
719	999
719	1000
720	473
720	510
720	710
720	778
720	892
720	916
720	985
720	990
721	2
721	388
721	400
721	892
721	902
721	983
721	985
721	990
722	520
722	771
722	910
722	959
722	979
722	986
722	991
722	996
723	960
723	966
723	967
723	970
723	989
723	998
723	999
723	1000
724	403
724	907
724	924
724	945
724	956
724	959
724	978
724	986
725	305
725	930
725	956
725	958
725	979
725	986
725	992
725	996
726	482
726	882
726	918
726	920
726	931
726	949
726	954
726	993
727	324
727	765
727	818
727	966
727	970
727	983
727	997
727	998
728	340
728	349
728	710
728	852
728	877
728	899
728	928
728	976
729	650
729	830
729	889
729	903
729	921
729	960
729	976
729	987
730	389
730	652
730	779
730	803
730	855
730	878
730	989
730	993
731	159
731	491
731	759
731	777
731	868
731	935
731	971
731	988
732	85
732	219
732	822
732	873
732	889
732	931
732	949
732	954
733	199
733	525
733	801
733	836
733	875
733	904
733	935
733	965
733	999
734	306
734	667
734	849
734	984
734	989
734	997
734	998
734	999
734	1000
735	668
735	741
735	797
735	833
735	885
735	926
735	952
735	964
735	982
736	189
736	534
736	832
736	913
736	969
736	983
736	998
736	999
736	1000
737	267
737	781
737	901
737	906
737	955
737	966
737	984
737	997
737	998
738	371
738	646
738	673
738	711
738	881
738	903
738	932
738	960
738	976
739	123
739	211
739	320
739	894
739	901
739	905
739	939
739	977
739	978
740	239
740	321
740	359
740	364
740	559
740	632
740	862
740	965
740	971
741	735
741	901
741	912
741	957
741	962
741	964
741	972
741	977
741	1000
742	496
742	526
742	772
742	798
742	857
742	920
742	931
742	988
742	993
743	118
743	659
743	775
743	841
743	870
743	934
743	935
743	975
743	988
744	372
744	436
744	539
744	939
744	952
744	957
744	977
744	978
744	982
745	283
745	503
745	773
745	775
745	846
745	935
745	965
745	969
745	971
746	649
746	851
746	908
746	916
746	936
746	973
746	974
746	981
746	995
747	359
747	375
747	528
747	795
747	837
747	884
747	969
747	971
747	988
748	147
748	603
748	870
748	884
748	904
748	935
748	965
748	971
748	975
749	771
749	812
749	828
749	880
749	907
749	959
749	986
749	995
749	996
750	828
750	929
750	945
750	956
750	959
750	979
750	986
750	991
750	994
751	816
751	848
751	859
751	872
751	898
751	912
751	939
751	942
751	982
752	488
752	640
752	663
752	922
752	938
752	983
752	984
752	994
752	999
753	459
753	770
753	919
753	943
753	944
753	951
753	961
753	968
753	980
754	72
754	342
754	395
754	887
754	902
754	942
754	953
754	985
754	990
755	286
755	430
755	640
755	671
755	831
755	902
755	953
755	985
755	990
756	221
756	322
756	866
756	932
756	947
756	960
756	963
756	976
756	987
757	406
757	769
757	808
757	909
757	967
757	994
757	997
757	999
757	1000
758	45
758	136
758	226
758	586
758	636
758	655
758	868
758	969
758	975
759	172
759	207
759	503
759	550
759	731
759	841
759	969
759	977
759	988
760	68
760	493
760	765
760	769
760	771
760	983
760	994
760	997
760	1000
761	814
761	847
761	877
761	903
761	937
761	963
761	976
761	985
761	987
762	438
762	482
762	642
762	880
762	896
762	897
762	944
762	961
762	992
763	484
763	501
763	561
763	661
763	831
763	933
763	953
763	985
763	990
764	502
764	610
764	631
764	871
764	879
764	906
764	966
764	994
764	997
764	999
765	289
765	727
765	760
765	799
765	894
765	955
765	989
765	994
765	997
765	1000
766	382
766	453
766	562
766	691
766	795
766	860
766	868
766	875
766	975
766	988
767	76
767	104
767	907
767	966
767	967
767	983
767	997
767	998
767	999
767	1000
768	59
768	601
768	798
768	865
768	878
768	918
768	920
768	942
768	954
768	993
769	470
769	516
769	757
769	760
769	858
769	879
769	927
769	984
769	994
769	1000
770	479
770	583
770	753
770	854
770	880
770	958
770	959
770	979
770	986
770	996
771	722
771	749
771	760
771	828
771	929
771	945
771	959
771	979
771	991
771	996
772	271
772	382
772	742
772	827
772	878
772	918
772	920
772	931
772	942
772	949
773	335
773	359
773	528
773	667
773	745
773	800
773	801
773	837
773	971
773	975
774	445
774	627
774	864
774	919
774	943
774	944
774	948
774	950
774	968
774	980
775	66
775	226
775	550
775	603
775	695
775	743
775	745
775	785
775	858
775	965
776	156
776	654
776	854
776	861
776	930
776	956
776	958
776	959
776	986
776	996
777	191
777	223
777	694
777	731
777	837
777	858
777	875
777	965
777	975
777	988
778	588
778	633
778	661
778	664
778	720
778	792
778	831
778	902
778	953
778	990
779	115
779	210
779	253
779	523
779	730
779	839
779	918
779	920
779	954
779	993
780	512
780	881
780	890
780	911
780	936
780	949
780	973
780	974
780	981
780	995
781	82
781	602
781	639
781	737
781	843
781	909
781	927
781	970
781	983
781	998
781	999
782	620
782	626
782	886
782	888
782	897
782	944
782	961
782	968
782	974
782	980
782	992
783	84
783	95
783	708
783	922
783	983
783	984
783	989
783	994
783	997
783	998
783	999
784	485
784	804
784	809
784	810
784	816
784	883
784	952
784	957
784	972
784	978
784	982
785	199
785	457
785	636
785	775
785	846
785	857
785	870
785	935
785	965
785	969
785	975
786	21
786	672
786	869
786	873
786	879
786	967
786	984
786	997
786	998
786	999
786	1000
787	303
787	411
787	564
787	679
787	686
787	895
787	934
787	960
787	967
787	998
787	999
788	505
788	581
788	834
788	866
788	873
788	913
788	934
788	989
788	997
788	998
788	1000
789	300
789	707
789	821
789	913
789	928
789	984
789	989
789	994
789	998
789	999
789	1000
790	253
790	389
790	420
790	652
790	674
790	826
790	827
790	920
790	949
790	954
790	993
791	591
791	799
791	834
791	871
791	875
791	906
791	966
791	967
791	997
791	998
791	999
792	556
792	561
792	622
792	712
792	778
792	831
792	838
792	887
792	953
792	985
792	990
793	114
793	268
793	383
793	655
793	907
793	910
793	941
793	958
793	959
793	979
793	991
794	3
794	567
794	665
794	718
794	847
794	852
794	889
794	928
794	932
794	947
794	987
795	596
795	747
795	766
795	800
795	837
795	846
795	867
795	874
795	875
795	971
795	975
796	157
796	276
796	845
796	861
796	930
796	941
796	945
796	958
796	986
796	991
796	996
797	380
797	552
797	735
797	848
797	905
797	926
797	939
797	952
797	953
797	977
797	978
798	398
798	742
798	768
798	853
798	882
798	918
798	949
798	954
798	955
798	993
798	999
799	267
799	672
799	765
799	791
799	877
799	955
799	984
799	994
799	998
799	999
799	1000
800	20
800	41
800	550
800	668
800	773
800	795
800	836
800	943
800	969
800	975
800	988
801	41
801	307
801	425
801	623
801	636
801	733
801	773
801	858
801	975
801	984
801	988
802	77
802	94
802	122
802	413
802	456
802	825
802	850
802	863
802	976
802	987
802	994
803	6
803	28
803	381
803	688
803	700
803	730
803	882
803	920
803	942
803	993
803	997
804	784
804	890
804	908
804	911
804	916
804	936
804	940
804	973
804	974
804	981
804	995
805	161
805	702
805	860
805	888
805	893
805	919
805	946
805	950
805	951
805	980
805	992
806	844
806	851
806	890
806	915
806	936
806	940
806	973
806	974
806	981
806	995
806	996
807	636
807	693
807	814
807	858
807	867
807	884
807	935
807	965
807	969
807	975
807	988
808	5
808	206
808	599
808	702
808	757
808	919
808	943
808	944
808	948
808	951
808	980
808	992
809	76
809	148
809	264
809	506
809	784
809	833
809	876
809	885
809	926
809	952
809	977
809	978
810	60
810	600
810	784
810	816
810	914
810	915
810	925
810	933
810	939
810	952
810	962
810	978
811	508
811	563
811	659
811	856
811	864
811	896
811	943
811	950
811	951
811	980
811	992
811	999
812	157
812	361
812	643
812	749
812	941
812	950
812	958
812	959
812	979
812	986
812	991
812	996
813	466
813	844
813	911
813	915
813	936
813	940
813	964
813	966
813	973
813	974
813	981
813	995
814	349
814	685
814	692
814	761
814	807
814	921
814	932
814	937
814	947
814	963
814	976
814	987
815	166
815	178
815	443
815	688
815	822
815	853
815	855
815	873
815	882
815	900
815	949
815	993
816	380
816	576
816	751
816	784
816	810
816	823
816	872
816	901
816	917
816	941
816	964
816	977
817	830
817	866
817	879
817	911
817	946
817	955
817	967
817	983
817	989
817	994
817	999
817	1000
818	152
818	615
818	727
818	866
818	913
818	965
818	967
818	970
818	989
818	997
818	999
818	1000
819	470
819	908
819	911
819	915
819	916
819	936
819	940
819	952
819	973
819	974
819	981
819	995
820	70
820	374
820	833
820	848
820	859
820	872
820	874
820	903
820	939
820	962
820	972
820	977
821	572
821	709
821	789
821	832
821	869
821	934
821	970
821	983
821	989
821	993
821	997
821	999
822	224
822	308
822	526
822	549
822	713
822	732
822	815
822	857
822	931
822	942
822	954
822	993
823	264
823	569
823	601
823	816
823	901
823	905
823	917
823	933
823	962
823	977
823	982
823	1000
824	462
824	703
824	881
824	908
824	911
824	915
824	916
824	947
824	973
824	974
824	981
824	995
825	717
825	802
825	830
825	862
825	877
825	921
825	928
825	932
825	960
825	976
825	987
825	996
826	126
826	577
826	698
826	790
826	855
826	920
826	931
826	942
826	949
826	954
826	987
826	993
827	216
827	308
827	613
827	652
827	772
827	790
827	855
827	865
827	920
827	942
827	949
827	963
827	993
828	372
828	629
828	749
828	750
828	771
828	910
828	941
828	956
828	958
828	979
828	986
828	991
828	996
829	79
829	195
829	222
829	404
829	521
829	552
829	610
829	883
829	905
829	926
829	957
829	977
829	982
830	139
830	680
830	685
830	729
830	817
830	825
830	921
830	932
830	947
830	960
830	963
830	976
830	987
831	386
831	510
831	648
831	661
831	703
831	755
831	763
831	778
831	792
831	887
831	902
831	953
831	985
832	657
832	715
832	736
832	821
832	846
832	919
832	927
832	934
832	967
832	984
832	997
832	998
832	1000
833	214
833	445
833	471
833	570
833	616
833	716
833	735
833	809
833	820
833	898
833	952
833	964
833	972
834	296
834	647
834	667
834	788
834	791
834	930
834	970
834	984
834	989
834	994
834	997
834	998
834	1000
835	29
835	609
835	678
835	848
835	898
835	939
835	952
835	962
835	964
835	972
835	977
835	982
835	990
836	298
836	453
836	553
836	573
836	623
836	733
836	800
836	867
836	884
836	916
836	969
836	971
836	988
837	226
837	330
837	497
837	690
837	747
837	773
837	777
837	795
837	904
837	965
837	969
837	971
837	988
838	234
838	301
838	348
838	465
838	547
838	556
838	670
838	792
838	887
838	892
838	900
838	985
838	990
839	86
839	448
839	458
839	529
839	692
839	711
839	779
839	852
839	863
839	877
839	963
839	976
839	987
840	532
840	545
840	581
840	663
840	879
840	914
840	922
840	955
840	970
840	994
840	997
840	998
840	1000
841	191
841	298
841	418
841	480
841	528
841	562
841	714
841	743
841	759
841	894
841	935
841	965
841	971
841	987
842	116
842	165
842	168
842	319
842	349
842	574
842	635
842	921
842	928
842	947
842	960
842	976
842	987
842	989
843	488
843	628
843	653
843	781
843	866
843	955
843	970
843	983
843	987
843	988
843	994
843	997
843	999
843	1000
844	427
844	525
844	806
844	813
844	881
844	890
844	911
844	915
844	916
844	940
844	973
844	974
844	981
844	995
845	233
845	293
845	611
845	796
845	854
845	910
845	924
845	941
845	945
845	956
845	968
845	979
845	986
845	991
846	102
846	285
846	408
846	690
846	745
846	785
846	795
846	832
846	858
846	935
846	969
846	971
846	973
846	988
847	635
847	665
847	761
847	794
847	860
847	899
847	903
847	921
847	923
847	947
847	960
847	963
847	987
847	995
848	460
848	555
848	751
848	797
848	820
848	835
848	872
848	888
848	891
848	939
848	957
848	962
848	964
848	977
849	351
849	393
849	477
849	622
849	686
849	734
849	869
849	932
849	966
849	970
849	991
849	994
849	998
849	999
850	63
850	334
850	464
850	529
850	567
850	635
850	685
850	687
850	802
850	903
850	947
850	963
850	987
850	989
851	746
851	806
851	890
851	908
851	911
851	915
851	916
851	929
851	936
851	940
851	973
851	974
851	981
851	995
852	567
852	637
852	673
852	728
852	794
852	839
852	889
852	899
852	921
852	960
852	963
852	974
852	976
852	987
853	164
853	358
853	384
853	704
853	798
853	815
853	857
853	865
853	873
853	920
853	931
853	939
853	949
853	954
853	993
854	489
854	770
854	776
854	845
854	924
854	927
854	929
854	941
854	945
854	958
854	979
854	986
854	990
854	991
854	996
855	183
855	262
855	463
855	698
855	704
855	730
855	815
855	826
855	827
855	857
855	918
855	920
855	949
855	966
855	993
856	524
856	535
856	641
856	681
856	811
856	886
856	888
856	896
856	897
856	943
856	944
856	950
856	951
856	968
856	992
857	85
857	530
857	669
857	688
857	698
857	742
857	785
857	822
857	853
857	855
857	865
857	873
857	918
857	942
857	993
858	7
858	307
858	366
858	514
858	566
858	769
858	775
858	777
858	801
858	807
858	846
858	935
858	948
858	969
858	971
859	206
859	330
859	357
859	555
859	683
859	751
859	820
859	874
859	876
859	905
859	939
859	957
859	962
859	972
859	978
860	446
860	649
860	699
860	766
860	805
860	847
860	893
860	896
860	943
860	944
860	950
860	951
860	961
860	980
860	992
861	19
861	370
861	403
861	776
861	796
861	907
861	924
861	930
861	941
861	956
861	959
861	979
861	980
861	991
861	996
862	20
862	55
862	299
862	443
862	480
862	623
862	638
862	682
862	690
862	740
862	825
862	965
862	969
862	975
862	988
863	320
863	589
863	593
863	650
863	673
863	802
863	839
863	923
863	928
863	937
863	947
863	960
863	963
863	984
863	987
864	504
864	524
864	612
864	699
864	774
864	811
864	886
864	919
864	943
864	948
864	951
864	968
864	972
864	980
864	992
865	64
865	126
865	154
865	768
865	827
865	853
865	857
865	873
865	878
865	931
865	942
865	949
865	954
865	971
865	993
866	152
866	537
866	598
866	719
866	756
866	788
866	817
866	818
866	843
866	895
866	914
866	966
866	967
866	970
866	997
867	55
867	362
867	364
867	548
867	596
867	795
867	807
867	836
867	875
867	904
867	965
867	969
867	971
867	975
867	988
868	55
868	255
868	435
868	511
868	518
868	682
868	691
868	731
868	758
868	766
868	870
868	885
868	935
868	975
868	988
869	62
869	328
869	435
869	631
869	786
869	821
869	849
869	934
869	938
869	967
869	983
869	984
869	989
869	994
869	997
869	999
870	93
870	259
870	325
870	346
870	396
870	514
870	566
870	588
870	606
870	743
870	748
870	785
870	868
870	904
870	969
870	988
871	200
871	297
871	328
871	339
871	351
871	368
871	674
871	764
871	791
871	922
871	934
871	989
871	991
871	998
871	999
871	1000
872	33
872	281
872	330
872	719
872	751
872	816
872	820
872	848
872	891
872	894
872	912
872	917
872	925
872	926
872	962
872	978
873	28
873	384
873	469
873	634
873	732
873	786
873	788
873	815
873	853
873	857
873	865
873	878
873	920
873	942
873	949
873	993
874	64
874	73
874	106
874	678
874	795
874	820
874	859
874	876
874	883
874	925
874	933
874	957
874	962
874	964
874	978
874	982
875	27
875	137
875	335
875	362
875	668
875	733
875	766
875	777
875	791
875	795
875	867
875	884
875	935
875	965
875	969
875	988
876	609
876	676
876	809
876	859
876	874
876	891
876	894
876	933
876	952
876	962
876	964
876	972
876	977
876	978
876	982
876	1000
877	65
877	193
877	304
877	452
877	673
877	728
877	761
877	799
877	825
877	839
877	923
877	925
877	960
877	963
877	976
877	987
878	28
878	219
878	353
878	688
878	689
878	698
878	730
878	768
878	772
878	865
878	873
878	918
878	931
878	949
878	954
878	993
879	575
879	764
879	769
879	786
879	817
879	840
879	897
879	909
879	942
879	955
879	966
879	967
879	983
879	989
879	994
879	999
879	1000
880	25
880	263
880	580
880	629
880	749
880	762
880	770
880	907
880	910
880	929
880	930
880	941
880	956
880	958
880	986
880	991
880	996
881	1
881	705
881	717
881	738
881	780
881	824
881	844
881	908
881	911
881	915
881	916
881	936
881	940
881	973
881	974
881	981
881	995
882	246
882	420
882	454
882	549
882	577
882	669
882	700
882	713
882	726
882	798
882	803
882	815
882	918
882	949
882	954
882	958
882	979
882	993
883	18
883	100
883	106
883	598
883	784
883	829
883	874
883	887
883	905
883	917
883	925
883	926
883	933
883	962
883	972
883	977
883	978
883	982
884	43
884	103
884	325
884	337
884	425
884	540
884	708
884	747
884	748
884	807
884	836
884	875
884	904
884	935
884	971
884	975
884	988
884	999
885	225
885	250
885	260
885	390
885	616
885	735
885	809
885	868
885	898
885	901
885	925
885	933
885	957
885	964
885	977
885	978
885	982
885	998
886	92
886	263
886	565
886	702
886	782
886	856
886	864
886	896
886	897
886	943
886	944
886	948
886	950
886	951
886	961
886	968
886	980
886	992
887	4
887	218
887	234
887	343
887	395
887	410
887	651
887	754
887	792
887	831
887	838
887	883
887	892
887	900
887	902
887	978
887	985
887	990
888	256
888	536
888	658
888	782
888	805
888	848
888	856
888	893
888	896
888	903
888	919
888	943
888	950
888	951
888	961
888	968
888	980
888	992
889	30
889	46
889	360
889	422
889	452
889	456
889	458
889	692
889	729
889	732
889	794
889	852
889	903
889	923
889	925
889	963
889	976
889	987
890	462
890	780
890	804
890	806
890	844
890	851
890	908
890	911
890	915
890	916
890	936
890	940
890	944
890	973
890	974
890	981
890	993
890	995
891	33
891	184
891	287
891	330
891	397
891	602
891	848
891	872
891	876
891	912
891	917
891	935
891	952
891	964
891	972
891	977
891	978
891	982
891	998
892	4
892	192
892	225
892	343
892	354
892	386
892	401
892	410
892	510
892	578
892	651
892	661
892	720
892	721
892	838
892	887
892	902
892	985
892	990
893	279
893	438
893	441
893	656
893	699
893	805
893	860
893	888
893	896
893	919
893	943
893	948
893	950
893	951
893	961
893	968
893	976
893	980
893	992
894	144
894	195
894	306
894	570
894	696
894	739
894	765
894	841
894	872
894	876
894	898
894	901
894	905
894	917
894	957
894	964
894	972
894	977
894	982
895	193
895	496
895	679
895	707
895	787
895	866
895	927
895	934
895	938
895	946
895	966
895	967
895	970
895	983
895	989
895	994
895	997
895	998
895	1000
896	416
896	455
896	542
896	671
896	762
896	811
896	856
896	860
896	886
896	888
896	893
896	943
896	944
896	948
896	950
896	951
896	961
896	980
896	992
897	51
897	155
897	441
897	508
897	568
897	576
897	599
897	649
897	662
897	762
897	782
897	856
897	879
897	886
897	944
897	948
897	951
897	968
897	980
897	992
898	40
898	141
898	320
898	404
898	417
898	683
898	751
898	833
898	835
898	885
898	894
898	901
898	909
898	917
898	933
898	952
898	957
898	962
898	977
898	982
899	75
899	77
899	139
899	360
899	452
899	463
899	637
899	650
899	728
899	847
899	852
899	921
899	923
899	932
899	936
899	937
899	947
899	963
899	976
899	987
900	80
900	158
900	214
900	292
900	400
900	444
900	565
900	588
900	604
900	619
900	648
900	661
900	664
900	710
900	815
900	838
900	887
900	953
900	985
900	990
901	79
901	314
901	336
901	490
901	494
901	498
901	616
901	676
901	737
901	739
901	741
901	816
901	823
901	885
901	894
901	898
901	917
901	962
901	964
901	978
902	198
902	218
902	378
902	410
902	490
902	554
902	605
902	619
902	640
902	721
902	754
902	755
902	778
902	831
902	887
902	892
902	953
902	985
902	990
902	992
903	46
903	65
903	124
903	448
903	711
903	729
903	738
903	761
903	820
903	847
903	850
903	888
903	889
903	928
903	932
903	937
903	960
903	963
903	976
903	987
904	114
904	321
904	379
904	632
904	690
904	693
904	733
904	748
904	837
904	867
904	870
904	884
904	935
904	965
904	969
904	971
904	975
904	980
904	988
904	991
905	140
905	181
905	311
905	316
905	326
905	369
905	447
905	533
905	663
905	739
905	797
905	823
905	829
905	859
905	883
905	894
905	925
905	926
905	952
905	957
905	978
906	56
906	98
906	303
906	352
906	391
906	645
906	737
906	764
906	791
906	913
906	946
906	955
906	966
906	970
906	981
906	989
906	994
906	997
906	998
906	999
906	1000
907	151
907	344
907	507
907	538
907	546
907	660
907	670
907	724
907	749
907	767
907	793
907	861
907	880
907	910
907	930
907	941
907	956
907	958
907	959
907	964
907	996
908	421
908	520
908	557
908	703
908	705
908	746
908	804
908	819
908	824
908	851
908	881
908	890
908	911
908	915
908	936
908	940
908	973
908	974
908	981
908	984
908	995
909	247
909	478
909	584
909	657
909	663
909	701
909	757
909	781
909	879
909	898
909	913
909	914
909	938
909	946
909	966
909	967
909	984
909	989
909	997
909	998
909	1000
910	258
910	365
910	385
910	481
910	546
910	597
910	625
910	722
910	793
910	828
910	845
910	880
910	907
910	921
910	924
910	956
910	958
910	971
910	979
910	986
910	991
910	996
911	129
911	341
911	780
911	804
911	813
911	817
911	819
911	824
911	844
911	851
911	881
911	890
911	908
911	915
911	916
911	936
911	940
911	973
911	974
911	981
911	982
911	995
912	49
912	225
912	249
912	306
912	369
912	471
912	541
912	666
912	676
912	741
912	751
912	872
912	891
912	924
912	933
912	952
912	962
912	972
912	977
912	978
912	982
912	997
913	667
913	736
913	788
913	789
913	818
913	906
913	909
913	914
913	922
913	927
913	934
913	941
913	946
913	966
913	967
913	970
913	983
913	989
913	995
913	997
913	998
913	1000
914	251
914	493
914	592
914	653
914	810
914	840
914	866
914	909
914	913
914	938
914	955
914	966
914	967
914	968
914	970
914	983
914	984
914	989
914	994
914	998
914	999
914	1000
915	486
915	487
915	703
915	806
915	810
915	813
915	819
915	824
915	844
915	851
915	881
915	890
915	908
915	911
915	916
915	936
915	940
915	973
915	974
915	979
915	981
915	995
916	32
916	150
916	160
916	545
916	720
916	746
916	804
916	819
916	824
916	836
916	844
916	851
916	881
916	890
916	911
916	915
916	936
916	940
916	973
916	974
916	981
916	995
917	57
917	106
917	239
917	515
917	570
917	678
917	816
917	823
917	872
917	883
917	891
917	894
917	898
917	901
917	925
917	926
917	952
917	965
917	972
917	977
917	978
917	981
917	982
918	22
918	47
918	85
918	310
918	454
918	476
918	530
918	613
918	713
918	726
918	768
918	772
918	779
918	798
918	855
918	857
918	878
918	882
918	949
918	954
918	965
918	988
918	993
919	5
919	155
919	180
919	563
919	612
919	753
919	774
919	805
919	808
919	832
919	864
919	888
919	893
919	943
919	944
919	948
919	950
919	951
919	961
919	968
919	980
919	992
919	995
920	47
920	178
920	220
920	389
920	417
920	592
920	700
920	726
920	742
920	768
920	772
920	779
920	790
920	803
920	826
920	827
920	853
920	855
920	873
920	931
920	942
920	949
920	992
920	993
921	110
921	332
921	354
921	448
921	529
921	589
921	618
921	665
921	684
921	729
921	814
921	825
921	830
921	842
921	847
921	852
921	899
921	910
921	923
921	932
921	937
921	960
921	963
921	976
922	48
922	128
922	277
922	315
922	389
922	406
922	622
922	752
922	783
922	840
922	871
922	913
922	934
922	946
922	965
922	970
922	983
922	989
922	994
922	995
922	997
922	998
922	999
922	1000
923	153
923	168
923	290
923	300
923	332
923	360
923	464
923	673
923	685
923	687
923	711
923	718
923	847
923	863
923	877
923	889
923	899
923	921
923	928
923	932
923	947
923	976
923	978
923	987
924	3
924	213
924	367
924	467
924	579
924	580
924	629
924	660
924	724
924	845
924	854
924	861
924	910
924	912
924	929
924	930
924	945
924	956
924	958
924	979
924	984
924	986
924	991
924	996
925	144
925	369
925	427
925	436
925	502
925	676
925	706
925	810
925	872
925	874
925	877
925	883
925	885
925	889
925	905
925	917
925	926
925	933
925	939
925	957
925	972
925	977
925	978
925	982
926	40
926	143
926	181
926	211
926	249
926	460
926	552
926	681
926	735
926	797
926	809
926	829
926	872
926	883
926	905
926	917
926	925
926	939
926	957
926	962
926	975
926	977
926	978
926	982
926	997
927	213
927	227
927	231
927	277
927	493
927	593
927	666
927	684
927	715
927	716
927	719
927	769
927	781
927	832
927	854
927	895
927	913
927	955
927	966
927	970
927	983
927	984
927	994
927	998
927	999
928	75
928	91
928	124
928	340
928	371
928	448
928	617
928	621
928	673
928	687
928	692
928	728
928	789
928	794
928	825
928	842
928	863
928	903
928	923
928	947
928	960
928	963
928	975
928	976
928	987
929	105
929	244
929	294
929	331
929	370
929	428
929	429
929	440
929	467
929	750
929	771
929	851
929	854
929	880
929	924
929	930
929	945
929	956
929	958
929	959
929	976
929	979
929	986
929	991
929	996
930	416
930	422
930	428
930	538
930	546
930	580
930	643
930	725
930	776
930	796
930	834
930	861
930	880
930	907
930	924
930	929
930	941
930	956
930	958
930	959
930	979
930	982
930	986
930	991
930	996
931	6
931	16
931	66
931	83
931	130
931	381
931	518
931	577
931	634
931	689
931	698
931	700
931	704
931	726
931	732
931	742
931	772
931	822
931	826
931	853
931	865
931	878
931	920
931	942
931	949
931	954
932	116
932	122
932	188
932	426
932	458
932	589
932	594
932	617
932	711
932	718
932	738
932	756
932	794
932	814
932	825
932	830
932	849
932	899
932	903
932	921
932	923
932	947
932	963
932	973
932	976
932	987
933	176
933	257
933	278
933	336
933	436
933	447
933	485
933	558
933	678
933	712
933	763
933	810
933	823
933	874
933	876
933	883
933	885
933	898
933	912
933	925
933	952
933	962
933	964
933	972
933	978
933	982
934	15
934	266
934	300
934	375
934	544
934	719
934	743
934	787
934	788
934	821
934	832
934	869
934	871
934	895
934	913
934	922
934	938
934	959
934	965
934	967
934	970
934	989
934	994
934	997
934	999
934	1000
935	81
935	239
935	299
935	347
935	518
935	573
935	606
935	731
935	733
935	743
935	745
935	748
935	785
935	807
935	841
935	846
935	858
935	868
935	875
935	884
935	891
935	904
935	965
935	969
935	971
935	988
936	13
936	317
936	329
936	472
936	531
936	644
936	705
936	746
936	780
936	804
936	806
936	813
936	819
936	851
936	881
936	890
936	899
936	908
936	911
936	915
936	916
936	937
936	940
936	958
936	973
936	974
936	981
936	995
937	65
937	110
937	153
937	254
937	322
937	363
937	413
937	517
937	573
937	635
937	650
937	665
937	680
937	685
937	718
937	761
937	814
937	863
937	899
937	903
937	921
937	936
937	947
937	960
937	963
937	976
937	987
937	996
938	131
938	154
938	200
938	265
938	368
938	393
938	544
938	647
938	696
938	752
938	869
938	895
938	909
938	914
938	934
938	946
938	955
938	963
938	966
938	970
938	983
938	984
938	989
938	994
938	997
938	998
938	999
938	1000
939	12
939	302
939	314
939	374
939	616
939	621
939	696
939	713
939	739
939	744
939	751
939	797
939	810
939	820
939	835
939	848
939	853
939	859
939	925
939	926
939	952
939	957
939	962
939	964
939	977
939	978
939	982
939	984
940	129
940	132
940	329
940	338
940	472
940	504
940	511
940	512
940	644
940	705
940	804
940	806
940	813
940	819
940	844
940	851
940	881
940	890
940	908
940	911
940	915
940	916
940	936
940	960
940	973
940	974
940	981
940	994
940	995
941	58
941	105
941	294
941	474
941	489
941	539
941	543
941	595
941	597
941	619
941	793
941	796
941	812
941	816
941	828
941	845
941	854
941	861
941	880
941	907
941	913
941	930
941	945
941	956
941	959
941	979
941	986
941	991
941	996
942	83
942	115
942	145
942	212
942	220
942	246
942	272
942	323
942	417
942	450
942	454
942	530
942	652
942	700
942	713
942	751
942	754
942	768
942	772
942	803
942	822
942	826
942	827
942	857
942	865
942	873
942	879
942	920
942	931
942	993
943	134
943	161
943	232
943	257
943	433
943	446
943	497
943	508
943	620
943	626
943	702
943	753
943	774
943	800
943	808
943	811
943	856
943	860
943	864
943	886
943	888
943	893
943	896
943	919
943	944
943	948
943	950
943	961
943	968
943	980
943	992
944	163
944	256
944	335
944	394
944	459
944	524
944	607
944	626
944	633
944	641
944	658
944	662
944	681
944	753
944	762
944	774
944	782
944	808
944	856
944	860
944	886
944	890
944	896
944	897
944	919
944	943
944	948
944	951
944	961
944	968
944	980
945	36
945	54
945	112
945	119
945	133
945	187
945	282
945	361
945	367
945	429
945	474
945	489
945	583
945	587
945	595
945	611
945	624
945	724
945	750
945	771
945	796
945	845
945	854
945	924
945	929
945	941
945	958
945	979
945	986
945	991
945	996
946	97
946	128
946	210
946	451
946	475
946	500
946	516
946	547
946	564
946	582
946	631
946	663
946	708
946	805
946	817
946	895
946	906
946	909
946	913
946	922
946	938
946	955
946	967
946	970
946	983
946	984
946	989
946	994
946	997
946	998
946	1000
947	26
947	110
947	125
947	247
947	270
947	413
947	419
947	424
947	513
947	589
947	605
947	687
947	692
947	717
947	718
947	756
947	794
947	814
947	824
947	830
947	842
947	847
947	850
947	863
947	899
947	923
947	928
947	932
947	937
947	963
947	975
947	976
948	9
948	155
948	163
948	173
948	482
948	524
948	536
948	599
948	627
948	656
948	658
948	681
948	701
948	702
948	714
948	774
948	808
948	858
948	864
948	886
948	893
948	896
948	897
948	919
948	943
948	944
948	950
948	961
948	968
948	979
948	980
948	992
949	164
949	216
949	271
949	373
949	398
949	420
949	476
949	496
949	523
949	634
949	688
949	698
949	726
949	732
949	772
949	780
949	790
949	798
949	815
949	826
949	827
949	853
949	855
949	865
949	873
949	878
949	882
949	918
949	920
949	931
949	964
949	967
949	993
950	17
950	143
950	180
950	188
950	197
950	402
950	433
950	438
950	455
950	461
950	482
950	563
950	627
950	642
950	649
950	658
950	677
950	681
950	702
950	774
950	805
950	811
950	812
950	856
950	860
950	886
950	888
950	893
950	896
950	919
950	943
950	948
950	961
950	980
950	992
951	9
951	99
951	235
951	409
951	438
951	455
951	459
951	461
951	497
951	542
951	626
951	699
951	701
951	715
951	753
951	805
951	808
951	811
951	856
951	860
951	864
951	886
951	888
951	893
951	896
951	897
951	919
951	944
951	961
951	968
951	969
951	980
951	981
951	983
951	992
952	23
952	67
952	148
952	170
952	208
952	326
952	502
952	505
952	521
952	560
952	569
952	650
952	678
952	697
952	735
952	744
952	784
952	797
952	809
952	810
952	819
952	833
952	835
952	876
952	891
952	898
952	905
952	912
952	917
952	933
952	939
952	957
952	962
952	972
952	978
952	982
953	4
953	72
953	78
953	80
953	192
953	228
953	240
953	270
953	292
953	343
953	348
953	378
953	399
953	449
953	484
953	490
953	547
953	554
953	556
953	561
953	604
953	651
953	664
953	712
953	754
953	755
953	763
953	778
953	792
953	797
953	831
953	900
953	902
953	970
953	985
953	990
954	22
954	108
954	194
954	212
954	269
954	272
954	373
954	381
954	450
954	463
954	469
954	476
954	481
954	526
954	559
954	613
954	652
954	669
954	704
954	713
954	726
954	732
954	768
954	779
954	790
954	798
954	822
954	826
954	853
954	865
954	878
954	882
954	918
954	931
954	958
954	979
954	993
955	42
955	127
955	205
955	296
955	464
955	475
955	495
955	505
955	590
955	592
955	657
955	663
955	672
955	684
955	691
955	737
955	765
955	798
955	799
955	817
955	840
955	843
955	879
955	906
955	914
955	927
955	938
955	946
955	966
955	967
955	970
955	984
955	989
955	990
955	994
955	997
955	998
955	1000
956	27
956	119
956	187
956	244
956	331
956	342
956	356
956	365
956	367
956	387
956	391
956	392
956	428
956	484
956	587
956	625
956	643
956	724
956	725
956	750
956	776
956	828
956	845
956	861
956	880
956	907
956	910
956	924
956	929
956	930
956	941
956	958
956	959
956	971
956	979
956	986
956	991
956	996
957	44
957	52
957	73
957	177
957	217
957	326
957	374
957	380
957	404
957	498
957	533
957	555
957	570
957	600
957	621
957	683
957	741
957	744
957	784
957	829
957	848
957	859
957	874
957	885
957	894
957	898
957	905
957	925
957	926
957	939
957	952
957	962
957	964
957	972
957	974
957	978
957	982
957	999
958	37
958	132
958	293
958	311
958	344
958	403
958	455
958	481
958	519
958	538
958	587
958	595
958	670
958	675
958	725
958	770
958	776
958	793
958	796
958	812
958	828
958	854
958	880
958	882
958	907
958	910
958	924
958	929
958	930
958	936
958	945
958	954
958	956
958	959
958	979
958	986
958	991
958	996
959	119
959	121
959	162
959	249
959	305
959	365
959	392
959	413
959	429
959	439
959	507
959	538
959	539
959	583
959	611
959	670
959	675
959	722
959	724
959	749
959	750
959	770
959	771
959	776
959	793
959	812
959	861
959	907
959	929
959	930
959	934
959	941
959	956
959	958
959	979
959	986
959	989
959	991
959	996
960	26
960	77
960	94
960	232
960	254
960	290
960	322
960	363
960	422
960	529
960	567
960	589
960	593
960	646
960	650
960	692
960	717
960	718
960	723
960	729
960	738
960	756
960	787
960	825
960	830
960	842
960	847
960	852
960	863
960	877
960	903
960	921
960	928
960	937
960	940
960	963
960	972
960	976
960	987
961	5
961	17
961	51
961	135
961	161
961	173
961	256
961	263
961	274
961	345
961	459
961	508
961	536
961	607
961	620
961	627
961	641
961	649
961	656
961	662
961	701
961	753
961	762
961	782
961	860
961	886
961	888
961	893
961	896
961	919
961	943
961	944
961	948
961	950
961	951
961	968
961	986
961	992
961	993
962	64
962	69
962	172
962	235
962	287
962	294
962	295
962	357
962	437
962	471
962	502
962	506
962	515
962	529
962	533
962	706
962	741
962	810
962	820
962	823
962	835
962	848
962	859
962	872
962	874
962	876
962	883
962	898
962	901
962	912
962	926
962	933
962	939
962	952
962	957
962	964
962	972
962	977
962	978
962	982
963	46
963	91
963	189
963	203
963	332
963	434
963	517
963	567
963	593
963	594
963	605
963	635
963	650
963	665
963	680
963	685
963	717
963	756
963	761
963	814
963	827
963	830
963	839
963	847
963	850
963	852
963	863
963	877
963	889
963	899
963	903
963	921
963	928
963	932
963	937
963	938
963	947
963	960
963	976
963	987
964	18
964	70
964	184
964	222
964	264
964	295
964	314
964	316
964	358
964	397
964	445
964	485
964	521
964	541
964	572
964	621
964	697
964	706
964	735
964	741
964	813
964	816
964	833
964	835
964	848
964	874
964	876
964	885
964	891
964	894
964	901
964	907
964	933
964	939
964	949
964	957
964	962
964	972
964	977
964	978
965	24
965	93
965	142
965	159
965	179
965	202
965	207
965	241
965	275
965	299
965	325
965	377
965	382
965	396
965	480
965	518
965	525
965	596
965	623
965	691
965	733
965	740
965	745
965	748
965	775
965	777
965	785
965	807
965	818
965	837
965	841
965	862
965	867
965	875
965	904
965	917
965	918
965	922
965	934
965	935
965	969
965	971
965	988
966	89
966	201
966	414
966	439
966	470
966	492
966	537
966	582
966	590
966	608
966	631
966	657
966	686
966	708
966	723
966	727
966	737
966	764
966	767
966	791
966	813
966	849
966	855
966	866
966	879
966	895
966	906
966	909
966	913
966	914
966	927
966	938
966	955
966	967
966	983
966	984
966	989
966	993
966	994
966	997
966	998
966	999
966	1000
967	61
967	89
967	182
967	304
967	312
967	313
967	393
967	486
967	488
967	522
967	572
967	581
967	697
967	707
967	716
967	723
967	757
967	767
967	786
967	787
967	791
967	817
967	818
967	832
967	866
967	869
967	879
967	895
967	909
967	913
967	914
967	934
967	946
967	949
967	955
967	966
967	969
967	983
967	984
967	989
967	994
967	997
967	998
967	1000
968	120
968	138
968	215
968	235
968	274
968	279
968	345
968	392
968	409
968	482
968	536
968	542
968	565
968	568
968	607
968	612
968	620
968	641
968	656
968	658
968	662
968	677
968	699
968	753
968	774
968	782
968	845
968	856
968	864
968	886
968	888
968	893
968	897
968	914
968	919
968	943
968	944
968	948
968	951
968	961
968	980
968	992
968	994
968	999
969	7
969	114
969	202
969	255
969	318
969	325
969	333
969	337
969	347
969	408
969	421
969	443
969	452
969	453
969	540
969	632
969	636
969	659
969	690
969	693
969	694
969	736
969	745
969	747
969	758
969	759
969	785
969	800
969	807
969	836
969	837
969	846
969	858
969	862
969	867
969	870
969	875
969	904
969	935
969	951
969	965
969	967
969	971
969	988
970	11
970	68
970	127
970	183
970	190
970	315
970	411
970	470
970	527
970	575
970	589
970	590
970	598
970	608
970	610
970	615
970	653
970	709
970	723
970	727
970	781
970	818
970	821
970	834
970	840
970	843
970	849
970	866
970	895
970	906
970	913
970	914
970	922
970	927
970	934
970	938
970	946
970	953
970	955
970	983
970	984
970	989
970	994
970	997
970	998
970	999
970	1000
971	24
971	43
971	74
971	111
971	146
971	179
971	248
971	259
971	355
971	376
971	377
971	379
971	382
971	435
971	469
971	491
971	514
971	535
971	551
971	553
971	566
971	630
971	638
971	682
971	714
971	731
971	740
971	745
971	747
971	748
971	773
971	795
971	836
971	837
971	841
971	846
971	858
971	865
971	867
971	884
971	904
971	910
971	935
971	956
971	965
971	969
971	975
971	988
972	140
972	170
972	237
972	250
972	257
972	278
972	281
972	336
972	357
972	471
972	483
972	515
972	521
972	555
972	577
972	602
972	621
972	666
972	676
972	678
972	696
972	697
972	706
972	741
972	784
972	820
972	833
972	835
972	859
972	864
972	876
972	883
972	891
972	894
972	912
972	917
972	925
972	933
972	952
972	957
972	960
972	962
972	964
972	977
972	978
972	982
972	991
972	996
973	1
973	32
973	53
973	88
973	90
973	169
973	171
973	175
973	236
973	327
973	350
973	394
973	405
973	462
973	466
973	472
973	504
973	511
973	531
973	557
973	571
973	644
973	651
973	703
973	705
973	746
973	780
973	804
973	806
973	813
973	819
973	824
973	844
973	846
973	851
973	881
973	890
973	908
973	911
973	915
973	916
973	932
973	936
973	940
973	974
973	981
973	995
973	998
974	31
974	87
974	88
974	90
974	100
974	129
974	175
974	186
974	280
974	317
974	329
974	341
974	350
974	394
974	405
974	434
974	486
974	487
974	511
974	520
974	531
974	545
974	557
974	571
974	644
974	703
974	746
974	780
974	782
974	804
974	806
974	813
974	819
974	824
974	844
974	851
974	852
974	881
974	890
974	908
974	911
974	915
974	916
974	936
974	940
974	957
974	973
974	975
974	981
974	995
975	10
975	43
975	118
975	159
975	199
975	229
975	255
975	276
975	307
975	333
975	359
975	364
975	366
975	376
975	377
975	396
975	408
975	418
975	550
975	562
975	586
975	606
975	632
975	668
975	682
975	693
975	714
975	743
975	748
975	758
975	766
975	773
975	777
975	785
975	795
975	800
975	801
975	807
975	862
975	867
975	868
975	884
975	904
975	926
975	928
975	947
975	971
975	974
975	978
975	988
976	91
976	92
976	153
976	165
976	193
976	203
976	304
976	319
976	322
976	371
976	419
976	426
976	456
976	594
976	617
976	637
976	639
976	646
976	680
976	687
976	711
976	717
976	728
976	729
976	738
976	756
976	761
976	802
976	814
976	825
976	830
976	839
976	842
976	852
976	877
976	889
976	893
976	899
976	903
976	921
976	923
976	928
976	929
976	932
976	937
976	947
976	960
976	963
976	987
976	991
976	998
977	12
977	67
977	93
977	143
977	170
977	177
977	237
977	278
977	336
977	380
977	390
977	506
977	515
977	552
977	558
977	576
977	583
977	602
977	609
977	666
977	678
977	696
977	739
977	741
977	744
977	759
977	797
977	809
977	816
977	820
977	823
977	829
977	835
977	848
977	876
977	883
977	885
977	891
977	894
977	898
977	912
977	917
977	925
977	926
977	939
977	962
977	964
977	972
977	978
977	996
977	997
978	29
978	44
978	60
978	100
978	176
978	260
978	282
978	296
978	306
978	358
978	397
978	437
978	483
978	521
978	541
978	555
978	558
978	601
978	602
978	696
978	697
978	724
978	739
978	744
978	784
978	797
978	809
978	810
978	859
978	872
978	874
978	876
978	883
978	885
978	887
978	891
978	901
978	905
978	912
978	917
978	923
978	925
978	926
978	933
978	939
978	952
978	957
978	962
978	964
978	972
978	975
978	977
979	19
979	36
979	38
979	123
979	126
979	132
979	151
979	167
979	230
979	367
979	385
979	403
979	415
979	416
979	428
979	439
979	440
979	467
979	479
979	519
979	539
979	587
979	614
979	625
979	688
979	722
979	725
979	750
979	770
979	771
979	793
979	812
979	828
979	845
979	854
979	861
979	882
979	910
979	915
979	924
979	929
979	930
979	941
979	945
979	948
979	954
979	956
979	958
979	959
979	986
979	991
979	996
980	50
980	98
980	120
980	134
980	138
980	173
980	197
980	274
980	284
980	345
980	407
980	409
980	426
980	433
980	441
980	465
980	563
980	565
980	568
980	599
980	607
980	620
980	627
980	633
980	641
980	658
980	662
980	677
980	701
980	702
980	753
980	774
980	782
980	805
980	808
980	811
980	860
980	861
980	864
980	886
980	888
980	893
980	896
980	897
980	904
980	919
980	943
980	944
980	948
980	950
980	951
980	968
980	983
980	992
980	998
981	13
981	23
981	31
981	81
981	87
981	102
981	169
981	171
981	186
981	236
981	280
981	317
981	327
981	338
981	341
981	350
981	405
981	408
981	427
981	434
981	466
981	486
981	487
981	504
981	512
981	520
981	531
981	545
981	557
981	571
981	644
981	703
981	705
981	746
981	780
981	804
981	806
981	813
981	819
981	824
981	844
981	851
981	881
981	890
981	906
981	908
981	911
981	915
981	916
981	917
981	936
981	940
981	951
981	973
981	974
981	995
982	12
982	44
982	49
982	57
982	181
982	196
982	282
982	316
982	323
982	372
982	374
982	390
982	436
982	437
982	445
982	483
982	494
982	498
982	502
982	506
982	515
982	560
982	569
982	609
982	621
982	676
982	696
982	697
982	706
982	735
982	744
982	751
982	784
982	823
982	829
982	835
982	874
982	876
982	883
982	885
982	891
982	894
982	898
982	911
982	912
982	917
982	925
982	926
982	930
982	933
982	939
982	952
982	957
982	962
982	972
982	987
982	998
983	62
983	71
983	95
983	127
983	217
983	242
983	245
983	313
983	324
983	353
983	391
983	451
983	493
983	500
983	514
983	522
983	537
983	548
983	574
983	582
983	584
983	599
983	624
983	653
983	684
983	711
983	715
983	716
983	721
983	727
983	736
983	752
983	760
983	767
983	781
983	783
983	817
983	821
983	843
983	869
983	879
983	895
983	913
983	914
983	922
983	927
983	938
983	946
983	951
983	966
983	967
983	970
983	980
983	984
983	989
983	994
983	998
983	999
983	1000
984	42
984	48
984	61
984	82
984	109
984	135
984	185
984	242
984	273
984	312
984	339
984	352
984	412
984	423
984	477
984	478
984	488
984	495
984	590
984	591
984	624
984	628
984	653
984	672
984	708
984	709
984	734
984	737
984	752
984	769
984	783
984	786
984	789
984	799
984	801
984	832
984	834
984	863
984	869
984	908
984	909
984	914
984	924
984	927
984	938
984	939
984	946
984	955
984	966
984	967
984	970
984	983
984	987
984	989
984	994
984	997
984	998
984	999
984	1000
985	2
985	34
985	78
985	80
985	86
985	117
985	137
985	138
985	158
985	174
985	198
985	202
985	214
985	218
985	301
985	326
985	343
985	348
985	378
985	399
985	400
985	401
985	430
985	432
985	449
985	465
985	473
985	490
985	499
985	501
985	510
985	527
985	547
985	554
985	604
985	619
985	640
985	648
985	651
985	661
985	671
985	710
985	712
985	720
985	721
985	754
985	755
985	761
985	763
985	792
985	831
985	838
985	887
985	892
985	900
985	902
985	953
985	990
985	993
986	38
986	53
986	96
986	156
986	157
986	167
986	168
986	187
986	223
986	233
986	288
986	293
986	299
986	305
986	361
986	383
986	385
986	387
986	431
986	474
986	489
986	507
986	579
986	580
986	583
986	595
986	597
986	611
986	614
986	643
986	660
986	675
986	680
986	722
986	724
986	725
986	749
986	750
986	770
986	776
986	796
986	812
986	828
986	845
986	854
986	880
986	910
986	924
986	929
986	930
986	941
986	945
986	956
986	958
986	959
986	961
986	979
986	989
986	991
986	996
987	52
987	75
987	116
987	125
987	139
987	149
987	203
987	221
987	232
987	290
987	304
987	319
987	334
987	360
987	363
987	456
987	513
987	517
987	593
987	596
987	605
987	617
987	618
987	637
987	646
987	665
987	680
987	685
987	687
987	711
987	729
987	756
987	761
987	794
987	802
987	814
987	825
987	826
987	830
987	839
987	841
987	842
987	843
987	847
987	850
987	852
987	863
987	877
987	889
987	899
987	903
987	923
987	928
987	932
987	937
987	960
987	963
987	976
987	982
987	984
988	8
988	10
988	41
988	54
988	74
988	103
988	136
988	142
988	191
988	224
988	229
988	241
988	243
988	248
988	275
988	309
988	318
988	333
988	347
988	362
988	364
988	396
988	442
988	480
988	503
988	535
988	558
988	573
988	632
988	638
988	659
988	691
988	693
988	695
988	731
988	742
988	743
988	747
988	759
988	766
988	777
988	800
988	801
988	807
988	836
988	837
988	843
988	846
988	862
988	867
988	868
988	870
988	875
988	884
988	904
988	918
988	935
988	965
988	969
988	971
988	975
988	989
988	990
989	71
989	204
989	205
989	227
989	291
989	300
989	346
989	411
989	492
989	500
989	509
989	522
989	532
989	534
989	572
989	591
989	592
989	598
989	615
989	622
989	624
989	647
989	654
989	679
989	709
989	723
989	730
989	734
989	765
989	783
989	788
989	789
989	817
989	818
989	821
989	834
989	842
989	850
989	869
989	871
989	879
989	895
989	906
989	909
989	913
989	914
989	922
989	934
989	938
989	946
989	955
989	959
989	966
989	967
989	970
989	983
989	984
989	986
989	988
989	994
989	997
989	998
989	999
989	1000
990	2
990	34
990	78
990	117
990	158
990	174
990	192
990	198
990	234
990	240
990	261
990	301
990	342
990	348
990	378
990	386
990	388
990	395
990	399
990	400
990	401
990	430
990	432
990	444
990	449
990	484
990	490
990	499
990	517
990	527
990	554
990	556
990	561
990	578
990	588
990	604
990	619
990	640
990	645
990	648
990	651
990	661
990	664
990	671
990	710
990	712
990	720
990	721
990	754
990	755
990	763
990	778
990	792
990	835
990	838
990	854
990	887
990	892
990	900
990	902
990	953
990	955
990	985
990	988
991	27
991	35
991	36
991	38
991	113
991	121
991	123
991	130
991	162
991	244
991	305
991	311
991	344
991	370
991	385
991	387
991	416
991	431
991	439
991	479
991	481
991	483
991	489
991	507
991	519
991	538
991	543
991	546
991	579
991	587
991	597
991	614
991	625
991	629
991	655
991	670
991	675
991	722
991	750
991	771
991	793
991	796
991	812
991	828
991	845
991	849
991	854
991	861
991	871
991	880
991	904
991	910
991	924
991	929
991	930
991	941
991	945
991	956
991	958
991	959
991	972
991	976
991	979
991	986
991	996
991	1000
992	9
992	50
992	99
992	120
992	134
992	180
992	197
992	206
992	207
992	215
992	279
992	284
992	309
992	345
992	356
992	402
992	407
992	433
992	441
992	446
992	461
992	497
992	508
992	524
992	542
992	563
992	565
992	568
992	599
992	607
992	612
992	626
992	627
992	633
992	642
992	649
992	658
992	662
992	677
992	681
992	699
992	702
992	725
992	762
992	782
992	805
992	808
992	811
992	856
992	860
992	864
992	886
992	888
992	893
992	896
992	897
992	902
992	919
992	920
992	943
992	948
992	950
992	951
992	961
992	968
992	980
992	997
993	6
993	22
993	47
993	59
993	66
993	108
993	154
993	166
993	190
993	210
993	216
993	220
993	246
993	253
993	262
993	269
993	271
993	283
993	310
993	323
993	338
993	381
993	384
993	398
993	450
993	469
993	476
993	496
993	523
993	530
993	549
993	559
993	577
993	634
993	669
993	689
993	698
993	700
993	704
993	713
993	726
993	730
993	742
993	768
993	779
993	790
993	798
993	803
993	815
993	821
993	822
993	826
993	827
993	853
993	855
993	857
993	865
993	873
993	878
993	882
993	890
993	918
993	920
993	942
993	949
993	954
993	961
993	966
993	985
994	15
994	21
994	61
994	185
994	252
994	261
994	404
994	406
994	414
994	423
994	451
994	468
994	478
994	492
994	516
994	548
994	564
994	575
994	585
994	586
994	591
994	608
994	610
994	615
994	628
994	639
994	674
994	679
994	715
994	719
994	750
994	752
994	757
994	760
994	764
994	765
994	769
994	783
994	789
994	799
994	802
994	817
994	834
994	840
994	843
994	849
994	869
994	879
994	895
994	906
994	914
994	922
994	927
994	934
994	938
994	940
994	946
994	955
994	966
994	967
994	968
994	970
994	983
994	984
994	989
994	997
994	998
994	999
994	1000
995	1
995	13
995	23
995	31
995	32
995	53
995	81
995	87
995	88
995	90
995	150
995	160
995	169
995	171
995	175
995	186
995	236
995	280
995	289
995	317
995	327
995	329
995	338
995	341
995	350
995	394
995	405
995	427
995	434
995	462
995	466
995	472
995	486
995	487
995	504
995	511
995	512
995	520
995	531
995	545
995	557
995	571
995	644
995	700
995	703
995	705
995	746
995	749
995	780
995	804
995	806
995	813
995	819
995	824
995	844
995	847
995	851
995	881
995	890
995	908
995	911
995	913
995	915
995	916
995	919
995	922
995	936
995	940
995	973
995	974
995	981
996	3
996	19
996	25
996	35
996	37
996	58
996	96
996	99
996	105
996	112
996	113
996	121
996	130
996	156
996	233
996	258
996	268
996	288
996	331
996	356
996	361
996	370
996	383
996	392
996	429
996	431
996	447
996	467
996	474
996	479
996	507
996	543
996	579
996	595
996	597
996	611
996	614
996	643
996	655
996	660
996	670
996	675
996	722
996	725
996	749
996	770
996	771
996	776
996	796
996	806
996	812
996	825
996	828
996	854
996	861
996	880
996	907
996	910
996	924
996	929
996	930
996	937
996	941
996	945
996	956
996	958
996	959
996	972
996	977
996	979
996	986
996	991
996	997
997	11
997	14
997	15
997	62
997	89
997	97
997	201
997	209
997	219
997	228
997	238
997	265
997	277
997	297
997	313
997	315
997	324
997	391
997	411
997	460
997	493
997	581
997	584
997	608
997	624
997	631
997	638
997	639
997	645
997	654
997	657
997	667
997	674
997	679
997	686
997	707
997	708
997	709
997	715
997	716
997	727
997	734
997	737
997	757
997	760
997	764
997	765
997	767
997	783
997	786
997	788
997	791
997	803
997	818
997	821
997	832
997	834
997	840
997	843
997	866
997	869
997	895
997	906
997	909
997	912
997	913
997	922
997	926
997	934
997	938
997	946
997	955
997	966
997	967
997	970
997	977
997	984
997	989
997	992
997	994
997	996
997	998
997	999
997	1000
998	42
998	56
998	68
998	104
998	109
998	152
998	205
998	231
998	238
998	252
998	266
998	291
998	297
998	313
998	324
998	328
998	339
998	352
998	353
998	355
998	365
998	475
998	476
998	495
998	537
998	548
998	574
998	575
998	585
998	590
998	598
998	608
998	610
998	615
998	618
998	639
998	645
998	647
998	653
998	657
998	667
998	672
998	674
998	679
998	684
998	686
998	715
998	723
998	727
998	734
998	736
998	737
998	767
998	781
998	783
998	786
998	787
998	788
998	789
998	791
998	799
998	832
998	834
998	840
998	849
998	871
998	885
998	891
998	895
998	906
998	909
998	913
998	914
998	922
998	927
998	938
998	946
998	955
998	966
998	967
998	970
998	973
998	976
998	980
998	982
998	983
998	984
998	989
998	994
998	997
998	999
998	1000
999	14
999	21
999	48
999	82
999	104
999	131
999	182
999	200
999	204
999	209
999	213
999	217
999	231
999	245
999	247
999	267
999	273
999	291
999	312
999	334
999	339
999	353
999	368
999	375
999	412
999	423
999	477
999	492
999	495
999	500
999	505
999	509
999	532
999	534
999	537
999	544
999	548
999	553
999	582
999	584
999	592
999	624
999	628
999	645
999	654
999	672
999	674
999	679
999	699
999	707
999	708
999	709
999	719
999	723
999	733
999	734
999	736
999	752
999	757
999	764
999	767
999	781
999	783
999	786
999	787
999	789
999	791
999	798
999	799
999	811
999	817
999	818
999	821
999	843
999	849
999	869
999	871
999	879
999	884
999	906
999	914
999	922
999	927
999	934
999	938
999	957
999	966
999	968
999	970
999	983
999	984
999	989
999	994
999	997
999	998
999	1000
1000	56
1000	76
1000	109
1000	118
1000	135
1000	204
1000	209
1000	245
1000	251
1000	252
1000	265
1000	273
1000	297
1000	312
1000	315
1000	346
1000	355
1000	368
1000	375
1000	393
1000	406
1000	407
1000	412
1000	451
1000	470
1000	474
1000	477
1000	509
1000	516
1000	522
1000	532
1000	534
1000	550
1000	572
1000	574
1000	575
1000	582
1000	585
1000	591
1000	592
1000	608
1000	622
1000	630
1000	639
1000	645
1000	647
1000	654
1000	672
1000	674
1000	683
1000	684
1000	686
1000	707
1000	715
1000	719
1000	723
1000	734
1000	736
1000	741
1000	757
1000	760
1000	765
1000	767
1000	769
1000	786
1000	788
1000	789
1000	799
1000	817
1000	818
1000	823
1000	832
1000	834
1000	840
1000	843
1000	871
1000	876
1000	879
1000	895
1000	906
1000	909
1000	913
1000	914
1000	922
1000	934
1000	938
1000	946
1000	955
1000	966
1000	967
1000	970
1000	983
1000	984
1000	989
1000	991
1000	994
1000	997
1000	998
1000	999
