1	992
1	995
1	997
2	885
2	910
2	986
3	926
3	961
3	985
4	976
4	999
4	1000
5	705
5	710
5	847
6	749
6	922
6	951
7	92
7	966
7	993
8	847
8	889
8	896
9	952
9	965
9	986
10	912
10	931
10	990
11	716
11	836
11	977
12	23
12	737
12	996
13	795
13	992
13	997
14	440
14	869
14	934
15	689
15	855
15	944
16	190
16	895
16	1000
17	968
17	984
17	988
18	342
18	876
18	923
19	860
19	888
19	977
20	259
20	943
20	957
21	859
21	999
21	1000
22	244
22	903
22	957
23	12
23	391
23	996
24	968
24	987
24	998
25	842
25	956
25	977
26	992
26	995
26	997
27	909
27	916
27	973
28	250
28	860
28	977
29	987
29	989
29	998
30	825
30	944
30	957
31	41
31	794
31	944
32	852
32	923
32	956
33	354
33	939
33	993
34	456
34	963
34	996
35	960
35	970
35	996
36	950
36	967
36	975
37	954
37	972
37	986
38	963
38	990
38	992
39	489
39	949
39	993
40	803
40	898
40	977
41	31
41	232
41	569
42	799
42	929
42	977
43	974
43	975
43	979
44	953
44	974
44	975
45	927
45	970
45	996
46	535
46	994
46	1000
47	262
47	718
47	889
48	222
48	459
48	696
49	729
49	842
49	956
50	702
50	974
50	975
51	982
51	990
51	991
52	822
52	933
52	983
53	608
53	919
53	993
54	777
54	988
54	989
55	752
55	811
55	847
56	960
56	978
56	996
57	375
57	975
57	983
58	942
58	987
58	989
59	992
59	995
59	997
60	459
60	904
60	947
61	800
61	895
61	982
62	343
62	385
62	951
63	551
63	696
63	945
64	676
64	939
64	993
65	867
65	928
65	983
66	940
66	991
66	994
67	924
67	968
67	998
68	486
68	929
68	977
69	90
69	650
69	676
70	968
70	988
70	998
71	879
71	932
71	996
72	623
72	974
72	983
73	663
73	922
73	969
74	877
74	999
74	1000
75	984
75	989
75	998
76	708
76	964
76	985
77	963
77	982
77	990
78	729
78	873
78	956
79	299
79	953
79	975
80	83
80	760
80	972
81	604
81	775
81	978
82	564
82	831
82	993
83	80
83	954
83	972
84	276
84	820
84	933
85	937
85	988
85	998
86	605
86	867
86	983
87	821
87	885
87	950
88	881
88	992
88	997
89	894
89	989
89	998
90	69
90	939
90	993
91	910
91	952
91	986
92	7
92	766
92	902
93	918
93	938
93	968
94	937
94	999
94	1000
95	867
95	967
95	979
96	921
96	976
96	999
97	984
97	987
97	998
98	939
98	949
98	993
99	762
99	829
99	923
100	417
100	939
100	993
101	970
101	978
101	990
102	970
102	982
102	996
103	373
103	825
103	958
104	928
104	953
104	967
105	507
105	826
105	957
106	796
106	841
106	957
107	992
107	995
107	997
108	867
108	953
108	967
109	432
109	459
109	553
110	873
110	901
110	993
111	752
111	904
111	947
112	953
112	987
112	989
113	942
113	988
113	989
114	963
114	995
114	997
115	729
115	932
115	992
116	802
116	961
116	985
117	315
117	670
117	977
118	913
118	988
118	998
119	820
119	967
119	979
120	994
120	999
120	1000
121	976
121	994
121	1000
122	935
122	973
122	985
123	815
123	967
123	983
124	965
124	972
124	986
125	675
125	932
125	956
126	258
126	757
126	978
127	882
127	922
127	930
128	487
128	777
128	875
129	853
129	908
129	986
130	898
130	929
130	977
131	980
131	999
131	1000
132	425
132	982
132	990
133	318
133	943
133	957
134	976
134	991
134	994
135	914
135	954
135	986
136	664
136	882
136	951
137	685
137	929
137	977
138	813
138	822
138	986
139	655
139	837
139	889
140	711
140	860
140	977
141	458
141	922
141	930
142	987
142	989
142	994
143	853
143	965
143	972
144	984
144	989
144	998
145	284
145	363
145	996
146	944
146	957
146	958
147	931
147	978
147	982
148	956
148	960
148	990
149	674
149	881
149	899
150	819
150	966
150	993
151	896
151	985
151	1000
152	992
152	995
152	997
153	689
153	958
153	967
154	848
154	966
154	993
155	676
155	766
155	993
156	981
156	995
156	997
157	293
157	866
157	977
158	950
158	967
158	979
159	870
159	999
159	1000
160	992
160	995
160	997
161	628
161	665
161	947
162	488
162	990
162	996
163	767
163	926
163	987
164	245
164	735
164	993
165	601
165	963
165	996
166	980
166	994
166	1000
167	189
167	982
167	990
168	762
168	918
168	988
169	964
169	973
169	985
170	764
170	916
170	970
171	964
171	973
171	985
172	906
172	989
172	998
173	928
173	933
173	983
174	987
174	989
174	998
175	281
175	965
175	986
176	745
176	873
176	993
177	206
177	960
177	970
178	608
178	909
178	961
179	942
179	989
179	998
180	564
180	779
180	889
181	402
181	882
181	951
182	193
182	641
182	819
183	950
183	975
183	983
184	992
184	995
184	997
185	984
185	988
185	998
186	952
186	954
186	986
187	968
187	998
187	1000
188	317
188	901
188	993
189	167
189	995
189	997
190	16
190	489
190	919
191	886
191	917
191	988
192	426
192	551
192	947
193	182
193	927
193	1000
194	214
194	544
194	720
195	648
195	929
195	977
196	623
196	950
196	967
197	921
197	935
197	956
198	955
198	970
198	984
199	935
199	973
199	985
200	910
200	965
200	986
201	456
201	632
201	997
202	952
202	954
202	986
203	974
203	975
203	979
204	651
204	893
204	943
205	902
205	966
205	993
206	177
206	730
206	996
207	233
207	516
207	899
208	872
208	942
208	988
209	630
209	911
209	939
210	984
210	987
210	991
211	994
211	999
211	1000
212	918
212	989
212	998
213	992
213	995
213	997
214	194
214	912
214	931
215	883
215	990
215	996
216	957
216	958
216	997
217	384
217	972
217	986
218	839
218	845
218	999
219	446
219	965
219	986
220	991
220	999
220	1000
221	580
221	931
221	963
222	48
222	666
222	904
223	827
223	938
223	985
224	970
224	978
224	996
225	697
225	903
225	957
226	942
226	989
226	998
227	992
227	995
227	997
228	638
228	763
228	993
229	932
229	991
229	1000
230	639
230	899
230	922
231	885
231	972
231	978
232	41
232	891
232	944
233	207
233	814
233	901
234	992
234	995
234	997
235	786
235	999
235	1000
236	537
236	932
236	956
237	914
237	973
237	1000
238	427
238	777
238	957
239	963
239	990
239	996
240	689
240	943
240	998
241	776
241	881
241	951
242	517
242	995
242	997
243	720
243	929
243	977
244	22
244	768
244	790
245	164
245	902
245	993
246	928
246	933
246	979
247	438
247	966
247	993
248	903
248	943
248	944
249	901
249	982
249	993
250	28
250	275
250	479
251	978
251	982
251	996
252	666
252	710
252	947
253	981
253	995
253	997
254	955
254	988
254	989
255	530
255	952
255	986
256	891
256	957
256	958
257	521
257	852
257	880
258	126
258	970
258	990
259	20
259	825
259	958
260	470
260	666
260	947
261	903
261	944
261	957
262	47
262	906
262	987
263	984
263	987
263	988
264	960
264	970
264	982
265	976
265	994
265	1000
266	992
266	995
266	997
267	677
267	806
267	921
268	478
268	515
268	990
269	764
269	842
269	923
270	857
270	972
270	986
271	707
271	806
271	956
272	915
272	999
272	1000
273	831
273	939
273	993
274	814
274	865
274	993
275	250
275	648
275	977
276	84
276	967
276	983
277	314
277	829
277	905
278	948
278	964
278	973
279	992
279	995
279	997
280	634
280	859
280	894
281	175
281	972
281	986
282	684
282	954
282	986
283	367
283	911
283	919
284	145
284	961
284	985
285	458
285	719
285	856
285	930
286	905
286	928
286	974
286	983
287	394
287	928
287	967
287	983
288	912
288	916
288	982
288	996
289	835
289	978
289	990
289	996
290	915
290	980
290	999
290	1000
291	559
291	992
291	995
291	997
292	928
292	979
292	981
292	983
293	157
293	902
293	939
293	966
294	552
294	677
294	880
294	932
295	980
295	991
295	994
295	1000
296	838
296	953
296	974
296	975
297	825
297	943
297	957
297	958
298	794
298	893
298	957
298	958
299	79
299	953
299	974
299	979
300	514
300	897
300	936
300	991
301	497
301	978
301	990
301	996
302	556
302	803
302	898
302	977
303	912
303	923
303	970
303	996
304	892
304	965
304	976
304	999
305	879
305	914
305	982
305	996
306	887
306	976
306	980
306	1000
307	828
307	848
307	873
307	993
308	907
308	953
308	967
308	975
309	915
309	991
309	999
309	1000
310	736
310	924
310	984
310	998
311	976
311	994
311	999
311	1000
312	906
312	988
312	989
312	998
313	815
313	953
313	967
313	979
314	277
314	821
314	967
314	983
315	117
315	795
315	929
315	977
316	789
316	852
316	961
316	985
317	188
317	448
317	949
317	993
318	133
318	358
318	921
318	932
319	945
319	991
319	999
319	1000
320	663
320	882
320	934
320	951
321	809
321	965
321	972
321	986
322	785
322	971
322	995
322	997
323	617
323	842
323	880
323	956
324	848
324	994
324	999
324	1000
325	486
325	803
325	890
325	977
326	742
326	980
326	994
326	1000
327	525
327	802
327	840
327	964
328	838
328	953
328	974
328	975
329	525
329	676
329	698
329	993
330	620
330	864
330	988
330	989
331	517
331	890
331	898
331	977
332	834
332	960
332	982
332	990
333	693
333	827
333	973
333	985
334	731
334	965
334	972
334	986
335	755
335	902
335	964
335	985
336	494
336	553
336	582
336	718
337	890
337	902
337	949
337	993
338	906
338	968
338	984
338	987
339	970
339	982
339	990
339	996
340	846
340	992
340	995
340	997
341	981
341	982
341	995
341	997
342	18
342	876
342	880
342	956
343	62
343	374
343	934
343	951
344	831
344	873
344	949
344	993
345	908
345	965
345	972
345	986
346	818
346	890
346	903
346	943
347	933
347	953
347	974
347	979
348	642
348	873
348	938
348	939
349	881
349	922
349	934
349	951
350	677
350	738
350	806
350	923
351	846
351	919
351	974
351	975
352	870
352	945
352	980
352	999
353	751
353	921
353	923
353	932
354	33
354	911
354	919
354	993
355	945
355	991
355	999
355	1000
356	961
356	980
356	999
356	1000
357	974
357	975
357	979
357	983
358	318
358	506
358	614
358	671
359	945
359	959
359	999
359	1000
360	955
360	984
360	989
360	998
361	722
361	827
361	926
361	985
362	971
362	992
362	995
362	997
363	145
363	590
363	982
363	990
364	675
364	742
364	852
364	876
365	968
365	969
365	989
365	998
366	752
366	909
366	935
366	985
367	283
367	695
367	828
367	966
368	645
368	863
368	967
368	975
369	501
369	816
369	934
369	951
370	881
370	930
370	951
370	966
371	875
371	903
371	944
371	962
372	902
372	991
372	999
372	1000
373	103
373	574
373	949
373	993
374	343
374	441
374	899
374	924
375	57
375	953
375	979
375	983
376	710
376	779
376	837
376	947
377	895
377	911
377	984
377	993
378	584
378	787
378	899
378	930
379	458
379	503
379	600
379	934
380	913
380	968
380	989
380	998
381	920
381	984
381	987
381	998
382	908
382	952
382	965
382	986
383	520
383	563
383	974
383	979
384	217
384	900
384	972
384	986
385	62
385	639
385	882
385	930
386	981
386	992
386	995
386	997
387	859
387	960
387	978
387	990
388	981
388	992
388	995
388	997
389	834
389	960
389	978
389	996
390	930
390	994
390	999
390	1000
391	23
391	992
391	995
391	997
392	957
392	994
392	999
392	1000
393	448
393	914
393	919
393	993
394	287
394	753
394	967
394	974
395	749
395	949
395	966
395	993
396	968
396	984
396	988
396	998
397	693
397	961
397	964
397	985
398	500
398	933
398	974
398	979
399	595
399	841
399	957
399	958
400	906
400	955
400	968
400	988
401	718
401	949
401	966
401	993
402	181
402	578
402	882
402	930
403	914
403	991
403	997
403	1000
404	863
404	974
404	975
404	983
405	840
405	868
405	964
405	973
406	936
406	937
406	999
406	1000
407	967
407	975
407	979
407	983
408	652
408	965
408	972
408	986
409	821
409	905
409	950
409	975
410	712
410	795
410	898
410	977
411	978
411	982
411	990
411	996
412	876
412	961
412	973
412	985
413	981
413	992
413	995
413	997
414	436
414	673
414	890
414	977
415	738
415	842
415	852
415	876
416	457
416	890
416	929
416	977
417	100
417	862
417	910
417	965
418	981
418	992
418	995
418	997
419	981
419	992
419	995
419	997
420	709
420	982
420	990
420	996
421	871
421	959
421	984
421	988
422	559
422	869
422	882
422	908
423	968
423	987
423	988
423	998
424	809
424	970
424	972
424	986
425	132
425	963
425	978
425	990
426	192
426	665
426	717
426	889
427	238
427	546
427	826
427	958
428	976
428	982
428	991
428	1000
429	628
429	913
429	959
429	984
430	565
430	911
430	966
430	993
431	670
431	698
431	866
431	977
432	109
432	557
432	904
432	947
433	646
433	988
433	989
433	998
434	959
434	978
434	987
434	988
435	900
435	954
435	972
435	986
436	414
436	668
436	803
436	875
437	601
437	630
437	916
437	996
438	247
438	970
438	990
438	996
439	748
439	764
439	829
439	956
440	14
440	618
440	951
440	964
441	374
441	600
441	692
441	951
442	833
442	982
442	990
442	996
443	798
443	924
443	984
443	988
444	981
444	992
444	995
444	997
445	713
445	846
445	979
445	983
446	219
446	908
446	927
446	986
447	851
447	877
447	937
447	980
448	317
448	393
448	949
448	966
449	832
449	992
449	995
449	997
450	863
450	928
450	974
450	983
451	772
451	792
451	944
451	969
452	959
452	984
452	987
452	998
453	590
453	834
453	960
453	996
454	715
454	991
454	994
454	999
455	917
455	988
455	996
455	998
456	34
456	201
456	723
456	852
456	921
457	416
457	866
457	929
457	977
457	993
458	141
458	285
458	379
458	692
458	922
459	48
459	60
459	109
459	553
459	706
460	522
460	784
460	886
460	963
460	988
461	971
461	981
461	992
461	995
461	997
462	704
462	963
462	970
462	990
462	996
463	969
463	981
463	992
463	995
463	997
464	924
464	940
464	976
464	994
464	1000
465	673
465	720
465	803
465	850
465	977
466	869
466	881
466	922
466	934
466	951
467	931
467	960
467	978
467	990
467	996
468	721
468	728
468	899
468	922
468	934
469	494
469	533
469	694
469	847
469	904
470	260
470	494
470	797
470	889
470	904
471	743
471	984
471	987
471	989
471	998
472	896
472	926
472	938
472	973
472	985
473	694
473	776
473	797
473	889
473	904
474	937
474	991
474	992
474	994
474	999
475	801
475	875
475	943
475	944
475	958
476	562
476	802
476	816
476	856
476	951
477	813
477	892
477	976
477	991
477	1000
478	268
478	955
478	959
478	989
478	998
479	250
479	866
479	890
479	898
479	977
480	980
480	991
480	994
480	999
480	1000
481	848
481	911
481	961
481	966
481	993
482	839
482	937
482	980
482	994
482	999
483	834
483	859
483	887
483	982
483	996
484	559
484	560
484	674
484	816
484	934
485	963
485	971
485	992
485	995
485	997
486	68
486	325
486	715
486	860
486	977
487	128
487	768
487	893
487	944
487	958
488	162
488	599
488	960
488	985
488	990
489	39
489	190
489	919
489	986
489	993
490	750
490	926
490	952
490	961
490	973
491	637
491	857
491	910
491	952
491	986
492	727
492	764
492	842
492	921
492	956
493	522
493	963
493	970
493	990
493	996
494	336
494	469
494	470
494	519
494	904
495	655
495	779
495	797
495	837
495	947
496	965
496	981
496	992
496	995
496	997
497	301
497	567
497	703
497	886
497	996
498	840
498	961
498	964
498	973
498	985
499	971
499	981
499	992
499	995
499	997
500	398
500	512
500	928
500	950
500	979
501	369
501	618
501	881
501	882
501	963
502	537
502	762
502	764
502	923
502	956
503	379
503	674
503	854
503	856
503	934
504	748
504	844
504	978
504	990
504	996
505	969
505	971
505	992
505	995
505	997
506	358
506	614
506	764
506	794
506	932
507	105
507	792
507	801
507	944
507	957
508	971
508	981
508	992
508	995
508	997
509	711
509	860
509	929
509	959
509	977
510	686
510	892
510	936
510	994
510	999
511	787
511	938
511	948
511	964
511	973
512	500
512	867
512	953
512	975
512	979
513	837
513	887
513	912
513	982
513	996
514	300
514	863
514	933
514	953
514	979
515	268
515	978
515	982
515	990
515	996
516	207
516	765
516	856
516	930
516	951
517	242
517	331
517	803
517	890
517	977
518	926
518	950
518	961
518	973
518	985
519	494
519	905
519	953
519	967
519	983
520	383
520	871
520	987
520	988
520	989
521	257
521	619
521	645
521	876
521	956
522	460
522	493
522	982
522	990
522	996
523	767
523	910
523	984
523	988
523	998
524	631
524	724
524	831
524	949
524	966
525	327
525	329
525	819
525	911
525	966
526	913
526	917
526	984
526	988
526	998
527	935
527	959
527	984
527	987
527	998
528	619
528	738
528	876
528	921
528	923
529	723
529	806
529	921
529	923
529	932
530	255
530	926
530	935
530	961
530	973
531	894
531	968
531	988
531	989
531	998
532	866
532	898
532	928
532	929
532	977
533	469
533	716
533	836
533	898
533	977
534	634
534	800
534	970
534	990
534	996
535	46
535	683
535	967
535	974
535	983
536	854
536	984
536	988
536	989
536	998
537	236
537	502
537	617
537	711
537	956
538	581
538	916
538	960
538	963
538	978
539	794
539	796
539	801
539	891
539	958
540	883
540	916
540	970
540	990
540	996
541	674
541	787
541	922
541	934
541	983
542	922
542	930
542	934
542	951
542	987
543	971
543	981
543	992
543	995
543	997
544	194
544	648
544	836
544	929
544	977
545	833
545	960
545	963
545	978
545	996
546	427
546	770
546	950
546	975
546	983
547	722
547	804
547	935
547	938
547	985
548	858
548	936
548	991
548	999
548	1000
549	924
549	959
549	988
549	989
549	998
550	976
550	991
550	994
550	999
550	1000
551	63
551	192
551	564
551	947
551	997
552	294
552	732
552	806
552	852
552	956
553	109
553	336
553	459
553	710
553	937
554	757
554	772
554	809
554	944
554	957
555	863
555	950
555	967
555	974
555	975
556	302
556	772
556	866
556	929
556	977
557	432
557	666
557	696
557	718
557	837
557	947
558	815
558	950
558	967
558	974
558	979
558	983
559	291
559	422
559	484
559	930
559	934
559	951
560	484
560	618
560	856
560	869
560	934
560	951
561	732
561	764
561	829
561	921
561	923
561	932
562	476
562	618
562	856
562	922
562	930
562	934
563	383
563	753
563	905
563	950
563	975
563	983
564	82
564	180
564	551
564	797
564	837
564	947
565	430
565	701
565	749
565	901
565	971
565	993
566	584
566	594
566	745
566	895
566	949
566	993
567	497
567	883
567	925
567	960
567	990
567	996
568	971
568	981
568	992
568	995
568	997
568	1000
569	41
569	883
569	978
569	982
569	990
569	996
570	925
570	980
570	991
570	994
570	999
570	1000
571	896
571	926
571	939
571	948
571	961
571	985
572	794
572	875
572	891
572	903
572	943
572	944
573	857
573	952
573	954
573	965
573	972
573	986
574	373
574	642
574	768
574	828
574	901
574	939
575	770
575	905
575	933
575	974
575	975
575	983
576	931
576	963
576	978
576	982
576	990
576	996
577	800
577	915
577	991
577	994
577	999
577	1000
578	402
578	757
578	903
578	943
578	957
578	958
579	952
579	954
579	965
579	972
579	986
579	990
580	221
580	849
580	937
580	980
580	999
580	1000
581	538
581	723
581	732
581	751
581	762
581	921
582	336
582	805
582	837
582	904
582	947
582	994
583	818
583	971
583	981
583	992
583	995
583	997
584	378
584	566
584	831
584	901
584	939
584	949
585	861
585	937
585	991
585	994
585	999
585	1000
586	906
586	924
586	942
586	987
586	988
586	998
587	609
587	843
587	894
587	968
587	984
587	987
588	909
588	948
588	961
588	967
588	973
588	985
589	855
589	937
589	945
589	994
589	997
589	1000
590	363
590	453
590	747
590	912
590	978
590	982
591	955
591	984
591	987
591	989
591	998
591	1000
592	750
592	976
592	991
592	994
592	999
592	1000
593	627
593	724
593	735
593	774
593	919
593	993
594	566
594	831
594	911
594	939
594	949
594	966
595	399
595	626
595	804
595	909
595	935
595	985
596	737
596	931
596	963
596	970
596	982
596	990
597	655
597	666
597	705
597	805
597	889
597	947
598	922
598	945
598	991
598	994
598	999
598	1000
599	488
599	911
599	963
599	978
599	990
599	996
600	379
600	441
600	674
600	869
600	881
600	930
601	165
601	437
601	931
601	960
601	978
601	982
602	885
602	910
602	952
602	954
602	986
602	989
603	798
603	924
603	942
603	968
603	984
603	988
604	81
604	788
604	807
604	960
604	990
604	996
605	86
605	631
605	659
605	918
605	979
605	983
606	660
606	935
606	938
606	961
606	973
606	985
607	778
607	910
607	952
607	961
607	972
607	986
608	53
608	178
608	901
608	949
608	966
608	993
609	587
609	823
609	856
609	987
609	989
609	998
610	815
610	913
610	974
610	975
610	979
610	983
611	942
611	959
611	984
611	987
611	988
611	998
612	870
612	945
612	976
612	980
612	996
612	999
613	917
613	959
613	984
613	987
613	989
613	998
614	358
614	506
614	738
614	829
614	880
614	912
615	846
615	968
615	987
615	988
615	989
615	998
616	848
616	873
616	895
616	919
616	993
616	999
617	323
617	537
617	829
617	880
617	932
617	996
618	440
618	501
618	560
618	562
618	899
618	930
619	521
619	528
619	751
619	876
619	910
619	921
620	330
620	942
620	955
620	987
620	988
620	998
621	900
621	910
621	954
621	965
621	972
621	986
622	927
622	980
622	991
622	994
622	999
622	1000
623	72
623	196
623	645
623	950
623	967
623	975
624	644
624	671
624	829
624	921
624	923
624	932
624	956
625	835
625	862
625	952
625	954
625	965
625	972
625	986
626	595
626	909
626	943
626	961
626	964
626	973
626	985
627	593
627	873
627	902
627	919
627	939
627	966
627	973
628	161
628	429
628	655
628	706
628	805
628	904
628	947
629	766
629	913
629	917
629	959
629	987
629	988
629	998
630	209
630	437
630	963
630	970
630	978
630	982
630	990
631	524
631	605
631	838
631	846
631	953
631	974
631	979
632	201
632	842
632	921
632	923
632	926
632	932
632	956
633	860
633	894
633	917
633	984
633	988
633	989
633	998
634	280
634	534
634	815
634	963
634	970
634	982
634	996
635	854
635	895
635	955
635	968
635	987
635	989
635	998
636	853
636	900
636	908
636	952
636	954
636	972
636	986
637	491
637	796
637	801
637	818
637	891
637	943
637	958
638	228
638	735
638	824
638	828
638	949
638	991
638	993
639	230
639	385
639	664
639	776
639	899
639	922
639	993
640	660
640	802
640	896
640	938
640	973
640	985
640	994
641	182
641	695
641	897
641	901
641	919
641	939
641	993
642	348
642	574
642	650
642	824
642	901
642	959
642	966
643	800
643	879
643	883
643	963
643	982
643	990
643	996
644	624
644	873
644	919
644	939
644	949
644	966
644	993
645	368
645	521
645	623
645	928
645	933
645	974
645	979
646	433
646	807
646	879
646	912
646	931
646	970
646	996
647	962
647	969
647	971
647	981
647	992
647	995
647	997
648	195
648	275
648	544
648	836
648	860
648	977
648	988
649	701
649	969
649	971
649	981
649	992
649	995
649	997
650	69
650	642
650	895
650	902
650	905
650	966
650	993
651	204
651	927
651	976
651	980
651	991
651	994
651	999
652	408
652	722
652	909
652	935
652	938
652	948
652	964
653	736
653	925
653	936
653	988
653	994
653	999
653	1000
654	969
654	971
654	974
654	981
654	992
654	995
654	997
655	139
655	495
655	597
655	628
655	779
655	833
655	947
656	800
656	879
656	916
656	931
656	990
656	995
656	996
657	660
657	829
657	840
657	909
657	948
657	961
657	985
658	785
658	914
658	915
658	980
658	994
658	999
658	1000
659	605
659	913
659	950
659	953
659	967
659	979
659	983
660	606
660	640
660	657
660	948
660	961
660	973
660	985
661	877
661	914
661	945
661	976
661	980
661	994
661	999
662	750
662	789
662	825
662	935
662	961
662	973
662	985
663	73
663	320
663	719
663	776
663	856
663	869
663	934
664	136
664	639
664	719
664	899
664	922
664	930
664	951
665	161
665	426
665	805
665	847
665	904
665	929
665	947
666	222
666	252
666	260
666	557
666	597
666	889
666	947
667	834
667	912
667	966
667	970
667	978
667	990
667	996
668	436
668	673
668	741
668	803
668	890
668	929
668	977
669	759
669	945
669	948
669	976
669	980
669	991
669	994
670	117
670	431
670	711
670	716
670	836
670	890
670	977
671	358
671	624
671	852
671	876
671	921
671	932
671	989
672	962
672	969
672	971
672	981
672	992
672	995
672	997
673	414
673	465
673	668
673	860
673	929
673	955
673	977
674	149
674	484
674	503
674	541
674	600
674	692
674	930
675	125
675	364
675	723
675	729
675	732
675	923
675	932
676	64
676	69
676	155
676	329
676	949
676	966
676	993
677	267
677	294
677	350
677	764
677	842
677	921
677	956
678	962
678	969
678	971
678	981
678	992
678	995
678	997
679	871
679	942
679	986
679	987
679	988
679	989
679	998
680	723
680	732
680	748
680	824
680	921
680	923
680	956
681	771
681	809
681	885
681	900
681	952
681	965
681	972
681	986
682	962
682	969
682	971
682	981
682	992
682	995
682	997
682	999
683	535
683	714
683	928
683	933
683	950
683	970
683	979
683	983
684	282
684	900
684	908
684	954
684	965
684	972
684	986
684	987
685	137
685	870
685	897
685	940
685	980
685	991
685	994
685	1000
686	510
686	755
686	788
686	926
686	961
686	964
686	973
686	985
687	918
687	924
687	942
687	955
687	968
687	987
687	989
687	998
688	942
688	959
688	968
688	984
688	987
688	988
688	989
688	998
689	15
689	153
689	240
689	796
689	943
689	957
689	958
689	995
690	807
690	879
690	886
690	960
690	978
690	982
690	990
690	996
691	842
691	962
691	969
691	971
691	981
691	992
691	995
691	997
692	441
692	458
692	674
692	776
692	881
692	934
692	951
692	998
693	333
693	397
693	753
693	793
693	909
693	938
693	948
693	985
694	469
694	473
694	705
694	797
694	805
694	904
694	941
694	947
695	367
695	641
695	824
695	895
695	901
695	909
695	949
695	966
696	48
696	63
696	557
696	706
696	837
696	889
696	947
696	973
697	225
697	765
697	928
697	950
697	967
697	974
697	979
697	983
698	329
698	431
698	720
698	860
698	866
698	890
698	898
698	977
699	900
699	908
699	910
699	952
699	954
699	972
699	974
699	986
700	754
700	835
700	897
700	937
700	976
700	994
700	999
700	1000
701	565
701	649
701	814
701	848
701	911
701	949
701	966
701	993
702	50
702	962
702	969
702	971
702	981
702	992
702	995
702	997
703	497
703	962
703	969
703	971
703	981
703	992
703	995
703	997
704	462
704	887
704	916
704	963
704	970
704	978
704	990
704	996
705	5
705	597
705	694
705	752
705	797
705	889
705	904
705	953
706	459
706	628
706	696
706	779
706	805
706	904
706	944
706	947
707	271
707	853
707	908
707	952
707	954
707	965
707	972
707	986
708	76
708	868
708	885
708	935
708	938
708	948
708	964
708	985
709	420
709	962
709	969
709	971
709	981
709	992
709	995
709	997
710	5
710	252
710	376
710	553
710	847
710	889
710	947
710	974
711	140
711	509
711	537
711	670
711	803
711	890
711	898
711	929
712	410
712	926
712	935
712	948
712	961
712	964
712	973
712	985
713	445
713	861
713	892
713	937
713	976
713	980
713	994
713	999
714	683
714	843
714	933
714	953
714	974
714	975
714	979
714	983
715	454
715	486
715	721
715	830
715	927
715	940
715	994
715	1000
716	11
716	533
716	670
716	795
716	890
716	929
716	960
716	977
717	426
717	743
717	906
717	913
717	918
717	987
717	989
717	998
718	47
718	336
718	401
718	557
718	752
718	847
718	904
718	947
719	285
719	663
719	664
719	787
719	870
719	881
719	934
719	951
720	194
720	243
720	465
720	698
720	866
720	898
720	968
720	977
721	468
721	715
721	830
721	925
721	980
721	991
721	994
721	999
722	361
722	547
722	652
722	780
722	868
722	926
722	964
722	973
722	985
723	456
723	529
723	581
723	675
723	680
723	852
723	880
723	923
723	956
724	524
724	593
724	774
724	808
724	895
724	911
724	939
724	966
724	993
725	830
725	832
725	892
725	940
725	980
725	991
725	994
725	999
725	1000
726	816
726	925
726	945
726	976
726	980
726	991
726	994
726	999
726	1000
727	492
727	786
727	792
727	818
727	841
727	891
727	943
727	944
727	957
728	468
728	856
728	869
728	882
728	899
728	922
728	930
728	951
728	998
729	49
729	78
729	115
729	675
729	823
729	876
729	880
729	921
729	923
730	206
730	775
730	782
730	879
730	884
730	912
730	916
730	982
730	990
731	334
731	822
731	847
731	910
731	952
731	954
731	965
731	972
731	986
732	552
732	561
732	581
732	675
732	680
732	751
732	876
732	880
732	932
733	917
733	959
733	968
733	984
733	987
733	988
733	989
733	991
733	998
734	759
734	946
734	962
734	969
734	971
734	981
734	992
734	995
734	997
735	164
735	593
735	638
735	766
735	819
735	828
735	873
735	911
735	993
736	310
736	653
736	936
736	945
736	976
736	991
736	994
736	999
736	1000
737	12
737	596
737	740
737	886
737	912
737	963
737	970
737	982
737	996
738	350
738	415
738	528
738	614
738	748
738	764
738	876
738	923
738	956
739	765
739	811
739	820
739	821
739	905
739	974
739	975
739	983
739	990
740	737
740	946
740	962
740	969
740	971
740	981
740	992
740	995
740	997
741	668
741	917
741	924
741	955
741	959
741	968
741	987
741	988
741	998
742	326
742	364
742	839
742	914
742	936
742	945
742	991
742	994
742	1000
743	471
743	717
743	767
743	917
743	959
743	968
743	988
743	989
743	998
744	843
744	846
744	897
744	933
744	950
744	967
744	975
744	979
744	983
745	176
745	566
745	746
745	902
745	911
745	919
745	939
745	966
745	993
746	745
746	865
746	872
746	894
746	913
746	968
746	987
746	988
746	989
747	590
747	859
747	916
747	942
747	960
747	963
747	978
747	982
747	990
748	439
748	504
748	680
748	738
748	762
748	806
748	842
748	923
748	956
749	6
749	395
749	565
749	831
749	901
749	911
749	949
749	966
749	993
750	490
750	592
750	662
750	868
750	935
750	938
750	964
750	973
750	985
751	353
751	581
751	619
751	732
751	806
751	819
751	842
751	923
751	956
752	55
752	111
752	366
752	705
752	718
752	779
752	847
752	889
752	947
753	394
753	563
753	693
753	815
753	953
753	967
753	974
753	975
753	979
754	700
754	771
754	778
754	853
754	885
754	952
754	965
754	972
754	986
755	335
755	686
755	796
755	868
755	938
755	948
755	964
755	973
755	985
756	909
756	946
756	962
756	969
756	971
756	981
756	992
756	995
756	997
757	126
757	554
757	578
757	777
757	786
757	794
757	891
757	893
757	958
758	765
758	812
758	863
758	867
758	905
758	928
758	967
758	979
758	983
758	997
759	669
759	734
759	845
759	864
759	940
759	976
759	991
759	994
759	999
759	1000
760	80
760	913
760	918
760	955
760	959
760	984
760	987
760	988
760	989
760	998
761	814
761	941
761	946
761	962
761	969
761	971
761	981
761	992
761	995
761	997
762	99
762	168
762	502
762	581
762	748
762	806
762	852
762	876
762	932
762	956
763	228
763	858
763	942
763	955
763	959
763	968
763	984
763	987
763	989
763	998
764	170
764	269
764	439
764	492
764	502
764	506
764	561
764	677
764	738
764	932
765	516
765	697
765	739
765	758
765	811
765	846
765	950
765	967
765	979
765	983
766	92
766	155
766	629
766	735
766	819
766	824
766	895
766	902
766	939
766	966
767	163
767	523
767	743
767	807
767	955
767	968
767	987
767	988
767	989
767	998
768	244
768	487
768	574
768	801
768	825
768	826
768	841
768	875
768	893
768	958
769	785
769	855
769	892
769	915
769	945
769	976
769	988
769	991
769	999
769	1000
770	546
770	575
770	843
770	877
770	933
770	953
770	967
770	974
770	975
770	983
771	681
771	754
771	857
771	862
771	900
771	908
771	965
771	972
771	983
771	986
772	451
772	554
772	556
772	777
772	891
772	893
772	943
772	944
772	957
772	958
773	840
773	896
773	926
773	935
773	938
773	948
773	951
773	961
773	964
773	973
774	593
774	724
774	814
774	824
774	873
774	911
774	919
774	939
774	971
774	993
775	81
775	730
775	883
775	886
775	931
775	945
775	963
775	970
775	982
775	996
776	241
776	473
776	639
776	663
776	692
776	881
776	882
776	899
776	930
776	951
777	54
777	128
777	238
777	757
777	772
777	796
777	826
777	903
777	943
777	957
778	607
778	754
778	853
778	885
778	891
778	908
778	954
778	965
778	972
778	986
779	180
779	376
779	495
779	655
779	706
779	752
779	797
779	889
779	904
779	936
780	722
780	788
780	793
780	859
780	938
780	948
780	961
780	964
780	973
780	985
781	839
781	845
781	914
781	921
781	925
781	976
781	980
781	991
781	999
781	1000
782	730
782	859
782	887
782	915
782	916
782	931
782	963
782	970
782	982
782	990
783	853
783	862
783	885
783	899
783	900
783	952
783	954
783	965
783	972
783	986
784	460
784	859
784	901
784	916
784	960
784	970
784	978
784	982
784	990
784	996
785	322
785	658
785	769
785	897
785	925
785	927
785	936
785	980
785	991
785	994
785	1000
786	235
786	727
786	757
786	796
786	825
786	875
786	893
786	903
786	943
786	944
786	958
787	378
787	511
787	541
787	719
787	869
787	882
787	899
787	922
787	930
787	934
787	951
788	604
788	686
788	780
788	804
788	896
788	926
788	938
788	961
788	964
788	973
788	985
789	316
789	662
789	793
789	935
789	938
789	948
789	961
789	964
789	973
789	982
789	985
790	244
790	920
790	941
790	946
790	962
790	969
790	971
790	981
790	992
790	995
790	997
791	920
791	941
791	946
791	953
791	962
791	969
791	971
791	981
791	992
791	995
791	997
792	451
792	507
792	727
792	825
792	841
792	903
792	943
792	944
792	957
792	958
792	998
793	693
793	780
793	789
793	802
793	896
793	909
793	926
793	948
793	964
793	985
793	986
794	31
794	298
794	506
794	539
794	572
794	757
794	826
794	875
794	891
794	944
794	957
795	13
795	315
795	410
795	716
795	836
795	860
795	866
795	890
795	898
795	929
795	977
796	106
796	539
796	637
796	689
796	755
796	777
796	786
796	943
796	944
796	957
796	958
797	470
797	473
797	495
797	564
797	694
797	705
797	779
797	847
797	869
797	904
797	947
798	443
798	603
798	871
798	924
798	959
798	984
798	987
798	988
798	989
798	998
798	1000
799	42
799	920
799	941
799	946
799	962
799	969
799	971
799	981
799	992
799	995
799	997
800	61
800	534
800	577
800	643
800	656
800	886
800	916
800	931
800	978
800	990
800	996
801	475
801	507
801	539
801	637
801	768
801	843
801	875
801	891
801	893
801	943
801	958
802	116
802	327
802	476
802	640
802	793
802	896
802	938
802	948
802	961
802	964
802	973
802	985
803	40
803	302
803	325
803	436
803	465
803	517
803	668
803	711
803	836
803	898
803	909
803	929
804	547
804	595
804	788
804	840
804	868
804	896
804	925
804	935
804	948
804	961
804	964
804	973
805	582
805	597
805	628
805	665
805	694
805	706
805	837
805	889
805	904
805	947
805	995
805	998
806	267
806	271
806	350
806	529
806	552
806	748
806	751
806	762
806	829
806	877
806	932
806	956
807	604
807	646
807	690
807	767
807	883
807	960
807	963
807	970
807	978
807	982
807	990
807	996
808	724
808	817
808	870
808	925
808	937
808	940
808	945
808	980
808	991
808	994
808	999
808	1000
809	321
809	424
809	554
809	681
809	857
809	862
809	885
809	900
809	952
809	954
809	972
809	986
810	813
810	925
810	927
810	936
810	945
810	976
810	980
810	989
810	991
810	994
810	999
810	1000
811	55
811	739
811	765
811	863
811	905
811	928
811	950
811	953
811	967
811	974
811	975
811	983
812	758
812	820
812	838
812	843
812	867
812	905
812	933
812	953
812	975
812	979
812	983
812	984
813	138
813	477
813	810
813	870
813	940
813	947
813	976
813	980
813	991
813	994
813	999
813	1000
814	233
814	274
814	701
814	761
814	774
814	824
814	848
814	902
814	919
814	949
814	966
814	993
815	123
815	313
815	558
815	610
815	634
815	753
815	905
815	953
815	967
815	974
815	975
815	979
816	369
816	476
816	484
816	726
816	856
816	869
816	881
816	899
816	922
816	930
816	934
816	941
817	808
817	870
817	892
817	914
817	927
817	945
817	976
817	985
817	991
817	994
817	999
817	1000
818	346
818	583
818	637
818	727
818	841
818	891
818	893
818	943
818	944
818	957
818	958
818	990
819	150
819	182
819	525
819	735
819	751
819	766
819	895
819	901
819	902
819	911
819	939
819	993
820	84
820	119
820	739
820	812
820	846
820	863
820	867
820	894
820	933
820	967
820	979
820	983
821	87
821	314
821	409
821	739
821	843
821	933
821	950
821	971
821	974
821	975
821	979
821	983
822	52
822	138
822	731
822	857
822	900
822	908
822	910
822	952
822	954
822	962
822	965
822	972
822	986
823	609
823	729
823	865
823	913
823	917
823	940
823	959
823	968
823	984
823	987
823	988
823	989
823	998
824	638
824	642
824	680
824	695
824	766
824	774
824	814
824	902
824	919
824	939
824	949
824	966
824	993
825	30
825	103
825	259
825	297
825	662
825	768
825	786
825	792
825	826
825	893
825	943
825	944
825	958
826	105
826	427
826	768
826	777
826	794
826	825
826	875
826	893
826	903
826	922
826	943
826	957
826	958
827	223
827	333
827	361
827	896
827	900
827	909
827	935
827	938
827	948
827	961
827	964
827	973
827	985
828	307
828	367
828	574
828	638
828	735
828	848
828	902
828	919
828	939
828	949
828	966
828	993
828	998
829	99
829	277
829	439
829	561
829	614
829	617
829	624
829	657
829	806
829	852
829	880
829	932
829	956
830	715
830	721
830	725
830	849
830	884
830	925
830	927
830	976
830	980
830	991
830	994
830	999
830	1000
831	82
831	273
831	344
831	524
831	584
831	594
831	749
831	901
831	911
831	949
831	966
831	993
831	996
832	449
832	725
832	861
832	892
832	897
832	925
832	937
832	945
832	980
832	991
832	994
832	999
832	1000
833	442
833	545
833	655
833	835
833	844
833	879
833	883
833	887
833	916
833	960
833	970
833	993
833	996
834	332
834	389
834	453
834	483
834	667
834	887
834	931
834	949
834	960
834	963
834	970
834	978
834	996
835	289
835	625
835	700
835	833
835	844
835	931
835	960
835	963
835	970
835	978
835	982
835	990
835	996
836	11
836	533
836	544
836	648
836	670
836	795
836	803
836	866
836	871
836	890
836	898
836	929
836	977
837	139
837	376
837	495
837	513
837	557
837	564
837	582
837	696
837	805
837	847
837	889
837	904
837	947
838	296
838	328
838	631
838	812
838	846
838	867
838	898
838	933
838	947
838	967
838	974
838	975
838	979
838	983
839	218
839	482
839	742
839	781
839	857
839	861
839	877
839	915
839	936
839	980
839	991
839	994
839	999
839	1000
840	327
840	405
840	498
840	657
840	773
840	804
840	868
840	909
840	935
840	948
840	963
840	964
840	973
840	985
841	106
841	399
841	727
841	768
841	792
841	818
841	891
841	893
841	903
841	940
841	943
841	944
841	957
841	958
842	25
842	49
842	269
842	323
842	415
842	492
842	632
842	677
842	691
842	748
842	751
842	880
842	921
842	932
843	587
843	714
843	744
843	770
843	801
843	812
843	821
843	905
843	928
843	933
843	950
843	974
843	979
843	983
844	504
844	833
844	835
844	883
844	912
844	916
844	931
844	960
844	970
844	976
844	978
844	982
844	990
844	1000
845	218
845	759
845	781
845	864
845	870
845	925
845	936
845	940
845	972
845	980
845	984
845	991
845	994
845	999
846	340
846	351
846	445
846	615
846	631
846	744
846	765
846	820
846	838
846	928
846	950
846	953
846	975
846	983
847	5
847	8
847	55
847	469
847	665
847	710
847	718
847	731
847	752
847	797
847	837
847	889
847	904
847	947
848	154
848	307
848	324
848	481
848	616
848	701
848	814
848	828
848	873
848	895
848	902
848	939
848	949
848	993
849	580
849	830
849	864
849	877
849	927
849	936
849	937
849	944
849	976
849	986
849	991
849	994
849	999
849	1000
850	465
850	884
850	888
850	907
850	920
850	941
850	946
850	962
850	969
850	971
850	981
850	992
850	995
850	997
851	447
851	888
851	904
851	907
851	920
851	941
851	946
851	962
851	969
851	971
851	981
851	992
851	995
851	997
852	32
852	257
852	316
852	364
852	415
852	456
852	552
852	671
852	723
852	762
852	829
852	876
852	923
852	932
852	956
853	129
853	143
853	636
853	707
853	754
853	778
853	783
853	862
853	910
853	952
853	954
853	965
853	972
853	986
853	995
854	503
854	536
854	635
854	872
854	906
854	913
854	918
854	942
854	955
854	968
854	984
854	987
854	988
854	989
854	998
855	15
855	589
855	769
855	877
855	897
855	915
855	927
855	936
855	937
855	976
855	980
855	991
855	994
855	999
855	1000
856	285
856	476
856	503
856	516
856	560
856	562
856	609
856	663
856	728
856	816
856	869
856	882
856	899
856	922
856	934
857	270
857	491
857	573
857	771
857	809
857	822
857	839
857	885
857	900
857	928
857	952
857	954
857	965
857	972
857	986
858	548
858	763
858	865
858	906
858	917
858	924
858	933
858	955
858	959
858	968
858	984
858	987
858	988
858	989
858	998
859	21
859	280
859	387
859	483
859	747
859	780
859	782
859	784
859	879
859	886
859	916
859	960
859	970
859	978
859	996
860	19
860	28
860	140
860	486
860	509
860	633
860	648
860	673
860	698
860	795
860	866
860	890
860	898
860	944
860	977
861	585
861	713
861	832
861	839
861	870
861	914
861	936
861	937
861	940
861	945
861	976
861	981
861	991
861	994
861	999
861	1000
862	417
862	625
862	771
862	783
862	809
862	853
862	885
862	908
862	910
862	952
862	954
862	956
862	965
862	970
862	972
862	986
863	368
863	404
863	450
863	514
863	555
863	758
863	811
863	820
863	881
863	928
863	950
863	953
863	975
863	979
863	983
863	988
864	330
864	759
864	845
864	849
864	892
864	897
864	925
864	927
864	937
864	940
864	976
864	980
864	991
864	994
864	999
864	1000
865	274
865	746
865	823
865	858
865	894
865	913
865	917
865	918
865	955
865	959
865	968
865	980
865	984
865	988
865	989
865	998
866	157
866	431
866	457
866	479
866	532
866	556
866	698
866	720
866	795
866	836
866	860
866	890
866	898
866	929
866	976
866	977
867	65
867	86
867	95
867	108
867	512
867	758
867	812
867	820
867	838
867	905
867	930
867	950
867	953
867	967
867	974
867	975
867	979
868	405
868	708
868	722
868	750
868	755
868	804
868	840
868	908
868	926
868	935
868	938
868	948
868	961
868	964
868	973
868	985
868	989
869	14
869	422
869	466
869	560
869	600
869	663
869	728
869	787
869	797
869	816
869	856
869	881
869	882
869	899
869	930
869	951
869	991
870	159
870	352
870	612
870	685
870	719
870	808
870	813
870	817
870	845
870	861
870	883
870	915
870	925
870	940
870	991
870	994
870	1000
871	421
871	520
871	679
871	798
871	836
871	872
871	894
871	924
871	942
871	948
871	955
871	959
871	984
871	987
871	988
871	989
871	998
872	208
872	746
872	854
872	871
872	918
872	924
872	942
872	955
872	959
872	968
872	981
872	984
872	987
872	988
872	989
872	995
872	998
873	78
873	110
873	176
873	307
873	344
873	348
873	616
873	627
873	644
873	735
873	774
873	848
873	895
873	896
873	949
873	966
873	993
874	878
874	884
874	888
874	907
874	920
874	941
874	946
874	951
874	962
874	969
874	971
874	981
874	992
874	995
874	996
874	997
875	128
875	371
875	436
875	475
875	572
875	768
875	786
875	794
875	801
875	826
875	893
875	903
875	943
875	944
875	957
875	958
875	966
876	18
876	342
876	364
876	412
876	415
876	521
876	528
876	619
876	671
876	729
876	732
876	738
876	762
876	852
876	880
876	923
876	932
876	956
877	74
877	447
877	661
877	770
877	806
877	839
877	849
877	855
877	914
877	915
877	927
877	940
877	945
877	976
877	980
877	991
877	999
877	1000
878	874
878	884
878	888
878	901
878	907
878	920
878	941
878	946
878	955
878	962
878	969
878	971
878	981
878	992
878	995
878	997
879	71
879	305
879	643
879	646
879	656
879	690
879	730
879	833
879	859
879	887
879	906
879	912
879	963
879	978
879	982
879	985
879	990
879	996
880	257
880	294
880	323
880	342
880	614
880	617
880	723
880	729
880	732
880	829
880	842
880	876
880	921
880	923
880	932
880	933
880	956
880	960
881	88
881	149
881	241
881	349
881	370
881	466
881	501
881	600
881	692
881	719
881	776
881	816
881	863
881	869
881	899
881	922
881	930
881	934
881	951
882	127
882	136
882	181
882	320
882	385
882	402
882	422
882	501
882	728
882	776
882	787
882	856
882	869
882	899
882	922
882	930
882	951
882	968
882	993
883	215
883	540
883	567
883	569
883	643
883	775
883	807
883	833
883	844
883	870
883	886
883	912
883	931
883	960
883	963
883	978
883	982
883	990
883	996
884	730
884	830
884	850
884	874
884	878
884	888
884	907
884	920
884	941
884	946
884	962
884	969
884	971
884	981
884	992
884	995
884	997
885	2
885	87
885	231
885	602
885	681
885	708
885	754
885	778
885	783
885	809
885	857
885	862
885	908
885	910
885	952
885	954
885	965
885	972
885	986
886	191
886	460
886	497
886	690
886	737
886	775
886	800
886	859
886	883
886	887
886	912
886	916
886	931
886	960
886	970
886	978
886	982
886	990
886	994
887	306
887	483
887	513
887	704
887	782
887	833
887	834
887	879
887	886
887	912
887	916
887	931
887	963
887	970
887	978
887	982
887	990
887	995
887	996
888	19
888	850
888	851
888	874
888	878
888	884
888	907
888	920
888	941
888	946
888	962
888	969
888	971
888	981
888	992
888	995
888	997
889	8
889	47
889	139
889	180
889	426
889	470
889	473
889	597
889	666
889	696
889	705
889	710
889	752
889	779
889	805
889	837
889	847
889	937
889	947
889	997
890	325
890	331
890	337
890	346
890	414
890	416
890	479
890	517
890	668
890	670
890	698
890	711
890	716
890	795
890	836
890	860
890	866
890	898
890	929
890	977
891	232
891	256
891	539
891	572
891	637
891	727
891	757
891	772
891	778
891	794
891	801
891	818
891	841
891	893
891	903
891	943
891	944
891	957
891	958
891	991
892	304
892	477
892	510
892	713
892	725
892	769
892	817
892	832
892	864
892	936
892	937
892	940
892	945
892	951
892	980
892	987
892	991
892	994
892	999
892	1000
893	204
893	298
893	487
893	757
893	768
893	772
893	786
893	801
893	818
893	825
893	826
893	841
893	875
893	891
893	931
893	943
893	944
893	957
893	958
893	999
894	89
894	280
894	531
894	587
894	633
894	746
894	820
894	865
894	871
894	906
894	924
894	942
894	955
894	959
894	968
894	984
894	987
894	988
894	989
894	998
895	16
895	61
895	377
895	566
895	616
895	635
895	650
895	695
895	724
895	766
895	819
895	848
895	873
895	901
895	911
895	919
895	939
895	949
895	966
895	993
896	8
896	151
896	472
896	571
896	640
896	773
896	788
896	793
896	802
896	804
896	827
896	873
896	926
896	935
896	938
896	948
896	961
896	964
896	973
896	985
897	300
897	641
897	685
897	700
897	744
897	785
897	832
897	855
897	864
897	914
897	925
897	927
897	936
897	937
897	940
897	945
897	976
897	991
897	994
897	999
897	1000
898	40
898	130
898	302
898	331
898	410
898	479
898	532
898	533
898	698
898	711
898	720
898	795
898	803
898	836
898	838
898	860
898	866
898	890
898	929
898	977
898	998
899	149
899	207
899	230
899	374
899	378
899	468
899	618
899	639
899	664
899	728
899	776
899	783
899	787
899	816
899	856
899	869
899	881
899	882
899	934
899	951
899	978
900	384
900	435
900	621
900	636
900	681
900	684
900	699
900	771
900	783
900	809
900	822
900	827
900	857
900	908
900	910
900	952
900	954
900	965
900	972
900	986
900	987
901	110
901	188
901	233
901	249
901	565
901	574
901	584
901	608
901	641
901	642
901	695
901	749
901	784
901	819
901	831
901	878
901	895
901	902
901	911
901	939
901	949
901	993
902	92
902	205
902	245
902	293
902	335
902	337
902	372
902	627
902	650
902	745
902	766
902	814
902	819
902	824
902	828
902	848
902	901
902	919
902	939
902	949
902	966
902	993
903	22
903	225
903	248
903	261
903	346
903	371
903	572
903	578
903	777
903	786
903	792
903	826
903	841
903	875
903	891
903	939
903	942
903	943
903	944
903	957
903	958
903	977
904	60
904	111
904	222
904	432
904	469
904	470
904	473
904	494
904	582
904	628
904	665
904	694
904	705
904	706
904	718
904	779
904	797
904	805
904	837
904	847
904	851
904	947
904	983
905	277
905	286
905	409
905	519
905	563
905	575
905	650
905	739
905	758
905	811
905	812
905	815
905	843
905	867
905	928
905	933
905	950
905	967
905	972
905	974
905	975
905	979
905	983
906	172
906	262
906	312
906	338
906	400
906	586
906	717
906	854
906	858
906	879
906	894
906	918
906	924
906	955
906	957
906	959
906	968
906	976
906	984
906	987
906	988
906	989
906	998
907	308
907	850
907	851
907	874
907	878
907	884
907	888
907	920
907	941
907	946
907	953
907	962
907	967
907	969
907	971
907	981
907	992
907	995
907	997
908	129
908	345
908	382
908	422
908	446
908	636
908	684
908	699
908	707
908	771
908	778
908	822
908	862
908	868
908	885
908	900
908	910
908	952
908	954
908	965
908	969
908	972
908	986
909	27
909	178
909	366
909	588
909	595
909	626
909	652
909	657
909	693
909	695
909	756
909	793
909	803
909	827
909	840
909	926
909	935
909	938
909	948
909	961
909	964
909	973
909	985
910	2
910	91
910	200
910	417
910	491
910	523
910	602
910	607
910	619
910	621
910	699
910	731
910	822
910	853
910	862
910	885
910	900
910	908
910	952
910	954
910	965
910	972
910	986
911	209
911	283
911	354
911	377
911	430
911	481
911	525
911	594
911	599
911	701
911	724
911	735
911	745
911	749
911	774
911	819
911	831
911	895
911	901
911	919
911	966
911	984
911	993
911	1000
912	10
912	214
912	288
912	303
912	513
912	590
912	614
912	646
912	667
912	730
912	737
912	844
912	879
912	883
912	886
912	887
912	931
912	960
912	962
912	963
912	970
912	978
912	982
912	996
913	118
913	380
913	429
913	526
913	610
913	629
913	659
913	717
913	746
913	760
913	823
913	854
913	865
913	917
913	942
913	955
913	959
913	968
913	980
913	984
913	987
913	988
913	989
913	998
914	135
914	237
914	305
914	393
914	403
914	658
914	661
914	742
914	781
914	817
914	861
914	877
914	897
914	915
914	925
914	927
914	936
914	940
914	945
914	980
914	991
914	994
914	999
914	1000
915	272
915	290
915	309
915	577
915	658
915	769
915	782
915	839
915	855
915	870
915	877
915	914
915	925
915	927
915	937
915	940
915	945
915	976
915	977
915	980
915	991
915	994
915	999
915	1000
916	27
916	170
916	288
916	437
916	538
916	540
916	656
916	704
916	730
916	747
916	782
916	784
916	800
916	833
916	844
916	859
916	886
916	887
916	931
916	935
916	960
916	982
916	990
916	996
917	191
917	455
917	526
917	613
917	629
917	633
917	733
917	741
917	743
917	823
917	858
917	865
917	913
917	918
917	955
917	959
917	968
917	981
917	984
917	987
917	988
917	989
917	994
917	998
918	93
918	168
918	212
918	605
918	687
918	717
918	760
918	854
918	865
918	872
918	906
918	917
918	922
918	924
918	942
918	955
918	959
918	968
918	984
918	987
918	988
918	989
918	998
918	999
919	53
919	190
919	283
919	351
919	354
919	393
919	489
919	593
919	616
919	627
919	641
919	644
919	745
919	774
919	814
919	824
919	828
919	895
919	902
919	911
919	928
919	939
919	949
919	966
919	993
920	381
920	790
920	791
920	799
920	850
920	851
920	874
920	878
920	884
920	888
920	907
920	941
920	946
920	962
920	969
920	971
920	973
920	975
920	981
920	992
920	995
920	997
921	96
921	197
921	267
921	318
921	353
921	456
921	492
921	528
921	529
921	561
921	581
921	619
921	624
921	632
921	671
921	677
921	680
921	729
921	781
921	842
921	880
921	923
921	932
921	943
921	956
922	6
922	73
922	127
922	141
922	230
922	349
922	458
922	466
922	468
922	541
922	542
922	562
922	598
922	639
922	664
922	728
922	787
922	816
922	826
922	856
922	881
922	882
922	918
922	930
922	934
922	951
923	18
923	32
923	99
923	269
923	303
923	350
923	353
923	502
923	528
923	529
923	561
923	624
923	632
923	675
923	680
923	723
923	729
923	738
923	748
923	751
923	852
923	876
923	880
923	921
923	956
923	990
924	67
924	310
924	374
924	443
924	464
924	549
924	586
924	603
924	687
924	741
924	798
924	858
924	871
924	872
924	894
924	906
924	918
924	942
924	955
924	959
924	968
924	979
924	984
924	987
924	988
924	998
925	567
925	570
925	653
925	721
925	726
925	781
925	785
925	804
925	808
925	810
925	830
925	832
925	845
925	864
925	870
925	897
925	914
925	915
925	940
925	945
925	976
925	980
925	984
925	991
925	999
925	1000
926	3
926	163
926	361
926	472
926	490
926	518
926	530
926	571
926	632
926	686
926	712
926	722
926	773
926	788
926	793
926	868
926	896
926	909
926	935
926	938
926	948
926	960
926	961
926	964
926	973
926	985
927	45
927	193
927	446
927	622
927	651
927	715
927	785
927	810
927	817
927	830
927	849
927	855
927	864
927	877
927	897
927	914
927	915
927	936
927	940
927	967
927	976
927	980
927	991
927	994
927	999
927	1000
928	65
928	104
928	173
928	246
928	286
928	287
928	292
928	450
928	500
928	532
928	645
928	683
928	697
928	758
928	811
928	843
928	846
928	857
928	863
928	905
928	919
928	933
928	950
928	953
928	974
928	975
928	983
929	42
929	68
929	130
929	137
929	195
929	243
929	315
929	416
929	457
929	509
929	532
929	544
929	556
929	665
929	668
929	673
929	711
929	716
929	795
929	803
929	836
929	866
929	890
929	898
929	940
929	966
929	977
930	127
930	141
930	285
930	370
930	378
930	385
930	390
930	402
930	516
930	542
930	559
930	562
930	600
930	618
930	664
930	674
930	728
930	776
930	787
930	816
930	867
930	869
930	881
930	882
930	922
930	934
930	951
930	964
931	10
931	147
931	214
931	221
931	467
931	576
931	596
931	601
931	646
931	656
931	775
931	782
931	800
931	834
931	835
931	844
931	883
931	886
931	887
931	893
931	912
931	916
931	952
931	957
931	970
931	982
931	990
931	996
932	71
932	115
932	125
932	229
932	236
932	294
932	318
932	353
932	506
932	529
932	561
932	617
932	624
932	632
932	671
932	675
932	732
932	762
932	764
932	806
932	829
932	842
932	852
932	876
932	880
932	921
932	933
932	956
933	52
933	84
933	173
933	246
933	347
933	398
933	514
933	575
933	645
933	683
933	714
933	744
933	770
933	812
933	820
933	821
933	838
933	843
933	858
933	880
933	905
933	928
933	932
933	950
933	974
933	975
933	979
933	983
934	14
934	320
934	343
934	349
934	369
934	379
934	466
934	468
934	484
934	503
934	541
934	542
934	559
934	560
934	562
934	663
934	692
934	719
934	787
934	816
934	856
934	881
934	899
934	922
934	930
934	951
934	954
934	1000
935	122
935	197
935	199
935	366
935	527
935	530
935	547
935	595
935	606
935	652
935	662
935	708
935	712
935	750
935	773
935	789
935	804
935	827
935	840
935	868
935	896
935	909
935	916
935	926
935	938
935	948
935	964
935	973
935	985
936	300
936	406
936	510
936	548
936	653
936	736
936	742
936	779
936	785
936	810
936	839
936	845
936	849
936	855
936	861
936	892
936	897
936	914
936	927
936	937
936	940
936	968
936	972
936	976
936	980
936	991
936	994
936	999
936	1000
937	85
937	94
937	406
937	447
937	474
937	482
937	553
937	580
937	585
937	589
937	700
937	713
937	808
937	832
937	849
937	855
937	861
937	864
937	889
937	892
937	897
937	915
937	936
937	940
937	945
937	976
937	991
937	994
937	999
937	1000
938	93
938	223
938	348
938	472
938	511
938	547
938	606
938	640
938	652
938	693
938	708
938	750
938	755
938	773
938	780
938	788
938	789
938	802
938	827
938	868
938	896
938	909
938	926
938	935
938	946
938	948
938	961
938	964
938	973
938	985
939	33
939	64
939	90
939	98
939	100
939	209
939	273
939	293
939	348
939	571
939	574
939	584
939	594
939	627
939	641
939	644
939	724
939	745
939	766
939	774
939	819
939	824
939	828
939	848
939	895
939	901
939	902
939	903
939	919
939	989
939	993
940	66
940	464
940	685
940	715
940	725
940	759
940	808
940	813
940	823
940	841
940	845
940	861
940	864
940	870
940	877
940	892
940	897
940	914
940	915
940	925
940	927
940	929
940	936
940	937
940	945
940	976
940	980
940	991
940	994
940	999
940	1000
941	694
941	761
941	790
941	791
941	799
941	816
941	850
941	851
941	874
941	878
941	884
941	888
941	907
941	920
941	946
941	962
941	969
941	971
941	981
941	992
941	994
941	995
941	997
942	58
942	113
942	179
942	208
942	226
942	586
942	603
942	611
942	620
942	679
942	687
942	688
942	747
942	763
942	854
942	871
942	872
942	894
942	903
942	913
942	918
942	924
942	955
942	959
942	961
942	968
942	983
942	984
942	987
942	988
942	989
942	998
943	20
943	133
943	204
943	240
943	248
943	297
943	346
943	475
943	572
943	578
943	626
943	637
943	689
943	727
943	772
943	777
943	786
943	792
943	796
943	801
943	818
943	825
943	826
943	841
943	875
943	891
943	893
943	903
943	921
943	944
943	958
943	962
943	993
944	15
944	30
944	31
944	146
944	232
944	248
944	261
944	371
944	451
944	475
944	487
944	507
944	554
944	572
944	706
944	727
944	772
944	786
944	792
944	794
944	796
944	818
944	825
944	841
944	849
944	860
944	875
944	891
944	893
944	903
944	943
944	957
944	958
945	63
945	319
945	352
945	355
945	359
945	589
945	598
945	612
945	661
945	669
945	726
945	736
945	742
945	769
945	775
945	808
945	810
945	817
945	832
945	861
945	877
945	892
945	897
945	914
945	915
945	925
945	937
945	940
945	972
945	976
945	991
945	994
945	999
946	734
946	740
946	756
946	761
946	790
946	791
946	799
946	850
946	851
946	874
946	878
946	884
946	888
946	907
946	920
946	938
946	941
946	949
946	962
946	969
946	971
946	981
946	992
946	995
946	996
946	997
947	60
947	111
947	161
947	192
947	252
947	260
947	376
947	432
947	495
947	551
947	557
947	564
947	582
947	597
947	628
947	655
947	665
947	666
947	694
947	696
947	706
947	710
947	718
947	752
947	797
947	805
947	813
947	837
947	838
947	847
947	889
947	904
947	992
948	278
948	511
948	571
948	588
948	652
948	657
948	660
948	669
948	693
948	708
948	712
948	755
948	773
948	780
948	789
948	793
948	802
948	804
948	827
948	840
948	868
948	871
948	896
948	909
948	926
948	935
948	938
948	960
948	961
948	964
948	973
948	979
948	985
949	39
949	98
949	317
949	337
949	344
949	373
949	395
949	401
949	448
949	524
949	566
949	584
949	594
949	608
949	638
949	644
949	676
949	695
949	701
949	749
949	814
949	824
949	828
949	831
949	834
949	848
949	873
949	895
949	901
949	902
949	919
949	946
949	975
949	993
950	36
950	87
950	158
950	183
950	196
950	409
950	500
950	518
950	546
950	555
950	558
950	563
950	623
950	659
950	683
950	697
950	744
950	765
950	811
950	821
950	843
950	846
950	863
950	867
950	905
950	928
950	933
950	953
950	967
950	974
950	975
950	983
950	985
950	989
951	6
951	62
951	136
951	181
951	241
951	320
951	343
951	349
951	369
951	370
951	440
951	441
951	466
951	476
951	516
951	542
951	559
951	560
951	664
951	692
951	719
951	728
951	773
951	776
951	787
951	869
951	874
951	881
951	882
951	892
951	899
951	922
951	930
951	934
951	988
952	9
952	91
952	186
952	202
952	255
952	382
952	490
952	491
952	573
952	579
952	602
952	607
952	625
952	636
952	681
952	699
952	707
952	731
952	754
952	783
952	809
952	822
952	853
952	857
952	862
952	885
952	900
952	908
952	910
952	931
952	954
952	956
952	965
952	972
952	986
953	44
953	79
953	104
953	108
953	112
953	296
953	299
953	308
953	313
953	328
953	347
953	375
953	512
953	514
953	519
953	631
953	659
953	705
953	714
953	753
953	770
953	791
953	811
953	812
953	815
953	846
953	863
953	867
953	907
953	928
953	950
953	967
953	974
953	975
953	979
953	983
954	37
954	83
954	135
954	186
954	202
954	282
954	435
954	573
954	579
954	602
954	621
954	625
954	636
954	684
954	699
954	707
954	731
954	778
954	783
954	809
954	822
954	853
954	857
954	862
954	885
954	900
954	908
954	910
954	934
954	952
954	959
954	965
954	967
954	972
954	976
954	986
955	198
955	254
955	360
955	400
955	478
955	591
955	620
955	635
955	673
955	687
955	741
955	760
955	763
955	767
955	854
955	858
955	865
955	871
955	872
955	878
955	894
955	906
955	913
955	917
955	918
955	924
955	942
955	958
955	959
955	968
955	980
955	984
955	987
955	988
955	989
955	998
956	25
956	32
956	49
956	78
956	125
956	148
956	197
956	236
956	271
956	323
956	342
956	439
956	492
956	502
956	521
956	537
956	552
956	624
956	632
956	677
956	680
956	723
956	738
956	748
956	751
956	762
956	806
956	829
956	852
956	862
956	876
956	880
956	921
956	923
956	932
956	952
957	20
957	22
957	30
957	105
957	106
957	133
957	146
957	216
957	225
957	238
957	256
957	261
957	297
957	298
957	392
957	399
957	507
957	554
957	578
957	689
957	727
957	772
957	777
957	792
957	794
957	796
957	818
957	826
957	841
957	875
957	891
957	893
957	903
957	906
957	931
957	944
957	958
957	986
958	103
958	146
958	153
958	216
958	256
958	259
958	297
958	298
958	399
958	427
958	475
958	487
958	539
958	578
958	637
958	689
958	757
958	768
958	772
958	786
958	792
958	796
958	801
958	818
958	825
958	826
958	841
958	875
958	891
958	893
958	903
958	943
958	944
958	955
958	957
958	981
958	992
958	997
959	359
959	421
959	429
959	434
959	452
959	478
959	509
959	527
959	549
959	611
959	613
959	629
959	642
959	688
959	733
959	741
959	743
959	760
959	763
959	798
959	823
959	858
959	865
959	871
959	872
959	894
959	906
959	913
959	917
959	918
959	924
959	942
959	954
959	955
959	984
959	987
959	988
959	989
959	998
960	35
960	56
960	148
960	177
960	264
960	332
960	387
960	389
960	453
960	467
960	488
960	538
960	545
960	567
960	601
960	604
960	690
960	716
960	747
960	784
960	807
960	833
960	834
960	835
960	844
960	859
960	880
960	883
960	886
960	912
960	916
960	926
960	948
960	963
960	970
960	978
960	982
960	990
960	996
961	3
961	116
961	178
961	284
961	316
961	356
961	397
961	412
961	481
961	490
961	498
961	518
961	530
961	571
961	588
961	606
961	607
961	626
961	657
961	660
961	662
961	686
961	712
961	773
961	780
961	788
961	789
961	802
961	804
961	827
961	868
961	896
961	909
961	926
961	938
961	942
961	948
961	973
961	985
962	371
962	647
962	672
962	678
962	682
962	691
962	702
962	703
962	709
962	734
962	740
962	756
962	761
962	790
962	791
962	799
962	822
962	850
962	851
962	874
962	878
962	884
962	888
962	907
962	912
962	920
962	941
962	943
962	946
962	969
962	971
962	981
962	992
962	995
962	997
963	34
963	38
963	77
963	114
963	165
963	221
963	239
963	425
963	460
963	462
963	485
963	493
963	501
963	538
963	545
963	576
963	596
963	599
963	630
963	634
963	643
963	704
963	737
963	747
963	775
963	782
963	807
963	834
963	835
963	840
963	879
963	883
963	887
963	912
963	960
963	970
963	978
963	982
963	990
963	996
964	76
964	169
964	171
964	278
964	327
964	335
964	397
964	405
964	440
964	498
964	511
964	626
964	652
964	686
964	708
964	712
964	722
964	750
964	755
964	773
964	780
964	788
964	789
964	793
964	802
964	804
964	827
964	840
964	868
964	896
964	909
964	926
964	930
964	935
964	938
964	948
964	973
964	985
964	986
964	990
965	9
965	124
965	143
965	175
965	200
965	219
965	304
965	321
965	334
965	345
965	382
965	408
965	417
965	496
965	573
965	579
965	621
965	625
965	681
965	684
965	707
965	731
965	754
965	771
965	778
965	783
965	822
965	853
965	857
965	862
965	885
965	900
965	908
965	910
965	952
965	954
965	972
965	979
965	986
965	991
966	7
966	150
966	154
966	205
966	247
966	293
966	367
966	370
966	395
966	401
966	430
966	448
966	481
966	524
966	525
966	594
966	608
966	627
966	642
966	644
966	650
966	667
966	676
966	695
966	701
966	724
966	745
966	749
966	766
966	814
966	824
966	828
966	831
966	873
966	875
966	895
966	902
966	911
966	919
966	929
966	985
966	993
967	36
967	95
967	104
967	108
967	119
967	123
967	153
967	158
967	196
967	276
967	287
967	308
967	313
967	314
967	368
967	394
967	407
967	519
967	535
967	555
967	558
967	588
967	623
967	659
967	697
967	744
967	753
967	758
967	765
967	770
967	811
967	815
967	820
967	838
967	867
967	905
967	907
967	927
967	950
967	953
967	954
967	974
967	975
967	979
967	983
968	17
968	24
968	67
968	70
968	93
968	187
968	338
968	365
968	380
968	396
968	400
968	423
968	531
968	587
968	603
968	615
968	635
968	687
968	688
968	720
968	733
968	741
968	743
968	746
968	763
968	767
968	823
968	854
968	858
968	865
968	872
968	882
968	894
968	906
968	913
968	917
968	918
968	924
968	936
968	942
968	955
968	984
968	987
968	988
968	989
968	991
968	998
969	73
969	365
969	451
969	463
969	505
969	647
969	649
969	654
969	672
969	678
969	682
969	691
969	702
969	703
969	709
969	734
969	740
969	756
969	761
969	790
969	791
969	799
969	850
969	851
969	874
969	878
969	884
969	888
969	907
969	908
969	920
969	941
969	946
969	962
969	971
969	977
969	981
969	992
969	995
969	997
970	35
970	45
970	101
970	102
970	170
970	177
970	198
970	224
970	258
970	264
970	303
970	339
970	424
970	438
970	462
970	493
970	534
970	540
970	596
970	630
970	634
970	646
970	667
970	683
970	704
970	737
970	775
970	782
970	784
970	807
970	833
970	834
970	835
970	844
970	859
970	862
970	886
970	887
970	912
970	931
970	960
970	963
970	978
970	982
970	990
970	995
970	996
971	322
971	362
971	461
971	485
971	499
971	505
971	508
971	543
971	565
971	568
971	583
971	647
971	649
971	654
971	672
971	678
971	682
971	691
971	702
971	703
971	709
971	734
971	740
971	756
971	761
971	774
971	790
971	791
971	799
971	821
971	850
971	851
971	874
971	878
971	884
971	888
971	907
971	920
971	941
971	946
971	962
971	969
971	981
971	992
971	995
971	997
971	999
972	37
972	80
972	83
972	124
972	143
972	217
972	231
972	270
972	281
972	321
972	334
972	345
972	384
972	408
972	424
972	435
972	573
972	579
972	607
972	621
972	625
972	636
972	681
972	684
972	699
972	707
972	731
972	754
972	771
972	778
972	783
972	809
972	822
972	845
972	853
972	857
972	862
972	885
972	900
972	905
972	908
972	910
972	936
972	945
972	952
972	954
972	965
972	986
973	27
973	122
973	169
973	171
973	199
973	237
973	278
973	333
973	405
973	412
973	472
973	490
973	498
973	511
973	518
973	530
973	588
973	606
973	626
973	627
973	640
973	660
973	662
973	686
973	696
973	712
973	722
973	750
973	755
973	773
973	780
973	788
973	789
973	802
973	804
973	827
973	840
973	868
973	896
973	909
973	920
973	926
973	935
973	938
973	948
973	961
973	964
973	985
973	994
974	43
974	44
974	50
974	72
974	203
974	286
974	296
974	299
974	328
974	347
974	351
974	357
974	383
974	394
974	398
974	404
974	450
974	535
974	555
974	558
974	575
974	610
974	631
974	645
974	654
974	697
974	699
974	710
974	714
974	739
974	753
974	770
974	811
974	815
974	821
974	838
974	843
974	867
974	905
974	928
974	933
974	950
974	953
974	967
974	975
974	979
974	982
974	983
974	987
975	36
975	43
975	44
975	50
975	57
975	79
975	183
975	203
975	296
975	308
975	328
975	351
975	357
975	368
975	404
975	407
975	409
975	512
975	546
975	555
975	563
975	575
975	610
975	623
975	714
975	739
975	744
975	753
975	770
975	811
975	812
975	815
975	821
975	838
975	846
975	863
975	867
975	905
975	920
975	928
975	933
975	949
975	950
975	953
975	967
975	974
975	978
975	979
975	983
975	994
975	996
976	4
976	96
976	121
976	134
976	265
976	304
976	306
976	311
976	428
976	464
976	477
976	550
976	592
976	612
976	651
976	661
976	669
976	700
976	713
976	726
976	736
976	759
976	769
976	781
976	810
976	813
976	817
976	830
976	844
976	849
976	855
976	861
976	864
976	866
976	877
976	897
976	906
976	915
976	925
976	927
976	936
976	937
976	940
976	945
976	954
976	980
976	990
976	991
976	994
976	999
976	1000
977	11
977	19
977	25
977	28
977	40
977	42
977	68
977	117
977	130
977	137
977	140
977	157
977	195
977	243
977	275
977	302
977	315
977	325
977	331
977	410
977	414
977	416
977	431
977	457
977	465
977	479
977	486
977	509
977	517
977	532
977	533
977	544
977	556
977	648
977	668
977	670
977	673
977	698
977	716
977	720
977	795
977	836
977	860
977	866
977	890
977	898
977	903
977	915
977	929
977	969
977	993
978	56
978	81
978	101
978	126
978	147
978	224
978	231
978	251
978	289
978	301
978	387
978	389
978	411
978	425
978	434
978	467
978	504
978	515
978	538
978	545
978	569
978	576
978	590
978	599
978	601
978	630
978	667
978	690
978	704
978	747
978	784
978	800
978	807
978	834
978	835
978	844
978	859
978	879
978	883
978	886
978	887
978	899
978	912
978	960
978	963
978	970
978	975
978	979
978	982
978	990
978	996
979	43
979	95
979	119
979	158
979	203
979	246
979	292
979	299
979	313
979	347
979	357
979	375
979	383
979	398
979	407
979	445
979	500
979	512
979	514
979	558
979	605
979	610
979	631
979	645
979	659
979	683
979	697
979	714
979	744
979	753
979	758
979	765
979	812
979	815
979	820
979	821
979	838
979	843
979	863
979	867
979	905
979	924
979	933
979	948
979	953
979	965
979	967
979	974
979	975
979	978
979	983
979	999
980	131
980	166
980	290
980	295
980	306
980	326
980	352
980	356
980	447
980	480
980	482
980	570
980	580
980	612
980	622
980	651
980	658
980	661
980	669
980	685
980	713
980	721
980	725
980	726
980	781
980	785
980	808
980	810
980	813
980	830
980	832
980	839
980	845
980	855
980	864
980	865
980	877
980	892
980	913
980	914
980	915
980	925
980	927
980	936
980	940
980	955
980	976
980	983
980	991
980	993
980	994
980	998
980	999
980	1000
981	156
981	253
981	292
981	341
981	386
981	388
981	413
981	418
981	419
981	444
981	461
981	463
981	496
981	499
981	508
981	543
981	568
981	583
981	647
981	649
981	654
981	672
981	678
981	682
981	691
981	702
981	703
981	709
981	734
981	740
981	756
981	761
981	790
981	791
981	799
981	850
981	851
981	861
981	872
981	874
981	878
981	884
981	888
981	907
981	917
981	920
981	941
981	946
981	958
981	962
981	969
981	971
981	984
981	992
981	995
981	997
982	51
982	61
982	77
982	102
982	132
982	147
982	167
982	249
982	251
982	264
982	288
982	305
982	332
982	339
982	341
982	363
982	411
982	420
982	428
982	442
982	483
982	513
982	515
982	522
982	569
982	576
982	590
982	596
982	601
982	630
982	634
982	643
982	690
982	730
982	737
982	747
982	775
982	782
982	784
982	789
982	807
982	835
982	844
982	879
982	883
982	886
982	887
982	912
982	916
982	931
982	960
982	963
982	970
982	974
982	978
982	989
982	990
982	996
983	52
983	57
983	65
983	72
983	86
983	123
983	173
983	183
983	276
983	286
983	287
983	292
983	314
983	357
983	375
983	404
983	407
983	445
983	450
983	519
983	535
983	541
983	546
983	558
983	563
983	575
983	605
983	610
983	659
983	683
983	697
983	714
983	739
983	744
983	758
983	765
983	770
983	771
983	811
983	812
983	820
983	821
983	838
983	843
983	846
983	863
983	904
983	905
983	928
983	933
983	942
983	950
983	953
983	967
983	974
983	975
983	979
983	980
983	992
984	17
984	75
984	97
984	144
984	185
984	198
984	210
984	263
984	310
984	338
984	360
984	377
984	381
984	396
984	421
984	429
984	443
984	452
984	471
984	523
984	526
984	527
984	536
984	587
984	591
984	603
984	611
984	613
984	633
984	688
984	733
984	760
984	763
984	798
984	812
984	823
984	845
984	854
984	858
984	865
984	871
984	872
984	894
984	906
984	911
984	913
984	917
984	918
984	924
984	925
984	942
984	955
984	959
984	968
984	981
984	987
984	988
984	989
984	998
985	3
985	76
985	116
985	122
985	151
985	169
985	171
985	199
985	223
985	284
985	316
985	333
985	335
985	361
985	366
985	397
985	412
985	472
985	488
985	498
985	518
985	547
985	571
985	588
985	595
985	606
985	626
985	640
985	657
985	660
985	662
985	686
985	693
985	708
985	712
985	722
985	750
985	755
985	780
985	788
985	789
985	793
985	802
985	817
985	827
985	840
985	868
985	879
985	896
985	909
985	926
985	935
985	938
985	948
985	950
985	961
985	964
985	966
985	973
985	987
985	995
986	2
986	9
986	37
986	91
986	124
986	129
986	135
986	138
986	175
986	186
986	200
986	202
986	217
986	219
986	255
986	270
986	281
986	282
986	321
986	334
986	345
986	382
986	384
986	408
986	424
986	435
986	446
986	489
986	491
986	573
986	579
986	602
986	607
986	621
986	625
986	636
986	679
986	681
986	684
986	699
986	707
986	731
986	754
986	771
986	778
986	783
986	793
986	809
986	822
986	849
986	853
986	857
986	862
986	885
986	900
986	908
986	910
986	952
986	954
986	957
986	964
986	965
986	972
986	1000
987	24
987	29
987	58
987	97
987	112
987	142
987	163
987	174
987	210
987	262
987	263
987	338
987	381
987	423
987	434
987	452
987	471
987	520
987	527
987	542
987	586
987	587
987	591
987	609
987	611
987	613
987	615
987	620
987	629
987	635
987	679
987	684
987	687
987	688
987	717
987	733
987	741
987	746
987	760
987	763
987	767
987	798
987	823
987	854
987	858
987	871
987	872
987	892
987	894
987	900
987	906
987	913
987	917
987	918
987	924
987	942
987	955
987	959
987	968
987	974
987	984
987	985
987	988
987	989
987	998
988	17
988	54
988	70
988	85
988	113
988	118
988	168
988	185
988	191
988	208
988	254
988	263
988	312
988	330
988	396
988	400
988	421
988	423
988	433
988	434
988	443
988	455
988	460
988	520
988	523
988	526
988	531
988	536
988	549
988	586
988	603
988	611
988	615
988	620
988	629
988	633
988	648
988	653
988	679
988	688
988	733
988	741
988	743
988	746
988	760
988	767
988	769
988	798
988	823
988	854
988	858
988	863
988	865
988	871
988	872
988	894
988	906
988	913
988	917
988	918
988	924
988	942
988	951
988	955
988	959
988	968
988	984
988	987
988	989
988	998
988	999
989	29
989	54
989	58
989	75
989	89
989	112
989	113
989	142
989	144
989	172
989	174
989	179
989	212
989	226
989	254
989	312
989	330
989	360
989	365
989	380
989	433
989	471
989	478
989	520
989	531
989	536
989	549
989	591
989	602
989	609
989	613
989	615
989	633
989	635
989	671
989	679
989	687
989	688
989	717
989	733
989	743
989	746
989	760
989	763
989	767
989	798
989	810
989	823
989	854
989	858
989	865
989	868
989	871
989	872
989	894
989	906
989	913
989	917
989	918
989	939
989	942
989	950
989	955
989	959
989	968
989	982
989	984
989	987
989	988
989	996
989	998
990	10
990	38
990	51
990	77
990	101
990	132
990	148
990	162
990	167
990	215
990	239
990	258
990	268
990	289
990	301
990	332
990	339
990	363
990	387
990	411
990	420
990	425
990	438
990	442
990	462
990	467
990	488
990	493
990	504
990	515
990	522
990	534
990	540
990	567
990	569
990	576
990	579
990	596
990	599
990	604
990	630
990	643
990	656
990	667
990	690
990	704
990	730
990	739
990	747
990	782
990	784
990	800
990	807
990	818
990	835
990	844
990	879
990	883
990	886
990	887
990	916
990	923
990	931
990	960
990	963
990	964
990	970
990	976
990	978
990	982
990	996
990	999
991	51
991	66
991	134
991	210
991	220
991	229
991	295
991	300
991	309
991	319
991	355
991	372
991	403
991	428
991	454
991	474
991	477
991	480
991	548
991	550
991	570
991	577
991	585
991	592
991	598
991	622
991	638
991	651
991	669
991	685
991	721
991	725
991	726
991	733
991	736
991	742
991	759
991	769
991	781
991	785
991	808
991	810
991	813
991	817
991	830
991	832
991	839
991	845
991	849
991	855
991	861
991	864
991	869
991	870
991	877
991	891
991	892
991	897
991	914
991	915
991	925
991	927
991	936
991	937
991	940
991	945
991	965
991	968
991	976
991	980
991	994
991	999
991	1000
992	1
992	13
992	26
992	38
992	59
992	88
992	107
992	115
992	152
992	160
992	184
992	213
992	227
992	234
992	266
992	279
992	291
992	340
992	362
992	386
992	388
992	391
992	413
992	418
992	419
992	444
992	449
992	461
992	463
992	474
992	485
992	496
992	499
992	505
992	508
992	543
992	568
992	583
992	647
992	649
992	654
992	672
992	678
992	682
992	691
992	702
992	703
992	709
992	734
992	740
992	756
992	761
992	790
992	791
992	799
992	850
992	851
992	874
992	878
992	884
992	888
992	907
992	920
992	941
992	946
992	947
992	958
992	962
992	969
992	971
992	981
992	983
992	993
992	995
992	997
993	7
993	33
993	39
993	53
993	64
993	82
993	90
993	98
993	100
993	110
993	150
993	154
993	155
993	164
993	176
993	188
993	205
993	228
993	245
993	247
993	249
993	273
993	274
993	307
993	317
993	329
993	337
993	344
993	354
993	373
993	377
993	393
993	395
993	401
993	430
993	457
993	481
993	489
993	565
993	566
993	593
993	608
993	616
993	638
993	639
993	641
993	644
993	650
993	676
993	701
993	724
993	735
993	745
993	749
993	774
993	814
993	819
993	824
993	828
993	831
993	833
993	848
993	873
993	882
993	895
993	901
993	902
993	911
993	919
993	939
993	943
993	949
993	966
993	977
993	980
993	992
994	46
994	66
994	120
994	121
994	134
994	142
994	166
994	211
994	265
994	295
994	311
994	324
994	326
994	390
994	392
994	454
994	464
994	474
994	480
994	482
994	510
994	550
994	570
994	577
994	582
994	585
994	589
994	592
994	598
994	622
994	640
994	651
994	653
994	658
994	661
994	669
994	685
994	700
994	713
994	715
994	721
994	725
994	726
994	736
994	742
994	759
994	785
994	808
994	810
994	813
994	817
994	830
994	832
994	839
994	845
994	849
994	855
994	861
994	864
994	870
994	886
994	892
994	897
994	914
994	915
994	917
994	927
994	936
994	937
994	940
994	941
994	945
994	973
994	975
994	976
994	980
994	991
994	999
994	1000
995	1
995	26
995	59
995	107
995	114
995	152
995	156
995	160
995	184
995	189
995	213
995	227
995	234
995	242
995	253
995	266
995	279
995	291
995	322
995	340
995	341
995	362
995	386
995	388
995	391
995	413
995	418
995	419
995	444
995	449
995	461
995	463
995	485
995	496
995	499
995	505
995	508
995	543
995	568
995	583
995	647
995	649
995	654
995	656
995	672
995	678
995	682
995	689
995	691
995	702
995	703
995	709
995	734
995	740
995	756
995	761
995	790
995	791
995	799
995	805
995	850
995	851
995	853
995	872
995	874
995	878
995	884
995	887
995	888
995	907
995	920
995	941
995	946
995	962
995	969
995	970
995	971
995	981
995	985
995	992
995	997
996	12
996	23
996	34
996	35
996	45
996	56
996	71
996	102
996	145
996	162
996	165
996	206
996	215
996	224
996	239
996	251
996	288
996	289
996	301
996	303
996	305
996	339
996	389
996	411
996	420
996	437
996	438
996	442
996	453
996	455
996	462
996	467
996	483
996	493
996	497
996	504
996	513
996	515
996	522
996	534
996	540
996	545
996	567
996	569
996	576
996	599
996	604
996	612
996	617
996	634
996	643
996	646
996	656
996	667
996	690
996	704
996	737
996	775
996	784
996	800
996	807
996	831
996	833
996	834
996	835
996	859
996	874
996	879
996	883
996	887
996	912
996	916
996	931
996	946
996	960
996	963
996	970
996	975
996	978
996	982
996	989
996	990
996	999
997	1
997	13
997	26
997	59
997	88
997	107
997	114
997	152
997	156
997	160
997	184
997	189
997	201
997	213
997	216
997	227
997	234
997	242
997	253
997	266
997	279
997	291
997	322
997	340
997	341
997	362
997	386
997	388
997	391
997	403
997	413
997	418
997	419
997	444
997	449
997	461
997	463
997	485
997	496
997	499
997	505
997	508
997	543
997	551
997	568
997	583
997	589
997	647
997	649
997	654
997	672
997	678
997	682
997	691
997	702
997	703
997	709
997	734
997	740
997	756
997	758
997	761
997	790
997	791
997	799
997	850
997	851
997	874
997	878
997	884
997	888
997	889
997	907
997	920
997	941
997	946
997	958
997	962
997	969
997	971
997	981
997	992
997	995
997	998
998	24
998	29
998	67
998	70
998	75
998	85
998	89
998	97
998	118
998	144
998	172
998	174
998	179
998	185
998	187
998	212
998	226
998	240
998	310
998	312
998	360
998	365
998	380
998	381
998	396
998	423
998	433
998	452
998	455
998	471
998	478
998	523
998	526
998	527
998	531
998	536
998	549
998	586
998	591
998	609
998	611
998	613
998	615
998	620
998	629
998	633
998	635
998	679
998	687
998	688
998	692
998	717
998	728
998	733
998	741
998	743
998	760
998	763
998	767
998	792
998	798
998	805
998	823
998	828
998	854
998	858
998	865
998	871
998	872
998	894
998	898
998	906
998	913
998	917
998	918
998	924
998	942
998	955
998	959
998	968
998	980
998	984
998	987
998	988
998	989
998	997
999	4
999	21
999	74
999	94
999	96
999	120
999	131
999	159
999	211
999	218
999	220
999	235
999	272
999	290
999	304
999	309
999	311
999	319
999	324
999	352
999	355
999	356
999	359
999	372
999	390
999	392
999	406
999	454
999	474
999	480
999	482
999	510
999	548
999	550
999	570
999	577
999	580
999	585
999	592
999	598
999	612
999	616
999	622
999	651
999	653
999	658
999	661
999	682
999	700
999	713
999	721
999	725
999	726
999	736
999	759
999	769
999	781
999	808
999	810
999	813
999	817
999	830
999	832
999	839
999	845
999	849
999	855
999	861
999	864
999	877
999	892
999	893
999	897
999	914
999	915
999	918
999	925
999	927
999	936
999	937
999	940
999	945
999	971
999	976
999	979
999	980
999	988
999	990
999	991
999	994
999	996
999	1000
1000	4
1000	16
1000	21
1000	46
1000	74
1000	94
1000	120
1000	121
1000	131
1000	151
1000	159
1000	166
1000	187
1000	193
1000	211
1000	220
1000	229
1000	235
1000	237
1000	265
1000	272
1000	290
1000	295
1000	306
1000	309
1000	311
1000	319
1000	324
1000	326
1000	355
1000	356
1000	359
1000	372
1000	390
1000	392
1000	403
1000	406
1000	428
1000	464
1000	477
1000	480
1000	548
1000	550
1000	568
1000	570
1000	577
1000	580
1000	585
1000	589
1000	591
1000	592
1000	598
1000	622
1000	653
1000	658
1000	685
1000	700
1000	715
1000	725
1000	726
1000	736
1000	742
1000	759
1000	769
1000	781
1000	785
1000	798
1000	808
1000	810
1000	813
1000	817
1000	830
1000	832
1000	839
1000	844
1000	849
1000	855
1000	861
1000	864
1000	870
1000	877
1000	892
1000	897
1000	911
1000	914
1000	915
1000	925
1000	927
1000	934
1000	936
1000	937
1000	940
1000	976
1000	980
1000	986
1000	991
1000	994
1000	999
