1	827
1	894
1	961
2	941
2	967
2	979
3	94
3	769
3	969
4	926
4	950
4	955
5	942
5	994
5	999
6	610
6	916
6	978
7	913
7	989
7	993
8	874
8	989
8	996
9	882
9	982
9	1000
10	95
10	927
10	970
11	831
11	927
11	980
12	989
12	993
12	996
13	758
13	920
13	995
14	735
14	989
14	996
15	994
15	998
15	999
16	793
16	990
16	995
17	992
17	994
17	999
18	784
18	880
18	996
19	433
19	880
19	996
20	608
20	992
20	998
21	444
21	459
21	537
22	231
22	913
22	996
23	845
23	986
23	997
24	54
24	535
24	1000
25	928
25	959
25	997
26	898
26	982
26	1000
27	942
27	972
27	997
28	718
28	938
28	964
29	988
29	990
29	995
30	689
30	745
30	931
31	977
31	982
31	1000
32	848
32	946
32	955
33	932
33	986
33	997
34	985
34	992
34	999
35	804
35	969
35	978
36	216
36	889
36	980
37	810
37	984
37	986
38	691
38	981
38	982
39	344
39	645
39	996
40	735
40	840
40	986
41	754
41	972
41	997
42	686
42	982
42	1000
43	832
43	888
43	957
44	921
44	943
44	959
45	890
45	914
45	955
46	953
46	957
46	974
47	546
47	969
47	996
48	329
48	536
48	970
49	154
49	583
49	937
50	714
50	984
50	997
51	835
51	987
51	995
52	540
52	959
52	976
53	987
53	990
53	995
54	24
54	981
54	1000
55	897
55	950
55	955
56	836
56	982
56	1000
57	720
57	913
57	980
58	928
58	943
58	976
59	858
59	926
59	955
60	840
60	932
60	997
61	652
61	980
61	989
62	935
62	956
62	983
63	395
63	775
63	990
64	985
64	998
64	999
65	926
65	946
65	955
66	525
66	931
66	1000
67	879
67	996
67	997
68	911
68	946
68	950
69	834
69	992
69	999
70	944
70	972
70	986
71	893
71	938
71	990
72	859
72	990
72	995
73	992
73	994
73	999
74	645
74	647
74	936
75	912
75	954
75	967
76	977
76	982
76	1000
77	956
77	992
77	999
78	966
78	985
78	998
79	408
79	911
79	955
80	497
80	972
80	997
81	950
81	955
81	979
82	721
82	973
82	999
83	777
83	883
83	908
84	743
84	958
84	960
85	758
85	831
85	939
86	212
86	868
86	984
87	979
87	981
87	991
88	958
88	964
88	994
89	966
89	994
89	999
90	913
90	922
90	989
91	465
91	748
91	996
92	994
92	998
92	999
93	918
93	934
93	972
94	3
94	781
94	975
95	10
95	831
95	847
96	826
96	877
96	976
97	957
97	974
97	983
98	421
98	896
98	949
99	921
99	959
99	976
100	897
100	994
100	999
101	854
101	901
101	927
102	915
102	979
102	991
103	849
103	934
103	968
104	456
104	994
104	998
105	825
105	882
105	1000
106	989
106	993
106	996
107	805
107	949
107	997
108	703
108	822
108	889
109	529
109	864
109	968
110	562
110	874
110	975
111	987
111	990
111	995
112	691
112	967
112	991
113	925
113	947
113	964
114	879
114	934
114	997
115	740
115	984
115	986
116	938
116	964
116	969
117	624
117	998
117	999
118	184
118	878
118	952
119	536
119	952
119	970
120	977
120	982
120	1000
121	830
121	888
121	1000
122	973
122	985
122	994
123	820
123	994
123	998
124	974
124	983
124	995
125	900
125	977
125	1000
126	908
126	932
126	937
127	864
127	987
127	990
128	992
128	998
128	999
129	696
129	924
129	993
130	943
130	976
130	981
131	582
131	830
131	1000
132	959
132	989
132	996
133	624
133	872
133	1000
134	987
134	990
134	995
135	957
135	963
135	983
136	270
136	831
136	939
137	890
137	946
137	955
138	973
138	994
138	999
139	953
139	963
139	983
140	547
140	959
140	965
141	648
141	960
141	964
142	803
142	928
142	965
143	800
143	987
143	988
144	162
144	947
144	964
145	980
145	993
145	997
146	913
146	940
146	996
147	961
147	967
147	978
148	729
148	944
148	996
149	706
149	987
149	988
150	747
150	888
150	977
151	294
151	944
151	984
152	938
152	960
152	964
153	882
153	977
153	1000
154	49
154	975
154	997
155	985
155	994
155	999
156	956
156	993
156	996
157	812
157	826
157	965
158	718
158	947
158	958
159	534
159	974
159	983
160	621
160	959
160	976
161	892
161	982
161	1000
162	144
162	925
162	938
163	930
163	945
163	981
164	824
164	987
164	995
165	322
165	423
165	995
166	801
166	928
166	943
167	877
167	947
167	976
168	839
168	918
168	984
169	335
169	934
169	983
170	949
170	977
170	1000
171	806
171	944
171	971
172	945
172	978
172	981
173	936
173	989
173	993
174	892
174	977
174	1000
175	784
175	889
175	936
176	785
176	916
176	947
177	913
177	925
177	958
178	369
178	370
178	982
179	243
179	947
179	964
180	288
180	596
180	810
181	962
181	994
181	998
182	975
182	979
182	991
183	930
183	967
183	975
184	118
184	413
184	876
185	877
185	965
185	976
186	592
186	936
186	952
187	961
187	992
187	999
188	987
188	990
188	995
189	630
189	948
189	949
190	929
190	993
190	996
191	347
191	752
191	969
192	854
192	905
192	961
193	970
193	988
193	990
194	933
194	998
194	999
195	545
195	854
195	903
196	954
196	981
196	991
197	772
197	858
197	955
198	886
198	948
198	949
199	688
199	896
199	968
200	944
200	972
200	984
201	917
201	985
201	998
202	618
202	994
202	998
203	890
203	897
203	994
204	567
204	748
204	917
205	951
205	974
205	983
206	978
206	981
206	991
207	860
207	965
207	976
208	869
208	942
208	998
209	969
209	981
209	991
210	951
210	980
210	993
211	992
211	998
211	999
212	86
212	966
212	999
213	921
213	965
213	999
214	977
214	982
214	1000
215	868
215	934
215	997
216	36
216	735
216	996
217	469
217	723
217	951
218	834
218	916
218	981
219	799
219	878
219	970
220	572
220	882
220	1000
221	419
221	993
221	996
222	662
222	929
222	996
223	925
223	938
223	964
224	365
224	998
224	999
225	992
225	998
225	999
226	639
226	669
226	1000
227	693
227	970
227	983
228	617
228	844
228	988
229	742
229	828
229	993
230	958
230	960
230	964
231	22
231	938
231	958
232	442
232	953
232	963
233	893
233	927
233	970
234	829
234	957
234	974
235	887
235	935
235	983
236	921
236	965
236	976
237	961
237	975
237	977
238	904
238	985
238	998
239	943
239	959
239	976
240	601
240	982
240	1000
241	863
241	987
241	988
242	841
242	911
242	950
243	179
243	925
243	960
244	798
244	901
244	970
245	257
245	927
245	939
246	695
246	921
246	959
247	886
247	986
247	997
248	891
248	925
248	938
249	925
249	947
249	958
250	721
250	958
250	964
251	954
251	975
251	978
252	968
252	984
252	997
253	894
253	961
253	991
254	949
254	980
254	993
255	985
255	992
255	999
256	978
256	979
256	991
257	245
257	589
257	970
258	529
258	925
258	960
259	911
259	950
259	955
260	948
260	973
260	984
261	824
261	860
261	943
262	901
262	919
262	962
263	951
263	956
263	983
264	281
264	959
264	976
265	684
265	936
265	993
266	914
266	946
266	950
267	674
267	901
267	970
268	864
268	870
268	934
269	535
269	639
269	986
270	136
270	962
270	992
271	531
271	988
271	995
272	785
272	891
272	909
273	920
273	939
273	970
274	883
274	982
274	1000
275	968
275	986
275	997
276	947
276	958
276	964
277	908
277	918
277	997
278	449
278	878
278	919
279	846
279	849
279	896
280	700
280	967
280	991
281	264
281	695
281	943
282	541
282	739
282	990
282	995
283	700
283	907
283	975
283	991
284	762
284	913
284	993
284	996
285	827
285	852
285	987
285	988
286	987
286	988
286	990
286	995
287	788
287	902
287	958
287	960
288	180
288	296
288	919
288	927
289	690
289	737
289	810
289	986
290	542
290	988
290	990
290	995
291	460
291	789
291	929
291	989
292	402
292	943
292	965
292	976
293	384
293	885
293	965
293	976
294	151
294	805
294	912
294	984
295	718
295	902
295	958
295	960
296	288
296	643
296	920
296	970
297	987
297	988
297	990
297	995
298	877
298	885
298	959
298	965
299	366
299	599
299	964
299	997
300	612
300	701
300	792
300	927
301	685
301	921
301	965
301	976
302	888
302	931
302	977
302	1000
303	859
303	866
303	987
303	990
304	671
304	890
304	926
304	950
305	966
305	985
305	994
305	998
306	851
306	862
306	956
306	974
307	841
307	994
307	998
307	999
308	650
308	895
308	939
308	970
309	747
309	882
309	931
309	1000
310	817
310	825
310	900
310	1000
311	641
311	877
311	959
311	976
312	894
312	915
312	967
312	978
313	930
313	975
313	979
313	981
314	951
314	953
314	974
314	983
315	987
315	988
315	990
315	995
316	930
316	979
316	981
316	991
317	424
317	588
317	928
317	959
318	885
318	928
318	976
318	991
319	962
319	973
319	992
319	999
320	936
320	940
320	980
320	996
321	403
321	847
321	908
321	952
322	165
322	619
322	902
322	938
323	967
323	969
323	975
323	981
324	368
324	890
324	914
324	950
325	881
325	935
325	974
325	983
326	947
326	958
326	960
326	979
327	935
327	951
327	953
327	974
328	890
328	914
328	926
328	946
329	48
329	758
329	831
329	901
330	476
330	948
330	984
330	986
331	362
331	977
331	982
331	1000
332	912
332	986
332	997
332	998
333	847
333	920
333	927
333	970
334	762
334	987
334	988
334	990
335	169
335	881
335	953
335	983
336	917
336	985
336	992
336	999
337	846
337	849
337	927
337	938
338	565
338	987
338	990
338	995
339	631
339	848
339	879
339	950
340	651
340	732
340	980
340	996
341	891
341	958
341	960
341	964
342	458
342	849
342	938
342	960
343	964
343	987
343	988
343	995
344	39
344	399
344	993
344	996
345	665
345	767
345	893
345	990
346	914
346	926
346	955
346	974
347	191
347	941
347	969
347	978
348	962
348	992
348	994
348	999
349	902
349	925
349	958
349	960
350	853
350	948
350	984
350	997
351	775
351	987
351	988
351	995
352	626
352	968
352	972
352	997
353	765
353	796
353	977
353	1000
354	605
354	841
354	950
354	955
355	945
355	975
355	978
355	991
356	940
356	980
356	989
356	996
357	418
357	922
357	958
357	971
358	827
358	967
358	979
358	991
359	953
359	992
359	998
359	999
360	961
360	979
360	981
360	991
361	444
361	884
361	951
361	974
362	331
362	777
362	837
362	937
363	872
363	900
363	982
363	1000
364	386
364	919
364	939
364	952
365	224
365	957
365	963
365	974
366	299
366	451
366	714
366	984
367	908
367	943
367	959
367	976
368	324
368	803
368	943
368	959
369	178
369	987
369	988
369	995
370	178
370	429
370	505
370	1000
371	933
371	992
371	998
371	999
372	926
372	946
372	950
372	955
373	504
373	958
373	960
373	964
374	971
374	989
374	993
374	996
375	689
375	882
375	900
375	1000
376	895
376	927
376	939
376	970
377	564
377	820
377	821
377	913
378	839
378	932
378	971
378	984
379	954
379	969
379	974
379	979
380	906
380	957
380	974
380	983
381	841
381	911
381	926
381	946
382	987
382	988
382	990
382	995
383	766
383	810
383	949
383	997
384	293
384	553
384	965
384	976
385	592
385	880
385	989
385	993
386	364
386	919
386	920
386	927
387	992
387	994
387	998
387	999
388	550
388	924
388	993
388	996
389	638
389	924
389	949
389	984
390	918
390	944
390	986
390	997
391	865
391	959
391	965
391	976
392	967
392	978
392	979
392	991
393	797
393	868
393	934
393	972
394	945
394	954
394	985
394	991
395	63
395	987
395	988
395	995
396	799
396	927
396	952
396	970
397	887
397	899
397	974
397	983
398	985
398	992
398	998
398	999
399	344
399	889
399	980
399	993
400	453
400	922
400	936
400	996
401	596
401	610
401	948
401	986
402	292
402	760
402	943
402	965
403	321
403	895
403	952
403	970
404	951
404	957
404	963
404	983
405	987
405	988
405	990
405	995
406	845
406	920
406	939
406	970
407	503
407	722
407	937
407	972
408	79
408	673
408	848
408	946
409	641
409	670
409	986
409	999
410	885
410	921
410	928
410	959
411	659
411	815
411	931
411	1000
412	973
412	985
412	994
412	998
413	184
413	650
413	880
413	952
414	966
414	994
414	998
414	999
415	935
415	956
415	963
415	983
416	895
416	987
416	988
416	995
417	597
417	988
417	990
417	995
418	357
418	714
418	913
418	989
419	221
419	660
419	931
419	982
420	928
420	943
420	965
420	976
421	98
421	937
421	986
421	998
422	510
422	658
422	885
422	928
423	165
423	893
423	988
423	995
424	317
424	874
424	980
424	996
425	639
425	931
425	982
425	1000
426	710
426	978
426	981
426	991
427	829
427	951
427	956
427	957
428	720
428	809
428	936
428	996
429	370
429	485
429	982
429	1000
430	779
430	812
430	959
430	965
431	914
431	926
431	946
431	955
432	930
432	988
432	990
432	995
433	19
433	817
433	836
433	977
434	988
434	990
434	995
434	996
435	987
435	988
435	990
435	995
436	766
436	968
436	986
436	992
437	823
437	872
437	989
437	993
438	961
438	967
438	975
438	979
438	991
439	548
439	961
439	975
439	978
439	991
440	653
440	806
440	840
440	932
440	984
441	821
441	895
441	901
441	927
441	970
442	232
442	696
442	821
442	823
442	940
443	748
443	922
443	958
443	993
443	996
444	21
444	361
444	773
444	965
444	976
445	838
445	848
445	926
445	946
445	950
446	457
446	731
446	809
446	989
446	996
447	718
447	891
447	925
447	958
447	966
448	649
448	775
448	987
448	995
448	996
449	278
449	613
449	878
449	901
449	952
450	884
450	885
450	943
450	965
450	976
451	366
451	594
451	968
451	984
451	986
452	841
452	911
452	926
452	950
452	955
453	400
453	874
453	971
453	973
453	996
454	504
454	849
454	891
454	960
454	964
455	865
455	954
455	969
455	981
455	991
456	104
456	590
456	622
456	946
456	955
457	446
457	623
457	821
457	913
457	993
458	342
458	846
458	958
458	960
458	964
459	21
459	819
459	921
459	965
459	976
460	291
460	645
460	821
460	940
460	980
461	962
461	992
461	994
461	996
461	998
462	934
462	937
462	984
462	986
462	997
463	505
463	808
463	895
463	952
463	970
464	617
464	793
464	824
464	990
464	995
465	91
465	929
465	936
465	971
465	989
466	801
466	860
466	959
466	965
466	976
467	501
467	674
467	758
467	847
467	952
468	796
468	895
468	919
468	939
468	952
469	217
469	886
469	908
469	937
469	948
470	624
470	633
470	825
470	977
470	1000
471	753
471	872
471	931
471	982
471	1000
472	787
472	968
472	987
472	988
472	995
473	771
473	853
473	908
473	949
473	997
474	592
474	940
474	989
474	993
474	996
475	725
475	769
475	873
475	988
475	995
476	330
476	504
476	528
476	986
476	997
477	633
477	815
477	872
477	931
477	1000
478	942
478	973
478	994
478	997
478	998
479	915
479	961
479	975
479	978
479	991
480	584
480	882
480	977
480	982
480	1000
481	623
481	876
481	901
481	919
481	970
482	924
482	987
482	988
482	990
482	995
483	601
483	865
483	945
483	954
483	975
484	638
484	858
484	946
484	950
484	955
485	429
485	902
485	938
485	960
485	964
486	504
486	648
486	958
486	960
486	964
487	651
487	992
487	994
487	998
487	999
488	942
488	966
488	985
488	992
488	998
489	827
489	978
489	979
489	982
489	991
490	843
490	973
490	994
490	998
490	999
491	856
491	891
491	925
491	938
491	947
492	746
492	793
492	987
492	989
492	995
493	902
493	925
493	947
493	958
493	960
494	752
494	774
494	971
494	989
494	996
495	754
495	908
495	968
495	986
495	997
496	824
496	859
496	987
496	990
496	995
497	80
497	559
497	641
497	949
497	997
498	591
498	804
498	987
498	988
498	995
499	954
499	962
499	979
499	981
499	991
500	917
500	956
500	957
500	963
500	983
501	467
501	938
501	947
501	958
501	964
502	951
502	953
502	963
502	974
502	983
503	407
503	837
503	949
503	968
503	984
504	373
504	454
504	476
504	486
504	627
505	370
505	463
505	701
505	919
505	952
506	962
506	966
506	994
506	998
506	999
507	907
507	915
507	916
507	981
507	991
508	621
508	860
508	943
508	959
508	976
509	899
509	953
509	956
509	957
509	974
510	422
510	803
510	826
510	921
510	965
511	619
511	733
511	947
511	960
511	964
512	886
512	980
512	989
512	993
512	996
513	879
513	896
513	968
513	986
513	997
514	761
514	903
514	980
514	993
514	996
515	969
515	978
515	979
515	991
515	993
516	881
516	956
516	963
516	974
516	983
517	602
517	888
517	919
517	982
517	1000
518	756
518	911
518	913
518	914
518	950
519	716
519	846
519	925
519	947
519	960
520	836
520	850
520	943
520	982
520	1000
521	588
521	621
521	921
521	928
521	976
522	745
522	765
522	892
522	903
522	1000
523	613
523	847
523	878
523	952
523	970
524	851
524	973
524	985
524	994
524	998
525	66
525	572
525	783
525	872
525	931
526	737
526	866
526	905
526	981
526	991
527	785
527	797
527	902
527	947
527	964
528	476
528	864
528	932
528	937
528	997
529	109
529	258
529	932
529	984
529	997
530	968
530	973
530	994
530	998
530	999
531	271
531	755
531	925
531	947
531	958
532	941
532	969
532	975
532	979
532	981
533	650
533	796
533	859
533	927
533	939
534	159
534	985
534	994
534	998
534	999
535	24
535	269
535	620
535	783
535	892
536	48
536	119
536	845
536	901
536	952
537	21
537	875
537	915
537	967
537	991
538	828
538	876
538	920
538	927
538	952
539	788
539	947
539	958
539	960
539	964
540	52
540	819
540	885
540	959
540	965
541	282
541	831
541	987
541	990
541	995
542	290
542	762
542	893
542	988
542	995
543	810
543	837
543	886
543	972
543	997
544	800
544	844
544	987
544	990
544	995
545	195
545	832
545	871
545	953
545	974
546	47
546	681
546	709
546	753
546	1000
547	140
547	693
547	895
547	901
547	920
548	439
548	750
548	908
548	932
548	997
549	863
549	881
549	899
549	951
549	953
550	388
550	889
550	924
550	929
550	940
550	996
551	922
551	940
551	971
551	980
551	995
551	996
552	813
552	898
552	985
552	992
552	998
552	999
553	384
553	768
553	826
553	928
553	959
553	965
554	869
554	923
554	942
554	994
554	998
554	999
555	909
555	917
555	992
555	994
555	998
555	999
556	890
556	914
556	946
556	950
556	955
556	975
557	857
557	864
557	918
557	972
557	986
557	997
558	664
558	825
558	892
558	931
558	982
558	1000
559	497
559	815
559	836
559	931
559	977
559	1000
560	874
560	936
560	944
560	971
560	989
560	993
561	880
561	966
561	973
561	992
561	994
561	998
562	110
562	905
562	945
562	978
562	979
562	991
563	859
563	949
563	987
563	988
563	990
563	995
564	377
564	913
564	971
564	980
564	989
564	996
565	338
565	706
565	871
565	987
565	990
565	995
566	672
566	973
566	978
566	994
566	998
566	999
567	204
567	913
567	932
567	989
567	993
567	996
568	605
568	897
568	914
568	926
568	946
568	991
569	843
569	848
569	914
569	946
569	950
569	955
570	762
570	777
570	787
570	824
570	987
570	995
571	807
571	857
571	896
571	918
571	986
571	997
572	220
572	525
572	681
572	900
572	931
572	1000
573	957
573	967
573	978
573	979
573	981
573	991
574	854
574	961
574	967
574	969
574	978
574	991
575	814
575	871
575	881
575	953
575	983
575	999
576	724
576	847
576	876
576	878
576	920
576	939
577	941
577	961
577	969
577	975
577	979
577	981
578	945
578	954
578	969
578	970
578	981
578	991
579	712
579	715
579	765
579	872
579	892
579	1000
580	660
580	794
580	987
580	988
580	990
580	995
581	744
581	805
581	908
581	934
581	972
581	997
582	131
582	825
582	836
582	961
582	977
582	1000
583	49
583	797
583	857
583	908
583	972
583	997
584	480
584	712
584	817
584	922
584	982
584	1000
585	664
585	765
585	825
585	931
585	977
585	1000
586	723
586	806
586	857
586	937
586	972
586	986
587	697
587	739
587	800
587	988
587	990
587	995
588	317
588	521
588	695
588	768
588	773
588	911
589	257
589	795
589	971
589	980
589	989
589	996
590	456
590	682
590	782
590	897
590	914
590	950
591	498
591	794
591	987
591	988
591	990
591	991
592	186
592	385
592	474
592	751
592	971
592	980
593	710
593	941
593	969
593	978
593	981
593	991
594	451
594	805
594	864
594	949
594	972
594	1000
595	884
595	951
595	953
595	956
595	974
595	983
596	180
596	401
596	600
596	908
596	986
596	997
597	417
597	921
597	987
597	988
597	990
597	995
598	862
598	951
598	953
598	956
598	974
598	983
599	299
599	653
599	868
599	949
599	972
599	997
600	596
600	909
600	992
600	994
600	998
600	999
601	240
601	483
601	603
601	850
601	982
601	1000
602	517
602	715
602	817
602	977
602	978
602	1000
603	601
603	664
603	782
603	802
603	977
603	1000
604	788
604	881
604	947
604	958
604	960
604	964
605	354
605	568
605	946
605	950
605	955
605	998
606	840
606	847
606	896
606	944
606	972
606	986
607	659
607	681
607	815
607	825
607	850
607	892
608	20
608	945
608	954
608	975
608	981
608	991
609	942
609	973
609	985
609	992
609	998
609	999
610	6
610	401
610	750
610	818
610	886
610	997
611	824
611	893
611	960
611	988
611	990
611	995
612	300
612	664
612	831
612	927
612	939
612	952
613	449
613	523
613	726
613	845
613	878
613	927
614	621
614	819
614	928
614	959
614	976
614	986
615	708
615	821
615	971
615	989
615	990
615	993
615	996
616	832
616	906
616	951
616	953
616	963
616	974
616	983
617	228
617	464
617	893
617	987
617	988
617	990
617	995
618	202
618	640
618	669
618	802
618	817
618	836
618	1000
619	322
619	511
619	680
619	788
619	846
619	902
619	947
620	535
620	712
620	747
620	817
620	977
620	982
620	1000
621	160
621	508
621	521
621	614
621	812
621	959
621	965
622	456
622	756
622	891
622	897
622	911
622	914
622	950
623	457
623	481
623	699
623	878
623	939
623	952
623	970
624	117
624	133
624	470
624	850
624	882
624	977
624	1000
625	809
625	823
625	929
625	940
625	980
625	989
625	993
626	352
626	930
626	945
626	969
626	975
626	979
626	981
627	504
627	908
627	925
627	938
627	958
627	960
627	964
628	942
628	966
628	985
628	992
628	994
628	998
628	999
629	887
629	906
629	956
629	957
629	963
629	974
629	983
630	189
630	757
630	773
630	932
630	944
630	968
630	984
631	339
631	829
631	841
631	911
631	914
631	946
631	955
632	879
632	937
632	968
632	984
632	986
632	997
632	1000
633	470
633	477
633	709
633	802
633	892
633	900
633	977
634	654
634	765
634	776
634	940
634	980
634	989
634	996
635	814
635	858
635	911
635	914
635	926
635	946
635	955
636	806
636	846
636	902
636	938
636	958
636	960
636	964
637	702
637	789
637	795
637	924
637	989
637	993
637	996
638	389
638	484
638	810
638	912
638	934
638	972
638	997
639	226
639	269
639	425
639	715
639	892
639	982
639	1000
640	618
640	659
640	888
640	925
640	977
640	982
640	1000
641	311
641	409
641	497
641	948
641	968
641	986
641	997
642	720
642	730
642	937
642	948
642	972
642	984
642	986
643	296
643	726
643	871
643	876
643	895
643	927
643	970
644	941
644	945
644	954
644	967
644	975
644	979
644	991
645	39
645	74
645	460
645	784
645	936
645	971
645	992
646	798
646	812
646	855
646	860
646	928
646	965
646	976
647	74
647	940
647	945
647	980
647	989
647	993
647	996
648	141
648	486
648	849
648	891
648	952
648	958
648	960
649	448
649	706
649	767
649	793
649	987
649	988
649	995
650	308
650	413
650	533
650	901
650	927
650	939
650	974
651	340
651	487
651	821
651	971
651	989
651	993
651	996
652	61
652	857
652	922
652	929
652	936
652	940
652	996
653	440
653	599
653	719
653	905
653	918
653	932
653	944
654	634
654	676
654	874
654	880
654	913
654	924
654	996
655	856
655	917
655	961
655	973
655	994
655	998
655	999
656	923
656	966
656	969
656	985
656	994
656	998
656	999
657	887
657	951
657	953
657	963
657	974
657	983
657	988
658	422
658	826
658	855
658	928
658	943
658	959
658	976
659	411
659	607
659	640
659	802
659	900
659	982
659	1000
660	419
660	580
660	872
660	892
660	900
660	977
660	1000
661	925
661	938
661	947
661	958
661	960
661	964
661	999
662	222
662	933
662	966
662	985
662	992
662	998
662	999
663	942
663	966
663	985
663	992
663	994
663	998
663	999
664	558
664	585
664	603
664	612
664	830
664	977
664	982
665	345
665	893
665	943
665	987
665	988
665	990
665	995
666	819
666	921
666	928
666	943
666	965
666	976
666	979
667	883
667	894
667	933
667	942
667	962
667	985
667	998
668	904
668	953
668	956
668	957
668	963
668	974
668	983
669	226
669	618
669	850
669	882
669	931
669	982
669	1000
670	409
670	680
670	741
670	754
670	934
670	972
670	984
670	997
671	304
671	715
671	745
671	747
671	872
671	888
671	982
671	1000
672	566
672	898
672	910
672	973
672	985
672	992
672	994
672	999
673	408
673	690
673	756
673	782
673	897
673	914
673	946
673	955
674	267
674	467
674	831
674	845
674	847
674	919
674	939
674	952
675	854
675	874
675	913
675	924
675	929
675	989
675	993
675	996
676	654
676	679
676	692
676	751
676	924
676	933
676	971
676	989
677	743
677	804
677	852
677	899
677	987
677	988
677	990
677	995
678	853
678	866
678	875
678	941
678	975
678	978
678	981
678	991
679	676
679	748
679	751
679	823
679	989
679	993
679	996
679	998
680	619
680	670
680	714
680	839
680	857
680	912
680	968
680	997
681	546
681	572
681	607
681	802
681	815
681	872
681	982
681	1000
682	590
682	897
682	911
682	914
682	926
682	946
682	950
682	955
683	763
683	887
683	951
683	953
683	956
683	963
683	968
683	983
684	265
684	936
684	940
684	971
684	980
684	989
684	993
684	996
685	301
685	773
685	860
685	928
685	942
685	943
685	965
685	976
686	42
686	930
686	961
686	967
686	969
686	975
686	978
686	981
687	916
687	941
687	961
687	967
687	969
687	978
687	979
687	981
688	199
688	750
688	770
688	937
688	968
688	984
688	986
688	989
689	30
689	375
689	753
689	836
689	892
689	900
689	977
689	1000
690	289
690	673
690	719
690	896
690	908
690	934
690	949
690	997
691	38
691	112
691	836
691	850
691	888
691	931
691	982
691	1000
692	676
692	708
692	889
692	915
692	936
692	971
692	980
692	993
693	227
693	547
693	701
693	919
693	920
693	952
693	970
693	974
694	898
694	933
694	962
694	973
694	985
694	992
694	998
694	999
695	246
695	281
695	588
695	801
695	803
695	943
695	959
695	976
696	129
696	442
696	889
696	971
696	980
696	989
696	993
696	996
697	587
697	743
697	764
697	987
697	988
697	990
697	995
697	999
698	829
698	851
698	899
698	935
698	957
698	963
698	974
698	983
699	623
699	792
699	847
699	876
699	939
699	952
699	970
699	995
700	280
700	283
700	875
700	916
700	929
700	930
700	969
700	978
700	991
701	300
701	505
701	693
701	876
701	895
701	927
701	939
701	964
701	970
702	637
702	838
702	842
702	899
702	906
702	951
702	957
702	963
702	983
703	108
703	841
703	858
703	890
703	897
703	911
703	946
703	950
703	955
704	742
704	822
704	880
704	924
704	963
704	980
704	989
704	993
704	996
705	870
705	903
705	937
705	954
705	975
705	978
705	979
705	981
705	991
706	149
706	565
706	649
706	844
706	987
706	988
706	990
706	995
706	997
707	764
707	774
707	852
707	859
707	873
707	987
707	988
707	990
707	995
708	615
708	692
708	759
708	822
708	936
708	970
708	971
708	989
708	993
709	546
709	633
709	830
709	850
709	888
709	931
709	977
709	981
709	1000
710	426
710	593
710	749
710	915
710	954
710	961
710	967
710	979
710	991
711	731
711	735
711	774
711	922
711	929
711	956
711	989
711	993
711	996
712	579
712	584
712	620
712	745
712	815
712	888
712	900
712	977
712	982
713	849
713	891
713	902
713	925
713	938
713	958
713	960
713	964
713	998
714	50
714	366
714	418
714	680
714	737
714	937
714	948
714	972
714	997
715	579
715	602
715	639
715	671
715	775
715	900
715	977
715	982
715	1000
716	519
716	814
716	951
716	953
716	956
716	957
716	963
716	974
716	983
717	752
717	795
717	815
717	889
717	922
717	971
717	989
717	993
717	996
718	28
718	158
718	295
718	447
718	849
718	891
718	902
718	938
718	947
719	653
719	690
719	795
719	912
719	918
719	948
719	968
719	972
719	986
720	57
720	428
720	642
720	880
720	889
720	913
720	971
720	989
720	996
721	82
721	250
721	785
721	788
721	891
721	938
721	947
721	960
721	964
722	407
722	754
722	797
722	906
722	944
722	949
722	972
722	986
722	997
723	217
723	586
723	797
723	879
723	912
723	948
723	949
723	986
723	997
724	576
724	796
724	895
724	919
724	920
724	939
724	946
724	952
724	970
725	475
725	910
725	942
725	962
725	985
725	992
725	994
725	998
725	999
726	613
726	643
726	844
726	876
726	895
726	919
726	920
726	939
726	970
727	746
727	762
727	787
727	859
727	873
727	987
727	988
727	990
727	995
728	962
728	963
728	966
728	973
728	985
728	992
728	994
728	998
728	999
729	148
729	741
729	806
729	840
729	944
729	968
729	984
729	995
729	997
730	642
730	912
730	932
730	944
730	948
730	953
730	968
730	984
730	997
731	446
731	711
731	761
731	821
731	924
731	931
731	989
731	993
731	996
732	340
732	748
732	761
732	882
732	929
732	971
732	980
732	993
732	996
733	511
733	842
733	881
733	906
733	956
733	957
733	963
733	974
733	983
734	861
734	919
734	923
734	962
734	973
734	985
734	992
734	994
734	999
735	14
735	40
735	216
735	711
735	784
735	924
735	929
735	971
735	993
735	996
736	745
736	783
736	817
736	850
736	872
736	882
736	972
736	977
736	982
736	1000
737	289
737	526
737	714
737	766
737	853
737	857
737	918
737	949
737	984
737	997
738	842
738	851
738	887
738	899
738	935
738	956
738	963
738	974
738	983
738	992
739	282
739	587
739	800
739	873
739	893
739	965
739	987
739	988
739	990
739	995
740	115
740	770
740	839
740	864
740	868
740	886
740	944
740	968
740	986
740	988
741	670
741	729
741	771
741	857
741	912
741	935
741	948
741	949
741	968
741	986
742	229
742	704
742	809
742	886
742	929
742	940
742	980
742	989
742	993
742	996
743	84
743	677
743	697
743	793
743	794
743	873
743	987
743	988
743	990
743	995
744	581
744	766
744	840
744	879
744	918
744	934
744	984
744	986
744	988
744	997
745	30
745	522
745	671
745	712
745	736
745	892
745	900
745	977
745	984
745	1000
746	492
746	727
746	756
746	769
746	852
746	873
746	987
746	988
746	990
746	995
747	150
747	309
747	620
747	671
747	753
747	882
747	977
747	982
747	983
747	1000
748	91
748	204
748	443
748	679
748	732
748	940
748	971
748	980
748	987
748	993
749	710
749	833
749	915
749	945
749	954
749	961
749	978
749	979
749	981
749	994
750	548
750	610
750	688
750	886
750	896
750	908
750	914
750	944
750	984
750	997
751	592
751	676
751	679
751	828
751	878
751	929
751	971
751	980
751	989
751	993
752	191
752	494
752	717
752	759
752	822
752	913
752	922
752	980
752	989
752	996
753	471
753	546
753	689
753	747
753	757
753	765
753	783
753	888
753	977
753	1000
754	41
754	495
754	670
754	722
754	853
754	868
754	972
754	984
754	997
754	998
755	531
755	846
755	849
755	891
755	918
755	938
755	947
755	958
755	960
755	964
756	518
756	622
756	673
756	746
756	848
756	897
756	911
756	914
756	926
756	950
757	630
757	753
757	805
757	912
757	932
757	934
757	944
757	984
757	986
757	997
758	13
758	85
758	329
758	467
758	799
758	823
758	847
758	895
758	920
758	952
759	708
759	752
759	880
759	895
759	929
759	936
759	971
759	989
759	993
759	996
760	402
760	903
760	905
760	915
760	945
760	954
760	967
760	978
760	979
760	981
760	991
761	514
761	731
761	732
761	823
761	922
761	940
761	971
761	977
761	980
761	993
761	996
762	284
762	334
762	542
762	570
762	727
762	824
762	873
762	893
762	988
762	990
762	995
763	683
763	838
763	851
763	862
763	929
763	935
763	956
763	957
763	963
763	974
763	983
764	697
764	707
764	787
764	793
764	804
764	859
764	976
764	987
764	988
764	990
764	995
765	353
765	522
765	579
765	585
765	634
765	753
765	825
765	882
765	900
765	977
765	1000
766	383
766	436
766	737
766	744
766	840
766	857
766	879
766	886
766	937
766	972
766	982
767	345
767	649
767	787
767	800
767	824
767	844
767	852
767	988
767	990
767	995
767	996
768	553
768	588
768	812
768	855
768	921
768	928
768	943
768	959
768	965
768	976
768	995
769	3
769	475
769	746
769	844
769	852
769	859
769	893
769	987
769	988
769	990
769	995
770	688
770	740
770	771
770	787
770	932
770	944
770	948
770	949
770	968
770	984
770	986
771	473
771	741
771	770
771	840
771	853
771	879
771	912
771	934
771	958
771	986
771	997
772	197
772	863
772	870
772	894
772	930
772	941
772	975
772	978
772	979
772	981
772	991
773	444
773	588
773	630
773	685
773	855
773	885
773	921
773	928
773	943
773	965
773	976
774	494
774	707
774	711
774	924
774	929
774	936
774	940
774	971
774	980
774	989
774	996
775	63
775	351
775	448
775	715
775	794
775	844
775	873
775	987
775	988
775	990
775	995
776	634
776	823
776	828
776	870
776	874
776	913
776	922
776	936
776	940
776	971
776	980
777	83
777	362
777	570
777	864
777	912
777	944
777	948
777	949
777	968
777	986
777	997
778	786
778	898
778	915
778	962
778	966
778	973
778	985
778	992
778	994
778	998
778	999
779	430
779	820
779	867
779	883
779	910
779	966
779	985
779	992
779	994
779	998
779	999
780	898
780	910
780	950
780	962
780	966
780	973
780	985
780	992
780	994
780	998
780	999
781	94
781	832
781	871
781	884
781	935
781	953
781	956
781	957
781	963
781	974
781	983
782	590
782	603
782	673
782	848
782	858
782	890
782	897
782	926
782	946
782	950
782	955
783	525
783	535
783	736
783	753
783	837
783	872
783	882
783	931
783	977
783	982
783	1000
784	18
784	175
784	645
784	735
784	929
784	934
784	971
784	980
784	989
784	992
784	993
785	176
785	272
785	527
785	721
785	902
785	938
785	947
785	958
785	960
785	964
785	975
786	778
786	835
786	933
786	962
786	966
786	985
786	991
786	992
786	994
786	998
786	999
787	472
787	570
787	727
787	764
787	767
787	770
787	852
787	873
787	988
787	990
787	995
788	287
788	539
788	604
788	619
788	721
788	846
788	890
788	902
788	947
788	958
788	960
788	964
789	291
789	637
789	795
789	880
789	889
789	936
789	940
789	971
789	980
789	985
789	989
789	993
790	894
790	907
790	915
790	930
790	940
790	954
790	961
790	967
790	975
790	978
790	979
790	991
791	850
791	861
791	909
791	910
791	923
791	933
791	966
791	985
791	992
791	994
791	998
791	999
792	300
792	699
792	796
792	798
792	831
792	895
792	901
792	919
792	933
792	939
792	952
792	970
793	16
793	464
793	492
793	649
793	743
793	764
793	804
793	893
793	933
793	988
793	990
793	995
794	580
794	591
794	743
794	775
794	826
794	852
794	873
794	893
794	987
794	988
794	990
794	995
795	589
795	637
795	717
795	719
795	789
795	828
795	936
795	971
795	980
795	989
795	993
795	996
796	353
796	468
796	533
796	724
796	792
796	798
796	878
796	895
796	901
796	920
796	939
796	970
797	393
797	527
797	583
797	722
797	723
797	868
797	948
797	949
797	968
797	972
797	990
797	997
798	244
798	646
798	792
798	796
798	799
798	845
798	901
798	919
798	927
798	939
798	952
798	970
799	219
799	396
799	758
799	798
799	845
799	876
799	919
799	920
799	939
799	952
799	961
799	970
800	143
800	544
800	587
800	739
800	767
800	852
800	859
800	946
800	984
800	987
800	988
800	990
801	166
801	466
801	695
801	819
801	826
801	855
801	877
801	901
801	921
801	928
801	943
801	976
802	603
802	618
802	633
802	659
802	681
802	882
802	888
802	931
802	965
802	977
802	982
802	1000
803	142
803	368
803	510
803	695
803	812
803	877
803	894
803	921
803	943
803	959
803	965
803	976
804	35
804	498
804	677
804	764
804	793
804	824
804	859
804	893
804	987
804	988
804	990
804	995
805	107
805	294
805	581
805	594
805	757
805	912
805	937
805	939
805	972
805	984
805	986
805	997
806	171
806	440
806	586
806	636
806	729
806	853
806	864
806	932
806	944
806	984
806	986
806	997
807	571
807	833
807	916
807	954
807	961
807	967
807	969
807	975
807	978
807	979
807	981
807	991
808	463
808	917
808	923
808	933
808	962
808	966
808	973
808	985
808	992
808	994
808	998
808	999
809	428
809	446
809	625
809	742
809	825
809	828
809	889
809	922
809	936
809	971
809	989
809	993
809	996
810	37
810	180
810	289
810	383
810	543
810	638
810	853
810	857
810	932
810	948
810	967
810	986
810	997
811	843
811	883
811	909
811	910
811	940
811	962
811	966
811	973
811	985
811	992
811	994
811	998
811	999
812	157
812	430
812	621
812	646
812	768
812	803
812	819
812	855
812	877
812	943
812	959
812	976
812	994
813	552
813	866
813	898
813	907
813	917
813	962
813	966
813	973
813	985
813	992
813	994
813	998
813	999
814	575
814	635
814	716
814	842
814	851
814	881
814	906
814	935
814	953
814	956
814	963
814	974
814	983
815	411
815	477
815	559
815	607
815	681
815	712
815	717
815	830
815	931
815	935
815	977
815	982
815	1000
816	836
816	883
816	923
816	928
816	933
816	962
816	966
816	973
816	985
816	992
816	994
816	998
816	999
817	310
817	433
817	584
817	602
817	618
817	620
817	736
817	830
817	900
817	977
817	982
817	987
817	1000
818	610
818	839
818	918
818	934
818	944
818	948
818	949
818	960
818	968
818	972
818	984
818	986
818	997
819	459
819	540
819	614
819	666
819	801
819	812
819	855
819	860
819	921
819	943
819	959
819	965
819	991
820	123
820	377
820	779
820	835
820	904
820	923
820	942
820	966
820	973
820	992
820	994
820	998
820	999
821	377
821	441
821	442
821	457
821	460
821	615
821	651
821	731
821	828
821	924
821	980
821	993
821	996
821	997
822	108
822	704
822	708
822	752
822	840
822	874
822	922
822	936
822	940
822	971
822	980
822	989
822	993
822	996
823	437
823	442
823	625
823	679
823	758
823	761
823	776
823	913
823	924
823	929
823	971
823	980
823	989
823	993
824	164
824	261
824	464
824	496
824	570
824	611
824	762
824	767
824	804
824	844
824	987
824	988
824	990
824	995
825	105
825	310
825	470
825	558
825	582
825	585
825	607
825	765
825	809
825	836
825	850
825	888
825	982
825	1000
826	96
826	157
826	510
826	553
826	658
826	794
826	801
826	877
826	885
826	921
826	928
826	959
826	965
826	976
827	1
827	285
827	358
827	489
827	894
827	930
827	941
827	945
827	954
827	961
827	969
827	975
827	978
827	991
828	229
828	538
828	751
828	776
828	795
828	809
828	821
828	922
828	924
828	971
828	980
828	989
828	993
828	996
829	234
829	427
829	631
829	698
829	867
829	884
829	899
829	906
829	935
829	951
829	953
829	957
829	963
829	983
830	121
830	131
830	664
830	709
830	815
830	817
830	850
830	872
830	873
830	888
830	892
830	931
830	982
830	1000
831	11
831	85
831	95
831	136
831	329
831	541
831	612
831	674
831	792
831	847
831	878
831	895
831	927
831	952
832	43
832	545
832	616
832	781
832	862
832	887
832	906
832	951
832	953
832	956
832	957
832	963
832	976
832	983
833	749
833	807
833	866
833	870
833	905
833	915
833	945
833	961
833	967
833	975
833	979
833	981
833	989
833	991
834	69
834	218
834	904
834	923
834	933
834	962
834	963
834	966
834	973
834	985
834	992
834	994
834	998
834	999
835	51
835	786
835	820
835	861
835	904
835	917
835	962
835	966
835	973
835	985
835	986
835	992
835	994
835	998
835	999
836	56
836	433
836	520
836	559
836	582
836	618
836	689
836	691
836	816
836	825
836	872
836	892
836	977
836	982
836	1000
837	362
837	503
837	543
837	783
837	912
837	918
837	934
837	937
837	944
837	949
837	968
837	972
837	984
837	986
837	997
838	445
838	702
838	763
838	862
838	871
838	884
838	899
838	935
838	951
838	953
838	954
838	956
838	963
838	974
838	983
839	168
839	378
839	680
839	740
839	818
839	857
839	915
839	934
839	944
839	949
839	968
839	972
839	984
839	986
839	997
840	40
840	60
840	440
840	606
840	729
840	744
840	766
840	771
840	822
840	857
840	896
840	941
840	944
840	972
840	984
841	242
841	307
841	354
841	381
841	452
841	631
841	703
841	890
841	897
841	911
841	914
841	926
841	946
841	949
841	950
841	955
842	702
842	733
842	738
842	814
842	871
842	884
842	887
842	899
842	906
842	930
842	935
842	951
842	956
842	957
842	974
842	983
843	490
843	569
843	811
843	909
843	917
843	923
843	933
843	942
843	962
843	973
843	980
843	985
843	992
843	994
843	998
843	999
844	228
844	544
844	706
844	726
844	767
844	769
844	775
844	824
844	852
844	873
844	893
844	987
844	988
844	989
844	990
844	995
845	23
845	406
845	536
845	613
845	674
845	798
845	799
845	847
845	876
845	878
845	901
845	920
845	927
845	939
845	952
845	970
846	279
846	337
846	458
846	519
846	619
846	636
846	755
846	788
846	891
846	902
846	925
846	938
846	947
846	957
846	960
846	964
847	95
847	321
847	333
847	467
847	523
847	576
847	606
847	674
847	699
847	758
847	831
847	845
847	919
847	920
847	939
847	952
847	970
848	32
848	339
848	408
848	445
848	569
848	756
848	782
848	858
848	890
848	897
848	911
848	926
848	946
848	950
848	955
848	978
848	1000
849	103
849	279
849	337
849	342
849	454
849	648
849	713
849	718
849	755
849	891
849	902
849	938
849	947
849	958
849	960
849	964
849	965
850	520
850	601
850	607
850	624
850	669
850	691
850	709
850	736
850	791
850	825
850	830
850	892
850	900
850	931
850	977
850	982
850	1000
851	306
851	524
851	698
851	738
851	763
851	814
851	862
851	871
851	906
851	935
851	951
851	953
851	956
851	957
851	963
851	974
851	978
852	285
852	677
852	707
852	746
852	767
852	769
852	787
852	794
852	800
852	844
852	893
852	956
852	972
852	987
852	988
852	990
852	995
853	350
853	473
853	678
853	737
853	754
853	771
853	806
853	810
853	896
853	912
853	918
853	968
853	972
853	984
853	986
853	995
853	997
854	101
854	192
854	195
854	574
854	675
854	894
854	903
854	941
854	945
854	961
854	967
854	969
854	975
854	978
854	979
854	981
854	991
855	646
855	658
855	768
855	773
855	801
855	812
855	819
855	873
855	877
855	885
855	911
855	921
855	928
855	943
855	959
855	965
855	976
856	491
856	655
856	867
856	909
856	910
856	912
856	923
856	933
856	942
856	962
856	966
856	973
856	985
856	992
856	994
856	998
856	999
857	557
857	571
857	583
857	586
857	652
857	680
857	737
857	741
857	766
857	810
857	839
857	840
857	862
857	868
857	937
857	944
857	986
858	59
858	197
858	484
858	635
858	703
858	782
858	848
858	890
858	897
858	911
858	914
858	926
858	946
858	948
858	950
858	955
858	999
859	72
859	303
859	496
859	533
859	563
859	707
859	727
859	764
859	769
859	800
859	804
859	873
859	960
859	987
859	988
859	990
859	995
860	207
860	261
860	466
860	508
860	646
860	685
860	819
860	877
860	882
860	885
860	921
860	928
860	943
860	952
860	959
860	965
860	976
861	734
861	791
861	835
861	869
861	875
861	893
861	898
861	904
861	933
861	942
861	962
861	973
861	985
861	992
861	994
861	998
861	999
862	306
862	598
862	763
862	832
862	838
862	851
862	857
862	871
862	876
862	899
862	906
862	935
862	951
862	956
862	957
862	963
862	974
862	983
863	241
863	549
863	772
863	870
863	905
863	907
863	916
863	930
863	945
863	954
863	961
863	967
863	969
863	975
863	978
863	979
863	981
863	991
864	109
864	127
864	268
864	528
864	557
864	594
864	740
864	777
864	806
864	902
864	918
864	932
864	937
864	948
864	949
864	968
864	984
864	986
865	391
865	455
865	483
865	894
865	903
865	905
865	907
865	915
865	916
865	941
865	945
865	953
865	961
865	967
865	969
865	975
865	979
865	991
866	303
866	526
866	678
866	813
866	833
866	905
866	916
866	941
866	945
866	954
866	961
866	967
866	969
866	975
866	978
866	979
866	981
866	991
867	779
867	829
867	856
867	904
867	909
867	910
867	917
867	923
867	933
867	948
867	962
867	966
867	973
867	985
867	992
867	994
867	998
867	999
868	86
868	215
868	393
868	599
868	740
868	754
868	797
868	857
868	886
868	932
868	934
868	948
868	951
868	968
868	972
868	984
868	986
868	993
869	208
869	554
869	861
869	898
869	904
869	909
869	917
869	932
869	942
869	954
869	962
869	966
869	973
869	985
869	992
869	994
869	998
869	999
870	268
870	705
870	772
870	776
870	833
870	863
870	894
870	916
870	930
870	941
870	945
870	961
870	969
870	975
870	978
870	979
870	981
870	991
871	545
871	565
871	575
871	643
871	781
871	838
871	842
871	851
871	862
871	881
871	884
871	899
871	935
871	951
871	953
871	956
871	957
871	963
871	983
872	133
872	363
872	437
872	471
872	477
872	525
872	579
872	660
872	671
872	681
872	736
872	783
872	830
872	836
872	882
872	977
872	982
872	988
872	1000
873	475
873	707
873	727
873	739
873	743
873	746
873	762
873	775
873	787
873	794
873	830
873	844
873	855
873	859
873	893
873	987
873	988
873	990
873	995
874	8
874	110
874	424
874	453
874	560
874	654
874	675
874	776
874	822
874	880
874	913
874	924
874	929
874	940
874	971
874	980
874	989
874	993
874	996
875	537
875	678
875	700
875	861
875	890
875	903
875	907
875	915
875	930
875	941
875	954
875	961
875	967
875	969
875	975
875	978
875	979
875	981
875	991
876	184
876	481
876	538
876	576
876	643
876	699
876	701
876	726
876	799
876	845
876	862
876	878
876	901
876	919
876	920
876	927
876	952
876	970
876	993
877	96
877	167
877	185
877	298
877	311
877	801
877	803
877	812
877	826
877	855
877	860
877	885
877	921
877	943
877	959
877	965
877	976
877	978
877	994
878	118
878	219
878	278
878	449
878	523
878	576
878	613
878	623
878	751
878	796
878	831
878	845
878	876
878	895
878	919
878	923
878	939
878	952
878	970
879	67
879	114
879	339
879	513
879	632
879	723
879	744
879	766
879	771
879	896
879	932
879	934
879	937
879	948
879	949
879	984
879	986
879	988
879	997
880	18
880	19
880	385
880	413
880	561
880	654
880	704
880	720
880	759
880	789
880	874
880	913
880	922
880	924
880	936
880	980
880	989
880	993
880	996
881	325
881	335
881	516
881	549
881	575
881	604
881	733
881	814
881	871
881	884
881	906
881	935
881	951
881	953
881	956
881	957
881	963
881	974
881	983
882	9
882	105
882	153
882	220
882	309
882	375
882	480
882	624
882	669
882	732
882	736
882	747
882	765
882	783
882	802
882	860
882	872
882	931
882	977
882	982
883	83
883	274
883	667
883	779
883	811
883	816
883	904
883	909
883	910
883	917
883	923
883	933
883	942
883	962
883	973
883	985
883	992
883	994
883	998
883	999
884	361
884	450
884	595
884	781
884	829
884	838
884	842
884	871
884	881
884	899
884	906
884	935
884	939
884	951
884	953
884	956
884	957
884	963
884	974
884	983
885	293
885	298
885	318
885	410
885	422
885	450
885	540
885	773
885	826
885	855
885	860
885	877
885	921
885	928
885	943
885	959
885	965
885	967
885	976
885	986
886	198
886	247
886	469
886	512
886	543
886	610
886	740
886	742
886	750
886	766
886	868
886	896
886	908
886	912
886	918
886	937
886	968
886	984
886	986
886	997
887	235
887	397
887	629
887	657
887	683
887	738
887	832
887	842
887	899
887	906
887	935
887	951
887	953
887	956
887	957
887	958
887	963
887	974
887	983
887	997
888	43
888	121
888	150
888	302
888	517
888	640
888	671
888	691
888	709
888	712
888	753
888	802
888	825
888	830
888	892
888	900
888	927
888	977
888	982
888	1000
889	36
889	108
889	175
889	399
889	550
889	692
889	696
889	717
889	720
889	789
889	809
889	913
889	924
889	940
889	962
889	971
889	979
889	989
889	993
889	996
890	45
890	137
890	203
890	304
890	324
890	328
890	556
890	703
890	782
890	788
890	841
890	848
890	858
890	875
890	897
890	911
890	914
890	926
890	946
890	950
890	955
891	248
891	272
891	341
891	447
891	454
891	491
891	622
891	648
891	713
891	718
891	721
891	755
891	846
891	849
891	900
891	925
891	938
891	947
891	958
891	960
891	964
892	161
892	174
892	522
892	535
892	558
892	579
892	607
892	633
892	639
892	660
892	689
892	745
892	830
892	836
892	850
892	888
892	977
892	982
892	983
892	985
892	1000
893	71
893	233
893	345
893	423
893	542
893	611
893	617
893	665
893	739
893	762
893	769
893	793
893	794
893	804
893	844
893	852
893	861
893	873
893	987
893	988
893	990
894	1
894	253
894	312
894	667
894	772
894	790
894	803
894	827
894	854
894	865
894	870
894	903
894	907
894	916
894	941
894	961
894	969
894	978
894	979
894	981
894	991
895	308
895	376
895	403
895	416
895	441
895	463
895	468
895	547
895	643
895	701
895	724
895	726
895	758
895	759
895	792
895	796
895	831
895	878
895	919
895	920
895	970
896	98
896	199
896	279
896	513
896	571
896	606
896	690
896	750
896	840
896	853
896	879
896	886
896	918
896	929
896	937
896	944
896	948
896	949
896	968
896	984
896	986
896	997
897	55
897	100
897	203
897	568
897	590
897	622
897	673
897	682
897	703
897	756
897	782
897	841
897	848
897	858
897	890
897	911
897	914
897	926
897	946
897	950
897	955
897	980
898	26
898	552
898	672
898	694
898	778
898	780
898	813
898	861
898	869
898	910
898	917
898	923
898	930
898	942
898	962
898	966
898	973
898	985
898	992
898	994
898	998
898	999
899	397
899	509
899	549
899	677
899	698
899	702
899	738
899	829
899	838
899	842
899	862
899	871
899	884
899	887
899	906
899	935
899	951
899	953
899	957
899	974
899	983
899	1000
900	125
900	310
900	363
900	375
900	572
900	633
900	659
900	660
900	689
900	712
900	715
900	745
900	765
900	817
900	850
900	888
900	891
900	931
900	977
900	982
900	983
900	1000
901	101
901	244
901	262
901	267
901	329
901	441
901	449
901	481
901	536
901	547
901	650
901	792
901	796
901	798
901	801
901	845
901	876
901	917
901	919
901	920
901	939
901	952
901	970
902	287
902	295
902	322
902	349
902	485
902	493
902	527
902	619
902	636
902	713
902	718
902	785
902	788
902	846
902	849
902	864
902	907
902	925
902	938
902	947
902	958
902	960
902	964
903	195
903	514
903	522
903	705
903	760
903	854
903	865
903	875
903	894
903	905
903	907
903	915
903	916
903	930
903	941
903	945
903	954
903	961
903	967
903	978
903	979
903	981
903	991
904	238
904	668
904	820
904	834
904	835
904	861
904	867
904	869
904	883
904	909
904	910
904	917
904	923
904	928
904	933
904	942
904	962
904	966
904	973
904	985
904	992
904	994
904	999
905	192
905	526
905	562
905	653
905	760
905	833
905	863
905	865
905	866
905	903
905	907
905	916
905	930
905	941
905	945
905	954
905	967
905	969
905	973
905	975
905	978
905	979
905	981
905	991
906	380
906	616
906	629
906	702
906	722
906	733
906	814
906	829
906	832
906	842
906	851
906	862
906	881
906	884
906	887
906	899
906	925
906	935
906	951
906	953
906	956
906	957
906	963
906	974
906	983
907	283
907	507
907	790
907	813
907	863
907	865
907	875
907	894
907	902
907	903
907	905
907	915
907	916
907	930
907	941
907	945
907	954
907	961
907	967
907	969
907	975
907	978
907	979
907	981
907	991
908	83
908	126
908	277
908	321
908	367
908	469
908	473
908	495
908	548
908	581
908	583
908	596
908	627
908	690
908	750
908	886
908	912
908	918
908	937
908	948
908	968
908	972
908	984
908	985
908	997
909	272
909	555
909	600
909	791
909	811
909	843
909	856
909	867
909	869
909	883
909	904
909	917
909	923
909	933
909	942
909	946
909	962
909	966
909	973
909	984
909	985
909	992
909	994
909	998
909	999
910	672
910	725
910	779
910	780
910	791
910	811
910	856
910	867
910	883
910	898
910	904
910	917
910	923
910	933
910	935
910	942
910	962
910	966
910	973
910	985
910	987
910	992
910	994
910	998
910	999
911	68
911	79
911	242
911	259
911	381
911	452
911	518
911	588
911	622
911	631
911	635
911	682
911	703
911	756
911	841
911	848
911	855
911	858
911	890
911	897
911	914
911	926
911	946
911	950
911	954
911	955
912	75
912	294
912	332
912	638
912	680
912	719
912	723
912	730
912	741
912	757
912	771
912	777
912	805
912	837
912	853
912	856
912	886
912	908
912	934
912	937
912	949
912	968
912	972
912	984
912	986
912	997
913	7
913	22
913	57
913	90
913	146
913	177
913	284
913	377
913	418
913	457
913	518
913	564
913	567
913	654
913	675
913	720
913	752
913	776
913	823
913	874
913	880
913	889
913	929
913	980
913	989
913	993
913	996
914	45
914	266
914	324
914	328
914	346
914	431
914	518
914	556
914	568
914	569
914	590
914	622
914	631
914	635
914	673
914	682
914	750
914	756
914	841
914	858
914	890
914	897
914	911
914	926
914	937
914	938
914	946
915	102
915	312
915	479
915	507
915	537
915	692
915	710
915	749
915	760
915	778
915	790
915	833
915	839
915	865
915	875
915	903
915	907
915	930
915	941
915	945
915	954
915	967
915	969
915	975
915	979
915	981
915	991
916	6
916	176
916	218
916	507
916	687
916	700
916	807
916	863
916	865
916	866
916	870
916	894
916	903
916	905
916	907
916	930
916	941
916	954
916	961
916	964
916	967
916	969
916	975
916	978
916	979
916	989
916	991
917	201
917	204
917	336
917	500
917	555
917	655
917	808
917	813
917	835
917	843
917	867
917	869
917	883
917	898
917	901
917	904
917	909
917	910
917	923
917	933
917	942
917	966
917	973
917	985
917	992
917	998
917	999
918	93
918	168
918	277
918	390
918	557
918	571
918	653
918	719
918	737
918	744
918	755
918	818
918	837
918	853
918	864
918	886
918	896
918	908
918	944
918	948
918	949
918	968
918	972
918	984
918	986
918	988
918	997
919	262
919	278
919	288
919	364
919	386
919	468
919	481
919	505
919	517
919	674
919	693
919	724
919	726
919	734
919	792
919	798
919	799
919	847
919	876
919	878
919	895
919	901
919	920
919	927
919	939
919	955
919	970
920	13
920	273
920	296
920	333
920	386
920	406
920	538
920	547
920	576
920	693
920	724
920	726
920	758
920	796
920	799
920	845
920	847
920	876
920	895
920	901
920	919
920	927
920	939
920	952
920	970
920	999
920	1000
921	44
921	99
921	213
921	236
921	246
921	301
921	410
921	459
921	510
921	521
921	597
921	666
921	768
921	773
921	801
921	803
921	819
921	826
921	855
921	860
921	877
921	885
921	943
921	959
921	965
921	975
921	976
922	90
922	357
922	400
922	443
922	551
922	584
922	652
922	711
922	717
922	752
922	761
922	776
922	809
922	822
922	828
922	880
922	924
922	929
922	936
922	940
922	954
922	971
922	973
922	980
922	989
922	993
922	996
923	554
923	656
923	734
923	791
923	808
923	816
923	820
923	834
923	843
923	856
923	867
923	878
923	883
923	898
923	904
923	909
923	910
923	917
923	933
923	942
923	962
923	966
923	985
923	992
923	993
923	994
923	998
923	999
924	129
924	388
924	389
924	482
924	550
924	637
924	654
924	675
924	676
924	704
924	731
924	735
924	774
924	821
924	823
924	828
924	874
924	880
924	889
924	922
924	929
924	936
924	940
924	980
924	989
924	993
924	996
924	1000
925	113
925	162
925	177
925	223
925	243
925	248
925	249
925	258
925	349
925	447
925	491
925	493
925	519
925	531
925	627
925	640
925	661
925	713
925	846
925	891
925	902
925	906
925	938
925	947
925	958
925	960
925	964
925	972
926	4
926	59
926	65
926	304
926	328
926	346
926	372
926	381
926	431
926	445
926	452
926	568
926	635
926	682
926	756
926	782
926	841
926	848
926	858
926	890
926	897
926	911
926	914
926	946
926	950
926	955
926	981
926	987
926	993
927	10
927	11
927	101
927	233
927	245
927	288
927	300
927	333
927	337
927	376
927	386
927	396
927	441
927	533
927	538
927	612
927	613
927	643
927	650
927	701
927	798
927	831
927	845
927	876
927	888
927	919
927	920
927	952
927	970
927	996
928	25
928	58
928	142
928	166
928	317
928	318
928	410
928	420
928	422
928	521
928	553
928	614
928	646
928	658
928	666
928	685
928	768
928	773
928	801
928	816
928	826
928	855
928	860
928	885
928	904
928	943
928	959
928	965
928	966
928	976
929	190
929	222
929	291
929	465
929	550
929	625
929	652
929	675
929	700
929	711
929	732
929	735
929	742
929	751
929	759
929	763
929	774
929	784
929	823
929	874
929	896
929	913
929	922
929	924
929	940
929	971
929	980
929	989
929	993
929	996
930	163
930	183
930	313
930	316
930	432
930	626
930	686
930	700
930	772
930	790
930	827
930	842
930	863
930	870
930	875
930	898
930	903
930	905
930	907
930	915
930	916
930	941
930	961
930	967
930	969
930	975
930	978
930	979
930	981
930	991
931	30
931	66
931	302
931	309
931	411
931	419
931	425
931	471
931	477
931	525
931	558
931	559
931	572
931	585
931	669
931	691
931	709
931	731
931	783
931	802
931	815
931	830
931	850
931	882
931	900
931	970
931	977
931	978
931	982
931	1000
932	33
932	60
932	126
932	378
932	440
932	528
932	529
932	548
932	567
932	630
932	653
932	730
932	757
932	770
932	806
932	810
932	864
932	868
932	869
932	879
932	937
932	944
932	948
932	949
932	968
932	972
932	984
932	986
932	996
932	997
933	194
933	371
933	662
933	667
933	676
933	694
933	786
933	791
933	792
933	793
933	808
933	816
933	834
933	843
933	856
933	861
933	867
933	883
933	904
933	909
933	910
933	917
933	923
933	942
933	962
933	973
933	985
933	992
933	994
933	998
933	999
934	93
934	103
934	114
934	169
934	215
934	268
934	393
934	462
934	581
934	638
934	670
934	690
934	744
934	757
934	771
934	784
934	818
934	837
934	839
934	868
934	879
934	912
934	944
934	948
934	949
934	950
934	968
934	972
934	984
934	986
934	992
934	997
935	62
935	235
935	325
935	327
935	415
935	698
935	738
935	741
935	763
935	781
935	814
935	815
935	829
935	838
935	842
935	851
935	862
935	871
935	881
935	884
935	887
935	899
935	906
935	910
935	951
935	953
935	956
935	957
935	963
935	974
935	983
935	994
936	74
936	173
936	175
936	186
936	265
936	320
936	400
936	428
936	465
936	560
936	645
936	652
936	684
936	692
936	708
936	759
936	774
936	776
936	789
936	795
936	809
936	822
936	880
936	922
936	924
936	940
936	976
936	980
936	984
936	989
936	993
936	996
936	999
937	49
937	126
937	362
937	407
937	421
937	462
937	469
937	528
937	586
937	632
937	642
937	688
937	705
937	714
937	766
937	805
937	837
937	857
937	864
937	879
937	886
937	896
937	908
937	912
937	914
937	932
937	944
937	948
937	957
937	968
937	972
937	984
937	986
938	28
938	71
938	116
938	152
938	162
938	223
938	231
938	248
938	322
938	337
938	342
938	485
938	491
938	501
938	627
938	636
938	661
938	713
938	718
938	721
938	755
938	785
938	846
938	849
938	891
938	902
938	914
938	925
938	939
938	947
938	960
938	964
938	993
939	85
939	136
939	245
939	273
939	308
939	364
939	376
939	406
939	468
939	533
939	576
939	612
939	623
939	650
939	674
939	699
939	701
939	724
939	726
939	792
939	796
939	798
939	799
939	805
939	845
939	847
939	878
939	884
939	901
939	919
939	920
939	938
939	952
939	970
940	146
940	320
940	356
940	442
940	460
940	474
940	550
940	551
940	625
940	634
940	647
940	652
940	684
940	742
940	748
940	761
940	774
940	776
940	789
940	790
940	811
940	822
940	874
940	889
940	922
940	924
940	929
940	936
940	971
940	980
940	982
940	989
940	993
940	996
941	2
941	347
941	532
941	577
941	593
941	644
941	678
941	687
941	772
941	827
941	840
941	854
941	865
941	866
941	870
941	875
941	894
941	903
941	905
941	907
941	915
941	916
941	930
941	945
941	954
941	961
941	963
941	969
941	973
941	975
941	977
941	978
941	979
941	981
941	991
942	5
942	27
942	208
942	478
942	488
942	554
942	609
942	628
942	663
942	667
942	685
942	725
942	820
942	843
942	856
942	861
942	869
942	883
942	898
942	904
942	909
942	910
942	917
942	923
942	933
942	962
942	966
942	973
942	981
942	985
942	992
942	994
942	998
942	999
942	1000
943	44
943	58
943	130
943	166
943	239
943	261
943	281
943	292
943	367
943	368
943	402
943	420
943	450
943	508
943	520
943	658
943	665
943	666
943	685
943	695
943	768
943	773
943	801
943	803
943	812
943	819
943	855
943	860
943	877
943	885
943	921
943	928
943	959
943	965
943	976
943	984
944	70
944	148
944	151
944	171
944	200
944	390
944	560
944	606
944	630
944	653
944	722
944	729
944	730
944	740
944	750
944	757
944	770
944	777
944	806
944	818
944	837
944	839
944	840
944	857
944	896
944	918
944	932
944	934
944	937
944	948
944	968
944	976
944	984
944	986
944	997
944	998
945	163
945	172
945	355
945	394
945	483
945	562
945	578
945	608
945	626
945	644
945	647
945	749
945	760
945	827
945	833
945	854
945	863
945	865
945	866
945	870
945	903
945	905
945	907
945	915
945	941
945	950
945	954
945	959
945	961
945	967
945	969
945	975
945	978
945	979
945	981
945	991
946	32
946	65
946	68
946	137
946	266
946	328
946	372
946	381
946	408
946	431
946	445
946	456
946	484
946	556
946	568
946	569
946	605
946	631
946	635
946	673
946	682
946	703
946	724
946	782
946	800
946	841
946	848
946	858
946	890
946	897
946	909
946	911
946	914
946	926
946	950
946	955
946	971
947	113
947	144
947	158
947	167
947	176
947	179
947	249
947	276
947	326
947	491
947	493
947	501
947	511
947	519
947	527
947	531
947	539
947	604
947	619
947	661
947	718
947	721
947	755
947	785
947	788
947	846
947	849
947	891
947	902
947	925
947	938
947	958
947	960
947	964
947	966
947	993
947	997
948	189
948	198
948	260
948	330
948	350
948	401
948	469
948	641
948	642
948	714
948	719
948	723
948	730
948	741
948	770
948	777
948	797
948	810
948	818
948	858
948	864
948	867
948	868
948	879
948	896
948	908
948	918
948	932
948	934
948	937
948	944
948	949
948	968
948	969
948	972
948	990
948	997
949	98
949	107
949	170
949	189
949	198
949	254
949	383
949	389
949	473
949	497
949	503
949	563
949	594
949	599
949	690
949	722
949	723
949	737
949	741
949	770
949	777
949	797
949	818
949	837
949	839
949	841
949	864
949	879
949	896
949	912
949	918
949	932
949	934
949	948
949	968
949	972
949	984
949	997
950	4
950	55
950	68
950	81
950	242
950	259
950	266
950	304
950	324
950	339
950	354
950	372
950	445
950	452
950	484
950	518
950	556
950	569
950	590
950	605
950	622
950	682
950	703
950	756
950	780
950	782
950	841
950	848
950	858
950	890
950	897
950	911
950	926
950	934
950	945
950	946
950	952
950	955
951	205
951	210
951	217
951	263
951	314
951	327
951	361
951	404
951	427
951	502
951	549
951	595
951	598
951	616
951	657
951	683
951	702
951	716
951	829
951	832
951	838
951	842
951	851
951	862
951	868
951	871
951	881
951	884
951	887
951	899
951	906
951	935
951	956
951	957
951	963
951	974
951	982
951	983
952	118
952	119
952	186
952	321
952	364
952	396
952	403
952	413
952	449
952	463
952	467
952	468
952	505
952	523
952	536
952	538
952	612
952	623
952	648
952	674
952	693
952	699
952	724
952	758
952	792
952	798
952	799
952	831
952	845
952	847
952	860
952	876
952	878
952	901
952	920
952	927
952	939
952	950
952	970
953	46
953	139
953	232
953	314
953	327
953	335
953	359
953	502
953	509
953	545
953	549
953	575
953	595
953	598
953	616
953	657
953	668
953	683
953	716
953	730
953	781
953	814
953	829
953	832
953	838
953	851
953	865
953	871
953	881
953	884
953	887
953	899
953	906
953	935
953	956
953	957
953	963
953	974
953	982
953	983
954	75
954	196
954	251
954	379
954	394
954	455
954	483
954	499
954	578
954	608
954	644
954	705
954	710
954	749
954	760
954	790
954	807
954	827
954	838
954	863
954	866
954	869
954	875
954	903
954	905
954	907
954	911
954	915
954	916
954	922
954	941
954	945
954	961
954	967
954	969
954	975
954	978
954	979
954	981
954	991
955	4
955	32
955	45
955	55
955	59
955	65
955	79
955	81
955	137
955	197
955	259
955	346
955	354
955	372
955	431
955	452
955	456
955	484
955	556
955	569
955	605
955	631
955	635
955	673
955	682
955	703
955	782
955	841
955	848
955	858
955	890
955	897
955	911
955	919
955	926
955	946
955	950
955	972
955	987
955	991
956	62
956	77
956	156
956	263
956	306
956	415
956	427
956	500
956	509
956	516
956	595
956	598
956	629
956	668
956	683
956	711
956	716
956	733
956	738
956	763
956	781
956	814
956	832
956	838
956	842
956	851
956	852
956	862
956	871
956	881
956	884
956	887
956	906
956	935
956	951
956	953
956	957
956	963
956	974
956	983
957	43
957	46
957	97
957	135
957	234
957	365
957	380
957	404
957	427
957	500
957	509
957	573
957	629
957	668
957	698
957	702
957	716
957	733
957	763
957	781
957	829
957	832
957	842
957	846
957	851
957	862
957	871
957	881
957	884
957	887
957	899
957	906
957	935
957	937
957	951
957	953
957	956
957	963
957	974
957	983
957	990
958	84
958	88
958	158
958	177
958	230
958	231
958	249
958	250
958	276
958	287
958	295
958	326
958	341
958	349
958	357
958	373
958	443
958	447
958	458
958	486
958	493
958	501
958	531
958	539
958	604
958	627
958	636
958	648
958	661
958	713
958	755
958	771
958	785
958	788
958	849
958	887
958	891
958	902
958	925
958	947
958	960
958	964
959	25
959	44
959	52
959	99
959	132
959	140
959	160
959	239
959	246
959	264
959	298
959	311
959	317
959	367
959	368
959	391
959	410
959	430
959	466
959	508
959	540
959	553
959	614
959	621
959	658
959	695
959	768
959	803
959	812
959	819
959	826
959	855
959	860
959	877
959	885
959	921
959	928
959	943
959	945
959	965
959	976
959	985
959	999
960	84
960	141
960	152
960	230
960	243
960	258
960	287
960	295
960	326
960	341
960	342
960	349
960	373
960	454
960	458
960	485
960	486
960	493
960	511
960	519
960	539
960	604
960	611
960	627
960	636
960	648
960	661
960	713
960	721
960	755
960	785
960	788
960	818
960	846
960	849
960	859
960	891
960	902
960	925
960	938
960	947
960	958
960	964
960	1000
961	1
961	147
961	187
961	192
961	237
961	253
961	360
961	438
961	439
961	479
961	574
961	577
961	582
961	655
961	686
961	687
961	710
961	749
961	790
961	799
961	807
961	827
961	833
961	854
961	863
961	865
961	866
961	870
961	875
961	894
961	903
961	907
961	916
961	930
961	941
961	945
961	954
961	967
961	969
961	975
961	978
961	979
961	981
961	991
962	181
962	262
962	270
962	319
962	348
962	461
962	499
962	506
962	667
962	694
962	725
962	728
962	734
962	778
962	780
962	786
962	808
962	811
962	813
962	816
962	834
962	835
962	843
962	856
962	861
962	867
962	869
962	883
962	889
962	898
962	904
962	909
962	910
962	923
962	933
962	942
962	966
962	973
962	980
962	985
962	992
962	994
962	998
962	999
963	135
963	139
963	232
963	365
963	404
963	415
963	500
963	502
963	516
963	616
963	629
963	657
963	668
963	683
963	698
963	702
963	704
963	716
963	728
963	733
963	738
963	763
963	781
963	814
963	829
963	832
963	834
963	838
963	851
963	862
963	871
963	881
963	884
963	887
963	906
963	935
963	941
963	951
963	953
963	956
963	957
963	967
963	974
963	983
964	28
964	88
964	113
964	116
964	141
964	144
964	152
964	179
964	223
964	230
964	250
964	276
964	299
964	341
964	343
964	373
964	454
964	458
964	485
964	486
964	501
964	511
964	527
964	539
964	604
964	627
964	636
964	661
964	701
964	713
964	721
964	755
964	785
964	788
964	846
964	849
964	891
964	902
964	916
964	925
964	938
964	947
964	958
964	960
964	968
965	140
965	142
965	157
965	185
965	207
965	213
965	236
965	292
965	293
965	298
965	301
965	384
965	391
965	402
965	420
965	430
965	444
965	450
965	459
965	466
965	510
965	540
965	553
965	621
965	646
965	666
965	685
965	739
965	768
965	773
965	802
965	803
965	819
965	826
965	849
965	855
965	860
965	877
965	885
965	921
965	928
965	943
965	959
965	967
965	976
965	982
966	78
966	89
966	212
966	305
966	414
966	447
966	488
966	506
966	561
966	628
966	656
966	662
966	663
966	728
966	778
966	779
966	780
966	786
966	791
966	808
966	811
966	813
966	816
966	820
966	834
966	835
966	856
966	867
966	869
966	898
966	904
966	909
966	910
966	917
966	923
966	928
966	942
966	947
966	962
966	973
966	985
966	987
966	992
966	994
966	998
966	999
967	2
967	75
967	112
967	147
967	183
967	280
967	312
967	323
967	358
967	392
967	438
967	537
967	573
967	574
967	644
967	686
967	687
967	710
967	760
967	790
967	807
967	810
967	833
967	854
967	863
967	865
967	866
967	875
967	885
967	903
967	905
967	907
967	915
967	916
967	930
967	945
967	954
967	961
967	963
967	965
967	969
967	975
967	978
967	979
967	981
967	984
968	103
968	109
968	199
968	252
968	275
968	352
968	436
968	451
968	472
968	495
968	503
968	513
968	530
968	630
968	632
968	641
968	680
968	683
968	688
968	719
968	729
968	730
968	740
968	741
968	770
968	777
968	797
968	818
968	837
968	839
968	853
968	864
968	868
968	886
968	896
968	908
968	912
968	918
968	932
968	934
968	937
968	944
968	948
968	949
968	964
968	972
968	997
969	3
969	35
969	47
969	116
969	191
969	209
969	323
969	347
969	379
969	455
969	515
969	532
969	574
969	577
969	578
969	593
969	626
969	656
969	686
969	687
969	700
969	807
969	827
969	854
969	863
969	865
969	866
969	870
969	875
969	894
969	905
969	907
969	915
969	916
969	930
969	941
969	945
969	948
969	954
969	961
969	967
969	975
969	978
969	979
969	981
969	985
969	991
970	10
970	48
970	119
970	193
970	219
970	227
970	233
970	244
970	257
970	267
970	273
970	296
970	308
970	333
970	376
970	396
970	403
970	406
970	441
970	463
970	481
970	523
970	578
970	623
970	643
970	693
970	699
970	701
970	708
970	724
970	726
970	792
970	796
970	798
970	799
970	845
970	847
970	876
970	878
970	895
970	901
970	919
970	920
970	927
970	931
970	939
970	952
970	991
971	171
971	357
971	374
971	378
971	453
971	465
971	494
971	551
971	560
971	564
971	589
971	592
971	615
971	645
971	651
971	676
971	684
971	692
971	696
971	708
971	717
971	720
971	732
971	735
971	748
971	751
971	759
971	761
971	774
971	776
971	784
971	789
971	795
971	809
971	822
971	823
971	828
971	874
971	889
971	922
971	929
971	940
971	946
971	977
971	980
971	989
971	993
971	996
971	999
972	27
972	41
972	70
972	80
972	93
972	200
972	352
972	393
972	407
972	543
972	557
972	581
972	583
972	586
972	594
972	599
972	606
972	638
972	642
972	670
972	714
972	719
972	722
972	736
972	754
972	766
972	797
972	805
972	818
972	837
972	839
972	840
972	852
972	853
972	868
972	908
972	912
972	918
972	925
972	932
972	934
972	937
972	948
972	949
972	955
972	968
972	984
972	986
972	997
972	1000
973	82
973	122
973	138
973	260
973	319
973	412
973	453
973	478
973	490
973	524
973	530
973	561
973	566
973	609
973	655
973	672
973	694
973	728
973	734
973	778
973	780
973	808
973	811
973	813
973	816
973	820
973	834
973	835
973	843
973	856
973	861
973	867
973	869
973	883
973	898
973	904
973	905
973	909
973	910
973	917
973	922
973	933
973	941
973	942
973	962
973	966
973	985
973	992
973	994
973	998
973	999
974	46
974	97
974	124
974	159
974	205
974	234
974	306
974	314
974	325
974	327
974	346
974	361
974	365
974	379
974	380
974	397
974	502
974	509
974	516
974	545
974	595
974	598
974	616
974	629
974	650
974	657
974	668
974	693
974	698
974	716
974	733
974	738
974	763
974	781
974	814
974	838
974	842
974	851
974	862
974	881
974	884
974	887
974	899
974	906
974	935
974	951
974	953
974	956
974	957
974	963
974	975
974	983
975	94
975	110
975	154
975	182
975	183
975	237
975	251
975	283
975	313
975	323
975	355
975	438
975	439
975	479
975	483
975	532
975	556
975	577
975	608
975	626
975	644
975	678
975	686
975	705
975	772
975	785
975	790
975	807
975	827
975	833
975	854
975	863
975	865
975	866
975	870
975	875
975	905
975	907
975	915
975	916
975	921
975	930
975	941
975	945
975	954
975	961
975	967
975	969
975	974
975	978
975	979
975	981
975	991
976	52
976	58
976	96
976	99
976	130
976	160
976	167
976	185
976	207
976	236
976	239
976	264
976	292
976	293
976	301
976	311
976	318
976	367
976	384
976	391
976	420
976	444
976	450
976	459
976	466
976	508
976	521
976	614
976	646
976	658
976	666
976	685
976	695
976	764
976	768
976	773
976	801
976	803
976	812
976	826
976	832
976	855
976	860
976	877
976	885
976	921
976	928
976	936
976	943
976	944
976	959
976	965
976	986
977	31
977	76
977	120
977	125
977	150
977	153
977	170
977	174
977	214
977	237
977	302
977	331
977	353
977	433
977	470
977	480
977	559
977	582
977	585
977	602
977	603
977	620
977	624
977	633
977	640
977	660
977	664
977	689
977	709
977	712
977	715
977	736
977	745
977	747
977	753
977	761
977	765
977	783
977	802
977	815
977	817
977	836
977	850
977	872
977	882
977	888
977	892
977	900
977	931
977	941
977	971
977	982
977	987
977	998
977	1000
978	6
978	35
978	147
978	172
978	206
978	251
978	256
978	312
978	347
978	355
978	392
978	426
978	439
978	479
978	489
978	515
978	562
978	566
978	573
978	574
978	593
978	602
978	678
978	686
978	687
978	700
978	705
978	749
978	760
978	772
978	790
978	807
978	827
978	848
978	851
978	854
978	863
978	866
978	870
978	875
978	877
978	894
978	903
978	905
978	907
978	916
978	930
978	931
978	941
978	945
978	954
978	961
978	967
978	969
978	975
978	981
978	991
979	2
979	81
979	87
979	102
979	182
979	256
979	313
979	316
979	326
979	358
979	360
979	379
979	392
979	438
979	489
979	499
979	515
979	532
979	562
979	573
979	577
979	626
979	644
979	666
979	687
979	705
979	710
979	749
979	760
979	772
979	790
979	807
979	833
979	854
979	863
979	865
979	866
979	870
979	875
979	889
979	894
979	903
979	905
979	907
979	915
979	916
979	930
979	941
979	945
979	954
979	961
979	967
979	969
979	975
979	981
979	986
979	989
979	991
980	11
980	36
980	57
980	61
980	145
980	210
980	254
980	320
980	340
980	356
980	399
980	424
980	460
980	512
980	514
980	551
980	564
980	589
980	592
980	625
980	634
980	647
980	684
980	692
980	696
980	704
980	732
980	742
980	748
980	751
980	752
980	761
980	774
980	776
980	784
980	789
980	795
980	821
980	822
980	823
980	828
980	843
980	874
980	880
980	897
980	913
980	922
980	924
980	929
980	936
980	940
980	962
980	971
980	989
980	993
980	994
980	996
980	998
981	38
981	54
981	87
981	130
981	163
981	172
981	196
981	206
981	209
981	218
981	313
981	316
981	323
981	360
981	426
981	455
981	499
981	507
981	526
981	532
981	573
981	577
981	578
981	593
981	608
981	626
981	678
981	686
981	687
981	705
981	709
981	749
981	760
981	772
981	807
981	833
981	854
981	863
981	866
981	870
981	875
981	894
981	903
981	905
981	907
981	915
981	926
981	930
981	941
981	942
981	945
981	954
981	961
981	967
981	969
981	975
981	978
981	979
981	991
982	9
982	26
982	31
982	38
982	42
982	56
982	76
982	120
982	161
982	178
982	214
982	240
982	274
982	331
982	363
982	419
982	425
982	429
982	471
982	480
982	489
982	517
982	520
982	558
982	584
982	601
982	620
982	639
982	640
982	659
982	664
982	669
982	671
982	681
982	691
982	712
982	715
982	736
982	747
982	766
982	783
982	802
982	815
982	817
982	825
982	830
982	836
982	850
982	872
982	882
982	888
982	892
982	900
982	931
982	940
982	951
982	953
982	965
982	977
982	1000
983	62
983	97
983	124
983	135
983	139
983	159
983	169
983	205
983	227
983	235
983	263
983	314
983	325
983	335
983	380
983	397
983	404
983	415
983	500
983	502
983	516
983	575
983	595
983	598
983	616
983	629
983	657
983	668
983	683
983	698
983	702
983	716
983	733
983	738
983	747
983	763
983	781
983	814
983	829
983	832
983	838
983	842
983	862
983	871
983	881
983	884
983	887
983	892
983	899
983	900
983	906
983	935
983	951
983	953
983	956
983	957
983	963
983	974
983	992
983	995
984	37
984	50
984	86
984	115
984	151
984	168
984	200
984	252
984	260
984	294
984	330
984	350
984	366
984	378
984	389
984	440
984	451
984	462
984	503
984	529
984	630
984	632
984	642
984	670
984	688
984	729
984	730
984	737
984	744
984	745
984	750
984	754
984	757
984	770
984	800
984	805
984	806
984	818
984	837
984	839
984	840
984	853
984	864
984	868
984	879
984	886
984	896
984	908
984	909
984	912
984	918
984	932
984	934
984	936
984	937
984	943
984	944
984	949
984	967
984	972
984	986
984	997
985	34
985	64
985	78
985	122
985	155
985	201
985	238
985	255
985	305
985	336
985	394
985	398
985	412
985	488
985	524
985	534
985	552
985	609
985	628
985	656
985	662
985	663
985	667
985	672
985	694
985	725
985	728
985	734
985	778
985	779
985	780
985	786
985	789
985	791
985	808
985	811
985	813
985	816
985	834
985	835
985	843
985	856
985	861
985	867
985	869
985	883
985	892
985	898
985	904
985	908
985	909
985	910
985	917
985	923
985	933
985	942
985	959
985	962
985	966
985	969
985	973
985	992
985	994
985	998
985	999
986	23
986	33
986	37
986	40
986	70
986	115
986	247
986	269
986	275
986	289
986	330
986	332
986	390
986	401
986	409
986	421
986	436
986	451
986	462
986	476
986	495
986	513
986	557
986	571
986	586
986	596
986	606
986	614
986	632
986	641
986	642
986	688
986	719
986	722
986	723
986	740
986	741
986	744
986	757
986	770
986	771
986	777
986	805
986	806
986	810
986	818
986	835
986	837
986	839
986	853
986	857
986	864
986	868
986	879
986	885
986	886
986	896
986	912
986	918
986	932
986	934
986	937
986	944
986	972
986	976
986	979
986	984
986	993
986	997
987	51
987	53
987	111
987	127
987	134
987	143
987	149
987	164
987	188
987	241
987	285
987	286
987	297
987	303
987	315
987	334
987	338
987	343
987	351
987	369
987	382
987	395
987	405
987	416
987	435
987	448
987	472
987	482
987	492
987	496
987	498
987	541
987	544
987	563
987	565
987	570
987	580
987	591
987	597
987	617
987	649
987	665
987	677
987	697
987	706
987	707
987	727
987	739
987	743
987	746
987	748
987	764
987	769
987	775
987	794
987	800
987	804
987	817
987	824
987	844
987	852
987	859
987	873
987	893
987	910
987	926
987	955
987	966
987	977
987	988
987	990
987	995
988	29
988	143
988	149
988	193
988	228
988	241
988	271
988	285
988	286
988	290
988	297
988	315
988	334
988	343
988	351
988	369
988	382
988	395
988	405
988	416
988	417
988	423
988	432
988	434
988	435
988	472
988	475
988	482
988	498
988	542
988	563
988	580
988	587
988	591
988	597
988	611
988	617
988	649
988	657
988	665
988	677
988	697
988	706
988	707
988	727
988	739
988	740
988	743
988	744
988	746
988	762
988	764
988	767
988	769
988	775
988	787
988	793
988	794
988	800
988	804
988	824
988	844
988	852
988	859
988	872
988	873
988	879
988	893
988	918
988	987
988	989
988	990
988	995
989	7
989	8
989	12
989	14
989	61
989	90
989	106
989	132
989	173
989	291
989	356
989	374
989	385
989	418
989	437
989	446
989	465
989	474
989	492
989	494
989	512
989	560
989	564
989	567
989	589
989	615
989	625
989	634
989	637
989	647
989	651
989	675
989	676
989	679
989	684
989	688
989	696
989	704
989	708
989	711
989	717
989	720
989	731
989	742
989	751
989	752
989	759
989	774
989	784
989	789
989	795
989	809
989	822
989	823
989	828
989	833
989	844
989	874
989	880
989	889
989	913
989	916
989	922
989	924
989	929
989	936
989	940
989	971
989	979
989	980
989	988
989	993
989	996
990	16
990	29
990	53
990	63
990	71
990	72
990	111
990	127
990	134
990	188
990	193
990	282
990	286
990	290
990	297
990	303
990	315
990	334
990	338
990	345
990	382
990	405
990	417
990	432
990	434
990	435
990	464
990	482
990	496
990	541
990	544
990	563
990	565
990	580
990	587
990	591
990	597
990	611
990	615
990	617
990	665
990	677
990	697
990	706
990	707
990	727
990	739
990	743
990	746
990	762
990	764
990	767
990	769
990	775
990	787
990	793
990	794
990	797
990	800
990	804
990	824
990	844
990	852
990	859
990	873
990	893
990	948
990	957
990	987
990	988
990	991
990	992
990	995
990	997
991	87
991	102
991	112
991	182
991	196
991	206
991	209
991	253
991	256
991	280
991	283
991	316
991	318
991	355
991	358
991	360
991	392
991	394
991	426
991	438
991	439
991	455
991	479
991	489
991	499
991	507
991	515
991	526
991	537
991	562
991	568
991	573
991	574
991	578
991	591
991	593
991	608
991	644
991	678
991	700
991	705
991	710
991	760
991	772
991	786
991	790
991	807
991	819
991	827
991	833
991	854
991	863
991	865
991	866
991	870
991	875
991	894
991	903
991	905
991	907
991	915
991	916
991	930
991	941
991	945
991	954
991	955
991	961
991	969
991	970
991	975
991	978
991	979
991	981
991	990
992	17
992	20
992	34
992	69
992	73
992	77
992	128
992	187
992	211
992	225
992	255
992	270
992	319
992	336
992	348
992	359
992	371
992	387
992	398
992	436
992	461
992	487
992	488
992	552
992	555
992	561
992	600
992	609
992	628
992	645
992	662
992	663
992	672
992	694
992	725
992	728
992	734
992	738
992	778
992	779
992	780
992	784
992	786
992	791
992	808
992	811
992	813
992	816
992	820
992	834
992	835
992	843
992	856
992	861
992	867
992	869
992	883
992	898
992	904
992	909
992	910
992	917
992	923
992	933
992	934
992	942
992	962
992	966
992	973
992	983
992	985
992	990
992	994
992	998
992	999
993	7
993	12
993	106
993	129
993	145
993	156
993	173
993	190
993	210
993	221
993	229
993	254
993	265
993	284
993	344
993	374
993	385
993	388
993	399
993	437
993	443
993	457
993	474
993	512
993	514
993	515
993	560
993	567
993	615
993	625
993	637
993	647
993	651
993	675
993	679
993	684
993	692
993	696
993	704
993	708
993	711
993	717
993	731
993	732
993	735
993	742
993	748
993	751
993	759
993	761
993	784
993	789
993	795
993	809
993	821
993	822
993	823
993	828
993	868
993	874
993	876
993	880
993	889
993	913
993	922
993	923
993	924
993	926
993	929
993	936
993	938
993	940
993	947
993	971
993	980
993	986
993	989
993	996
994	5
994	15
994	17
994	73
994	88
994	89
994	92
994	100
994	104
994	122
994	123
994	138
994	155
994	181
994	202
994	203
994	305
994	307
994	348
994	387
994	412
994	414
994	461
994	478
994	487
994	490
994	506
994	524
994	530
994	534
994	554
994	555
994	561
994	566
994	600
994	628
994	655
994	656
994	663
994	672
994	725
994	728
994	734
994	749
994	778
994	779
994	780
994	786
994	791
994	808
994	811
994	812
994	813
994	816
994	820
994	834
994	835
994	843
994	856
994	861
994	867
994	869
994	877
994	883
994	898
994	904
994	909
994	910
994	923
994	933
994	935
994	942
994	962
994	966
994	973
994	980
994	985
994	992
994	998
994	999
994	1000
995	13
995	16
995	29
995	51
995	53
995	72
995	111
995	124
995	134
995	164
995	165
995	188
995	271
995	282
995	286
995	290
995	297
995	315
995	338
995	343
995	351
995	369
995	382
995	395
995	405
995	416
995	417
995	423
995	432
995	434
995	435
995	448
995	464
995	472
995	475
995	482
995	492
995	496
995	498
995	541
995	542
995	544
995	551
995	563
995	565
995	570
995	580
995	587
995	597
995	611
995	617
995	649
995	665
995	677
995	697
995	699
995	706
995	707
995	727
995	729
995	739
995	743
995	746
995	762
995	764
995	767
995	768
995	769
995	775
995	787
995	793
995	794
995	804
995	824
995	844
995	852
995	853
995	859
995	873
995	983
995	987
995	988
995	990
996	8
996	12
996	14
996	18
996	19
996	22
996	39
996	47
996	67
996	91
996	106
996	132
996	146
996	148
996	156
996	190
996	216
996	221
996	222
996	284
996	320
996	340
996	344
996	356
996	374
996	388
996	400
996	424
996	428
996	434
996	443
996	446
996	448
996	453
996	461
996	474
996	494
996	512
996	514
996	550
996	551
996	564
996	567
996	589
996	615
996	634
996	637
996	647
996	651
996	652
996	654
996	675
996	679
996	684
996	696
996	704
996	711
996	717
996	720
996	731
996	732
996	735
996	742
996	752
996	759
996	761
996	767
996	774
996	795
996	809
996	821
996	822
996	828
996	874
996	880
996	889
996	913
996	922
996	924
996	927
996	929
996	932
996	936
996	940
996	971
996	980
996	989
996	993
997	23
997	25
997	27
997	33
997	41
997	50
997	60
997	67
997	80
997	107
997	114
997	145
997	154
997	215
997	247
997	252
997	275
997	277
997	299
997	332
997	350
997	352
997	383
997	390
997	462
997	473
997	476
997	478
997	495
997	497
997	513
997	528
997	529
997	543
997	548
997	557
997	571
997	581
997	583
997	596
997	599
997	610
997	632
997	638
997	641
997	670
997	680
997	690
997	706
997	714
997	722
997	723
997	729
997	730
997	737
997	744
997	750
997	754
997	757
997	771
997	777
997	797
997	805
997	806
997	810
997	818
997	821
997	837
997	839
997	853
997	879
997	886
997	887
997	896
997	908
997	912
997	918
997	932
997	934
997	944
997	947
997	948
997	949
997	968
997	972
997	984
997	986
997	990
998	15
998	20
998	64
998	78
998	92
998	104
998	117
998	123
998	128
998	181
998	194
998	201
998	202
998	208
998	211
998	224
998	225
998	238
998	305
998	307
998	332
998	359
998	371
998	387
998	398
998	412
998	414
998	421
998	461
998	478
998	487
998	488
998	490
998	506
998	524
998	530
998	534
998	552
998	554
998	555
998	561
998	566
998	600
998	605
998	609
998	628
998	655
998	656
998	662
998	663
998	667
998	679
998	694
998	713
998	725
998	728
998	754
998	778
998	779
998	780
998	786
998	791
998	808
998	811
998	813
998	816
998	820
998	834
998	835
998	843
998	856
998	861
998	867
998	869
998	883
998	898
998	909
998	910
998	917
998	923
998	933
998	942
998	944
998	962
998	966
998	973
998	977
998	980
998	985
998	992
998	994
998	999
999	5
999	15
999	17
999	34
999	64
999	69
999	73
999	77
999	82
999	89
999	92
999	100
999	117
999	128
999	138
999	155
999	187
999	194
999	211
999	212
999	213
999	224
999	225
999	255
999	307
999	319
999	336
999	348
999	359
999	371
999	387
999	398
999	409
999	414
999	487
999	490
999	506
999	530
999	534
999	552
999	554
999	555
999	566
999	575
999	600
999	609
999	628
999	655
999	656
999	661
999	662
999	663
999	672
999	694
999	697
999	725
999	728
999	734
999	778
999	779
999	780
999	786
999	791
999	808
999	811
999	813
999	816
999	820
999	834
999	835
999	843
999	856
999	858
999	861
999	867
999	869
999	883
999	898
999	904
999	909
999	910
999	917
999	920
999	923
999	933
999	936
999	942
999	959
999	962
999	966
999	971
999	973
999	985
999	992
999	994
999	998
1000	9
1000	24
1000	26
1000	31
1000	42
1000	54
1000	56
1000	66
1000	76
1000	105
1000	120
1000	121
1000	125
1000	131
1000	133
1000	153
1000	161
1000	170
1000	174
1000	214
1000	220
1000	226
1000	240
1000	274
1000	302
1000	309
1000	310
1000	331
1000	353
1000	363
1000	370
1000	375
1000	411
1000	425
1000	429
1000	470
1000	471
1000	477
1000	480
1000	517
1000	520
1000	522
1000	546
1000	558
1000	559
1000	572
1000	579
1000	582
1000	584
1000	585
1000	594
1000	601
1000	602
1000	603
1000	618
1000	620
1000	624
1000	632
1000	639
1000	640
1000	659
1000	660
1000	669
1000	671
1000	681
1000	689
1000	691
1000	709
1000	715
1000	736
1000	745
1000	747
1000	753
1000	765
1000	783
1000	802
1000	815
1000	817
1000	825
1000	830
1000	836
1000	848
1000	850
1000	872
1000	888
1000	892
1000	899
1000	900
1000	920
1000	924
1000	931
1000	942
1000	960
1000	972
1000	977
1000	982
1000	994
