1	385
1	879
1	987
2	887
2	994
2	1000
3	996
3	997
3	1000
4	817
4	995
4	999
5	787
5	852
5	863
6	862
6	941
6	993
7	535
7	985
7	986
8	687
8	700
8	866
9	175
9	930
9	974
10	955
10	979
10	992
11	920
11	935
11	982
12	860
12	980
12	998
13	492
13	932
13	1000
14	756
14	973
14	991
15	949
15	950
15	963
16	584
16	975
16	989
17	956
17	965
17	972
18	383
18	905
18	977
19	580
19	940
19	964
20	596
20	891
20	989
21	675
21	981
21	989
22	611
22	916
22	980
23	903
23	983
23	989
24	299
24	746
24	914
25	720
25	863
25	979
26	892
26	948
26	964
27	849
27	851
27	914
28	693
28	996
28	997
29	960
29	980
29	998
30	979
30	981
30	982
31	969
31	992
31	1000
32	904
32	973
32	998
33	976
33	990
33	999
34	915
34	942
34	985
35	928
35	957
35	985
36	298
36	982
36	994
37	879
37	903
37	989
38	256
38	779
38	971
39	497
39	541
39	954
40	988
40	991
40	998
41	990
41	995
41	999
42	759
42	913
42	994
43	953
43	992
43	997
44	614
44	982
44	983
45	539
45	878
45	940
46	977
46	985
46	986
47	840
47	961
47	989
48	959
48	997
48	1000
49	830
49	885
49	982
50	220
50	422
50	979
51	990
51	995
51	999
52	649
52	863
52	923
53	624
53	979
53	989
54	955
54	968
54	993
55	782
55	945
55	998
56	909
56	935
56	993
57	968
57	982
57	994
58	563
58	659
58	881
59	888
59	982
59	993
60	938
60	991
60	998
61	205
61	396
61	940
62	918
62	972
62	978
63	953
63	996
63	1000
64	932
64	973
64	1000
65	624
65	886
65	979
66	379
66	633
66	981
67	967
67	996
67	997
68	891
68	970
68	981
69	251
69	784
69	989
70	110
70	893
70	940
71	930
71	977
71	986
72	192
72	924
72	974
73	967
73	969
73	1000
74	609
74	716
74	833
75	711
75	940
75	998
76	886
76	961
76	989
77	578
77	737
77	971
78	949
78	962
78	963
79	898
79	942
79	986
80	763
80	958
80	986
81	724
81	972
81	978
82	624
82	802
82	970
83	921
83	965
83	978
84	285
84	955
84	983
85	91
85	830
85	970
86	775
86	810
86	964
87	960
87	973
87	991
88	918
88	943
88	965
89	932
89	992
89	996
90	961
90	968
90	993
91	85
91	934
91	971
92	956
92	972
92	978
93	848
93	860
93	933
94	160
94	861
94	991
95	945
95	960
95	988
96	910
96	943
96	978
97	864
97	932
97	996
98	627
98	972
98	978
99	896
99	983
99	994
100	990
100	995
100	999
101	921
101	965
101	978
102	945
102	991
102	998
103	936
103	986
103	999
104	256
104	740
104	847
105	132
105	739
105	881
106	236
106	920
106	955
107	916
107	991
107	998
108	892
108	940
108	964
109	969
109	996
109	1000
110	70
110	666
110	964
111	833
111	893
111	964
112	639
112	881
112	954
113	776
113	915
113	957
114	843
114	866
114	966
115	706
115	930
115	986
116	737
116	952
116	966
117	904
117	996
117	1000
118	587
118	957
118	974
119	375
119	981
119	989
120	540
120	659
120	746
121	518
121	631
121	971
122	969
122	992
122	996
123	988
123	997
123	998
124	885
124	935
124	993
125	992
125	996
125	1000
126	640
126	893
126	964
127	821
127	908
127	994
128	865
128	962
128	963
129	965
129	972
129	978
130	640
130	980
130	991
131	908
131	970
131	983
132	105
132	823
132	934
133	980
133	987
133	988
134	411
134	774
134	952
135	965
135	972
135	978
136	814
136	990
136	999
137	922
137	959
137	996
138	650
138	739
138	866
139	224
139	794
139	934
140	465
140	902
140	994
141	930
141	974
141	985
142	370
142	987
142	998
143	871
143	959
143	997
144	300
144	990
144	999
145	996
145	997
145	1000
146	958
146	985
146	986
147	962
147	963
147	975
148	944
148	974
148	977
149	591
149	959
149	969
150	987
150	988
150	991
151	257
151	811
151	961
152	943
152	965
152	978
153	906
153	944
153	985
154	884
154	938
154	960
155	931
155	995
155	999
156	947
156	950
156	991
157	728
157	869
157	975
158	736
158	758
158	940
159	959
159	996
159	997
160	94
160	933
160	998
161	895
161	963
161	992
162	900
162	943
162	972
163	992
163	997
163	1000
164	572
164	993
164	994
165	943
165	965
165	978
166	917
166	960
166	988
167	905
167	977
167	985
168	885
168	980
168	998
169	847
169	868
169	901
170	349
170	928
170	985
171	962
171	963
171	975
172	787
172	995
172	999
173	823
173	914
173	954
174	920
174	979
174	990
175	9
175	912
175	977
176	942
176	974
176	985
177	419
177	806
177	964
178	922
178	995
178	999
179	919
179	996
179	1000
180	577
180	849
180	850
181	754
181	973
181	988
182	702
182	821
182	981
183	925
183	976
183	999
184	990
184	995
184	999
185	990
185	995
185	999
186	700
186	816
186	843
187	827
187	940
187	989
188	961
188	993
188	994
189	331
189	850
189	902
190	983
190	995
190	999
191	446
191	949
191	975
192	72
192	603
192	928
193	236
193	890
193	993
194	787
194	827
194	981
195	891
195	981
195	994
196	861
196	909
196	973
197	942
197	974
197	977
198	917
198	955
198	984
199	737
199	939
199	988
200	352
200	565
200	942
201	772
201	934
201	971
202	279
202	809
202	951
203	740
203	753
203	983
204	945
204	987
204	988
205	61
205	674
205	964
206	947
206	960
206	995
207	762
207	958
207	985
208	942
208	951
208	986
209	517
209	970
209	989
210	313
210	616
210	991
211	357
211	833
211	964
212	825
212	854
212	997
213	526
213	963
213	975
214	965
214	972
214	978
215	956
215	972
215	978
216	923
216	992
216	997
217	951
217	957
217	977
218	913
218	963
218	975
219	949
219	962
219	975
220	50
220	375
220	981
221	911
221	919
221	997
222	589
222	747
222	763
223	990
223	995
223	999
224	139
224	686
224	907
225	926
225	974
225	984
226	663
226	898
226	942
227	693
227	879
227	912
228	906
228	924
228	986
229	990
229	995
229	999
230	873
230	984
230	998
231	557
231	826
231	961
232	996
232	997
232	1000
233	870
233	915
233	958
234	949
234	963
234	975
235	664
235	969
235	1000
236	106
236	193
236	983
237	904
237	988
237	998
238	843
238	901
238	952
239	653
239	923
239	994
240	962
240	963
240	975
241	907
241	934
241	971
242	895
242	953
242	1000
243	907
243	952
243	966
244	940
244	951
244	964
245	883
245	948
245	1000
246	869
246	949
246	975
247	627
247	996
247	1000
248	873
248	984
248	987
249	984
249	988
249	998
250	990
250	995
250	999
251	69
251	715
251	890
252	924
252	985
252	986
253	488
253	990
253	999
254	392
254	834
254	970
255	897
255	928
255	986
256	38
256	104
256	971
257	151
257	817
257	982
258	520
258	680
258	866
259	467
259	966
259	974
260	992
260	997
260	1000
261	702
261	977
261	986
262	679
262	680
262	952
263	877
263	990
263	995
264	969
264	996
264	997
265	903
265	982
265	993
266	619
266	951
266	977
267	344
267	970
267	981
268	932
268	967
268	969
269	979
269	982
269	989
270	901
270	902
270	966
271	359
271	944
271	961
272	911
272	949
272	975
273	852
273	996
273	1000
274	509
274	992
274	996
275	941
275	983
275	993
276	976
276	995
276	999
277	755
277	917
277	984
278	924
278	977
278	987
279	202
279	944
279	986
280	992
280	996
280	997
281	632
281	981
281	994
282	958
282	985
282	986
283	768
283	972
283	978
284	823
284	890
284	907
285	84
285	979
285	981
286	586
286	686
286	954
287	826
287	992
287	996
288	895
288	992
288	997
289	823
289	866
289	907
290	296
290	927
290	966
291	996
291	997
291	1000
292	563
292	797
292	927
293	937
293	997
293	1000
294	421
294	957
294	985
295	904
295	921
295	978
296	290
296	671
296	914
297	894
297	960
297	984
297	998
298	36
298	903
298	939
298	989
299	24
299	910
299	952
299	966
300	144
300	504
300	740
300	927
301	931
301	957
301	974
301	986
302	904
302	984
302	987
302	998
303	398
303	850
303	912
303	934
304	513
304	962
304	963
304	975
305	967
305	969
305	996
305	997
306	349
306	658
306	851
306	999
307	586
307	950
307	987
307	998
308	472
308	915
308	930
308	977
309	950
309	960
309	973
309	987
310	869
310	962
310	963
310	987
311	666
311	775
311	833
311	964
312	940
312	976
312	995
312	999
313	210
313	829
313	950
313	987
314	970
314	983
314	989
314	993
315	881
315	954
315	966
315	971
316	792
316	872
316	980
316	991
317	504
317	947
317	980
317	988
318	958
318	974
318	981
318	985
319	519
319	947
319	988
319	991
320	670
320	930
320	977
320	986
321	865
321	933
321	963
321	975
322	840
322	951
322	977
322	985
323	869
323	911
323	962
323	963
324	436
324	878
324	940
324	964
325	532
325	635
325	984
325	998
326	915
326	947
326	974
326	986
327	913
327	956
327	972
327	996
328	903
328	979
328	983
328	994
329	946
329	990
329	995
329	999
330	726
330	914
330	954
330	971
331	189
331	667
331	952
331	966
332	944
332	974
332	985
332	986
333	448
333	926
333	933
333	988
334	890
334	908
334	955
334	993
335	906
335	958
335	977
335	985
336	872
336	939
336	950
336	998
337	935
337	942
337	955
337	961
338	740
338	933
338	948
338	992
339	646
339	914
339	952
339	954
340	831
340	996
340	997
340	1000
341	567
341	645
341	666
341	964
342	600
342	670
342	949
342	999
343	347
343	563
343	868
343	966
344	267
344	811
344	961
344	981
345	440
345	758
345	888
345	989
346	942
346	944
346	977
346	986
347	343
347	442
347	934
347	971
348	899
348	956
348	972
348	978
349	170
349	306
349	658
349	966
350	556
350	703
350	940
350	964
351	379
351	636
351	810
351	940
352	200
352	980
352	988
352	991
353	939
353	980
353	988
353	998
354	778
354	812
354	839
354	925
355	911
355	949
355	963
355	975
356	931
356	990
356	995
356	999
357	211
357	949
357	962
357	975
358	585
358	944
358	951
358	977
359	271
359	964
359	977
359	986
360	816
360	891
360	902
360	971
361	945
361	976
361	990
361	995
362	654
362	936
362	962
362	975
363	915
363	944
363	977
363	985
364	834
364	980
364	989
364	994
365	381
365	926
365	980
365	991
366	639
366	951
366	974
366	986
367	819
367	958
367	977
367	986
368	646
368	847
368	966
368	993
369	713
369	884
369	885
369	941
370	142
370	945
370	984
370	998
371	651
371	858
371	878
371	940
372	912
372	925
372	970
372	993
373	898
373	907
373	924
373	958
374	848
374	914
374	920
374	994
375	119
375	220
375	935
375	981
376	566
376	609
376	736
376	892
377	957
377	978
377	985
377	986
378	512
378	957
378	985
378	986
379	66
379	351
379	736
379	892
380	682
380	866
380	902
380	934
381	365
381	773
381	957
381	985
382	570
382	606
382	816
382	914
383	18
383	930
383	944
383	977
384	939
384	947
384	984
384	987
385	1
385	665
385	984
385	998
386	980
386	984
386	988
386	998
387	628
387	858
387	912
387	989
388	976
388	990
388	995
388	999
389	839
389	950
389	960
389	991
390	931
390	976
390	990
390	999
391	521
391	965
391	972
391	978
392	254
392	796
392	903
392	981
393	968
393	970
393	981
393	983
394	900
394	956
394	965
394	978
395	961
395	981
395	989
395	993
396	61
396	945
396	987
396	991
397	759
397	909
397	982
397	994
398	303
398	868
398	901
398	952
399	832
399	962
399	963
399	975
400	976
400	990
400	995
400	999
401	610
401	961
401	989
401	994
402	953
402	992
402	997
402	1000
403	976
403	990
403	995
403	999
404	865
404	962
404	963
404	975
405	913
405	956
405	972
405	978
406	959
406	992
406	996
406	997
407	931
407	990
407	995
407	999
408	547
408	700
408	843
408	954
409	872
409	945
409	985
409	987
410	922
410	996
410	997
410	1000
411	134
411	962
411	963
411	975
412	660
412	906
412	977
412	985
413	837
413	947
413	973
413	987
414	957
414	958
414	974
414	985
415	984
415	987
415	988
415	991
416	822
416	926
416	950
416	980
417	653
417	787
417	955
417	993
418	799
418	885
418	925
418	993
419	177
419	703
419	893
419	964
420	967
420	992
420	998
420	1000
421	294
421	958
421	985
421	986
422	50
422	866
422	923
422	994
423	912
423	925
423	993
423	994
424	816
424	851
424	881
424	954
425	880
425	960
425	991
425	998
426	939
426	947
426	987
426	991
427	946
427	968
427	979
427	981
428	855
428	990
428	995
428	999
429	945
429	980
429	991
429	994
430	939
430	987
430	988
430	991
431	790
431	963
431	975
431	976
432	981
432	983
432	989
432	993
433	939
433	969
433	996
433	997
434	873
434	904
434	991
434	998
435	799
435	945
435	973
435	984
436	324
436	567
436	711
436	879
437	919
437	932
437	959
437	1000
438	976
438	990
438	995
438	999
439	551
439	815
439	949
439	975
440	345
440	846
440	981
440	983
441	922
441	937
441	967
441	996
442	347
442	564
442	743
442	753
443	644
443	891
443	903
443	981
444	800
444	910
444	965
444	978
445	976
445	990
445	995
445	999
446	191
446	949
446	962
446	975
447	776
447	974
447	977
447	985
448	333
448	711
448	973
448	987
449	909
449	941
449	981
449	994
450	944
450	951
450	985
450	986
451	662
451	951
451	974
451	985
452	655
452	893
452	940
452	964
453	832
453	889
453	962
453	963
454	797
454	990
454	995
454	999
455	913
455	956
455	965
455	978
456	967
456	996
456	997
456	1000
457	960
457	987
457	991
457	998
458	906
458	956
458	972
458	978
459	690
459	851
459	875
459	952
460	832
460	911
460	949
460	975
461	493
461	517
461	830
461	967
462	767
462	905
462	974
462	986
463	757
463	883
463	953
463	996
463	997
464	711
464	729
464	878
464	940
464	964
465	140
465	732
465	746
465	952
465	971
466	921
466	943
466	956
466	972
466	978
467	259
467	707
467	739
467	765
467	966
468	902
468	918
468	943
468	965
468	978
469	609
469	655
469	878
469	940
469	987
470	924
470	944
470	958
470	974
470	986
471	889
471	929
471	990
471	995
471	999
472	308
472	898
472	944
472	977
472	985
473	821
473	856
473	969
473	992
473	1000
474	904
474	925
474	988
474	991
474	998
475	655
475	878
475	893
475	912
475	940
476	816
476	911
476	949
476	962
476	975
477	888
477	979
477	989
477	993
477	994
478	824
478	936
478	976
478	990
478	999
479	786
479	819
479	885
479	890
479	996
480	808
480	939
480	980
480	988
480	998
481	874
481	946
481	976
481	990
481	999
482	687
482	865
482	869
482	962
482	975
483	917
483	950
483	987
483	988
483	998
484	873
484	894
484	950
484	980
484	987
485	717
485	955
485	969
485	981
485	982
486	741
486	933
486	984
486	987
486	988
487	857
487	867
487	990
487	995
487	999
488	253
488	928
488	974
488	977
488	986
489	837
489	873
489	947
489	980
489	998
490	899
490	921
490	965
490	972
490	978
491	772
491	911
491	949
491	962
491	975
492	13
492	856
492	887
492	922
492	1000
493	461
493	883
493	941
493	993
493	994
494	892
494	943
494	965
494	972
494	978
495	574
495	941
495	955
495	968
495	989
496	708
496	817
496	920
496	925
496	982
497	39
497	682
497	796
497	875
497	954
498	818
498	820
498	976
498	995
498	999
499	884
499	942
499	961
499	970
499	989
500	862
500	898
500	905
500	928
500	958
501	900
501	921
501	952
501	965
501	972
502	802
502	984
502	987
502	991
502	998
503	967
503	969
503	992
503	997
503	1000
504	300
504	317
504	794
504	934
504	952
505	702
505	951
505	974
505	985
505	986
506	845
506	946
506	990
506	995
506	999
507	890
507	941
507	968
507	970
507	979
508	890
508	896
508	908
508	923
508	968
509	274
509	961
509	968
509	979
509	982
510	924
510	942
510	958
510	985
510	986
511	865
511	949
511	962
511	963
511	975
512	378
512	551
512	962
512	963
512	975
513	304
513	760
513	906
513	957
513	986
514	913
514	956
514	965
514	972
514	978
515	946
515	976
515	990
515	995
515	999
516	813
516	856
516	967
516	997
516	1000
517	209
517	461
517	830
517	908
517	959
518	121
518	935
518	968
518	981
518	994
519	319
519	873
519	877
519	904
519	988
520	258
520	850
520	866
520	881
520	952
521	391
521	806
521	878
521	892
521	940
522	838
522	905
522	915
522	984
522	985
523	817
523	941
523	968
523	993
523	994
524	953
524	969
524	992
524	997
524	1000
525	898
525	918
525	956
525	965
525	978
526	213
526	728
526	962
526	975
526	983
527	669
527	906
527	957
527	958
527	985
528	856
528	992
528	996
528	997
528	1000
529	672
529	771
529	949
529	962
529	975
530	946
530	972
530	990
530	995
530	999
531	946
531	976
531	990
531	995
531	999
532	325
532	803
532	933
532	987
532	998
533	768
533	854
533	907
533	996
533	997
534	836
534	958
534	974
534	985
534	986
535	7
535	957
535	974
535	977
535	986
536	913
536	943
536	956
536	972
536	978
537	795
537	868
537	903
537	925
537	993
538	561
538	917
538	953
538	967
538	992
539	45
539	758
539	893
539	940
539	964
540	120
540	949
540	962
540	963
540	975
541	39
541	739
541	899
541	902
541	971
542	848
542	942
542	951
542	957
542	974
543	750
543	795
543	846
543	923
543	961
544	687
544	752
544	902
544	954
544	971
545	931
545	948
545	959
545	996
545	1000
546	790
546	917
546	984
546	987
546	988
547	408
547	823
547	881
547	907
547	954
547	971
548	651
548	708
548	758
548	806
548	892
548	964
549	875
549	916
549	945
549	950
549	973
549	998
550	884
550	891
550	979
550	982
550	983
550	998
551	439
551	512
551	869
551	962
551	963
551	975
552	867
552	946
552	976
552	990
552	995
552	999
553	785
553	821
553	914
553	961
553	968
553	994
554	638
554	800
554	984
554	988
554	996
554	998
555	871
555	883
555	953
555	967
555	992
555	997
556	350
556	876
556	929
556	990
556	995
556	999
557	231
557	981
557	982
557	983
557	993
557	996
558	802
558	888
558	920
558	935
558	979
558	982
559	760
559	924
559	942
559	944
559	968
559	977
560	877
560	929
560	976
560	982
560	995
560	999
561	538
561	935
561	948
561	967
561	996
561	1000
562	759
562	938
562	973
562	988
562	991
562	998
563	58
563	292
563	343
563	922
563	934
563	971
564	442
564	682
564	700
564	954
564	966
564	982
565	200
565	838
565	906
565	924
565	951
565	959
566	376
566	645
566	703
566	892
566	964
566	969
567	341
567	436
567	775
567	892
567	940
567	964
568	742
568	844
568	959
568	967
568	992
568	997
569	806
569	878
569	892
569	896
569	940
569	964
570	382
570	794
570	875
570	927
570	952
570	966
571	746
571	772
571	850
571	868
571	914
571	971
572	164
572	674
572	708
572	878
572	940
572	964
573	726
573	900
573	913
573	965
573	972
573	978
574	495
574	857
574	946
574	990
574	995
574	999
575	904
575	933
575	960
575	973
575	984
575	991
576	658
576	732
576	796
576	901
576	934
576	954
577	180
577	671
577	773
577	843
577	902
577	927
578	77
578	931
578	976
578	990
578	995
578	999
579	759
579	968
579	979
579	981
579	982
579	994
580	19
580	703
580	878
580	940
580	964
580	973
581	931
581	936
581	960
581	976
581	995
581	999
582	643
582	922
582	992
582	996
582	997
582	1000
583	769
583	900
583	943
583	956
583	972
583	978
584	16
584	869
584	949
584	962
584	963
584	975
585	358
585	829
585	873
585	988
585	991
585	998
586	286
586	307
586	737
586	881
586	901
586	966
587	118
587	836
587	951
587	974
587	977
587	985
588	623
588	927
588	934
588	952
588	971
588	1000
589	222
589	896
589	920
589	968
589	981
589	990
590	937
590	942
590	969
590	992
590	996
590	997
591	149
591	608
591	887
591	953
591	996
591	997
592	883
592	932
592	969
592	992
592	996
592	1000
593	927
593	945
593	984
593	987
593	988
593	991
594	922
594	967
594	992
594	996
594	997
594	1000
595	817
595	830
595	834
595	908
595	981
595	989
596	20
596	807
596	912
596	923
596	941
596	995
597	767
597	906
597	928
597	958
597	985
597	986
598	869
598	935
598	949
598	962
598	963
598	975
599	785
599	920
599	941
599	970
599	981
599	994
600	342
600	756
600	869
600	949
600	963
600	975
601	681
601	917
601	938
601	947
601	984
601	998
602	918
602	943
602	955
602	956
602	972
602	978
603	192
603	859
603	976
603	990
603	995
603	999
604	905
604	942
604	957
604	974
604	985
604	986
605	887
605	948
605	953
605	992
605	997
605	1000
606	382
606	742
606	948
606	969
606	992
606	1000
607	865
607	891
607	970
607	979
607	982
607	993
608	591
608	711
608	833
608	892
608	893
608	964
609	74
609	376
609	469
609	736
609	940
609	964
610	401
610	836
610	944
610	958
610	974
610	986
611	22
611	893
611	894
611	973
611	980
611	987
612	661
612	828
612	861
612	996
612	997
612	1000
613	805
613	939
613	947
613	960
613	973
613	987
614	44
614	867
614	976
614	990
614	995
614	999
615	667
615	756
615	803
615	926
615	951
615	980
616	210
616	854
616	922
616	959
616	967
616	996
616	1000
617	866
617	876
617	936
617	976
617	990
617	995
617	999
618	644
618	911
618	949
618	960
618	962
618	963
618	975
619	266
619	948
619	969
619	992
619	996
619	997
619	1000
620	789
620	897
620	948
620	963
620	967
620	992
620	997
621	839
621	862
621	960
621	973
621	980
621	987
621	998
622	798
622	944
622	951
622	957
622	977
622	985
622	986
623	588
623	765
623	796
623	901
623	915
623	934
623	966
624	53
624	65
624	82
624	830
624	908
624	923
624	981
625	880
625	904
625	950
625	975
625	980
625	987
625	991
626	657
626	870
626	944
626	951
626	958
626	977
626	985
627	98
627	247
627	919
627	967
627	992
627	996
627	1000
628	387
628	904
628	947
628	984
628	988
628	991
628	998
629	796
629	921
629	943
629	956
629	965
629	972
629	978
630	760
630	898
630	928
630	930
630	944
630	974
630	986
631	121
631	707
631	765
631	902
631	934
631	954
631	966
632	281
632	827
632	903
632	961
632	966
632	979
632	993
633	66
633	886
633	939
633	968
633	983
633	989
633	993
634	656
634	813
634	919
634	953
634	992
634	996
634	997
635	325
635	905
635	930
635	951
635	974
635	977
635	985
636	351
636	775
636	810
636	812
636	893
636	940
636	964
637	696
637	895
637	959
637	969
637	992
637	996
637	1000
638	554
638	676
638	973
638	979
638	987
638	991
638	998
639	112
639	366
639	772
639	868
639	927
639	966
639	971
640	126
640	130
640	853
640	880
640	917
640	973
640	980
641	706
641	845
641	876
641	946
641	990
641	995
641	999
642	723
642	847
642	868
642	927
642	952
642	966
642	971
643	582
643	894
643	945
643	960
643	988
643	991
643	998
644	443
644	618
644	770
644	911
644	949
644	963
644	975
645	341
645	566
645	666
645	673
645	758
645	878
645	964
646	339
646	368
646	746
646	914
646	920
646	952
646	971
647	817
647	853
647	894
647	938
647	939
647	987
647	988
648	862
648	951
648	957
648	974
648	975
648	977
648	986
649	52
649	799
649	812
649	896
649	969
649	989
649	994
650	138
650	707
650	843
650	868
650	902
650	966
650	992
651	371
651	548
651	729
651	766
651	833
651	892
651	940
652	721
652	860
652	959
652	984
652	988
652	991
652	998
653	239
653	417
653	784
653	860
653	923
653	970
653	983
653	993
654	362
654	801
654	865
654	911
654	954
654	962
654	963
654	975
655	452
655	469
655	475
655	775
655	810
655	834
655	940
655	964
656	634
656	665
656	803
656	916
656	947
656	950
656	991
656	998
657	626
657	926
657	938
657	973
657	980
657	984
657	988
657	998
658	306
658	349
658	576
658	698
658	752
658	833
658	927
658	966
659	58
659	120
659	737
659	843
659	927
659	954
659	966
659	971
660	412
660	859
660	931
660	936
660	946
660	990
660	995
660	999
661	612
661	854
661	883
661	922
661	937
661	959
661	997
661	1000
662	451
662	905
662	926
662	951
662	957
662	974
662	977
662	986
663	226
663	772
663	866
663	907
663	914
663	952
663	954
663	966
664	235
664	897
664	948
664	967
664	969
664	992
664	996
664	997
665	385
665	656
665	686
665	800
665	873
665	916
665	939
665	945
666	110
666	311
666	341
666	645
666	716
666	758
666	893
666	964
667	331
667	615
667	829
667	926
667	960
667	973
667	984
667	987
668	826
668	896
668	955
668	970
668	989
668	990
668	993
668	994
669	527
669	930
669	942
669	958
669	974
669	977
669	986
669	999
670	320
670	342
670	869
670	911
670	949
670	962
670	963
670	975
671	296
671	577
671	753
671	794
671	796
671	875
671	953
671	971
672	529
672	801
672	832
672	911
672	949
672	962
672	963
672	975
673	645
673	877
673	889
673	929
673	976
673	990
673	995
673	999
674	205
674	572
674	708
674	833
674	878
674	892
674	940
674	964
675	21
675	838
675	870
675	930
675	942
675	944
675	958
675	985
676	638
676	800
676	880
676	939
676	953
676	980
676	988
676	998
677	775
677	913
677	921
677	943
677	956
677	965
677	972
677	978
678	846
678	874
678	896
678	968
678	979
678	982
678	983
678	994
679	262
679	870
679	906
679	915
679	942
679	951
679	977
679	985
680	258
680	262
680	765
680	794
680	849
680	914
680	954
680	993
681	601
681	781
681	926
681	947
681	980
681	987
681	991
681	998
682	380
682	497
682	564
682	742
682	875
682	934
682	954
682	971
683	843
683	851
683	875
683	902
683	927
683	966
683	971
683	983
684	724
684	813
684	865
684	869
684	911
684	962
684	963
684	975
685	863
685	910
685	918
685	921
685	956
685	965
685	972
685	978
686	224
686	286
686	665
686	772
686	868
686	875
686	901
686	927
687	8
687	482
687	544
687	722
687	732
687	737
687	866
687	952
688	854
688	959
688	967
688	969
688	992
688	996
688	997
688	1000
689	744
689	827
689	941
689	961
689	979
689	988
689	993
689	994
690	459
690	796
690	927
690	934
690	952
690	954
690	966
690	971
691	820
691	859
691	936
691	976
691	990
691	993
691	995
691	999
692	731
692	896
692	925
692	932
692	968
692	981
692	983
692	993
693	28
693	227
693	813
693	919
693	969
693	996
693	997
693	1000
694	948
694	953
694	959
694	967
694	969
694	992
694	997
694	1000
695	899
695	910
695	943
695	956
695	965
695	972
695	978
695	986
696	637
696	870
696	898
696	958
696	974
696	977
696	985
696	986
697	858
697	863
697	900
697	909
697	925
697	982
697	989
697	993
698	658
698	794
698	850
698	875
698	907
698	914
698	927
698	966
699	936
699	937
699	948
699	967
699	992
699	996
699	997
699	1000
700	8
700	186
700	408
700	564
700	743
700	881
700	901
700	986
701	786
701	907
701	920
701	955
701	979
701	982
701	983
701	994
702	182
702	261
702	505
702	915
702	928
702	930
702	977
702	985
703	350
703	419
703	566
703	580
703	878
703	940
703	952
703	964
704	757
704	897
704	919
704	937
704	969
704	992
704	997
704	1000
705	747
705	923
705	955
705	970
705	979
705	982
705	989
705	994
706	115
706	641
706	862
706	924
706	928
706	942
706	957
706	974
707	467
707	631
707	650
707	732
707	772
707	823
707	847
707	853
708	496
708	548
708	572
708	674
708	758
708	775
708	833
708	893
709	913
709	918
709	943
709	956
709	965
709	972
709	978
709	996
710	873
710	917
710	933
710	980
710	984
710	987
710	988
710	991
711	75
711	436
711	448
711	464
711	608
711	775
711	878
711	893
711	964
712	899
712	910
712	918
712	921
712	932
712	943
712	956
712	965
712	978
713	369
713	736
713	799
713	827
713	879
713	912
713	982
713	983
713	989
714	804
714	876
714	929
714	946
714	958
714	976
714	990
714	995
714	999
715	251
715	759
715	811
715	845
715	968
715	970
715	981
715	989
715	993
716	74
716	666
716	810
716	833
716	892
716	893
716	940
716	964
716	991
717	485
717	744
717	748
717	923
717	955
717	968
717	979
717	983
717	993
718	883
718	937
718	948
718	953
718	967
718	992
718	997
718	998
718	1000
719	887
719	932
719	948
719	959
719	967
719	992
719	994
719	997
719	1000
720	25
720	933
720	947
720	960
720	980
720	987
720	988
720	991
720	998
721	652
721	872
721	943
721	960
721	973
721	980
721	984
721	987
721	998
722	687
722	823
722	847
722	850
722	902
722	907
722	914
722	966
722	971
723	642
723	743
723	774
723	843
723	847
723	866
723	910
723	952
723	966
724	81
724	684
724	832
724	865
724	911
724	949
724	962
724	963
724	975
725	845
725	880
725	929
725	931
725	946
725	976
725	990
725	995
725	999
726	330
726	573
726	743
726	752
726	875
726	914
726	954
726	966
726	971
727	790
727	801
727	850
727	865
727	911
727	949
727	962
727	963
727	975
728	157
728	526
728	770
728	865
728	869
728	911
728	949
728	962
728	967
729	464
729	651
729	736
729	806
729	810
729	833
729	930
729	940
729	964
730	803
730	872
730	874
730	904
730	916
730	933
730	973
730	988
730	998
731	692
731	817
731	818
731	819
731	935
731	955
731	979
731	981
731	993
732	465
732	576
732	687
732	707
732	824
732	849
732	902
732	934
732	971
733	858
733	888
733	891
733	925
733	938
733	955
733	970
733	981
733	983
734	910
734	913
734	918
734	943
734	956
734	965
734	972
734	978
734	993
735	860
735	861
735	929
735	939
735	947
735	960
735	973
735	987
735	988
736	158
736	376
736	379
736	609
736	713
736	729
736	810
736	833
736	893
736	964
737	77
737	116
737	199
737	586
737	659
737	687
737	740
737	774
737	954
737	966
738	741
738	859
738	867
738	931
738	936
738	976
738	980
738	990
738	995
738	999
739	105
739	138
739	467
739	541
739	765
739	774
739	846
739	907
739	934
739	954
740	104
740	203
740	300
740	338
740	737
740	752
740	881
740	902
740	914
740	954
741	486
741	738
741	855
741	867
741	931
741	936
741	976
741	990
741	995
741	999
742	568
742	606
742	682
742	844
742	937
742	948
742	953
742	959
742	992
742	996
743	442
743	700
743	723
743	726
743	901
743	902
743	934
743	952
743	970
743	971
744	689
744	717
744	886
744	888
744	935
744	941
744	977
744	982
744	983
744	994
745	851
745	861
745	917
745	926
745	938
745	984
745	987
745	988
745	991
745	998
746	24
746	120
746	465
746	571
746	646
746	772
746	914
746	929
746	952
746	954
747	222
747	705
747	890
747	918
747	925
747	955
747	981
747	982
747	983
747	993
748	717
748	860
748	947
748	950
748	980
748	984
748	987
748	988
748	991
748	998
749	818
749	874
749	929
749	931
749	936
749	946
749	979
749	990
749	995
749	999
750	543
750	844
750	897
750	922
750	932
750	953
750	992
750	996
750	997
750	1000
751	883
751	893
751	895
751	897
751	937
751	959
751	969
751	992
751	997
751	1000
752	544
752	658
752	726
752	740
752	823
752	868
752	875
752	894
752	927
752	971
753	203
753	442
753	671
753	875
753	881
753	927
753	934
753	954
753	966
753	973
754	181
754	861
754	874
754	880
754	945
754	950
754	980
754	984
754	988
754	991
755	277
755	789
755	933
755	938
755	939
755	950
755	960
755	980
755	987
755	988
756	14
756	600
756	615
756	783
756	837
756	939
756	945
756	973
756	980
756	991
756	998
757	463
757	704
757	864
757	889
757	919
757	948
757	959
757	992
757	996
757	997
757	1000
758	158
758	345
758	539
758	548
758	645
758	666
758	708
758	892
758	893
758	940
758	964
759	42
759	397
759	562
759	579
759	715
759	848
759	896
759	935
759	970
759	989
759	994
760	513
760	559
760	630
760	898
760	902
760	915
760	928
760	930
760	957
760	985
760	986
761	867
761	874
761	889
761	929
761	931
761	946
761	976
761	984
761	990
761	995
761	999
762	207
762	808
762	862
762	870
762	915
762	942
762	957
762	974
762	985
762	986
762	995
763	80
763	222
763	811
763	909
763	912
763	961
763	981
763	982
763	983
763	989
763	994
764	861
764	872
764	906
764	945
764	947
764	950
764	960
764	973
764	984
764	988
764	991
765	467
765	623
765	631
765	680
765	739
765	774
765	842
765	881
765	901
765	907
765	914
766	651
766	819
766	826
766	840
766	890
766	925
766	941
766	970
766	982
766	989
766	993
767	462
767	597
767	785
767	905
767	924
767	942
767	951
767	958
767	974
767	977
767	986
768	283
768	533
768	932
768	948
768	953
768	959
768	969
768	981
768	992
768	996
768	997
769	583
769	835
769	845
769	850
769	855
769	859
769	929
769	976
769	990
769	995
769	999
770	644
770	728
770	801
770	832
770	836
770	865
770	949
770	962
770	963
770	965
770	975
771	529
771	899
771	900
771	910
771	918
771	921
771	943
771	956
771	965
771	972
771	978
772	201
772	491
772	571
772	639
772	663
772	686
772	707
772	746
772	868
772	881
772	952
773	381
773	577
773	898
773	905
773	906
773	915
773	924
773	930
773	951
773	958
773	986
774	134
774	723
774	737
774	739
774	765
774	816
774	907
774	927
774	934
774	954
774	968
775	86
775	311
775	567
775	636
775	655
775	677
775	708
775	711
775	806
775	878
775	893
775	940
776	113
776	447
776	836
776	924
776	928
776	930
776	944
776	957
776	974
776	985
776	986
776	997
777	844
777	864
777	887
777	922
777	932
777	937
777	969
777	989
777	992
777	996
777	997
777	1000
778	354
778	807
778	826
778	841
778	852
778	884
778	888
778	912
778	918
778	968
778	970
778	983
779	38
779	842
779	874
779	877
779	929
779	931
779	946
779	952
779	976
779	990
779	995
779	999
780	856
780	897
780	919
780	948
780	959
780	966
780	967
780	969
780	992
780	996
780	997
780	1000
781	681
781	899
781	900
781	910
781	913
781	918
781	921
781	943
781	956
781	965
781	972
781	978
782	55
782	800
782	849
782	904
782	916
782	945
782	950
782	973
782	987
782	988
782	991
782	998
783	756
783	916
783	938
783	939
783	947
783	950
783	960
783	973
783	984
783	991
783	994
783	998
784	69
784	653
784	848
784	852
784	858
784	968
784	979
784	982
784	987
784	989
784	993
784	994
785	553
785	599
785	767
785	840
785	852
785	884
785	896
785	935
785	989
785	992
785	993
785	994
786	479
786	701
786	908
786	909
786	961
786	970
786	981
786	982
786	983
786	989
786	994
786	996
787	5
787	172
787	194
787	417
787	903
787	909
787	973
787	981
787	983
787	989
787	993
787	994
788	853
788	861
788	872
788	930
788	933
788	950
788	973
788	980
788	984
788	987
788	991
788	998
789	620
789	755
789	864
789	887
789	942
789	948
789	953
789	959
789	967
789	992
789	996
789	1000
790	431
790	546
790	727
790	801
790	832
790	869
790	911
790	923
790	949
790	962
790	963
790	975
791	830
791	852
791	858
791	864
791	912
791	935
791	941
791	981
791	983
791	989
791	993
791	994
792	316
792	807
792	861
792	926
792	933
792	938
792	960
792	973
792	984
792	988
792	991
792	998
793	899
793	900
793	910
793	913
793	918
793	921
793	943
793	956
793	965
793	972
793	978
793	992
794	139
794	504
794	570
794	671
794	680
794	698
794	843
794	850
794	851
794	875
794	966
794	991
795	537
795	543
795	846
795	858
795	882
795	884
795	923
795	955
795	979
795	982
795	989
795	993
796	392
796	497
796	576
796	623
796	629
796	671
796	690
796	850
796	901
796	927
796	934
796	971
797	292
797	454
797	820
797	874
797	889
797	929
797	936
797	946
797	976
797	990
797	995
797	999
798	622
798	814
798	895
798	932
798	937
798	953
798	959
798	969
798	992
798	996
798	997
798	1000
799	418
799	435
799	649
799	713
799	821
799	886
799	891
799	923
799	925
799	955
799	970
799	993
800	444
800	554
800	665
800	676
800	782
800	829
800	938
800	960
800	984
800	987
800	988
800	991
800	998
801	654
801	672
801	727
801	770
801	790
801	832
801	849
801	865
801	911
801	949
801	962
801	963
801	975
802	82
802	502
802	558
802	888
802	912
802	920
802	923
802	941
802	955
802	968
802	979
802	983
802	993
803	532
803	615
803	656
803	730
803	880
803	938
803	950
803	960
803	973
803	976
803	984
803	988
803	998
804	714
804	824
804	842
804	845
804	877
804	929
804	931
804	936
804	946
804	976
804	990
804	995
804	999
805	613
805	880
805	916
805	917
805	926
805	947
805	959
805	973
805	984
805	987
805	988
805	991
805	998
806	177
806	521
806	548
806	569
806	729
806	775
806	810
806	870
806	878
806	892
806	893
806	940
806	964
807	596
807	778
807	792
807	826
807	884
807	908
807	920
807	955
807	968
807	979
807	983
807	993
807	994
808	480
808	762
808	838
808	898
808	905
808	924
808	928
808	944
808	946
808	951
808	958
808	974
808	986
809	202
809	844
809	856
809	871
809	897
809	937
809	953
809	967
809	969
809	992
809	996
809	997
809	1000
810	86
810	351
810	636
810	655
810	716
810	729
810	736
810	806
810	833
810	878
810	892
810	893
810	964
810	986
811	151
811	344
811	715
811	763
811	830
811	840
811	896
811	935
811	941
811	955
811	970
811	972
811	982
811	994
812	354
812	636
812	649
812	863
812	885
812	886
812	895
812	909
812	941
812	955
812	961
812	981
812	982
812	993
813	516
813	634
813	684
813	693
813	937
813	948
813	953
813	959
813	969
813	988
813	992
813	996
813	997
813	1000
814	136
814	798
814	844
814	919
814	937
814	948
814	953
814	959
814	967
814	969
814	992
814	996
814	997
814	1000
815	439
815	882
815	899
815	900
815	910
815	913
815	918
815	921
815	943
815	956
815	965
815	972
815	978
816	186
816	360
816	382
816	424
816	476
816	774
816	851
816	866
816	901
816	907
816	927
816	934
816	954
816	966
817	4
817	257
817	496
817	523
817	595
817	647
817	731
817	885
817	912
817	923
817	961
817	983
817	993
817	994
818	498
818	731
818	749
818	835
818	845
818	855
818	874
818	877
818	936
818	946
818	976
818	990
818	995
818	999
819	367
819	479
819	731
819	766
819	834
819	846
819	848
819	879
819	884
819	941
819	955
819	968
819	989
819	993
820	498
820	691
820	797
820	855
820	867
820	876
820	931
820	936
820	946
820	976
820	990
820	991
820	995
820	999
821	127
821	182
821	473
821	553
821	799
821	834
821	909
821	923
821	979
821	981
821	983
821	989
821	993
821	994
822	416
822	825
822	831
822	882
822	899
822	900
822	910
822	913
822	918
822	921
822	943
822	956
822	965
822	972
822	978
823	132
823	173
823	284
823	289
823	547
823	707
823	722
823	752
823	927
823	933
823	934
823	952
823	954
823	971
823	998
824	478
824	732
824	804
824	835
824	855
824	857
824	876
824	929
824	931
824	936
824	976
824	990
824	994
824	995
824	999
825	212
825	822
825	831
825	882
825	899
825	900
825	910
825	913
825	918
825	921
825	943
825	956
825	965
825	972
825	978
826	231
826	287
826	668
826	766
826	778
826	807
826	909
826	955
826	961
826	968
826	970
826	979
826	983
826	989
826	994
827	187
827	194
827	632
827	689
827	713
827	852
827	891
827	908
827	912
827	935
827	967
827	981
827	983
827	988
827	994
828	612
828	844
828	895
828	908
828	919
828	922
828	932
828	948
828	953
828	959
828	967
828	992
828	996
828	997
828	1000
829	313
829	585
829	667
829	800
829	839
829	904
829	905
829	917
829	933
829	939
829	980
829	984
829	987
829	988
829	991
830	49
830	85
830	461
830	517
830	595
830	624
830	791
830	811
830	846
830	891
830	920
830	935
830	941
830	962
830	986
831	340
831	822
831	825
831	882
831	899
831	900
831	910
831	913
831	918
831	921
831	943
831	956
831	965
831	972
831	978
832	399
832	453
832	460
832	672
832	724
832	770
832	790
832	801
832	865
832	869
832	911
832	949
832	963
832	975
832	988
833	74
833	111
833	211
833	311
833	608
833	651
833	658
833	674
833	708
833	716
833	729
833	736
833	810
833	892
833	964
834	254
834	364
834	595
834	655
834	819
834	821
834	884
834	885
834	920
834	923
834	955
834	970
834	982
834	983
834	989
834	994
835	769
835	818
835	824
835	842
835	876
835	877
835	889
835	929
835	936
835	946
835	958
835	976
835	990
835	993
835	995
835	999
836	534
836	587
836	610
836	770
836	776
836	862
836	905
836	928
836	930
836	942
836	944
836	951
836	957
836	958
836	977
836	986
837	413
837	489
837	756
837	872
837	916
837	926
837	939
837	947
837	973
837	980
837	984
837	985
837	987
837	991
837	997
837	998
838	522
838	565
838	675
838	808
838	862
838	906
838	915
838	920
838	924
838	930
838	951
838	957
838	972
838	974
838	985
838	986
839	354
839	389
839	621
839	829
839	880
839	917
839	938
839	960
839	973
839	980
839	984
839	987
839	988
839	989
839	991
839	998
840	47
840	322
840	766
840	785
840	811
840	863
840	884
840	909
840	920
840	925
840	941
840	961
840	981
840	982
840	989
840	993
840	994
841	778
841	858
841	879
841	885
841	888
841	903
841	908
841	909
841	924
841	928
841	935
841	961
841	968
841	979
841	981
841	982
841	983
842	765
842	779
842	804
842	835
842	855
842	857
842	876
842	889
842	929
842	931
842	936
842	946
842	965
842	976
842	990
842	995
842	999
843	114
843	186
843	238
843	408
843	577
843	650
843	659
843	683
843	723
843	794
843	849
843	851
843	914
843	947
843	966
843	971
843	984
844	568
844	742
844	750
844	777
844	809
844	814
844	828
844	872
844	919
844	937
844	948
844	967
844	969
844	974
844	992
844	996
844	1000
845	506
845	641
845	715
845	725
845	769
845	804
845	818
845	855
845	889
845	929
845	936
845	946
845	976
845	990
845	995
845	998
845	999
846	440
846	543
846	678
846	739
846	795
846	819
846	830
846	858
846	879
846	896
846	961
846	968
846	979
846	981
846	982
846	993
846	1000
847	104
847	169
847	368
847	642
847	707
847	722
847	723
847	875
847	901
847	907
847	914
847	927
847	934
847	952
847	966
847	981
847	984
848	93
848	374
848	542
848	759
848	784
848	819
848	852
848	935
848	961
848	968
848	979
848	981
848	982
848	983
848	989
848	993
848	994
849	27
849	180
849	680
849	732
849	782
849	801
849	843
849	851
849	866
849	868
849	881
849	901
849	902
849	927
849	952
849	954
849	966
850	180
850	189
850	303
850	520
850	571
850	698
850	722
850	727
850	769
850	794
850	796
850	881
850	902
850	914
850	954
850	966
850	971
851	27
851	306
851	424
851	459
851	683
851	745
851	794
851	816
851	843
851	849
851	875
851	901
851	907
851	927
851	934
851	952
851	971
851	994
852	5
852	273
852	778
852	784
852	785
852	791
852	827
852	848
852	884
852	888
852	890
852	968
852	970
852	979
852	980
852	982
852	983
852	989
853	640
853	647
853	707
853	788
853	873
853	880
853	887
853	894
853	917
853	933
853	938
853	945
853	973
853	980
853	984
853	988
853	991
853	998
854	212
854	533
854	616
854	661
854	688
854	864
854	878
854	897
854	922
854	937
854	949
854	953
854	959
854	969
854	992
854	996
854	997
854	1000
855	428
855	741
855	769
855	818
855	820
855	824
855	842
855	845
855	859
855	877
855	889
855	931
855	946
855	976
855	980
855	990
855	995
855	999
856	473
856	492
856	516
856	528
856	780
856	809
856	871
856	887
856	895
856	922
856	932
856	937
856	967
856	969
856	989
856	996
856	997
856	1000
857	487
857	574
857	824
857	842
857	859
857	867
857	874
857	889
857	929
857	931
857	936
857	944
857	946
857	976
857	989
857	990
857	995
857	999
858	371
858	387
858	697
858	733
858	784
858	791
858	795
858	841
858	846
858	885
858	925
858	961
858	970
858	979
858	989
858	993
858	994
858	996
859	603
859	660
859	691
859	738
859	769
859	855
859	857
859	874
859	877
859	889
859	929
859	936
859	946
859	955
859	976
859	990
859	995
859	999
860	12
860	93
860	652
860	653
860	735
860	748
860	861
860	894
860	916
860	926
860	945
860	950
860	973
860	980
860	982
860	984
860	987
860	988
860	991
861	94
861	196
861	612
861	735
861	745
861	754
861	764
861	788
861	792
861	860
861	916
861	926
861	939
861	950
861	973
861	980
861	987
861	991
861	998
862	6
862	500
862	621
862	648
862	706
862	762
862	836
862	838
862	870
862	898
862	906
862	915
862	924
862	928
862	942
862	944
862	977
862	985
862	986
863	5
863	25
863	52
863	685
863	697
863	812
863	840
863	879
863	888
863	896
863	909
863	920
863	941
863	955
863	961
863	968
863	970
863	989
863	996
864	97
864	757
864	777
864	789
864	791
864	854
864	883
864	887
864	897
864	922
864	932
864	948
864	959
864	967
864	992
864	995
864	996
864	997
864	1000
865	128
865	321
865	404
865	482
865	511
865	607
865	654
865	684
865	724
865	727
865	728
865	770
865	801
865	832
865	911
865	949
865	953
865	962
865	963
865	975
866	8
866	114
866	138
866	258
866	289
866	380
866	422
866	520
866	617
866	663
866	687
866	723
866	816
866	849
866	868
866	907
866	952
866	954
866	966
866	971
867	487
867	552
867	614
867	738
867	741
867	761
867	820
867	857
867	876
867	889
867	929
867	930
867	931
867	936
867	944
867	946
867	976
867	990
867	995
867	999
868	169
868	343
868	398
868	537
868	571
868	639
868	642
868	650
868	686
868	752
868	772
868	849
868	866
868	875
868	888
868	901
868	907
868	914
868	952
868	971
869	157
869	246
869	310
869	323
869	482
869	551
869	584
869	598
869	600
869	670
869	684
869	728
869	790
869	832
869	911
869	916
869	922
869	949
869	962
869	975
870	233
870	626
870	675
870	679
870	696
870	762
870	806
870	862
870	905
870	924
870	928
870	944
870	951
870	957
870	958
870	974
870	977
870	985
870	986
870	997
871	143
871	555
871	809
871	856
871	883
871	895
871	897
871	919
871	922
871	925
871	932
871	937
871	953
871	959
871	962
871	969
871	992
871	996
871	997
871	1000
872	316
872	336
872	409
872	721
872	730
872	764
872	788
872	837
872	844
872	904
872	938
872	939
872	945
872	947
872	973
872	980
872	984
872	985
872	987
872	988
872	991
873	230
873	248
873	434
873	484
873	489
873	519
873	585
873	665
873	710
873	853
873	894
873	900
873	904
873	938
873	945
873	960
873	980
873	984
873	991
873	992
873	998
874	481
874	678
874	730
874	749
874	754
874	761
874	779
874	797
874	818
874	857
874	859
874	876
874	877
874	889
874	929
874	931
874	936
874	976
874	990
874	995
874	999
875	459
875	497
875	549
875	570
875	671
875	682
875	683
875	686
875	698
875	726
875	752
875	753
875	794
875	847
875	851
875	868
875	881
875	902
875	924
875	934
875	971
876	556
876	617
876	641
876	714
876	820
876	824
876	835
876	842
876	867
876	874
876	877
876	929
876	931
876	936
876	946
876	975
876	976
876	981
876	990
876	995
876	999
877	263
877	519
877	560
877	673
877	779
877	804
877	818
877	835
877	855
877	859
877	874
877	876
877	889
877	929
877	931
877	936
877	946
877	976
877	990
877	995
877	998
877	999
878	45
878	324
878	371
878	464
878	469
878	475
878	521
878	569
878	572
878	580
878	645
878	674
878	703
878	711
878	775
878	806
878	810
878	854
878	892
878	893
878	941
878	964
879	1
879	37
879	227
879	436
879	713
879	819
879	841
879	846
879	863
879	885
879	896
879	903
879	909
879	920
879	941
879	961
879	968
879	979
879	982
879	983
879	989
879	994
880	425
880	625
880	640
880	676
880	725
880	754
880	803
880	805
880	839
880	853
880	916
880	917
880	938
880	945
880	947
880	954
880	960
880	973
880	984
880	987
880	988
880	998
881	58
881	105
881	112
881	315
881	424
881	520
881	547
881	586
881	700
881	740
881	753
881	765
881	772
881	849
881	850
881	875
881	914
881	926
881	927
881	952
881	954
881	957
882	795
882	815
882	822
882	825
882	831
882	899
882	900
882	910
882	913
882	918
882	921
882	943
882	956
882	965
882	972
882	978
882	990
883	245
883	463
883	493
883	555
883	592
883	661
883	718
883	751
883	864
883	871
883	887
883	897
883	919
883	932
883	937
883	948
883	953
883	967
883	971
883	992
883	996
883	997
883	1000
884	154
884	369
884	499
884	550
884	778
884	785
884	795
884	807
884	819
884	834
884	840
884	852
884	920
884	935
884	941
884	968
884	970
884	975
884	979
884	983
884	989
884	993
884	994
885	49
885	124
885	168
885	369
885	418
885	479
885	812
885	817
885	834
885	841
885	858
885	879
885	886
885	896
885	908
885	912
885	970
885	982
885	983
885	989
885	993
885	994
885	1000
886	65
886	76
886	633
886	744
886	799
886	812
886	885
886	890
886	909
886	912
886	923
886	925
886	935
886	961
886	962
886	964
886	968
886	970
886	979
886	989
886	993
886	994
886	997
887	2
887	492
887	591
887	605
887	719
887	777
887	789
887	853
887	856
887	864
887	883
887	895
887	932
887	937
887	948
887	953
887	959
887	967
887	974
887	992
887	996
887	997
887	1000
888	59
888	345
888	477
888	558
888	733
888	744
888	778
888	802
888	841
888	852
888	863
888	868
888	908
888	912
888	934
888	941
888	955
888	979
888	981
888	982
888	983
888	989
888	994
889	453
889	471
889	673
889	757
889	761
889	797
889	835
889	842
889	845
889	855
889	857
889	859
889	867
889	874
889	877
889	929
889	931
889	936
889	946
889	976
889	990
889	995
889	999
890	193
890	251
890	284
890	334
890	479
890	507
890	508
890	747
890	766
890	852
890	886
890	925
890	935
890	961
890	968
890	970
890	979
890	982
890	983
890	989
890	990
890	993
890	994
891	20
891	68
891	195
891	360
891	443
891	550
891	607
891	733
891	799
891	827
891	830
891	903
891	923
891	935
891	941
891	961
891	970
891	979
891	983
891	989
891	992
891	993
891	994
892	26
892	108
892	376
892	379
892	494
892	521
892	548
892	566
892	567
892	569
892	608
892	651
892	674
892	716
892	758
892	806
892	810
892	833
892	878
892	893
892	917
892	940
892	964
893	70
893	111
893	126
893	419
893	452
893	475
893	539
893	608
893	611
893	636
893	666
893	708
893	711
893	716
893	736
893	751
893	758
893	775
893	806
893	810
893	878
893	892
893	964
893	1000
894	297
894	484
894	611
894	643
894	647
894	752
894	853
894	860
894	873
894	916
894	926
894	938
894	939
894	945
894	947
894	950
894	960
894	961
894	980
894	983
894	984
894	987
894	988
894	998
895	161
895	242
895	288
895	637
895	751
895	798
895	812
895	828
895	856
895	871
895	887
895	919
895	922
895	932
895	934
895	937
895	945
895	953
895	959
895	967
895	992
895	996
895	997
895	1000
896	99
896	508
896	569
896	589
896	649
896	668
896	678
896	692
896	759
896	785
896	811
896	846
896	863
896	879
896	885
896	961
896	970
896	976
896	979
896	982
896	987
896	989
896	993
896	994
897	255
897	620
897	664
897	704
897	750
897	751
897	780
897	809
897	854
897	864
897	871
897	883
897	919
897	922
897	935
897	948
897	953
897	959
897	967
897	969
897	976
897	992
897	996
897	997
897	1000
898	79
898	226
898	373
898	472
898	500
898	525
898	630
898	696
898	760
898	773
898	808
898	862
898	905
898	915
898	930
898	942
898	944
898	951
898	957
898	958
898	974
898	977
898	985
898	986
898	993
899	348
899	490
899	541
899	695
899	712
899	771
899	781
899	793
899	815
899	822
899	825
899	831
899	882
899	900
899	910
899	913
899	918
899	921
899	943
899	956
899	965
899	969
899	972
899	978
899	979
900	162
900	394
900	501
900	573
900	583
900	697
900	771
900	781
900	793
900	815
900	822
900	825
900	831
900	873
900	882
900	899
900	910
900	913
900	918
900	921
900	943
900	956
900	965
900	972
900	978
901	169
901	238
901	270
901	398
901	576
901	586
901	623
901	686
901	700
901	743
901	765
901	796
901	816
901	847
901	849
901	851
901	868
901	902
901	907
901	934
901	952
901	964
901	966
901	971
901	972
902	140
902	189
902	270
902	360
902	380
902	468
902	541
902	544
902	577
902	631
902	650
902	683
902	722
902	732
902	740
902	743
902	760
902	849
902	850
902	875
902	901
902	927
902	945
902	952
902	971
903	23
903	37
903	265
903	298
903	328
903	392
903	443
903	537
903	632
903	787
903	841
903	879
903	891
903	912
903	916
903	935
903	941
903	966
903	970
903	979
903	982
903	989
903	991
903	993
903	994
904	32
904	117
904	237
904	295
904	302
904	434
904	474
904	519
904	575
904	625
904	628
904	730
904	782
904	829
904	872
904	873
904	926
904	933
904	938
904	945
904	947
904	982
904	987
904	988
904	991
904	998
905	18
905	167
905	462
905	500
905	522
905	604
905	635
905	662
905	767
905	773
905	808
905	829
905	836
905	870
905	898
905	906
905	924
905	928
905	938
905	942
905	951
905	957
905	958
905	977
905	984
905	985
906	153
906	228
906	335
906	412
906	458
906	513
906	527
906	565
906	597
906	679
906	764
906	773
906	838
906	862
906	905
906	924
906	928
906	930
906	942
906	944
906	957
906	974
906	977
906	985
906	986
906	989
907	224
907	241
907	243
907	284
907	289
907	373
907	533
907	547
907	663
907	698
907	701
907	722
907	739
907	765
907	774
907	816
907	847
907	851
907	866
907	868
907	901
907	934
907	952
907	954
907	966
907	971
908	127
908	131
908	334
908	508
908	517
908	595
908	624
908	786
908	807
908	827
908	828
908	841
908	885
908	888
908	912
908	920
908	941
908	955
908	956
908	961
908	970
908	982
908	983
908	989
908	993
908	994
909	56
909	196
909	397
909	449
909	697
909	763
909	786
909	787
909	812
909	821
909	826
909	840
909	841
909	863
909	879
909	886
909	920
909	923
909	961
909	968
909	970
909	975
909	982
909	983
909	989
909	993
909	994
910	96
910	299
910	444
910	685
910	695
910	712
910	723
910	734
910	771
910	781
910	793
910	815
910	822
910	825
910	831
910	882
910	899
910	900
910	913
910	918
910	921
910	943
910	956
910	959
910	965
910	972
910	978
911	221
911	272
911	323
911	355
911	460
911	476
911	491
911	618
911	644
911	654
911	670
911	672
911	684
911	724
911	727
911	728
911	790
911	801
911	832
911	865
911	869
911	949
911	962
911	963
911	975
911	984
911	999
912	175
912	227
912	303
912	372
912	387
912	423
912	475
912	596
912	713
912	763
912	778
912	791
912	802
912	817
912	827
912	885
912	886
912	888
912	903
912	908
912	920
912	925
912	961
912	968
912	970
912	983
912	993
912	994
913	42
913	218
913	327
913	405
913	455
913	514
913	536
913	573
913	677
913	709
913	734
913	781
913	793
913	815
913	822
913	825
913	831
913	882
913	899
913	900
913	910
913	918
913	921
913	943
913	956
913	965
913	972
913	978
914	24
914	27
914	173
914	296
914	330
914	339
914	374
914	382
914	553
914	571
914	646
914	663
914	680
914	698
914	722
914	726
914	740
914	746
914	765
914	843
914	847
914	850
914	868
914	881
914	927
914	954
914	966
914	971
914	999
915	34
915	113
915	233
915	308
915	326
915	363
915	522
915	623
915	679
915	702
915	760
915	762
915	773
915	838
915	862
915	898
915	928
915	930
915	942
915	944
915	948
915	951
915	957
915	958
915	968
915	974
915	977
915	985
915	986
916	22
916	107
916	549
916	656
916	665
916	730
916	782
916	783
916	805
916	837
916	860
916	861
916	869
916	880
916	894
916	903
916	926
916	933
916	939
916	947
916	950
916	957
916	960
916	973
916	980
916	984
916	987
916	988
916	991
916	998
917	166
917	198
917	277
917	483
917	538
917	546
917	601
917	640
917	710
917	745
917	805
917	829
917	839
917	853
917	880
917	892
917	926
917	933
917	938
917	939
917	947
917	950
917	960
917	973
917	980
917	984
917	988
917	989
917	991
917	998
918	62
918	88
918	468
918	525
918	602
918	685
918	709
918	712
918	734
918	747
918	771
918	778
918	781
918	793
918	815
918	822
918	825
918	831
918	882
918	899
918	900
918	910
918	913
918	921
918	943
918	956
918	965
918	972
918	978
918	988
919	179
919	221
919	437
919	627
919	634
919	693
919	704
919	757
919	780
919	814
919	828
919	844
919	871
919	883
919	895
919	897
919	922
919	932
919	948
919	952
919	953
919	959
919	967
919	969
919	970
919	992
919	995
919	996
919	997
919	1000
920	11
920	106
920	174
920	374
920	496
920	558
920	589
920	599
920	646
920	701
920	802
920	807
920	830
920	834
920	838
920	840
920	863
920	879
920	884
920	908
920	909
920	912
920	925
920	961
920	981
920	983
920	989
920	993
920	994
920	999
921	83
921	101
921	295
921	466
921	490
921	501
921	629
921	677
921	685
921	712
921	771
921	781
921	793
921	815
921	822
921	825
921	831
921	882
921	899
921	900
921	910
921	913
921	918
921	943
921	956
921	965
921	972
921	976
921	978
921	986
921	995
922	137
922	178
922	410
922	441
922	492
922	563
922	582
922	594
922	616
922	661
922	750
922	777
922	828
922	854
922	856
922	864
922	869
922	871
922	895
922	897
922	919
922	932
922	937
922	948
922	953
922	967
922	969
922	992
922	996
922	997
922	1000
923	52
923	216
923	239
923	422
923	508
923	543
923	596
923	624
923	653
923	705
923	717
923	790
923	795
923	799
923	802
923	817
923	821
923	834
923	886
923	891
923	909
923	925
923	955
923	956
923	968
923	979
923	982
923	983
923	989
923	993
923	994
924	72
924	228
924	252
924	278
924	373
924	470
924	510
924	559
924	565
924	706
924	767
924	773
924	776
924	808
924	838
924	841
924	862
924	870
924	875
924	905
924	906
924	927
924	928
924	930
924	942
924	944
924	951
924	957
924	974
924	977
924	986
925	183
925	354
925	372
925	418
925	423
925	474
925	496
925	537
925	692
925	697
925	733
925	747
925	766
925	799
925	840
925	858
925	871
925	886
925	890
925	912
925	920
925	923
925	935
925	955
925	961
925	970
925	982
925	983
925	993
925	994
925	1000
926	225
926	333
926	365
926	416
926	615
926	657
926	662
926	667
926	681
926	745
926	792
926	805
926	837
926	860
926	861
926	881
926	894
926	904
926	916
926	917
926	933
926	939
926	945
926	947
926	965
926	973
926	980
926	984
926	987
926	988
926	991
926	998
927	290
927	292
927	300
927	570
927	577
927	588
927	593
927	639
927	642
927	658
927	659
927	683
927	686
927	690
927	698
927	752
927	753
927	774
927	796
927	816
927	823
927	847
927	849
927	851
927	881
927	902
927	914
927	924
927	936
927	952
927	966
927	971
928	35
928	170
928	192
928	255
928	488
928	500
928	597
928	630
928	702
928	706
928	760
928	776
928	808
928	836
928	841
928	862
928	870
928	905
928	906
928	915
928	924
928	930
928	942
928	944
928	951
928	957
928	958
928	966
928	974
928	977
928	979
928	985
928	986
929	471
929	556
929	560
929	673
929	714
929	725
929	735
929	746
929	749
929	761
929	769
929	779
929	797
929	804
929	824
929	835
929	842
929	845
929	857
929	859
929	867
929	874
929	876
929	877
929	889
929	931
929	936
929	946
929	968
929	976
929	990
929	995
929	999
930	9
930	71
930	115
930	141
930	308
930	320
930	383
930	630
930	635
930	669
930	675
930	702
930	729
930	760
930	773
930	776
930	788
930	836
930	838
930	867
930	898
930	906
930	915
930	924
930	928
930	942
930	951
930	957
930	958
930	974
930	977
930	985
930	986
931	155
931	301
931	356
931	390
931	407
931	545
931	578
931	581
931	660
931	725
931	738
931	741
931	749
931	761
931	779
931	804
931	820
931	824
931	842
931	855
931	857
931	867
931	874
931	876
931	877
931	889
931	929
931	936
931	946
931	976
931	988
931	990
931	995
931	999
932	13
932	64
932	89
932	97
932	268
932	437
932	592
932	692
932	712
932	719
932	750
932	768
932	777
932	798
932	828
932	856
932	864
932	871
932	883
932	887
932	895
932	919
932	922
932	937
932	945
932	948
932	959
932	967
932	969
932	989
932	992
932	996
932	997
932	1000
933	93
933	160
933	321
933	333
933	338
933	486
933	532
933	575
933	710
933	720
933	730
933	755
933	788
933	792
933	823
933	829
933	853
933	904
933	916
933	917
933	926
933	938
933	939
933	941
933	945
933	947
933	950
933	960
933	973
933	980
933	987
933	988
933	991
933	998
934	91
934	132
934	139
934	201
934	241
934	303
934	347
934	380
934	504
934	563
934	576
934	588
934	623
934	631
934	682
934	690
934	732
934	739
934	743
934	753
934	774
934	796
934	816
934	823
934	847
934	851
934	875
934	888
934	895
934	901
934	907
934	954
934	966
934	971
934	972
935	11
935	56
935	124
935	337
935	375
935	518
935	558
935	561
935	598
935	731
935	744
935	759
935	785
935	791
935	811
935	827
935	830
935	841
935	848
935	884
935	886
935	890
935	891
935	897
935	903
935	925
935	941
935	955
935	961
935	968
935	979
935	981
935	983
935	989
935	994
936	103
936	362
936	478
936	581
936	617
936	660
936	691
936	699
936	738
936	741
936	749
936	797
936	804
936	818
936	820
936	824
936	835
936	842
936	845
936	857
936	859
936	867
936	874
936	876
936	877
936	889
936	927
936	929
936	931
936	946
936	950
936	976
936	990
936	995
936	999
937	293
937	441
937	590
937	661
937	699
937	704
937	718
937	742
937	751
937	777
937	798
937	809
937	813
937	814
937	844
937	854
937	856
937	871
937	883
937	887
937	895
937	922
937	932
937	948
937	953
937	959
937	967
937	969
937	970
937	991
937	992
937	995
937	996
937	997
937	1000
938	60
938	154
938	562
938	601
938	647
938	657
938	733
938	745
938	755
938	783
938	792
938	800
938	803
938	839
938	853
938	872
938	873
938	880
938	894
938	904
938	905
938	917
938	933
938	939
938	945
938	946
938	950
938	960
938	973
938	977
938	980
938	984
938	987
938	988
938	991
938	998
939	199
939	298
939	336
939	353
939	384
939	426
939	430
939	433
939	480
939	613
939	633
939	647
939	665
939	676
939	735
939	755
939	756
939	783
939	829
939	837
939	861
939	872
939	894
939	916
939	917
939	926
939	933
939	938
939	945
939	947
939	950
939	973
939	978
939	980
939	987
939	988
939	991
939	998
940	19
940	45
940	61
940	70
940	75
940	108
940	158
940	187
940	244
940	312
940	324
940	350
940	351
940	371
940	452
940	464
940	469
940	475
940	521
940	539
940	567
940	569
940	572
940	580
940	609
940	636
940	651
940	655
940	674
940	703
940	716
940	729
940	758
940	775
940	806
940	892
940	964
940	971
941	6
941	275
941	369
941	449
941	493
941	495
941	507
941	523
941	596
941	599
941	689
941	744
941	766
941	791
941	802
941	811
941	812
941	819
941	830
941	840
941	863
941	878
941	879
941	884
941	888
941	891
941	903
941	908
941	933
941	935
941	955
941	964
941	968
941	979
941	981
941	989
941	993
941	994
942	34
942	79
942	176
942	197
942	200
942	208
942	226
942	337
942	346
942	499
942	510
942	542
942	559
942	590
942	604
942	669
942	675
942	679
942	706
942	762
942	767
942	789
942	836
942	862
942	898
942	905
942	906
942	915
942	924
942	928
942	930
942	944
942	957
942	958
942	974
942	977
942	985
942	986
943	88
943	96
943	152
943	162
943	165
943	466
943	468
943	494
943	536
943	583
943	602
943	629
943	677
943	695
943	709
943	712
943	721
943	734
943	771
943	781
943	793
943	815
943	822
943	825
943	831
943	882
943	899
943	900
943	910
943	913
943	918
943	921
943	951
943	956
943	965
943	972
943	978
943	992
943	995
944	148
944	153
944	271
944	279
944	332
944	346
944	358
944	363
944	383
944	450
944	470
944	472
944	559
944	610
944	622
944	626
944	630
944	675
944	776
944	808
944	836
944	857
944	862
944	867
944	870
944	898
944	906
944	915
944	924
944	928
944	942
944	951
944	957
944	958
944	974
944	977
944	985
944	986
944	994
945	55
945	95
945	102
945	204
945	361
945	370
945	396
945	409
945	429
945	435
945	549
945	593
945	643
945	665
945	754
945	756
945	764
945	782
945	853
945	860
945	872
945	873
945	880
945	894
945	895
945	902
945	904
945	926
945	932
945	933
945	938
945	939
945	947
945	950
945	960
945	980
945	984
945	987
945	991
945	998
946	329
946	427
946	481
946	506
946	515
946	530
946	531
946	552
946	574
946	641
946	660
946	714
946	725
946	749
946	761
946	779
946	797
946	804
946	808
946	818
946	820
946	835
946	842
946	845
946	855
946	857
946	859
946	867
946	876
946	877
946	889
946	929
946	931
946	936
946	938
946	965
946	976
946	990
946	995
946	999
947	156
947	206
947	317
947	319
947	326
947	384
947	413
947	426
947	489
947	601
947	613
947	628
947	656
947	681
947	720
947	735
947	748
947	764
947	783
947	805
947	837
947	843
947	872
947	880
947	894
947	904
947	916
947	917
947	926
947	933
947	939
947	945
947	960
947	973
947	974
947	980
947	983
947	984
947	987
947	988
947	991
948	26
948	245
948	338
948	545
948	561
948	605
948	606
948	619
948	620
948	664
948	694
948	699
948	718
948	719
948	742
948	757
948	768
948	780
948	789
948	813
948	814
948	828
948	844
948	864
948	883
948	887
948	897
948	915
948	919
948	922
948	932
948	937
948	953
948	967
948	969
948	980
948	987
948	992
948	996
948	997
948	1000
949	15
949	78
949	191
949	219
949	234
949	246
949	272
949	342
949	355
949	357
949	439
949	446
949	460
949	476
949	491
949	511
949	529
949	540
949	584
949	598
949	600
949	618
949	644
949	670
949	672
949	724
949	727
949	728
949	770
949	790
949	801
949	832
949	854
949	865
949	869
949	911
949	960
949	962
949	963
949	965
949	975
949	985
950	15
950	156
950	307
950	309
950	313
950	336
950	389
950	416
950	483
950	484
950	549
950	625
950	656
950	748
950	754
950	755
950	764
950	782
950	783
950	788
950	803
950	860
950	861
950	894
950	916
950	917
950	933
950	936
950	938
950	939
950	945
950	960
950	971
950	973
950	980
950	982
950	984
950	986
950	987
950	988
950	991
950	998
951	202
951	208
951	217
951	244
951	266
951	322
951	358
951	366
951	450
951	451
951	505
951	542
951	565
951	587
951	615
951	622
951	626
951	635
951	648
951	662
951	679
951	767
951	773
951	808
951	836
951	838
951	870
951	898
951	905
951	915
951	924
951	928
951	930
951	943
951	944
951	957
951	958
951	974
951	977
951	984
951	985
951	986
952	116
952	134
952	238
952	243
952	262
952	299
952	331
952	339
952	398
952	459
952	465
952	501
952	504
952	520
952	570
952	588
952	642
952	646
952	663
952	687
952	690
952	703
952	723
952	743
952	746
952	772
952	779
952	823
952	847
952	849
952	851
952	866
952	868
952	881
952	901
952	902
952	907
952	919
952	927
952	954
952	966
952	971
953	43
953	63
953	242
953	402
953	463
953	524
953	538
953	555
953	591
953	605
953	634
953	671
953	676
953	694
953	718
953	742
953	750
953	768
953	789
953	798
953	809
953	813
953	814
953	828
953	854
953	865
953	871
953	883
953	887
953	895
953	897
953	919
953	922
953	937
953	948
953	959
953	967
953	969
953	991
953	992
953	996
953	997
953	1000
954	39
954	112
954	173
954	286
954	315
954	330
954	339
954	408
954	424
954	497
954	544
954	547
954	564
954	576
954	631
954	654
954	659
954	663
954	680
954	682
954	690
954	726
954	737
954	739
954	740
954	746
954	753
954	774
954	816
954	823
954	849
954	850
954	866
954	880
954	881
954	907
954	914
954	934
954	952
954	966
954	971
954	980
954	993
955	10
955	54
955	84
955	106
955	198
955	334
955	337
955	417
955	485
955	495
955	602
955	668
955	701
955	705
955	717
955	731
955	733
955	747
955	795
955	799
955	802
955	807
955	811
955	812
955	819
955	826
955	834
955	859
955	863
955	888
955	908
955	923
955	925
955	935
955	941
955	970
955	979
955	982
955	983
955	989
955	993
955	994
955	999
956	17
956	92
956	215
956	327
956	348
956	394
956	405
956	455
956	458
956	466
956	514
956	525
956	536
956	583
956	602
956	629
956	677
956	685
956	695
956	709
956	712
956	734
956	771
956	781
956	793
956	815
956	822
956	825
956	831
956	882
956	899
956	900
956	908
956	910
956	913
956	918
956	921
956	923
956	943
956	958
956	965
956	972
956	978
956	979
956	996
957	35
957	113
957	118
957	217
957	294
957	301
957	377
957	378
957	381
957	414
957	513
957	527
957	535
957	542
957	604
957	622
957	648
957	662
957	706
957	760
957	762
957	776
957	836
957	838
957	870
957	881
957	898
957	905
957	906
957	915
957	916
957	924
957	928
957	930
957	942
957	944
957	951
957	958
957	974
957	977
957	978
957	985
957	986
957	994
957	997
958	80
958	146
958	207
958	233
958	282
958	318
958	335
958	367
958	373
958	414
958	421
958	470
958	500
958	510
958	527
958	534
958	597
958	610
958	626
958	669
958	675
958	696
958	714
958	767
958	773
958	808
958	835
958	836
958	870
958	898
958	905
958	915
958	928
958	930
958	942
958	944
958	951
958	956
958	957
958	974
958	977
958	985
958	986
958	998
958	1000
959	48
959	137
959	143
959	149
959	159
959	406
959	437
959	517
959	545
959	565
959	568
959	616
959	637
959	652
959	661
959	688
959	694
959	719
959	742
959	751
959	757
959	768
959	780
959	789
959	798
959	805
959	813
959	814
959	828
959	854
959	864
959	871
959	887
959	895
959	897
959	910
959	919
959	932
959	937
959	953
959	967
959	969
959	992
959	996
959	997
959	1000
960	29
960	87
960	95
960	154
960	166
960	206
960	297
960	309
960	389
960	425
960	457
960	575
960	581
960	613
960	618
960	621
960	643
960	667
960	720
960	721
960	735
960	755
960	764
960	783
960	792
960	800
960	803
960	839
960	873
960	880
960	894
960	916
960	917
960	933
960	938
960	945
960	947
960	949
960	950
960	973
960	980
960	982
960	984
960	987
960	988
960	991
960	998
961	47
961	76
961	90
961	151
961	188
961	231
961	271
961	337
961	344
961	395
961	401
961	499
961	509
961	543
961	553
961	632
961	689
961	763
961	786
961	812
961	817
961	826
961	840
961	841
961	846
961	848
961	858
961	863
961	879
961	886
961	890
961	891
961	894
961	896
961	908
961	909
961	912
961	920
961	925
961	935
961	979
961	981
961	983
961	987
961	992
961	993
961	994
962	78
962	128
962	147
962	171
962	219
962	240
962	304
962	310
962	323
962	357
962	362
962	399
962	404
962	411
962	446
962	453
962	476
962	482
962	491
962	511
962	512
962	526
962	529
962	540
962	551
962	584
962	598
962	618
962	654
962	670
962	672
962	684
962	724
962	727
962	728
962	770
962	790
962	801
962	830
962	865
962	869
962	871
962	886
962	911
962	949
962	963
962	975
962	977
963	15
963	78
963	128
963	147
963	161
963	171
963	213
963	218
963	234
963	240
963	304
963	310
963	321
963	323
963	355
963	399
963	404
963	411
963	431
963	453
963	511
963	512
963	540
963	551
963	584
963	598
963	600
963	618
963	620
963	644
963	654
963	670
963	672
963	684
963	724
963	727
963	770
963	790
963	801
963	832
963	865
963	911
963	949
963	962
963	975
963	978
963	979
963	997
964	19
964	26
964	86
964	108
964	110
964	111
964	126
964	177
964	205
964	211
964	244
964	311
964	324
964	341
964	350
964	359
964	419
964	452
964	464
964	539
964	548
964	566
964	567
964	569
964	572
964	580
964	608
964	609
964	636
964	645
964	655
964	666
964	674
964	703
964	711
964	716
964	729
964	736
964	758
964	806
964	810
964	833
964	878
964	886
964	892
964	893
964	901
964	940
964	941
964	969
965	17
965	83
965	88
965	101
965	129
965	135
965	152
965	165
965	214
965	391
965	394
965	444
965	455
965	468
965	490
965	494
965	501
965	514
965	525
965	573
965	629
965	677
965	685
965	695
965	709
965	712
965	734
965	770
965	771
965	781
965	793
965	815
965	822
965	825
965	831
965	842
965	882
965	899
965	900
965	910
965	913
965	918
965	921
965	926
965	943
965	946
965	949
965	956
965	972
965	978
966	114
966	116
966	243
966	259
966	270
966	290
966	299
966	315
966	331
966	343
966	349
966	368
966	467
966	564
966	570
966	586
966	623
966	631
966	632
966	639
966	642
966	650
966	658
966	659
966	663
966	683
966	690
966	698
966	722
966	723
966	726
966	737
966	753
966	780
966	794
966	816
966	843
966	847
966	849
966	850
966	866
966	901
966	903
966	907
966	914
966	927
966	928
966	934
966	952
966	954
966	971
966	977
967	67
967	73
967	268
967	305
967	420
967	441
967	456
967	461
967	503
967	516
967	538
967	555
967	561
967	568
967	594
967	616
967	620
967	627
967	664
967	688
967	694
967	699
967	718
967	719
967	728
967	780
967	789
967	809
967	814
967	827
967	828
967	844
967	856
967	864
967	883
967	887
967	895
967	897
967	919
967	922
967	932
967	937
967	948
967	953
967	959
967	969
967	978
967	992
967	996
967	997
967	998
967	1000
968	54
968	57
968	90
968	393
968	427
968	495
968	507
968	508
968	509
968	518
968	523
968	553
968	559
968	579
968	589
968	633
968	678
968	692
968	715
968	717
968	774
968	778
968	784
968	802
968	807
968	819
968	826
968	841
968	846
968	848
968	852
968	863
968	879
968	884
968	886
968	890
968	909
968	912
968	915
968	923
968	929
968	935
968	941
968	970
968	977
968	979
968	981
968	982
968	983
968	989
968	993
968	994
969	31
969	73
969	109
969	122
969	149
969	235
969	264
969	268
969	305
969	433
969	473
969	485
969	503
969	524
969	566
969	590
969	592
969	606
969	619
969	637
969	649
969	664
969	688
969	693
969	694
969	704
969	751
969	768
969	777
969	780
969	798
969	809
969	813
969	814
969	844
969	854
969	856
969	871
969	897
969	899
969	919
969	922
969	932
969	937
969	948
969	953
969	959
969	964
969	967
969	992
969	996
969	997
969	1000
970	68
970	82
970	85
970	131
970	209
970	254
970	267
970	314
970	372
970	393
970	499
970	507
970	599
970	607
970	653
970	668
970	705
970	715
970	733
970	743
970	759
970	766
970	778
970	786
970	799
970	811
970	826
970	834
970	852
970	858
970	863
970	884
970	885
970	886
970	890
970	891
970	896
970	903
970	908
970	909
970	912
970	919
970	925
970	937
970	955
970	968
970	973
970	979
970	981
970	982
970	983
970	985
970	989
970	994
971	38
971	77
971	91
971	121
971	201
971	241
971	256
971	315
971	330
971	347
971	360
971	465
971	541
971	544
971	547
971	563
971	571
971	588
971	639
971	642
971	646
971	659
971	671
971	682
971	683
971	690
971	722
971	726
971	732
971	743
971	752
971	796
971	823
971	843
971	850
971	851
971	866
971	868
971	875
971	883
971	901
971	902
971	907
971	914
971	927
971	934
971	940
971	950
971	952
971	954
971	966
971	974
971	978
971	999
972	17
972	62
972	81
972	92
972	98
972	129
972	135
972	162
972	214
972	215
972	283
972	327
972	348
972	391
972	405
972	458
972	466
972	490
972	494
972	501
972	514
972	530
972	536
972	573
972	583
972	602
972	629
972	677
972	685
972	695
972	709
972	734
972	771
972	781
972	793
972	811
972	815
972	822
972	825
972	831
972	838
972	882
972	899
972	900
972	901
972	910
972	913
972	918
972	921
972	934
972	943
972	956
972	965
972	978
972	990
973	14
973	32
973	64
973	87
973	181
973	196
973	309
973	413
973	435
973	448
973	549
973	562
973	575
973	580
973	611
973	613
973	621
973	638
973	640
973	657
973	667
973	721
973	730
973	735
973	753
973	756
973	764
973	782
973	783
973	787
973	788
973	792
973	803
973	805
973	837
973	839
973	853
973	860
973	861
973	872
973	880
973	916
973	917
973	926
973	933
973	938
973	939
973	947
973	950
973	960
973	970
973	980
973	982
973	984
973	987
973	988
973	991
973	998
974	9
974	72
974	118
974	141
974	148
974	176
974	197
974	225
974	259
974	301
974	318
974	326
974	332
974	366
974	414
974	447
974	451
974	462
974	470
974	488
974	505
974	534
974	535
974	542
974	587
974	604
974	610
974	630
974	635
974	648
974	662
974	669
974	696
974	706
974	762
974	767
974	776
974	808
974	838
974	844
974	870
974	887
974	898
974	906
974	915
974	924
974	928
974	930
974	942
974	944
974	947
974	951
974	957
974	958
974	971
974	977
974	985
974	986
975	16
975	147
975	157
975	171
975	191
975	213
975	218
975	219
975	234
975	240
975	246
975	272
975	304
975	321
975	355
975	357
975	362
975	399
975	404
975	411
975	431
975	439
975	446
975	460
975	476
975	482
975	491
975	511
975	512
975	526
975	529
975	540
975	551
975	584
975	598
975	600
975	618
975	625
975	644
975	648
975	654
975	670
975	672
975	684
975	724
975	727
975	770
975	790
975	801
975	832
975	865
975	869
975	876
975	884
975	909
975	911
975	949
975	962
975	963
975	991
976	33
976	183
976	276
976	312
976	361
976	388
976	390
976	400
976	403
976	431
976	438
976	445
976	478
976	481
976	498
976	515
976	531
976	552
976	560
976	578
976	581
976	603
976	614
976	617
976	673
976	691
976	714
976	725
976	738
976	741
976	761
976	769
976	779
976	797
976	803
976	804
976	818
976	820
976	824
976	835
976	842
976	845
976	855
976	857
976	859
976	867
976	874
976	876
976	877
976	889
976	896
976	897
976	921
976	929
976	931
976	936
976	946
976	990
976	995
976	996
976	997
976	999
977	18
977	46
977	71
977	148
977	167
977	175
977	197
977	217
977	261
977	266
977	278
977	308
977	320
977	322
977	335
977	346
977	358
977	359
977	363
977	367
977	383
977	412
977	447
977	472
977	488
977	535
977	559
977	587
977	622
977	626
977	635
977	648
977	662
977	669
977	679
977	696
977	702
977	744
977	767
977	836
977	862
977	870
977	898
977	905
977	906
977	915
977	924
977	928
977	930
977	938
977	942
977	944
977	951
977	957
977	958
977	962
977	966
977	968
977	974
977	985
977	986
977	1000
978	62
978	81
978	83
978	92
978	96
978	98
978	101
978	129
978	135
978	152
978	165
978	214
978	215
978	283
978	295
978	348
978	377
978	391
978	394
978	405
978	444
978	455
978	458
978	466
978	468
978	490
978	494
978	514
978	525
978	536
978	573
978	583
978	602
978	629
978	677
978	685
978	695
978	709
978	712
978	734
978	771
978	781
978	793
978	815
978	822
978	825
978	831
978	882
978	899
978	900
978	910
978	913
978	918
978	921
978	939
978	943
978	956
978	957
978	963
978	965
978	967
978	971
978	972
979	10
979	25
979	30
979	50
979	53
979	65
979	174
979	269
979	285
979	328
979	427
979	477
979	507
979	509
979	550
979	558
979	579
979	607
979	632
979	638
979	678
979	689
979	701
979	705
979	717
979	731
979	749
979	784
979	795
979	802
979	807
979	821
979	826
979	841
979	846
979	848
979	852
979	858
979	879
979	884
979	886
979	888
979	890
979	891
979	896
979	899
979	903
979	923
979	928
979	935
979	941
979	955
979	956
979	961
979	963
979	968
979	970
979	981
979	982
979	983
979	989
979	993
979	994
979	999
980	12
980	22
980	29
980	130
980	133
980	168
980	316
980	317
980	352
980	353
980	364
980	365
980	386
980	416
980	429
980	480
980	484
980	489
980	611
980	615
980	621
980	625
980	640
980	657
980	676
980	681
980	710
980	720
980	721
980	738
980	748
980	754
980	755
980	756
980	788
980	829
980	837
980	839
980	852
980	853
980	855
980	860
980	861
980	872
980	873
980	894
980	916
980	917
980	926
980	933
980	938
980	939
980	945
980	947
980	948
980	950
980	954
980	960
980	973
980	984
980	987
980	988
980	991
980	998
981	21
981	30
981	66
981	68
981	119
981	182
981	194
981	195
981	220
981	267
981	281
981	285
981	318
981	344
981	375
981	392
981	393
981	395
981	427
981	432
981	440
981	443
981	449
981	485
981	518
981	557
981	579
981	589
981	595
981	599
981	624
981	692
981	715
981	731
981	733
981	747
981	763
981	768
981	786
981	787
981	791
981	812
981	821
981	827
981	840
981	841
981	846
981	847
981	848
981	876
981	888
981	920
981	935
981	941
981	961
981	968
981	970
981	979
981	982
981	983
981	985
981	989
981	991
981	993
981	994
982	11
982	30
982	36
982	44
982	49
982	57
982	59
982	257
982	265
982	269
982	397
982	485
982	496
982	509
982	550
982	557
982	558
982	560
982	564
982	579
982	607
982	678
982	697
982	701
982	705
982	713
982	744
982	747
982	763
982	766
982	784
982	786
982	795
982	811
982	812
982	834
982	840
982	841
982	846
982	848
982	852
982	860
982	879
982	885
982	888
982	890
982	896
982	903
982	904
982	908
982	909
982	923
982	925
982	950
982	955
982	960
982	968
982	970
982	973
982	979
982	981
982	983
982	989
982	993
982	994
983	23
983	44
983	84
983	99
983	131
983	190
983	203
983	236
983	275
983	314
983	328
983	393
983	432
983	440
983	526
983	550
983	557
983	633
983	653
983	678
983	683
983	692
983	701
983	713
983	717
983	733
983	744
983	747
983	763
983	778
983	786
983	787
983	791
983	802
983	807
983	817
983	821
983	826
983	827
983	834
983	841
983	848
983	852
983	879
983	884
983	885
983	888
983	890
983	891
983	894
983	908
983	909
983	912
983	920
983	923
983	925
983	935
983	947
983	955
983	961
983	968
983	970
983	979
983	981
983	982
983	993
983	994
984	198
984	225
984	230
984	248
984	249
984	277
984	297
984	302
984	325
984	370
984	384
984	385
984	386
984	415
984	435
984	486
984	502
984	522
984	546
984	554
984	575
984	593
984	601
984	628
984	652
984	657
984	667
984	710
984	721
984	745
984	748
984	754
984	761
984	764
984	783
984	788
984	792
984	800
984	803
984	805
984	829
984	837
984	839
984	843
984	847
984	853
984	860
984	872
984	873
984	880
984	894
984	905
984	911
984	916
984	917
984	926
984	938
984	945
984	947
984	950
984	951
984	960
984	973
984	980
984	987
984	988
984	991
984	998
985	7
985	34
985	35
985	46
985	141
985	146
985	153
985	167
985	170
985	176
985	207
985	252
985	282
985	294
985	318
985	322
985	332
985	335
985	363
985	377
985	378
985	381
985	409
985	412
985	414
985	421
985	447
985	450
985	451
985	472
985	505
985	510
985	522
985	527
985	534
985	587
985	597
985	604
985	622
985	626
985	635
985	675
985	679
985	696
985	702
985	760
985	762
985	776
985	837
985	838
985	862
985	870
985	872
985	898
985	905
985	906
985	915
985	928
985	930
985	942
985	944
985	949
985	951
985	957
985	958
985	970
985	974
985	977
985	981
985	986
985	990
985	997
986	7
986	46
986	71
986	79
986	80
986	103
986	115
986	146
986	208
986	228
986	252
986	255
986	261
986	279
986	282
986	301
986	320
986	326
986	332
986	346
986	359
986	366
986	367
986	377
986	378
986	421
986	450
986	462
986	470
986	488
986	505
986	510
986	513
986	534
986	535
986	597
986	604
986	610
986	622
986	630
986	648
986	662
986	669
986	695
986	696
986	700
986	760
986	762
986	767
986	773
986	776
986	808
986	810
986	830
986	836
986	838
986	862
986	870
986	898
986	906
986	915
986	921
986	924
986	928
986	930
986	942
986	944
986	950
986	951
986	957
986	958
986	974
986	977
986	985
987	1
987	133
987	142
987	150
987	204
987	248
987	278
987	302
987	307
987	309
987	310
987	313
987	384
987	396
987	409
987	413
987	415
987	426
987	430
987	448
987	457
987	469
987	483
987	484
987	486
987	502
987	532
987	546
987	593
987	611
987	613
987	621
987	625
987	638
987	647
987	667
987	681
987	710
987	720
987	721
987	735
987	745
987	748
987	755
987	782
987	784
987	788
987	800
987	805
987	829
987	837
987	839
987	860
987	861
987	872
987	880
987	894
987	896
987	904
987	916
987	926
987	933
987	938
987	939
987	945
987	947
987	948
987	950
987	960
987	961
987	973
987	980
987	984
987	988
987	991
987	998
987	999
988	40
988	95
988	123
988	133
988	150
988	166
988	181
988	199
988	204
988	237
988	249
988	317
988	319
988	333
988	352
988	353
988	386
988	415
988	430
988	474
988	480
988	483
988	486
988	519
988	546
988	554
988	562
988	585
988	593
988	628
988	643
988	647
988	652
988	657
988	676
988	689
988	710
988	720
988	730
988	735
988	745
988	748
988	754
988	755
988	764
988	782
988	792
988	800
988	803
988	805
988	813
988	827
988	829
988	832
988	839
988	853
988	860
988	872
988	880
988	894
988	904
988	916
988	917
988	918
988	926
988	931
988	933
988	938
988	939
988	947
988	950
988	960
988	973
988	980
988	984
988	987
988	991
988	993
988	998
989	16
989	20
989	21
989	23
989	37
989	47
989	53
989	69
989	76
989	119
989	187
989	209
989	269
989	298
989	314
989	345
989	364
989	387
989	395
989	401
989	432
989	477
989	495
989	499
989	595
989	633
989	649
989	668
989	697
989	705
989	713
989	715
989	759
989	763
989	766
989	777
989	784
989	785
989	786
989	787
989	791
989	795
989	819
989	821
989	826
989	834
989	839
989	840
989	848
989	852
989	856
989	857
989	858
989	863
989	879
989	884
989	885
989	886
989	888
989	890
989	891
989	896
989	903
989	906
989	908
989	909
989	917
989	920
989	923
989	932
989	935
989	941
989	955
989	968
989	970
989	979
989	981
989	982
989	993
989	994
990	33
990	41
990	51
990	100
990	136
990	144
990	174
990	184
990	185
990	223
990	229
990	250
990	253
990	263
990	329
990	356
990	361
990	388
990	390
990	400
990	403
990	407
990	428
990	438
990	445
990	454
990	471
990	478
990	481
990	487
990	506
990	515
990	530
990	531
990	552
990	556
990	574
990	578
990	589
990	603
990	614
990	617
990	641
990	660
990	668
990	673
990	691
990	714
990	725
990	738
990	741
990	749
990	761
990	769
990	779
990	797
990	804
990	818
990	820
990	824
990	835
990	842
990	845
990	855
990	857
990	859
990	867
990	874
990	876
990	877
990	882
990	889
990	890
990	929
990	931
990	936
990	946
990	972
990	976
990	985
990	995
990	999
990	1000
991	14
991	40
991	60
991	87
991	94
991	102
991	107
991	130
991	150
991	156
991	210
991	316
991	319
991	352
991	365
991	389
991	396
991	415
991	425
991	426
991	429
991	430
991	434
991	457
991	474
991	502
991	562
991	575
991	585
991	593
991	625
991	628
991	638
991	643
991	652
991	656
991	681
991	710
991	716
991	720
991	745
991	748
991	754
991	756
991	764
991	782
991	783
991	788
991	792
991	794
991	800
991	805
991	820
991	829
991	837
991	839
991	853
991	860
991	861
991	872
991	873
991	903
991	904
991	916
991	917
991	926
991	933
991	937
991	938
991	939
991	945
991	947
991	950
991	953
991	960
991	973
991	975
991	980
991	981
991	984
991	987
991	988
991	998
992	10
992	31
992	43
992	89
992	122
992	125
992	161
992	163
992	216
992	260
992	274
992	280
992	287
992	288
992	338
992	402
992	406
992	420
992	473
992	503
992	524
992	528
992	538
992	555
992	568
992	582
992	590
992	592
992	594
992	605
992	606
992	619
992	620
992	627
992	634
992	637
992	650
992	664
992	688
992	694
992	699
992	704
992	718
992	719
992	742
992	750
992	751
992	757
992	768
992	777
992	780
992	785
992	789
992	793
992	798
992	809
992	813
992	814
992	828
992	844
992	854
992	864
992	871
992	873
992	883
992	887
992	891
992	895
992	897
992	919
992	922
992	932
992	937
992	943
992	948
992	953
992	959
992	961
992	967
992	969
992	996
992	997
992	1000
993	6
993	54
993	56
993	59
993	90
993	124
993	164
993	188
993	193
993	265
993	275
993	314
993	334
993	368
993	372
993	395
993	417
993	418
993	423
993	432
993	477
993	493
993	523
993	537
993	557
993	607
993	632
993	633
993	653
993	668
993	680
993	689
993	691
993	692
993	697
993	715
993	717
993	731
993	734
993	747
993	766
993	784
993	785
993	787
993	791
993	795
993	799
993	802
993	807
993	812
993	817
993	819
993	821
993	835
993	840
993	846
993	848
993	858
993	884
993	885
993	886
993	890
993	891
993	896
993	898
993	903
993	908
993	909
993	912
993	920
993	923
993	925
993	941
993	954
993	955
993	961
993	968
993	979
993	981
993	982
993	983
993	988
993	989
993	994
994	2
994	36
994	42
994	57
994	99
994	127
994	140
994	164
994	188
994	195
994	239
994	281
994	328
994	364
994	374
994	397
994	401
994	422
994	423
994	429
994	449
994	477
994	493
994	518
994	523
994	553
994	579
994	599
994	649
994	668
994	678
994	689
994	701
994	705
994	719
994	744
994	759
994	763
994	783
994	784
994	785
994	786
994	787
994	791
994	807
994	811
994	817
994	821
994	824
994	826
994	827
994	834
994	840
994	848
994	851
994	858
994	879
994	884
994	885
994	886
994	888
994	890
994	891
994	896
994	903
994	908
994	909
994	912
994	920
994	923
994	925
994	935
994	941
994	944
994	955
994	957
994	961
994	968
994	970
994	979
994	981
994	982
994	983
994	989
994	993
995	4
995	41
995	51
995	100
995	155
995	172
995	178
995	184
995	185
995	190
995	206
995	223
995	229
995	250
995	263
995	276
995	312
995	329
995	356
995	361
995	388
995	400
995	403
995	407
995	428
995	438
995	445
995	454
995	471
995	487
995	498
995	506
995	515
995	530
995	531
995	552
995	556
995	560
995	574
995	578
995	581
995	596
995	603
995	614
995	617
995	641
995	660
995	673
995	691
995	714
995	725
995	738
995	741
995	749
995	761
995	762
995	769
995	779
995	797
995	804
995	818
995	820
995	824
995	835
995	842
995	845
995	855
995	857
995	859
995	864
995	867
995	874
995	876
995	877
995	889
995	919
995	921
995	929
995	931
995	936
995	937
995	943
995	946
995	976
995	990
995	999
996	3
996	28
996	63
996	67
996	89
996	97
996	109
996	117
996	122
996	125
996	137
996	145
996	159
996	179
996	232
996	247
996	264
996	273
996	274
996	280
996	287
996	291
996	305
996	327
996	340
996	406
996	410
996	433
996	441
996	456
996	463
996	479
996	528
996	533
996	545
996	554
996	557
996	561
996	582
996	590
996	591
996	592
996	594
996	612
996	616
996	619
996	627
996	634
996	637
996	664
996	688
996	693
996	699
996	709
996	742
996	750
996	757
996	768
996	777
996	780
996	786
996	789
996	798
996	809
996	813
996	814
996	828
996	844
996	854
996	856
996	858
996	863
996	864
996	871
996	883
996	887
996	895
996	897
996	919
996	922
996	932
996	937
996	948
996	953
996	956
996	959
996	967
996	969
996	976
996	992
996	997
996	1000
997	3
997	28
997	43
997	48
997	67
997	123
997	143
997	145
997	159
997	163
997	212
997	216
997	221
997	232
997	260
997	264
997	280
997	288
997	291
997	293
997	305
997	340
997	402
997	406
997	410
997	433
997	456
997	463
997	503
997	516
997	524
997	528
997	533
997	555
997	568
997	582
997	590
997	591
997	594
997	605
997	612
997	619
997	620
997	634
997	661
997	664
997	688
997	693
997	694
997	699
997	704
997	718
997	719
997	750
997	751
997	757
997	768
997	776
997	777
997	780
997	798
997	809
997	813
997	814
997	828
997	837
997	854
997	856
997	864
997	870
997	871
997	883
997	886
997	887
997	895
997	897
997	919
997	922
997	932
997	937
997	948
997	953
997	957
997	959
997	963
997	967
997	969
997	976
997	985
997	992
997	996
997	1000
998	12
998	29
998	32
998	40
998	55
998	60
998	75
998	102
998	107
998	123
998	142
998	160
998	168
998	230
998	237
998	249
998	297
998	302
998	307
998	325
998	336
998	353
998	370
998	385
998	386
998	420
998	425
998	434
998	457
998	474
998	480
998	483
998	489
998	502
998	532
998	549
998	550
998	554
998	562
998	585
998	601
998	621
998	628
998	638
998	643
998	652
998	656
998	657
998	676
998	681
998	718
998	720
998	721
998	730
998	745
998	748
998	756
998	782
998	783
998	788
998	792
998	800
998	803
998	805
998	823
998	837
998	839
998	845
998	853
998	861
998	873
998	877
998	880
998	894
998	904
998	916
998	917
998	926
998	933
998	938
998	939
998	945
998	950
998	958
998	960
998	967
998	973
998	980
998	984
998	987
998	988
998	991
998	1000
999	4
999	33
999	41
999	51
999	100
999	103
999	136
999	144
999	155
999	172
999	178
999	183
999	184
999	185
999	190
999	223
999	229
999	250
999	253
999	276
999	306
999	312
999	329
999	342
999	356
999	388
999	390
999	400
999	403
999	407
999	428
999	438
999	445
999	454
999	471
999	478
999	481
999	487
999	498
999	506
999	515
999	530
999	531
999	552
999	556
999	560
999	574
999	578
999	581
999	603
999	614
999	617
999	641
999	660
999	669
999	673
999	691
999	714
999	725
999	738
999	741
999	749
999	761
999	769
999	779
999	797
999	804
999	818
999	820
999	824
999	835
999	842
999	845
999	855
999	857
999	859
999	867
999	874
999	876
999	877
999	889
999	911
999	914
999	920
999	929
999	931
999	936
999	946
999	955
999	971
999	976
999	979
999	987
999	990
999	995
1000	2
1000	3
1000	13
1000	31
1000	48
1000	63
1000	64
1000	73
1000	109
1000	117
1000	125
1000	145
1000	163
1000	179
1000	232
1000	235
1000	242
1000	245
1000	247
1000	260
1000	273
1000	291
1000	293
1000	340
1000	402
1000	410
1000	420
1000	437
1000	456
1000	473
1000	492
1000	503
1000	516
1000	524
1000	528
1000	545
1000	561
1000	582
1000	588
1000	592
1000	594
1000	605
1000	606
1000	612
1000	616
1000	619
1000	627
1000	637
1000	661
1000	688
1000	693
1000	694
1000	699
1000	704
1000	718
1000	719
1000	750
1000	751
1000	757
1000	777
1000	780
1000	789
1000	798
1000	809
1000	813
1000	814
1000	828
1000	844
1000	846
1000	854
1000	856
1000	864
1000	871
1000	883
1000	885
1000	887
1000	893
1000	895
1000	897
1000	919
1000	922
1000	925
1000	932
1000	937
1000	948
1000	953
1000	958
1000	959
1000	967
1000	969
1000	977
1000	990
1000	992
1000	996
1000	997
1000	998
