1	558
1	835
1	848
2	692
2	803
2	920
3	530
3	910
3	1000
4	949
4	977
4	978
5	389
5	990
5	991
6	348
6	978
6	998
7	808
7	949
7	998
8	478
8	929
8	978
9	411
9	947
9	990
10	292
10	304
10	947
11	957
11	988
11	991
12	976
12	995
12	997
13	910
13	924
13	1000
14	826
14	928
14	973
15	884
15	946
15	1000
16	35
16	971
16	988
17	333
17	906
17	1000
18	394
18	958
18	980
19	373
19	505
19	999
20	566
20	613
20	1000
21	788
21	979
21	982
22	655
22	939
22	968
23	112
23	823
23	990
24	683
24	907
24	1000
25	855
25	970
25	998
26	891
26	987
26	996
27	941
27	966
27	981
28	888
28	976
28	995
29	917
29	966
29	981
30	366
30	691
30	942
31	466
31	480
31	845
32	858
32	958
32	983
33	737
33	910
33	1000
34	947
34	984
34	996
35	16
35	670
35	963
36	290
36	809
36	880
37	958
37	980
37	983
38	964
38	968
38	969
39	918
39	966
39	981
40	487
40	962
40	969
41	948
41	984
41	993
42	869
42	986
42	994
43	955
43	988
43	999
44	58
44	972
44	998
45	988
45	992
45	994
46	884
46	897
46	910
47	759
47	907
47	996
48	955
48	982
48	988
49	332
49	361
49	805
50	132
50	959
50	997
51	739
51	973
51	990
52	703
52	973
52	990
53	653
53	946
53	999
54	731
54	989
54	991
55	538
55	805
55	975
56	903
56	968
56	969
57	723
57	948
57	964
58	44
58	532
58	631
59	642
59	869
59	922
60	758
60	941
60	981
61	469
61	907
61	1000
62	932
62	962
62	998
63	540
63	962
63	969
64	752
64	858
64	891
65	673
65	928
65	989
66	980
66	994
66	999
67	859
67	938
67	965
68	930
68	937
68	979
69	867
69	938
69	965
70	933
70	980
70	983
71	976
71	995
71	997
72	888
72	995
72	997
73	574
73	982
73	992
74	335
74	976
74	997
75	914
75	980
75	983
76	661
76	926
76	971
77	972
77	977
77	998
78	748
78	989
78	994
79	791
79	967
79	1000
80	903
80	915
80	962
81	443
81	822
81	972
82	591
82	968
82	969
83	924
83	967
83	1000
84	596
84	941
84	981
85	974
85	988
85	994
86	745
86	989
86	990
87	901
87	987
87	996
88	982
88	992
88	999
89	877
89	976
89	997
90	546
90	737
90	1000
91	753
91	817
91	996
92	929
92	949
92	977
93	514
93	964
93	969
94	947
94	989
94	990
95	938
95	963
95	985
96	851
96	984
96	993
97	853
97	966
97	981
98	720
98	972
98	998
99	826
99	977
99	998
100	919
100	995
100	997
101	943
101	974
101	992
102	927
102	939
102	964
103	974
103	988
103	999
104	867
104	908
104	999
105	498
105	934
105	985
106	598
106	810
106	960
107	867
107	971
107	985
108	951
108	972
108	998
109	668
109	731
109	968
110	987
110	993
110	996
111	749
111	894
111	980
112	23
112	898
112	989
113	974
113	986
113	994
114	749
114	995
114	997
115	873
115	973
115	990
116	960
116	965
116	996
117	782
117	980
117	983
118	835
118	882
118	990
119	878
119	953
119	977
120	966
120	970
120	998
121	544
121	963
121	985
122	571
122	995
122	997
123	263
123	861
123	993
124	918
124	966
124	981
125	917
125	941
125	981
126	280
126	348
126	771
127	158
127	881
127	986
128	921
128	956
128	980
129	864
129	959
129	996
130	539
130	966
130	981
131	759
131	959
131	984
132	50
132	987
132	993
133	830
133	995
133	997
134	476
134	979
134	999
135	727
135	938
135	985
136	738
136	933
136	997
137	941
137	945
137	981
138	987
138	993
138	996
139	584
139	730
139	969
140	411
140	915
140	1000
141	734
141	971
141	985
142	326
142	449
142	898
143	673
143	970
143	998
144	723
144	962
144	968
145	364
145	367
145	844
146	742
146	995
146	997
147	542
147	926
147	985
148	915
148	986
148	1000
149	958
149	987
149	993
150	765
150	992
150	999
151	894
151	956
151	980
152	644
152	979
152	988
153	966
153	981
153	990
154	945
154	966
154	981
155	841
155	931
155	940
156	880
156	966
156	981
157	760
157	920
157	983
158	127
158	747
158	882
159	663
159	968
159	969
160	304
160	956
160	993
161	976
161	995
161	997
162	859
162	936
162	960
163	456
163	977
163	987
164	887
164	984
164	996
165	707
165	939
165	962
166	912
166	956
166	983
167	928
167	942
167	991
168	982
168	994
168	996
169	936
169	963
169	985
170	817
170	861
170	996
171	831
171	902
171	967
172	889
172	911
172	981
173	919
173	995
173	997
174	825
174	876
174	942
175	957
175	975
175	989
176	908
176	988
176	994
177	818
177	874
177	997
178	974
178	994
178	999
179	744
179	995
179	997
180	895
180	989
180	991
181	894
181	980
181	983
182	829
182	907
182	915
183	894
183	978
183	998
184	615
184	984
184	996
185	194
185	721
185	950
186	821
186	897
186	1000
187	382
187	981
187	997
188	674
188	823
188	957
189	982
189	994
189	999
190	490
190	836
190	946
191	712
191	860
191	986
192	525
192	960
192	963
193	930
193	994
193	999
194	185
194	229
194	840
195	799
195	972
195	998
196	939
196	964
196	969
197	405
197	984
197	996
198	656
198	980
198	983
199	654
199	870
199	969
200	504
200	993
200	996
201	740
201	993
201	996
202	632
202	959
202	987
203	976
203	995
203	997
204	953
204	972
204	998
205	805
205	986
205	989
206	950
206	968
206	991
207	569
207	700
207	746
208	972
208	978
208	998
209	417
209	995
209	997
210	935
210	984
210	987
211	663
211	716
211	999
212	970
212	972
212	998
213	974
213	992
213	999
214	858
214	920
214	983
215	431
215	928
215	951
216	880
216	922
216	971
217	509
217	984
217	996
218	831
218	931
218	985
219	982
219	988
219	992
220	929
220	970
220	977
221	317
221	959
221	996
222	931
222	934
222	982
223	282
223	912
223	980
224	799
224	980
224	983
225	727
225	940
225	985
226	932
226	953
226	970
227	884
227	907
227	1000
228	923
228	995
228	997
229	194
229	380
229	882
230	603
230	982
230	994
231	390
231	946
231	1000
232	974
232	982
232	988
233	941
233	966
233	981
234	493
234	986
234	990
235	536
235	990
235	991
236	941
236	966
236	981
237	690
237	967
237	1000
238	944
238	955
238	992
239	908
239	913
239	988
240	561
240	987
240	996
241	320
241	927
241	968
242	724
242	949
242	998
243	949
243	972
243	998
244	977
244	998
244	999
245	676
245	876
245	989
246	376
246	423
246	957
247	833
247	994
247	999
248	686
248	976
248	997
249	944
249	947
249	990
250	619
250	918
250	987
251	359
251	899
251	969
252	818
252	896
252	948
253	937
253	982
253	988
254	933
254	992
254	995
255	993
255	995
255	997
256	918
256	945
256	981
257	970
257	972
257	998
258	791
258	906
258	1000
259	462
259	935
259	984
260	976
260	995
260	997
261	576
261	995
261	997
262	977
262	979
262	998
263	123
263	984
263	993
264	961
264	977
264	998
265	917
265	945
265	981
266	934
266	960
266	965
267	731
267	782
267	957
268	936
268	955
268	985
269	338
269	894
269	940
270	947
270	966
270	981
271	773
271	950
271	986
272	978
272	993
272	998
273	650
273	973
273	984
274	776
274	937
274	992
275	357
275	914
275	983
276	708
276	950
276	990
277	651
277	995
277	997
278	811
278	924
278	1000
279	912
279	913
279	980
280	126
280	974
280	999
281	815
281	957
281	991
282	223
282	920
282	958
283	712
283	846
283	991
284	976
284	995
284	997
285	654
285	899
285	968
286	923
286	933
286	995
286	997
287	748
287	905
287	950
287	990
288	884
288	910
288	946
288	1000
289	953
289	970
289	972
289	998
290	36
290	683
290	777
290	975
291	350
291	626
291	918
291	981
292	10
292	467
292	925
292	991
293	377
293	945
293	966
293	981
294	851
294	938
294	971
294	985
295	899
295	939
295	962
295	964
296	722
296	935
296	987
296	993
297	681
297	927
297	968
297	969
298	868
298	923
298	977
298	995
299	356
299	811
299	967
299	1000
300	743
300	928
300	975
300	990
301	888
301	919
301	976
301	997
302	849
302	949
302	972
302	998
303	931
303	960
303	965
303	985
304	10
304	160
304	922
304	991
305	651
305	892
305	922
305	995
306	883
306	968
306	969
306	991
307	340
307	992
307	994
307	999
308	364
308	849
308	953
308	998
309	633
309	877
309	995
309	997
310	944
310	974
310	979
310	999
311	914
311	977
311	980
311	983
312	320
312	927
312	962
312	969
313	902
313	936
313	963
313	971
314	803
314	911
314	966
314	981
315	911
315	945
315	966
315	981
316	970
316	972
316	978
316	998
317	221
317	760
317	910
317	1000
318	919
318	974
318	994
318	999
319	783
319	907
319	924
319	1000
320	241
320	312
320	962
320	964
321	815
321	831
321	931
321	936
322	695
322	769
322	965
322	985
323	605
323	840
323	873
323	993
324	897
324	915
324	967
324	1000
325	754
325	829
325	864
325	906
326	142
326	792
326	942
326	989
327	848
327	948
327	984
327	987
328	913
328	921
328	980
328	983
329	806
329	924
329	967
329	1000
330	896
330	984
330	987
330	993
331	661
331	812
331	944
331	988
332	49
332	952
332	986
332	991
333	17
333	915
333	967
333	1000
334	907
334	924
334	996
334	1000
335	74
335	919
335	995
335	997
336	913
336	958
336	980
336	983
337	795
337	959
337	984
337	996
338	269
338	790
338	902
338	960
339	777
339	974
339	994
339	999
340	307
340	982
340	992
340	999
341	739
341	821
341	967
341	1000
342	835
342	848
342	982
342	991
343	839
343	927
343	939
343	962
344	921
344	956
344	980
344	983
345	435
345	780
345	975
345	989
346	882
346	928
346	989
346	991
347	800
347	897
347	909
347	1000
348	6
348	126
348	575
348	892
349	970
349	972
349	978
349	998
350	291
350	972
350	977
350	978
351	878
351	915
351	967
351	1000
352	839
352	903
352	962
352	969
353	705
353	775
353	879
353	983
354	745
354	933
354	976
354	997
355	879
355	926
355	938
355	985
356	299
356	428
356	884
356	1000
357	275
357	560
357	980
357	983
358	382
358	795
358	995
358	997
359	251
359	674
359	964
359	969
360	465
360	951
360	952
360	991
361	49
361	925
361	950
361	961
362	898
362	975
362	977
362	989
363	942
363	984
363	987
363	996
364	145
364	308
364	829
364	910
365	917
365	941
365	945
365	981
366	30
366	840
366	973
366	990
367	145
367	924
367	946
367	967
368	984
368	987
368	993
368	996
369	955
369	982
369	988
369	999
370	904
370	980
370	992
370	999
371	397
371	974
371	979
371	999
372	948
372	984
372	987
372	993
373	19
373	944
373	992
373	999
374	564
374	970
374	977
374	998
375	825
375	928
375	942
375	973
376	246
376	947
376	952
376	990
377	293
377	982
377	994
377	999
378	934
378	940
378	963
378	985
379	642
379	712
379	748
379	973
380	229
380	386
380	848
380	916
381	936
381	960
381	971
381	985
382	187
382	358
382	995
382	997
383	938
383	960
383	965
383	971
384	576
384	894
384	958
384	980
385	976
385	984
385	995
385	997
386	380
386	748
386	952
386	991
387	742
387	919
387	932
387	997
388	701
388	931
388	960
388	965
389	5
389	865
389	932
389	998
390	231
390	864
390	967
390	1000
391	786
391	940
391	971
391	986
392	599
392	949
392	970
392	998
393	953
393	972
393	977
393	1000
394	18
394	935
394	980
394	983
395	817
395	948
395	993
395	996
396	917
396	918
396	966
396	981
397	371
397	813
397	943
397	988
398	721
398	777
398	850
398	991
399	936
399	939
399	960
399	963
400	909
400	946
400	967
400	1000
401	487
401	927
401	962
401	964
402	817
402	917
402	945
402	966
403	797
403	922
403	990
403	992
404	929
404	932
404	977
404	998
405	197
405	699
405	984
405	996
406	571
406	919
406	976
406	997
407	944
407	954
407	979
407	999
408	409
408	973
408	975
408	990
409	408
409	824
409	885
409	969
410	834
410	970
410	978
410	998
411	9
411	140
411	967
411	1000
412	927
412	962
412	968
412	969
413	750
413	906
413	912
413	946
414	838
414	939
414	964
414	968
415	614
415	905
415	965
415	985
416	671
416	900
416	967
416	1000
417	209
417	750
417	900
417	1000
418	899
418	964
418	969
418	972
419	595
419	720
419	973
419	991
420	956
420	958
420	980
420	983
421	904
421	908
421	946
421	999
422	459
422	702
422	763
422	794
423	246
423	650
423	890
423	989
424	454
424	566
424	988
424	1000
425	763
425	948
425	987
425	993
426	475
426	503
426	968
426	969
427	730
427	962
427	964
427	969
428	356
428	909
428	994
428	1000
429	883
429	927
429	939
429	968
430	528
430	707
430	962
430	964
431	215
431	942
431	973
431	986
432	824
432	885
432	922
432	951
433	624
433	650
433	794
433	1000
434	923
434	952
434	986
434	990
435	345
435	885
435	892
435	947
436	878
436	970
436	978
436	998
437	932
437	977
437	978
437	998
438	909
438	945
438	967
438	1000
439	912
439	958
439	974
439	980
440	918
440	941
440	966
440	981
441	899
441	927
441	964
441	968
442	809
442	885
442	922
442	975
443	81
443	986
443	989
443	998
444	882
444	950
444	975
444	986
445	634
445	935
445	959
445	996
446	877
446	919
446	923
446	995
446	997
447	934
447	940
447	960
447	965
447	981
448	915
448	946
448	967
448	972
448	1000
449	142
449	951
449	973
449	986
449	990
450	588
450	913
450	956
450	958
450	980
451	937
451	954
451	982
451	988
451	999
452	618
452	732
452	982
452	992
452	999
453	888
453	923
453	933
453	995
453	997
454	424
454	490
454	946
454	967
454	1000
455	596
455	923
455	976
455	995
455	997
456	163
456	948
456	968
456	984
456	993
457	920
457	921
457	953
457	958
457	983
458	912
458	956
458	958
458	983
458	1000
459	422
459	720
459	850
459	950
459	973
460	926
460	931
460	960
460	971
460	985
461	743
461	898
461	957
461	989
461	991
462	259
462	763
462	959
462	974
462	993
463	519
463	631
463	747
463	975
463	989
464	970
464	972
464	977
464	978
464	998
465	360
465	962
465	964
465	968
465	969
466	31
466	855
466	970
466	972
466	998
467	292
467	873
467	890
467	942
467	989
468	871
468	937
468	955
468	979
468	982
469	61
469	566
469	791
469	915
469	1000
470	961
470	979
470	982
470	992
470	999
471	830
471	841
471	923
471	995
471	997
472	717
472	847
472	924
472	987
472	996
473	812
473	943
473	958
473	988
473	999
474	710
474	807
474	916
474	979
474	982
475	426
475	783
475	903
475	927
475	969
476	134
476	591
476	843
476	975
476	989
477	707
477	834
477	970
477	977
477	998
478	8
478	594
478	976
478	995
478	997
479	812
479	863
479	992
479	994
479	999
480	31
480	812
480	863
480	988
480	999
481	878
481	932
481	953
481	978
481	998
482	906
482	907
482	915
482	928
482	1000
483	671
483	750
483	819
483	900
483	910
484	501
484	517
484	962
484	968
484	984
485	943
485	961
485	988
485	992
485	999
486	604
486	738
486	976
486	995
486	997
487	40
487	401
487	707
487	964
487	968
488	974
488	979
488	988
488	992
488	999
489	870
489	899
489	962
489	968
489	994
490	190
490	454
490	906
490	909
490	1000
491	728
491	875
491	967
491	998
491	1000
492	830
492	868
492	888
492	976
492	997
493	234
493	643
493	922
493	925
493	951
494	887
494	934
494	960
494	963
494	965
495	831
495	930
495	954
495	979
495	994
496	932
496	970
496	972
496	977
496	998
497	916
497	961
497	974
497	992
497	994
498	105
498	879
498	911
498	912
498	983
499	525
499	789
499	828
499	960
499	982
500	693
500	942
500	974
500	990
500	991
501	484
501	664
501	903
501	939
501	969
502	846
502	857
502	989
502	990
502	991
503	426
503	903
503	939
503	962
503	968
504	200
504	761
504	784
504	984
504	987
505	19
505	917
505	918
505	966
505	981
506	762
506	856
506	972
506	978
506	998
507	575
507	835
507	920
507	950
507	991
508	911
508	918
508	941
508	966
508	981
509	217
509	935
509	959
509	984
509	993
510	835
510	947
510	951
510	986
510	989
511	865
511	970
511	972
511	978
511	998
512	821
512	924
512	946
512	967
512	1000
513	929
513	953
513	977
513	978
513	998
514	93
514	918
514	945
514	966
514	981
515	904
515	984
515	987
515	993
515	996
516	531
516	877
516	976
516	995
516	997
517	484
517	719
517	899
517	962
517	968
518	809
518	973
518	975
518	979
518	986
519	463
519	853
519	889
519	917
519	981
520	534
520	854
520	886
520	939
520	968
521	698
521	729
521	744
521	995
521	997
522	851
522	860
522	948
522	959
522	996
523	593
523	938
523	972
523	977
523	998
524	586
524	706
524	844
524	900
524	1000
525	192
525	499
525	734
525	971
525	985
526	804
526	875
526	921
526	956
526	980
527	830
527	870
527	939
527	964
527	969
528	430
528	927
528	939
528	962
528	968
529	930
529	954
529	961
529	982
529	999
530	3
530	907
530	910
530	924
530	1000
531	516
531	571
531	733
531	976
531	995
532	58
532	575
532	880
532	942
532	989
533	746
533	837
533	934
533	954
533	994
534	520
534	674
534	709
534	886
534	962
535	583
535	949
535	953
535	978
535	998
536	235
536	671
536	924
536	967
536	1000
537	765
537	857
537	988
537	994
537	999
538	55
538	816
538	876
538	952
538	975
539	130
539	941
539	945
539	966
539	981
540	63
540	674
540	903
540	968
540	996
541	891
541	896
541	901
541	935
541	996
542	147
542	931
542	940
542	960
542	985
543	965
543	974
543	979
543	994
543	999
544	121
544	827
544	905
544	960
544	971
545	580
545	721
545	895
545	975
545	989
546	90
546	863
546	907
546	967
546	1000
547	866
547	932
547	972
547	977
547	998
548	791
548	844
548	875
548	924
548	1000
549	609
549	885
549	947
549	957
549	997
550	798
550	948
550	984
550	993
550	996
551	763
551	836
551	959
551	987
551	993
552	889
552	918
552	945
552	966
552	981
553	880
553	882
553	928
553	973
553	990
554	937
554	943
554	961
554	988
554	999
555	577
555	841
555	902
555	963
555	965
556	947
556	979
556	988
556	992
556	994
557	791
557	864
557	884
557	910
557	967
558	1
558	911
558	941
558	966
558	981
559	781
559	791
559	946
559	967
559	1000
560	357
560	972
560	977
560	978
560	998
561	240
561	694
561	959
561	993
561	996
562	786
562	827
562	960
562	963
562	965
562	985
563	726
563	788
563	797
563	822
563	898
563	928
564	374
564	886
564	927
564	939
564	964
564	969
565	858
565	879
565	883
565	912
565	958
565	983
566	20
566	424
566	469
566	683
566	995
566	1000
567	811
567	906
567	924
567	946
567	983
567	1000
568	705
568	877
568	923
568	976
568	995
568	997
569	207
569	786
569	931
569	963
569	971
569	985
570	774
570	828
570	902
570	963
570	971
570	985
571	122
571	406
571	531
571	868
571	995
571	997
572	655
572	839
572	870
572	962
572	964
572	968
573	694
573	802
573	941
573	959
573	987
573	993
574	73
574	781
574	926
574	936
574	960
574	971
575	348
575	507
575	532
575	942
575	966
575	990
576	261
576	384
576	767
576	913
576	914
576	983
577	555
577	827
577	905
577	936
577	971
577	985
578	632
578	710
578	818
578	861
578	901
578	996
579	607
579	910
579	933
579	976
579	995
579	997
580	545
580	605
580	942
580	948
580	957
580	975
581	707
581	886
581	939
581	962
581	968
581	969
582	775
582	799
582	920
582	956
582	958
582	983
583	535
583	970
583	972
583	977
583	978
583	998
584	139
584	819
584	918
584	941
584	966
584	981
585	788
585	904
585	974
585	988
585	992
585	994
586	524
586	800
586	829
586	907
586	967
586	1000
587	743
587	932
587	970
587	977
587	978
587	998
588	450
588	858
588	913
588	956
588	958
588	980
589	886
589	939
589	962
589	964
589	968
589	969
590	638
590	888
590	919
590	979
590	995
590	997
591	82
591	476
591	892
591	952
591	973
591	989
592	663
592	916
592	954
592	982
592	992
592	999
593	523
593	949
593	970
593	972
593	977
593	978
594	478
594	919
594	976
594	985
594	995
594	997
595	419
595	714
595	913
595	914
595	956
595	958
596	84
596	455
596	917
596	945
596	966
596	981
597	935
597	953
597	972
597	977
597	978
597	998
598	106
598	625
598	936
598	965
598	971
598	985
599	392
599	953
599	970
599	977
599	978
599	998
600	853
600	911
600	918
600	945
600	966
600	981
601	702
601	874
601	896
601	948
601	993
601	996
602	780
602	889
602	917
602	941
602	966
602	981
603	230
603	619
603	851
603	959
603	987
603	996
604	486
604	919
604	927
604	976
604	995
604	997
605	323
605	580
605	826
605	880
605	922
605	975
606	713
606	819
606	873
606	911
606	966
606	981
607	579
607	868
607	919
607	976
607	995
607	997
608	814
608	905
608	934
608	936
608	963
608	971
609	549
609	952
609	969
609	989
609	990
609	991
610	845
610	952
610	974
610	988
610	992
610	994
611	636
611	954
611	955
611	961
611	987
611	992
612	879
612	912
612	920
612	958
612	980
612	983
613	20
613	907
613	909
613	924
613	951
613	1000
614	415
614	868
614	933
614	976
614	995
614	997
615	184
615	663
615	961
615	982
615	988
615	999
616	807
616	926
616	936
616	939
616	965
616	971
617	865
617	929
617	949
617	977
617	978
617	998
618	452
618	837
618	904
618	930
618	982
618	999
619	250
619	603
619	901
619	984
619	987
619	996
620	926
620	934
620	940
620	971
620	985
620	995
621	818
621	874
621	896
621	967
621	993
621	996
622	884
622	929
622	953
622	970
622	978
622	998
623	866
623	970
623	972
623	977
623	978
623	998
624	433
624	773
624	824
624	951
624	954
624	975
625	598
625	660
625	828
625	849
625	963
625	971
626	291
626	874
626	959
626	984
626	987
626	996
627	744
627	923
627	933
627	976
627	995
627	997
628	932
628	953
628	970
628	977
628	978
628	998
629	885
629	893
629	979
629	982
629	988
629	999
630	810
630	930
630	944
630	988
630	992
630	999
631	58
631	463
631	633
631	815
631	925
631	990
632	202
632	578
632	891
632	984
632	987
632	996
633	309
633	631
633	720
633	792
633	881
633	975
634	445
634	877
634	933
634	976
634	995
634	997
635	734
635	926
635	931
635	938
635	940
635	962
636	611
636	930
636	936
636	979
636	992
636	999
637	639
637	708
637	873
637	947
637	950
637	991
638	590
638	665
638	919
638	976
638	995
638	997
639	637
639	823
639	908
639	973
639	975
639	986
640	919
640	923
640	933
640	976
640	995
640	997
641	645
641	826
641	835
641	846
641	989
641	990
642	59
642	379
642	824
642	915
642	973
642	986
643	493
643	764
643	952
643	973
643	989
643	991
644	152
644	663
644	970
644	979
644	982
644	999
645	641
645	713
645	780
645	797
645	860
645	928
645	989
646	807
646	841
646	934
646	938
646	963
646	965
646	996
647	703
647	720
647	805
647	946
647	975
647	986
647	990
648	913
648	914
648	920
648	921
648	942
648	980
648	983
649	677
649	734
649	861
649	935
649	987
649	993
649	996
650	273
650	423
650	433
650	957
650	975
650	986
650	991
651	277
651	305
651	697
651	823
651	881
651	885
651	989
652	684
652	879
652	894
652	920
652	956
652	958
652	980
653	53
653	811
653	853
653	915
653	946
653	967
653	1000
654	199
654	285
654	927
654	962
654	964
654	968
654	969
655	22
655	572
655	748
655	883
655	964
655	968
655	969
656	198
656	775
656	912
656	956
656	980
656	983
656	991
657	886
657	912
657	920
657	956
657	958
657	980
657	983
658	703
658	756
658	846
658	898
658	973
658	988
658	991
659	852
659	970
659	972
659	977
659	978
659	998
659	999
660	625
660	802
660	934
660	938
660	960
660	963
660	985
661	76
661	331
661	789
661	940
661	965
661	971
661	985
662	904
662	943
662	954
662	979
662	992
662	994
662	999
663	159
663	211
663	592
663	615
663	644
663	943
663	979
664	501
664	870
664	939
664	962
664	964
664	969
664	997
665	638
665	786
665	877
665	923
665	976
665	995
665	997
666	771
666	825
666	850
666	922
666	951
666	986
666	990
667	745
667	868
667	923
667	933
667	976
667	995
667	997
668	109
668	883
668	886
668	910
668	964
668	968
668	969
669	674
669	883
669	903
669	962
669	964
669	969
669	985
670	35
670	934
670	936
670	938
670	963
670	978
670	985
671	416
671	483
671	536
671	897
671	906
671	915
671	1000
672	853
672	911
672	918
672	945
672	966
672	980
672	981
673	65
673	143
673	892
673	973
673	975
673	986
673	991
674	188
674	359
674	534
674	540
674	669
674	883
674	964
675	867
675	934
675	938
675	940
675	960
675	965
675	971
676	245
676	758
676	878
676	953
676	970
676	972
676	998
677	649
677	854
677	984
677	987
677	993
677	996
677	999
678	712
678	809
678	952
678	986
678	989
678	990
678	1000
679	715
679	949
679	953
679	960
679	977
679	978
679	998
680	694
680	847
680	896
680	909
680	987
680	993
680	996
681	297
681	746
681	904
681	930
681	961
681	979
681	999
682	761
682	801
682	901
682	984
682	987
682	993
682	996
683	24
683	290
683	566
683	829
683	915
683	967
683	1000
684	652
684	714
684	920
684	921
684	956
684	980
684	983
685	791
685	865
685	897
685	906
685	910
685	967
685	1000
686	248
686	808
686	959
686	984
686	987
686	993
686	996
687	889
687	911
687	917
687	941
687	945
687	966
687	981
688	744
688	844
688	923
688	933
688	976
688	995
688	997
689	949
689	953
689	970
689	977
689	978
689	990
689	998
690	237
690	718
690	900
690	909
690	932
690	967
690	1000
691	30
691	848
691	882
691	952
691	957
691	990
691	991
692	2
692	779
692	874
692	913
692	958
692	980
692	983
693	500
693	726
693	885
693	918
693	922
693	942
693	991
694	561
694	573
694	680
694	851
694	975
694	993
694	996
695	322
695	739
695	806
695	811
695	906
695	946
695	967
696	798
696	802
696	874
696	887
696	948
696	984
696	996
697	651
697	794
697	816
697	846
697	925
697	952
697	990
698	521
698	830
698	888
698	933
698	976
698	995
698	997
699	405
699	795
699	888
699	923
699	933
699	995
699	997
700	207
700	768
700	931
700	960
700	965
700	971
700	985
701	388
701	768
701	789
701	960
701	965
701	971
701	985
702	422
702	601
702	796
702	869
702	873
702	947
702	990
703	52
703	647
703	658
703	806
703	835
703	860
703	957
703	973
704	782
704	811
704	822
704	826
704	947
704	951
704	952
704	973
705	353
705	568
705	804
705	913
705	921
705	958
705	980
705	983
706	524
706	739
706	783
706	897
706	910
706	915
706	934
706	1000
707	165
707	430
707	477
707	487
707	581
707	719
707	899
707	968
708	276
708	637
708	773
708	782
708	860
708	973
708	986
708	991
709	534
709	827
709	870
709	899
709	962
709	964
709	968
709	969
710	474
710	578
710	836
710	872
710	893
710	954
710	961
710	992
711	894
711	912
711	913
711	921
711	931
711	958
711	980
711	983
712	191
712	283
712	379
712	678
712	792
712	881
712	928
712	991
713	606
713	645
713	889
713	911
713	941
713	945
713	966
713	981
714	595
714	684
714	912
714	945
714	956
714	958
714	980
714	983
715	679
715	929
715	932
715	970
715	972
715	977
715	978
715	998
716	211
716	930
716	943
716	961
716	974
716	988
716	992
716	994
717	472
717	820
717	837
717	901
717	959
717	987
717	993
717	996
718	690
718	783
718	875
718	884
718	909
718	946
718	966
718	1000
719	517
719	707
719	730
719	886
719	960
719	962
719	964
719	969
720	98
720	419
720	459
720	633
720	647
720	815
720	986
720	991
721	185
721	398
721	545
721	756
721	925
721	973
721	979
721	986
722	296
722	911
722	917
722	918
722	941
722	945
722	966
722	981
723	57
723	144
723	862
723	939
723	962
723	964
723	968
723	969
724	242
724	878
724	929
724	969
724	970
724	972
724	978
724	998
725	797
725	824
725	873
725	895
725	947
725	973
725	986
725	990
726	563
726	693
726	882
726	895
726	975
726	985
726	989
726	991
727	135
727	225
727	884
727	936
727	938
727	960
727	963
727	971
728	491
728	785
728	806
728	900
728	906
728	909
728	967
728	1000
729	521
729	745
729	803
729	877
729	919
729	976
729	995
729	997
730	139
730	427
730	719
730	870
730	903
730	927
730	968
730	969
731	54
731	109
731	267
731	794
731	809
731	890
731	957
731	975
732	452
732	929
732	953
732	970
732	972
732	977
732	978
732	998
733	531
733	919
733	923
733	925
733	933
733	976
733	995
733	997
734	141
734	525
734	635
734	649
734	926
734	938
734	963
734	985
735	891
735	935
735	948
735	959
735	984
735	987
735	989
735	996
736	889
736	911
736	917
736	918
736	945
736	966
736	981
736	989
737	33
737	90
737	754
737	760
737	900
737	945
737	946
737	1000
738	136
738	486
738	830
738	888
738	933
738	976
738	995
738	997
739	51
739	341
739	695
739	706
739	806
739	811
739	829
739	946
740	201
740	887
740	948
740	984
740	987
740	993
740	996
740	999
741	862
741	863
741	916
741	955
741	988
741	992
741	994
741	999
742	146
742	387
742	795
742	868
742	923
742	932
742	976
742	995
742	997
743	300
743	461
743	587
743	822
743	860
743	892
743	950
743	952
743	973
744	179
744	521
744	627
744	688
744	868
744	976
744	990
744	995
744	997
745	86
745	354
745	667
745	729
745	749
745	830
745	933
745	976
745	997
746	207
746	533
746	681
746	954
746	961
746	974
746	979
746	994
746	999
747	158
747	463
747	825
747	859
747	951
747	975
747	989
747	990
747	991
748	78
748	287
748	379
748	386
748	655
748	777
748	843
748	975
748	990
749	111
749	114
749	745
749	795
749	868
749	877
749	888
749	995
749	997
750	413
750	417
750	483
750	875
750	897
750	907
750	909
750	967
750	1000
751	872
751	883
751	916
751	954
751	974
751	979
751	992
751	994
751	999
752	64
752	761
752	784
752	796
752	948
752	984
752	987
752	993
752	996
753	91
753	793
753	874
753	935
753	948
753	973
753	984
753	993
753	996
754	325
754	737
754	829
754	864
754	875
754	906
754	907
754	937
754	1000
755	777
755	869
755	925
755	942
755	951
755	952
755	973
755	975
755	989
756	658
756	721
756	846
756	925
756	950
756	951
756	970
756	973
756	990
757	851
757	852
757	891
757	935
757	948
757	959
757	984
757	993
757	996
758	60
758	676
758	852
758	866
758	878
758	949
758	977
758	978
758	998
759	47
759	131
759	802
759	854
759	863
759	896
759	984
759	993
759	996
760	157
760	317
760	737
760	783
760	821
760	900
760	909
760	946
760	1000
761	504
761	682
761	752
761	901
761	902
761	948
761	984
761	993
761	996
762	506
762	866
762	929
762	949
762	953
762	973
762	977
762	978
762	998
763	422
763	425
763	462
763	551
763	901
763	959
763	984
763	987
763	993
764	643
764	872
764	916
764	930
764	961
764	979
764	982
764	994
764	999
765	150
765	537
765	845
765	937
765	944
765	949
765	979
765	994
765	999
766	787
766	913
766	937
766	961
766	979
766	982
766	988
766	992
766	994
767	576
767	799
767	879
767	894
767	914
767	920
767	958
767	983
767	994
768	700
768	701
768	807
768	919
768	940
768	960
768	965
768	971
768	985
769	322
769	786
769	926
769	931
769	940
769	944
769	963
769	971
769	985
770	814
770	833
770	902
770	903
770	940
770	960
770	965
770	971
770	985
771	126
771	666
771	794
771	846
771	850
771	888
771	922
771	951
771	957
772	804
772	805
772	879
772	913
772	920
772	921
772	956
772	980
772	983
773	271
773	624
773	708
773	822
773	825
773	892
773	957
773	975
773	999
774	570
774	813
774	916
774	937
774	943
774	955
774	961
774	974
774	979
774	992
775	353
775	582
775	656
775	871
775	894
775	913
775	914
775	958
775	980
775	983
776	274
776	788
776	950
776	961
776	979
776	982
776	988
776	992
776	994
776	999
777	290
777	339
777	398
777	748
777	755
777	809
777	895
777	975
777	990
777	991
778	856
778	904
778	937
778	944
778	954
778	980
778	982
778	992
778	994
778	999
779	692
779	858
779	877
779	912
779	914
779	921
779	956
779	958
779	980
779	983
780	345
780	602
780	645
780	850
780	885
780	942
780	957
780	975
780	986
780	989
781	559
781	574
781	807
781	859
781	902
781	934
781	940
781	965
781	971
781	985
782	117
782	267
782	704
782	708
782	805
782	876
782	895
782	951
782	975
782	986
783	319
783	475
783	706
783	718
783	760
783	864
783	875
783	897
783	967
783	1000
784	504
784	752
784	851
784	901
784	935
784	978
784	984
784	987
784	993
784	996
785	728
785	819
785	889
785	911
785	917
785	918
785	941
785	945
785	966
785	981
786	391
786	562
786	569
786	665
786	769
786	902
786	938
786	960
786	971
786	985
787	766
787	835
787	856
787	862
787	908
787	943
787	944
787	954
787	979
787	992
787	994
788	21
788	563
788	585
788	776
788	871
788	974
788	982
788	988
788	992
788	994
788	999
789	499
789	661
789	701
789	867
789	905
789	926
789	931
789	934
789	963
789	979
789	985
790	338
790	841
790	859
790	902
790	905
790	931
790	934
790	936
790	963
790	971
790	975
791	79
791	258
791	469
791	548
791	557
791	559
791	685
791	907
791	910
791	998
791	1000
792	326
792	633
792	712
792	825
792	890
792	898
792	936
792	952
792	986
792	990
792	991
793	753
793	802
793	821
793	847
793	861
793	887
793	935
793	959
793	987
793	993
793	996
794	422
794	433
794	697
794	731
794	771
794	840
794	892
794	925
794	929
794	957
794	989
795	337
795	358
795	699
795	742
795	749
795	877
795	909
795	933
795	976
795	995
795	997
796	702
796	752
796	860
796	880
796	895
796	898
796	942
796	952
796	973
796	989
796	991
797	403
797	563
797	645
797	725
797	856
797	898
797	950
797	951
797	973
797	975
797	989
798	550
798	696
798	808
798	861
798	874
798	891
798	959
798	984
798	987
798	993
798	999
799	195
799	224
799	582
799	767
799	832
799	894
799	914
799	920
799	978
799	980
799	983
800	347
800	586
800	834
800	844
800	884
800	909
800	910
800	924
800	946
800	967
800	1000
801	682
801	817
801	820
801	840
801	854
801	896
801	959
801	984
801	987
801	993
801	996
802	573
802	660
802	696
802	759
802	793
802	872
802	887
802	935
802	959
802	984
802	993
803	2
803	314
803	729
803	879
803	914
803	920
803	921
803	956
803	958
803	980
803	983
804	526
804	705
804	772
804	894
804	920
804	921
804	941
804	956
804	958
804	980
804	983
805	49
805	55
805	205
805	647
805	772
805	782
805	869
805	880
805	881
805	890
805	950
806	329
806	695
806	703
806	728
806	739
806	844
806	900
806	910
806	924
806	967
806	1000
807	474
807	616
807	646
807	768
807	781
807	814
807	827
807	833
807	931
807	963
807	971
808	7
808	686
808	798
808	818
808	820
808	851
808	874
808	901
808	984
808	993
808	996
809	36
809	442
809	518
809	678
809	731
809	777
809	877
809	881
809	898
809	990
809	991
810	106
810	630
810	930
810	943
810	954
810	955
810	961
810	974
810	975
810	982
810	988
810	999
811	278
811	299
811	567
811	653
811	695
811	704
811	739
811	884
811	910
811	915
811	924
811	1000
812	331
812	473
812	479
812	480
812	872
812	904
812	908
812	929
812	961
812	974
812	992
812	999
813	397
813	774
813	842
813	905
813	943
813	954
813	955
813	961
813	974
813	982
813	992
813	999
814	608
814	770
814	807
814	827
814	902
814	936
814	938
814	960
814	963
814	965
814	967
814	985
815	281
815	321
815	631
815	720
815	840
815	843
815	892
815	928
815	951
815	957
815	986
815	991
816	538
816	697
816	842
816	863
816	893
816	944
816	954
816	955
816	988
816	992
816	994
816	999
817	91
817	170
817	395
817	402
817	801
817	820
817	887
817	923
817	959
817	987
817	993
817	996
818	177
818	252
818	578
818	621
818	808
818	847
818	861
818	948
818	959
818	984
818	987
818	1000
819	483
819	584
819	606
819	785
819	853
819	889
819	911
819	917
819	941
819	945
819	966
819	981
820	717
820	801
820	808
820	817
820	891
820	901
820	952
820	959
820	984
820	987
820	993
820	996
821	186
821	341
821	512
821	760
821	793
821	829
821	844
821	875
821	897
821	900
821	967
821	1000
822	81
822	563
822	704
822	743
822	773
822	895
822	925
822	952
822	957
822	986
822	989
822	996
823	23
823	188
823	639
823	651
823	876
823	881
823	885
823	890
823	942
823	986
823	989
823	996
824	409
824	432
824	624
824	642
824	725
824	828
824	860
824	885
824	947
824	950
824	952
824	991
825	174
825	375
825	666
825	747
825	773
825	792
825	898
825	922
825	925
825	928
825	986
825	987
826	14
826	99
826	605
826	641
826	704
826	898
826	947
826	950
826	952
826	975
826	986
826	989
827	544
827	562
827	577
827	709
827	807
827	814
827	828
827	833
827	841
827	905
827	931
827	963
827	965
828	499
828	570
828	625
828	824
828	827
828	833
828	905
828	940
828	960
828	963
828	965
828	971
828	985
829	182
829	325
829	364
829	586
829	683
829	739
829	754
829	821
829	844
829	900
829	967
829	978
829	1000
830	133
830	471
830	492
830	527
830	698
830	738
830	745
830	868
830	888
830	919
830	976
830	995
830	997
831	171
831	218
831	321
831	495
831	833
831	902
831	905
831	931
831	936
831	938
831	960
831	965
831	985
832	799
832	879
832	894
832	912
832	913
832	914
832	920
832	921
832	956
832	958
832	976
832	980
832	983
833	247
833	770
833	807
833	827
833	828
833	831
833	859
833	902
833	926
833	931
833	940
833	963
833	971
834	410
834	477
834	800
834	852
834	855
834	932
834	949
834	953
834	972
834	977
834	978
834	980
834	998
835	1
835	118
835	342
835	507
835	510
835	641
835	703
835	787
835	882
835	947
835	950
835	975
835	990
836	190
836	551
836	710
836	842
836	872
836	943
836	944
836	974
836	979
836	982
836	992
836	994
836	999
837	533
837	618
837	717
837	871
837	954
837	955
837	961
837	966
837	979
837	988
837	992
837	994
837	999
838	414
838	857
838	862
838	876
838	944
838	961
838	974
838	979
838	982
838	988
838	992
838	994
838	999
839	343
839	352
839	572
839	870
839	883
839	886
839	899
839	903
839	917
839	939
839	952
839	964
839	969
840	194
840	323
840	366
840	794
840	801
840	815
840	898
840	942
840	951
840	973
840	986
840	989
840	991
841	155
841	471
841	555
841	646
841	790
841	827
841	905
841	923
841	938
841	940
841	963
841	965
841	971
842	813
842	816
842	836
842	908
842	915
842	916
842	943
842	944
842	955
842	961
842	988
842	994
842	999
843	476
843	748
843	815
843	860
843	873
843	890
843	922
843	947
843	971
843	973
843	986
843	989
843	991
844	145
844	524
844	548
844	688
844	800
844	806
844	821
844	829
844	864
844	897
844	907
844	909
844	946
844	1000
845	31
845	610
845	765
845	862
845	867
845	874
845	893
845	954
845	955
845	961
845	974
845	988
845	992
845	999
846	283
846	502
846	641
846	658
846	697
846	756
846	771
846	852
846	878
846	885
846	925
846	957
846	986
846	991
847	472
847	680
847	793
847	818
847	891
847	896
847	935
847	948
847	949
847	959
847	984
847	987
847	993
847	996
848	1
848	327
848	342
848	380
848	691
848	864
848	876
848	880
848	881
848	925
848	957
848	973
848	975
848	990
849	302
849	308
849	625
849	852
849	929
849	932
849	949
849	953
849	958
849	970
849	972
849	977
849	978
849	998
850	398
850	459
850	666
850	771
850	780
850	873
850	882
850	890
850	947
850	951
850	959
850	986
850	989
850	991
851	96
851	294
851	522
851	603
851	694
851	757
851	784
851	808
851	854
851	887
851	959
851	984
851	987
851	996
852	659
852	757
852	758
852	834
852	846
852	849
852	855
852	929
852	932
852	953
852	972
852	977
852	978
852	998
853	97
853	519
853	600
853	653
853	672
853	819
853	889
853	911
853	917
853	918
853	941
853	945
853	966
853	981
854	520
854	677
854	759
854	801
854	851
854	887
854	891
854	935
854	959
854	984
854	987
854	993
854	996
854	997
855	25
855	466
855	834
855	852
855	866
855	878
855	929
855	932
855	949
855	970
855	972
855	977
855	978
855	989
855	998
856	506
856	778
856	787
856	797
856	857
856	904
856	930
856	937
856	955
856	961
856	979
856	982
856	988
856	992
856	994
857	502
857	537
857	838
857	856
857	893
857	943
857	944
857	955
857	961
857	974
857	979
857	982
857	988
857	994
857	999
858	32
858	64
858	214
858	565
858	588
858	779
858	879
858	912
858	914
858	920
858	921
858	956
858	958
858	980
858	983
859	67
859	162
859	747
859	781
859	790
859	833
859	867
859	920
859	926
859	934
859	940
859	960
859	963
859	965
859	971
859	985
860	191
860	522
860	645
860	703
860	708
860	743
860	796
860	824
860	843
860	876
860	885
860	925
860	950
860	956
860	957
860	990
861	123
861	170
861	578
861	649
861	793
861	798
861	818
861	874
861	901
861	908
861	935
861	948
861	984
861	987
861	993
861	996
862	723
862	741
862	787
862	838
862	845
862	871
862	908
862	916
862	937
862	943
862	955
862	974
862	979
862	982
862	994
862	999
863	479
863	480
863	546
863	741
863	759
863	816
863	893
863	930
863	954
863	955
863	961
863	974
863	979
863	982
863	988
863	992
864	129
864	325
864	390
864	557
864	754
864	783
864	844
864	848
864	875
864	906
864	907
864	909
864	910
864	946
864	967
864	1000
865	389
865	511
865	617
865	685
865	866
865	878
865	929
865	932
865	949
865	953
865	970
865	972
865	977
865	978
865	986
865	998
866	547
866	623
866	758
866	762
866	855
866	865
866	869
866	929
866	932
866	949
866	953
866	970
866	972
866	977
866	978
866	998
867	69
867	104
867	107
867	675
867	789
867	845
867	859
867	905
867	926
867	931
867	934
867	960
867	965
867	971
867	985
867	998
868	298
868	492
868	571
868	607
868	614
868	667
868	742
868	744
868	749
868	830
868	877
868	923
868	933
868	934
868	976
868	995
868	997
869	42
869	59
869	702
869	755
869	805
869	866
869	876
869	880
869	895
869	928
869	942
869	951
869	952
869	986
869	989
869	990
869	991
870	199
870	489
870	527
870	572
870	664
870	709
870	730
870	839
870	883
870	897
870	899
870	903
870	927
870	962
870	964
870	968
870	969
871	468
871	775
871	788
871	837
871	862
871	872
871	908
871	937
871	944
871	961
871	974
871	979
871	988
871	992
871	993
871	994
871	999
872	710
872	751
872	764
872	802
872	812
872	836
872	871
872	930
872	954
872	961
872	974
872	979
872	982
872	988
872	992
872	994
872	999
873	115
873	323
873	467
873	606
873	637
873	702
873	725
873	843
873	850
873	892
873	895
873	939
873	942
873	950
873	973
873	989
873	991
874	177
874	601
874	621
874	626
874	692
874	696
874	753
874	798
874	808
874	845
874	861
874	896
874	935
874	948
874	987
874	993
874	996
875	491
875	526
875	548
875	718
875	750
875	754
875	783
875	821
875	864
875	884
875	897
875	900
875	909
875	910
875	967
875	974
875	1000
876	174
876	245
876	538
876	782
876	823
876	838
876	848
876	860
876	869
876	890
876	896
876	928
876	942
876	947
876	951
876	952
876	986
876	990
877	89
877	309
877	446
877	516
877	568
877	634
877	665
877	729
877	749
877	779
877	795
877	809
877	868
877	919
877	933
877	976
877	995
877	997
878	119
878	351
878	436
878	481
878	676
878	724
878	758
878	846
878	855
878	865
878	932
878	949
878	953
878	970
878	972
878	977
878	978
878	998
879	353
879	355
879	498
879	565
879	612
879	652
879	767
879	772
879	803
879	832
879	858
879	894
879	914
879	956
879	958
879	964
879	980
879	983
880	36
880	156
880	216
880	532
880	553
880	605
880	796
880	805
880	848
880	869
880	898
880	928
880	947
880	950
880	989
880	990
880	991
880	995
881	127
881	633
881	651
881	712
881	805
881	809
881	823
881	848
881	922
881	925
881	926
881	928
881	957
881	975
881	989
881	990
881	991
881	998
882	118
882	158
882	229
882	346
882	444
882	553
882	691
882	726
882	835
882	850
882	957
882	969
882	973
882	975
882	986
882	989
882	991
882	992
883	306
883	429
883	565
883	655
883	668
883	669
883	674
883	751
883	839
883	870
883	886
883	899
883	903
883	927
883	962
883	964
883	968
883	969
884	15
884	46
884	227
884	288
884	356
884	557
884	622
884	718
884	727
884	800
884	811
884	875
884	897
884	906
884	907
884	910
884	915
884	1000
885	409
885	432
885	435
885	442
885	549
885	629
885	651
885	693
885	780
885	823
885	824
885	846
885	860
885	911
885	951
885	973
885	989
885	991
886	520
886	534
886	564
886	581
886	589
886	657
886	668
886	719
886	839
886	883
886	899
886	903
886	927
886	939
886	962
886	964
886	968
886	969
886	987
887	164
887	494
887	696
887	740
887	793
887	802
887	817
887	851
887	854
887	891
887	896
887	901
887	935
887	959
887	972
887	984
887	987
887	993
887	996
888	28
888	72
888	301
888	453
888	492
888	590
888	698
888	699
888	738
888	749
888	771
888	830
888	919
888	923
888	933
888	976
888	992
888	995
888	997
889	172
889	519
889	552
889	602
889	687
889	713
889	736
889	785
889	819
889	853
889	895
889	911
889	917
889	918
889	941
889	945
889	965
889	966
889	981
890	423
890	467
890	731
890	792
890	805
890	823
890	843
890	850
890	876
890	892
890	928
890	942
890	947
890	970
890	973
890	975
890	986
890	990
890	991
890	992
891	26
891	64
891	541
891	632
891	735
891	757
891	798
891	820
891	847
891	854
891	887
891	896
891	935
891	948
891	959
891	982
891	987
891	991
891	993
891	996
892	305
892	348
892	435
892	591
892	673
892	743
892	773
892	794
892	815
892	873
892	890
892	922
892	924
892	942
892	975
892	981
892	986
892	989
892	990
892	991
893	629
893	710
893	816
893	845
893	857
893	863
893	902
893	904
893	908
893	916
893	937
893	944
893	955
893	974
893	979
893	982
893	988
893	989
893	992
893	994
893	999
894	111
894	151
894	181
894	183
894	269
894	384
894	652
894	711
894	767
894	775
894	799
894	804
894	832
894	879
894	912
894	913
894	914
894	921
894	956
894	980
894	983
895	180
895	545
895	725
895	726
895	777
895	782
895	796
895	822
895	869
895	873
895	889
895	901
895	925
895	928
895	942
895	947
895	951
895	973
895	986
895	989
895	990
896	252
896	330
896	541
896	601
896	621
896	680
896	759
896	801
896	847
896	874
896	876
896	887
896	891
896	901
896	935
896	948
896	959
896	973
896	987
896	993
896	996
897	46
897	186
897	324
897	347
897	671
897	685
897	706
897	750
897	783
897	821
897	844
897	870
897	875
897	884
897	900
897	909
897	915
897	924
897	943
897	946
897	1000
898	112
898	142
898	362
898	461
898	563
898	658
898	792
898	796
898	797
898	809
898	825
898	826
898	840
898	880
898	940
898	947
898	952
898	957
898	961
898	986
898	990
899	251
899	285
899	295
899	418
899	441
899	489
899	517
899	707
899	709
899	839
899	870
899	883
899	886
899	903
899	927
899	931
899	939
899	962
899	964
899	968
899	973
900	416
900	417
900	483
900	524
900	690
900	728
900	737
900	760
900	806
900	821
900	829
900	875
900	897
900	906
900	909
900	915
900	924
900	929
900	953
900	967
900	1000
901	87
901	541
901	578
901	619
901	682
901	717
901	761
901	763
901	784
901	808
901	820
901	861
901	887
901	895
901	896
901	935
901	976
901	984
901	987
901	993
901	996
902	171
902	313
902	338
902	555
902	570
902	761
902	770
902	781
902	786
902	790
902	814
902	831
902	833
902	893
902	905
902	931
902	936
902	940
902	963
902	965
902	971
902	985
903	56
903	80
903	352
903	475
903	501
903	503
903	540
903	669
903	730
903	770
903	839
903	870
903	883
903	886
903	899
903	927
903	939
903	962
903	964
903	968
903	969
903	998
904	370
904	421
904	515
904	585
904	618
904	662
904	681
904	778
904	812
904	856
904	893
904	908
904	916
904	943
904	944
904	954
904	965
904	982
904	988
904	990
904	992
904	994
904	999
905	287
905	415
905	544
905	577
905	608
905	789
905	790
905	813
905	827
905	828
905	831
905	841
905	867
905	902
905	922
905	926
905	931
905	934
905	938
905	940
905	960
905	963
905	985
906	17
906	258
906	325
906	413
906	482
906	490
906	567
906	671
906	685
906	695
906	728
906	754
906	864
906	884
906	900
906	907
906	915
906	924
906	946
906	951
906	967
906	977
906	1000
907	24
907	47
907	61
907	182
907	227
907	319
907	334
907	482
907	530
907	546
907	586
907	613
907	750
907	754
907	791
907	844
907	864
907	884
907	906
907	909
907	927
907	946
907	985
907	1000
908	104
908	176
908	239
908	421
908	639
908	787
908	812
908	842
908	861
908	862
908	871
908	893
908	904
908	916
908	937
908	944
908	968
908	974
908	979
908	982
908	988
908	992
908	994
908	999
909	347
909	400
909	428
909	438
909	490
909	613
909	680
909	690
909	718
909	728
909	750
909	760
909	795
909	800
909	844
909	864
909	875
909	897
909	900
909	907
909	915
909	924
909	946
909	997
910	3
910	13
910	33
910	46
910	288
910	317
910	364
910	483
910	530
910	557
910	579
910	668
910	685
910	706
910	791
910	800
910	806
910	811
910	864
910	875
910	884
910	917
910	967
910	1000
911	172
911	314
911	315
911	498
911	508
911	558
911	600
911	606
911	672
911	687
911	713
911	722
911	736
911	785
911	819
911	853
911	885
911	889
911	917
911	918
911	941
911	945
911	966
911	981
912	166
912	223
912	279
912	413
912	439
912	458
912	498
912	565
912	612
912	656
912	657
912	711
912	714
912	779
912	832
912	858
912	894
912	914
912	921
912	950
912	956
912	958
912	980
912	983
913	239
913	279
913	328
913	336
913	450
913	576
913	588
913	595
913	648
913	692
913	705
913	711
913	766
913	772
913	775
913	832
913	894
913	914
913	920
913	921
913	956
913	958
913	980
913	983
914	75
914	275
914	311
914	576
914	595
914	648
914	767
914	775
914	779
914	799
914	803
914	832
914	858
914	879
914	894
914	912
914	913
914	921
914	956
914	957
914	958
914	962
914	980
914	983
915	80
915	140
915	148
915	182
915	324
915	333
915	351
915	448
915	469
915	482
915	642
915	653
915	671
915	683
915	706
915	811
915	842
915	884
915	897
915	900
915	906
915	909
915	924
915	967
915	1000
916	380
916	474
916	497
916	592
916	741
916	751
916	764
916	774
916	842
916	862
916	893
916	904
916	908
916	937
916	941
916	943
916	955
916	961
916	974
916	979
916	982
916	988
916	992
916	994
916	999
917	29
917	125
917	265
917	365
917	396
917	402
917	505
917	519
917	596
917	602
917	687
917	722
917	736
917	785
917	819
917	839
917	853
917	889
917	910
917	911
917	918
917	941
917	945
917	966
917	981
917	993
918	39
918	124
918	250
918	256
918	291
918	396
918	440
918	505
918	508
918	514
918	552
918	584
918	600
918	672
918	693
918	722
918	736
918	785
918	853
918	889
918	911
918	917
918	941
918	945
918	966
918	981
919	100
919	173
919	301
919	318
919	335
919	387
919	406
919	446
919	590
919	594
919	604
919	607
919	638
919	640
919	729
919	733
919	768
919	830
919	877
919	888
919	923
919	933
919	944
919	976
919	995
919	997
920	2
920	157
920	214
920	282
920	457
920	507
920	582
920	612
920	648
920	652
920	657
920	684
920	767
920	772
920	799
920	803
920	804
920	832
920	858
920	859
920	913
920	921
920	930
920	956
920	980
920	983
921	128
921	328
921	344
921	457
921	526
921	648
921	684
921	705
921	711
921	772
921	779
921	803
921	804
921	832
921	858
921	894
921	912
921	913
921	914
921	920
921	925
921	933
921	956
921	958
921	980
921	983
922	59
922	216
922	304
922	305
922	403
922	432
922	442
922	493
922	605
922	666
922	693
922	771
922	825
922	843
922	881
922	892
922	905
922	947
922	950
922	951
922	964
922	973
922	975
922	986
922	990
922	1000
923	228
923	286
923	298
923	434
923	446
923	453
923	455
923	471
923	568
923	627
923	640
923	665
923	667
923	688
923	699
923	733
923	742
923	817
923	841
923	868
923	888
923	919
923	933
923	976
923	995
923	997
924	13
924	83
924	278
924	319
924	329
924	334
924	367
924	472
924	512
924	530
924	536
924	548
924	567
924	613
924	800
924	806
924	811
924	892
924	897
924	900
924	906
924	909
924	915
924	946
924	967
924	1000
925	292
925	361
925	493
925	631
925	697
925	721
925	733
925	755
925	756
925	794
925	822
925	825
925	846
925	848
925	860
925	881
925	895
925	921
925	930
925	950
925	957
925	973
925	975
925	986
925	989
925	991
926	76
926	147
926	355
926	460
926	574
926	616
926	620
926	635
926	734
926	769
926	789
926	833
926	859
926	867
926	881
926	905
926	934
926	936
926	938
926	940
926	963
926	965
926	967
926	971
926	985
926	1000
927	102
927	241
927	297
927	312
927	343
927	401
927	412
927	429
927	441
927	475
927	528
927	564
927	604
927	654
927	730
927	870
927	883
927	886
927	899
927	903
927	907
927	939
927	962
927	964
927	968
927	969
928	14
928	65
928	167
928	215
928	300
928	346
928	375
928	482
928	553
928	563
928	645
928	712
928	815
928	825
928	869
928	876
928	880
928	881
928	890
928	895
928	935
928	942
928	957
928	973
928	986
928	990
928	991
929	8
929	92
929	220
929	404
929	513
929	617
929	622
929	715
929	724
929	732
929	762
929	794
929	812
929	849
929	852
929	855
929	865
929	866
929	900
929	932
929	949
929	953
929	970
929	972
929	977
929	978
929	998
930	68
930	193
930	495
930	529
930	618
930	630
930	636
930	681
930	716
930	764
930	810
930	856
930	863
930	872
930	920
930	925
930	943
930	954
930	955
930	961
930	974
930	982
930	983
930	988
930	992
930	994
930	999
931	155
931	218
931	222
931	303
931	321
931	388
931	460
931	542
931	569
931	635
931	700
931	711
931	769
931	789
931	790
931	807
931	827
931	831
931	833
931	867
931	899
931	902
931	905
931	960
931	963
931	965
931	971
931	985
932	62
932	226
932	387
932	389
932	404
932	437
932	481
932	496
932	547
932	587
932	628
932	690
932	715
932	742
932	834
932	849
932	852
932	855
932	865
932	866
932	878
932	929
932	949
932	953
932	970
932	972
932	977
932	978
932	998
933	70
933	136
933	254
933	286
933	354
933	453
933	579
933	614
933	627
933	634
933	640
933	667
933	688
933	698
933	699
933	733
933	738
933	745
933	795
933	868
933	877
933	888
933	919
933	921
933	923
933	976
933	982
933	995
933	997
934	105
934	222
934	266
934	378
934	447
934	494
934	533
934	608
934	620
934	646
934	660
934	670
934	675
934	706
934	781
934	789
934	790
934	859
934	867
934	868
934	905
934	926
934	936
934	938
934	940
934	960
934	965
934	971
934	985
935	210
935	259
935	296
935	394
935	445
935	509
935	541
935	597
935	649
935	735
935	753
935	757
935	784
935	793
935	802
935	847
935	854
935	861
935	874
935	887
935	891
935	896
935	901
935	928
935	948
935	959
935	987
935	993
935	996
936	162
936	169
936	268
936	313
936	321
936	381
936	399
936	574
936	577
936	598
936	608
936	616
936	636
936	670
936	727
936	790
936	792
936	814
936	831
936	902
936	926
936	934
936	938
936	940
936	963
936	965
936	969
936	971
936	985
937	68
937	253
937	274
937	451
937	468
937	554
937	754
937	765
937	766
937	774
937	778
937	856
937	862
937	871
937	893
937	908
937	916
937	938
937	943
937	954
937	955
937	961
937	979
937	982
937	988
937	989
937	992
937	994
937	999
938	67
938	69
938	95
938	135
938	294
938	355
938	383
938	523
938	635
938	646
938	660
938	670
938	675
938	727
938	734
938	786
938	814
938	831
938	841
938	905
938	926
938	934
938	936
938	937
938	960
938	963
938	965
938	971
938	985
938	997
939	22
939	102
939	165
939	196
939	295
939	343
939	399
939	414
939	429
939	501
939	503
939	520
939	527
939	528
939	564
939	581
939	589
939	616
939	664
939	723
939	839
939	873
939	886
939	899
939	903
939	927
939	962
939	964
939	968
939	969
940	155
940	225
940	269
940	378
940	391
940	447
940	542
940	620
940	635
940	661
940	675
940	768
940	769
940	770
940	781
940	828
940	833
940	841
940	859
940	898
940	902
940	905
940	926
940	934
940	936
940	954
940	960
940	965
940	985
940	998
941	27
941	60
941	84
941	125
941	137
941	233
941	236
941	365
941	440
941	508
941	539
941	558
941	573
941	584
941	602
941	687
941	713
941	722
941	785
941	804
941	819
941	853
941	889
941	911
941	916
941	917
941	918
941	945
941	966
941	981
942	30
942	167
942	174
942	326
942	363
942	375
942	431
942	467
942	500
942	532
942	575
942	580
942	648
942	693
942	755
942	780
942	796
942	823
942	840
942	869
942	873
942	876
942	890
942	892
942	895
942	928
942	970
942	975
942	986
942	989
942	990
943	101
943	397
943	473
943	485
943	554
943	662
943	663
943	716
943	774
943	787
943	810
943	813
943	836
943	842
943	857
943	862
943	897
943	904
943	916
943	930
943	937
943	944
943	949
943	954
943	961
943	963
943	974
943	979
943	988
943	994
943	999
944	238
944	249
944	310
944	331
944	373
944	407
944	630
944	765
944	769
944	778
944	787
944	816
944	836
944	838
944	842
944	857
944	871
944	893
944	904
944	908
944	919
944	943
944	955
944	961
944	974
944	979
944	982
944	988
944	992
944	994
944	999
945	137
945	154
945	256
945	265
945	293
945	315
945	365
945	402
945	438
945	514
945	539
945	552
945	596
945	600
945	672
945	687
945	713
945	714
945	722
945	736
945	737
945	785
945	819
945	853
945	889
945	911
945	917
945	918
945	941
945	958
945	966
945	981
946	15
946	53
946	190
946	231
946	288
946	367
946	400
946	413
946	421
946	448
946	454
946	512
946	559
946	567
946	647
946	653
946	695
946	718
946	737
946	739
946	760
946	800
946	844
946	864
946	897
946	906
946	907
946	909
946	924
946	967
946	993
946	1000
947	9
947	10
947	34
947	94
947	249
947	270
947	376
947	435
947	510
947	549
947	556
947	637
947	702
947	704
947	725
947	824
947	826
947	835
947	843
947	850
947	876
947	880
947	890
947	895
947	898
947	922
947	952
947	973
947	975
947	986
947	989
947	991
948	41
948	57
948	252
948	327
948	372
948	395
948	425
948	456
948	522
948	550
948	580
948	601
948	696
948	735
948	740
948	752
948	753
948	757
948	761
948	818
948	847
948	861
948	874
948	891
948	896
948	935
948	959
948	984
948	987
948	993
948	996
948	998
949	4
949	7
949	92
949	242
949	243
949	302
949	392
949	535
949	593
949	617
949	679
949	689
949	758
949	762
949	765
949	834
949	847
949	849
949	855
949	865
949	866
949	878
949	929
949	932
949	943
949	953
949	957
949	970
949	972
949	977
949	978
949	998
950	185
950	206
950	271
950	276
950	287
950	361
950	444
950	459
950	507
950	637
950	743
950	756
950	776
950	797
950	805
950	824
950	826
950	835
950	860
950	873
950	880
950	912
950	922
950	925
950	951
950	952
950	973
950	975
950	984
950	986
950	989
950	990
950	991
951	108
951	215
951	360
951	432
951	449
951	493
951	510
951	613
951	624
951	666
951	704
951	747
951	755
951	756
951	771
951	782
951	797
951	815
951	840
951	850
951	869
951	876
951	885
951	895
951	906
951	922
951	950
951	952
951	957
951	986
951	989
951	990
951	991
952	332
952	360
952	376
952	386
952	434
952	538
952	591
952	609
952	610
952	643
952	678
952	691
952	697
952	704
952	743
952	755
952	792
952	796
952	820
952	822
952	824
952	826
952	839
952	869
952	876
952	898
952	947
952	950
952	951
952	957
952	975
952	986
952	989
952	990
953	119
953	204
953	226
953	289
953	308
953	393
953	457
953	481
953	513
953	535
953	597
953	599
953	622
953	628
953	676
953	679
953	689
953	732
953	762
953	834
953	849
953	852
953	865
953	866
953	878
953	900
953	929
953	932
953	949
953	966
953	970
953	972
953	977
953	978
953	998
954	407
954	451
954	495
954	529
954	533
954	592
954	611
954	624
954	662
954	710
954	746
954	751
954	778
954	787
954	810
954	813
954	816
954	837
954	845
954	863
954	872
954	904
954	930
954	937
954	940
954	943
954	955
954	974
954	979
954	981
954	982
954	988
954	992
954	994
954	999
955	43
955	48
955	238
955	268
955	369
955	468
955	611
955	741
955	774
955	810
955	813
955	816
955	837
955	842
955	845
955	856
955	857
955	862
955	863
955	893
955	916
955	930
955	937
955	944
955	954
955	961
955	963
955	974
955	979
955	982
955	987
955	988
955	992
955	994
955	999
956	128
956	151
956	160
956	166
956	344
956	420
956	450
956	458
956	526
956	582
956	588
956	595
956	652
956	656
956	657
956	684
956	714
956	772
956	779
956	803
956	804
956	832
956	858
956	860
956	879
956	894
956	912
956	913
956	914
956	920
956	921
956	958
956	980
956	983
956	993
956	994
957	11
957	175
957	188
957	246
957	267
957	281
957	461
957	549
957	580
957	650
957	691
957	703
957	731
957	771
957	773
957	780
957	794
957	815
957	822
957	846
957	848
957	860
957	881
957	882
957	898
957	914
957	925
957	928
957	949
957	951
957	952
957	959
957	973
957	975
957	976
957	986
957	990
957	991
958	18
958	32
958	37
958	149
958	282
958	336
958	384
958	420
958	439
958	450
958	457
958	458
958	473
958	565
958	582
958	588
958	595
958	612
958	652
958	657
958	692
958	705
958	711
958	714
958	767
958	775
958	779
958	803
958	804
958	832
958	849
958	858
958	879
958	912
958	913
958	914
958	921
958	945
958	956
958	980
958	983
959	50
959	129
959	131
959	202
959	221
959	337
959	445
959	462
959	509
959	522
959	551
959	561
959	573
959	603
959	626
959	686
959	717
959	735
959	757
959	763
959	793
959	798
959	801
959	802
959	817
959	818
959	820
959	847
959	850
959	851
959	854
959	887
959	891
959	896
959	935
959	948
959	957
959	976
959	984
959	987
959	992
959	993
959	996
960	106
960	116
960	162
960	192
960	266
960	303
960	338
960	381
960	383
960	388
960	399
960	447
960	460
960	494
960	499
960	542
960	544
960	562
960	574
960	660
960	675
960	679
960	700
960	701
960	719
960	727
960	768
960	770
960	786
960	814
960	828
960	831
960	859
960	867
960	905
960	931
960	934
960	938
960	940
960	963
960	971
960	982
960	985
960	999
961	264
961	361
961	470
961	485
961	497
961	529
961	554
961	611
961	615
961	681
961	710
961	716
961	746
961	764
961	766
961	774
961	776
961	810
961	812
961	813
961	837
961	838
961	842
961	845
961	856
961	857
961	863
961	871
961	872
961	898
961	916
961	930
961	937
961	943
961	944
961	955
961	974
961	976
961	979
961	982
961	988
961	992
961	994
961	999
962	40
962	62
962	63
962	80
962	144
962	165
962	295
962	312
962	320
962	343
962	352
962	401
962	412
962	427
962	430
962	465
962	484
962	489
962	503
962	517
962	528
962	534
962	572
962	581
962	589
962	635
962	654
962	664
962	669
962	709
962	719
962	723
962	870
962	883
962	886
962	899
962	903
962	914
962	927
962	939
962	964
962	968
962	969
962	991
963	35
963	95
963	121
963	169
963	192
963	313
963	378
963	399
963	494
963	555
963	562
963	569
963	570
963	608
963	625
963	646
963	660
963	670
963	727
963	734
963	769
963	789
963	790
963	807
963	814
963	827
963	828
963	833
963	841
963	859
963	902
963	905
963	926
963	931
963	936
963	938
963	943
963	955
963	960
963	965
963	971
963	983
963	984
963	985
964	38
964	57
964	93
964	102
964	196
964	295
964	320
964	359
964	401
964	414
964	418
964	427
964	430
964	441
964	465
964	487
964	527
964	564
964	572
964	589
964	654
964	655
964	664
964	668
964	669
964	674
964	709
964	719
964	723
964	839
964	870
964	879
964	883
964	886
964	899
964	903
964	922
964	927
964	939
964	962
964	968
964	969
964	994
964	1000
965	67
965	69
965	116
965	266
965	303
965	322
965	383
965	388
965	415
965	447
965	494
965	543
965	555
965	562
965	598
965	616
965	646
965	661
965	675
965	700
965	701
965	768
965	770
965	781
965	814
965	827
965	828
965	831
965	841
965	859
965	867
965	889
965	902
965	904
965	926
965	931
965	934
965	936
965	938
965	940
965	963
965	970
965	971
965	985
965	991
966	27
966	29
966	39
966	97
966	120
966	124
966	130
966	153
966	154
966	156
966	233
966	236
966	270
966	293
966	314
966	315
966	396
966	402
966	440
966	505
966	508
966	514
966	539
966	552
966	558
966	575
966	584
966	596
966	600
966	602
966	606
966	672
966	687
966	713
966	718
966	722
966	736
966	785
966	819
966	837
966	853
966	889
966	911
966	917
966	918
966	941
966	945
966	953
966	981
967	79
967	83
967	171
967	237
967	299
967	324
967	329
967	333
967	341
967	351
967	367
967	390
967	400
967	411
967	416
967	438
967	448
967	454
967	491
967	512
967	536
967	546
967	557
967	559
967	586
967	621
967	653
967	683
967	685
967	690
967	695
967	728
967	750
967	783
967	800
967	806
967	814
967	821
967	829
967	864
967	875
967	900
967	906
967	910
967	915
967	924
967	926
967	946
967	988
967	1000
968	22
968	38
968	56
968	82
968	109
968	144
968	159
968	206
968	241
968	285
968	297
968	306
968	412
968	414
968	426
968	429
968	441
968	456
968	465
968	484
968	487
968	489
968	503
968	517
968	520
968	528
968	540
968	572
968	581
968	589
968	654
968	655
968	668
968	707
968	709
968	723
968	730
968	870
968	883
968	886
968	899
968	903
968	908
968	927
968	939
968	962
968	964
968	969
968	985
968	995
969	38
969	40
969	56
969	63
969	82
969	93
969	139
969	159
969	196
969	199
969	251
969	297
969	306
969	312
969	352
969	359
969	409
969	412
969	418
969	426
969	427
969	465
969	475
969	501
969	527
969	564
969	581
969	589
969	609
969	654
969	655
969	664
969	668
969	669
969	709
969	719
969	723
969	724
969	730
969	839
969	870
969	882
969	883
969	886
969	903
969	927
969	936
969	939
969	962
969	964
969	968
970	25
970	120
970	143
970	212
970	220
970	226
970	257
970	289
970	316
970	349
970	374
970	392
970	410
970	436
970	464
970	466
970	477
970	496
970	511
970	583
970	587
970	593
970	599
970	622
970	623
970	628
970	644
970	659
970	676
970	689
970	715
970	724
970	732
970	756
970	849
970	855
970	865
970	866
970	878
970	890
970	929
970	932
970	942
970	949
970	953
970	965
970	972
970	977
970	978
970	985
970	998
971	16
971	76
971	107
971	141
971	216
971	294
971	313
971	381
971	383
971	391
971	460
971	525
971	544
971	569
971	570
971	574
971	577
971	598
971	608
971	616
971	620
971	625
971	661
971	675
971	700
971	701
971	727
971	768
971	769
971	770
971	781
971	786
971	790
971	807
971	828
971	833
971	841
971	843
971	859
971	867
971	902
971	926
971	931
971	934
971	936
971	938
971	960
971	963
971	965
971	972
971	973
971	985
971	989
972	44
972	77
972	81
972	98
972	108
972	195
972	204
972	208
972	212
972	243
972	257
972	289
972	302
972	316
972	349
972	350
972	393
972	418
972	448
972	464
972	466
972	496
972	506
972	511
972	523
972	547
972	560
972	583
972	593
972	597
972	623
972	659
972	676
972	715
972	724
972	732
972	834
972	849
972	852
972	855
972	865
972	866
972	878
972	887
972	929
972	932
972	949
972	953
972	970
972	971
972	977
972	978
972	998
973	14
973	51
973	52
973	115
973	273
973	366
973	375
973	379
973	408
973	419
973	431
973	449
973	459
973	518
973	553
973	591
973	639
973	642
973	643
973	658
973	673
973	703
973	704
973	708
973	721
973	725
973	743
973	753
973	755
973	756
973	762
973	796
973	797
973	840
973	843
973	848
973	873
973	882
973	885
973	890
973	895
973	896
973	899
973	922
973	925
973	928
973	947
973	950
973	957
973	971
973	975
973	986
973	990
973	991
974	85
974	101
974	103
974	113
974	178
974	213
974	232
974	280
974	310
974	318
974	339
974	371
974	439
974	462
974	488
974	497
974	500
974	543
974	585
974	610
974	716
974	746
974	751
974	774
974	788
974	810
974	812
974	813
974	836
974	838
974	845
974	857
974	862
974	863
974	871
974	872
974	875
974	893
974	908
974	916
974	930
974	943
974	944
974	954
974	955
974	961
974	979
974	982
974	987
974	988
974	992
974	993
974	994
974	999
975	55
975	175
975	290
975	300
975	345
975	362
975	408
975	442
975	444
975	463
975	476
975	518
975	538
975	545
975	580
975	605
975	624
975	633
975	639
975	647
975	650
975	673
975	694
975	726
975	731
975	747
975	748
975	755
975	773
975	777
975	780
975	782
975	790
975	797
975	810
975	826
975	835
975	848
975	881
975	882
975	890
975	892
975	922
975	925
975	942
975	947
975	950
975	952
975	957
975	973
975	988
975	989
975	990
975	991
975	999
976	12
976	28
976	71
976	74
976	89
976	161
976	203
976	248
976	260
976	284
976	301
976	354
976	385
976	406
976	455
976	478
976	486
976	492
976	516
976	531
976	568
976	579
976	594
976	604
976	607
976	614
976	627
976	634
976	638
976	640
976	665
976	667
976	688
976	698
976	729
976	733
976	738
976	742
976	744
976	745
976	795
976	830
976	832
976	868
976	877
976	888
976	901
976	919
976	923
976	933
976	957
976	959
976	961
976	981
976	995
976	997
977	4
977	77
977	92
977	99
977	119
977	163
977	220
977	244
977	262
977	264
977	298
977	311
977	350
977	362
977	374
977	393
977	404
977	437
977	464
977	477
977	496
977	513
977	523
977	547
977	560
977	583
977	587
977	593
977	597
977	599
977	617
977	623
977	628
977	659
977	679
977	689
977	715
977	732
977	758
977	762
977	834
977	849
977	852
977	855
977	865
977	866
977	878
977	906
977	929
977	932
977	949
977	953
977	970
977	972
977	978
977	998
978	4
978	6
978	8
978	183
978	208
978	272
978	316
978	349
978	350
978	410
978	436
978	437
978	464
978	481
978	506
978	511
978	513
978	535
978	560
978	583
978	587
978	593
978	597
978	599
978	617
978	622
978	623
978	628
978	659
978	670
978	679
978	689
978	715
978	724
978	732
978	758
978	762
978	784
978	799
978	829
978	834
978	849
978	852
978	855
978	865
978	866
978	878
978	929
978	932
978	949
978	953
978	970
978	972
978	977
978	986
978	998
979	21
979	68
979	134
979	152
979	262
979	310
979	371
979	407
979	468
979	470
979	474
979	488
979	495
979	518
979	543
979	556
979	590
979	629
979	636
979	644
979	662
979	663
979	681
979	721
979	746
979	751
979	764
979	765
979	766
979	774
979	776
979	787
979	789
979	836
979	837
979	838
979	856
979	857
979	862
979	863
979	871
979	872
979	893
979	908
979	916
979	937
979	943
979	944
979	954
979	955
979	961
979	974
979	982
979	988
979	992
979	994
979	999
980	18
980	37
980	66
980	70
980	75
980	111
980	117
980	128
980	151
980	181
980	198
980	223
980	224
980	279
980	311
980	328
980	336
980	344
980	357
980	370
980	384
980	394
980	420
980	439
980	450
980	526
980	588
980	612
980	648
980	652
980	656
980	657
980	672
980	684
980	692
980	705
980	711
980	714
980	772
980	775
980	778
980	779
980	799
980	803
980	804
980	832
980	834
980	858
980	879
980	894
980	912
980	913
980	914
980	920
980	921
980	956
980	958
980	983
981	27
981	29
981	39
981	60
981	84
981	97
981	124
981	125
981	130
981	137
981	153
981	154
981	156
981	172
981	187
981	233
981	236
981	256
981	265
981	270
981	291
981	293
981	314
981	315
981	365
981	396
981	440
981	447
981	505
981	508
981	514
981	519
981	539
981	552
981	558
981	584
981	596
981	600
981	602
981	606
981	672
981	687
981	713
981	722
981	736
981	785
981	819
981	853
981	889
981	892
981	911
981	917
981	918
981	941
981	945
981	954
981	966
981	976
981	995
982	21
982	48
982	73
982	88
982	168
982	189
982	219
982	222
982	230
982	232
982	253
982	340
982	342
982	369
982	377
982	451
982	452
982	468
982	470
982	474
982	499
982	529
982	592
982	615
982	618
982	629
982	644
982	764
982	766
982	776
982	778
982	788
982	810
982	813
982	836
982	838
982	856
982	857
982	862
982	863
982	872
982	891
982	893
982	904
982	908
982	916
982	930
982	933
982	937
982	944
982	954
982	955
982	960
982	961
982	974
982	979
982	988
982	992
982	994
982	999
983	32
983	37
983	70
983	75
983	117
983	157
983	166
983	181
983	198
983	214
983	224
983	275
983	311
983	328
983	336
983	344
983	353
983	357
983	394
983	420
983	457
983	458
983	498
983	565
983	567
983	576
983	582
983	612
983	648
983	656
983	657
983	684
983	692
983	705
983	711
983	714
983	767
983	772
983	775
983	779
983	799
983	803
983	804
983	832
983	858
983	879
983	894
983	912
983	913
983	914
983	920
983	921
983	930
983	956
983	958
983	963
983	980
983	986
983	989
983	1000
984	34
984	41
984	96
984	131
984	164
984	184
984	197
984	210
984	217
984	259
984	263
984	273
984	327
984	330
984	337
984	363
984	368
984	372
984	385
984	405
984	456
984	484
984	504
984	509
984	515
984	550
984	619
984	626
984	632
984	677
984	682
984	686
984	696
984	735
984	740
984	752
984	753
984	757
984	759
984	761
984	763
984	784
984	798
984	801
984	802
984	808
984	818
984	820
984	847
984	851
984	854
984	861
984	887
984	901
984	948
984	950
984	959
984	963
984	987
984	988
984	993
984	996
985	95
985	105
985	107
985	121
985	135
985	141
985	147
985	169
985	218
985	225
985	268
985	294
985	303
985	322
985	355
985	378
985	381
985	415
985	460
985	525
985	542
985	562
985	569
985	570
985	577
985	594
985	598
985	620
985	660
985	661
985	669
985	670
985	700
985	701
985	726
985	734
985	768
985	769
985	770
985	781
985	786
985	789
985	814
985	828
985	831
985	859
985	867
985	902
985	905
985	907
985	926
985	931
985	934
985	936
985	938
985	940
985	960
985	963
985	965
985	968
985	970
985	971
986	42
986	113
986	127
986	148
986	191
986	205
986	234
986	271
986	332
986	391
986	431
986	434
986	443
986	444
986	449
986	510
986	518
986	639
986	642
986	647
986	650
986	666
986	673
986	678
986	708
986	720
986	721
986	725
986	780
986	782
986	792
986	815
986	822
986	823
986	825
986	826
986	840
986	843
986	846
986	850
986	865
986	869
986	876
986	882
986	890
986	892
986	895
986	898
986	922
986	925
986	928
986	942
986	947
986	950
986	951
986	952
986	957
986	973
986	978
986	983
986	989
986	990
986	991
987	26
987	87
987	110
987	132
987	138
987	149
987	163
987	202
987	210
987	240
987	250
987	296
987	327
987	330
987	363
987	368
987	372
987	425
987	472
987	504
987	515
987	551
987	573
987	603
987	611
987	619
987	626
987	632
987	649
987	677
987	680
987	682
987	686
987	717
987	735
987	740
987	752
987	763
987	784
987	793
987	798
987	801
987	817
987	818
987	820
987	825
987	847
987	851
987	854
987	861
987	874
987	886
987	887
987	891
987	896
987	901
987	935
987	948
987	955
987	959
987	974
987	984
987	991
987	993
987	996
988	11
988	16
988	43
988	45
988	48
988	85
988	103
988	152
988	176
988	219
988	232
988	239
988	253
988	331
988	369
988	397
988	424
988	451
988	473
988	480
988	485
988	488
988	537
988	554
988	556
988	585
988	610
988	615
988	629
988	630
988	658
988	716
988	741
988	766
988	776
988	788
988	810
988	816
988	837
988	838
988	842
988	845
988	856
988	857
988	863
988	871
988	872
988	893
988	904
988	908
988	916
988	930
988	937
988	943
988	944
988	954
988	955
988	961
988	967
988	974
988	975
988	979
988	982
988	984
988	992
988	994
988	999
989	54
989	65
989	78
989	86
989	94
989	112
989	175
989	180
989	205
989	245
989	326
989	345
989	346
989	362
989	423
989	443
989	461
989	463
989	467
989	476
989	502
989	510
989	532
989	545
989	591
989	609
989	641
989	643
989	645
989	651
989	678
989	726
989	735
989	736
989	747
989	755
989	780
989	794
989	796
989	797
989	822
989	823
989	826
989	840
989	843
989	850
989	855
989	869
989	873
989	880
989	881
989	882
989	885
989	892
989	893
989	895
989	925
989	937
989	942
989	947
989	950
989	951
989	952
989	971
989	975
989	983
989	986
989	990
989	991
990	5
990	9
990	23
990	51
990	52
990	86
990	94
990	115
990	118
990	153
990	234
990	235
990	249
990	276
990	287
990	300
990	366
990	376
990	403
990	408
990	434
990	449
990	500
990	502
990	553
990	575
990	609
990	631
990	641
990	647
990	666
990	678
990	689
990	691
990	697
990	702
990	725
990	744
990	747
990	748
990	756
990	777
990	792
990	809
990	835
990	848
990	860
990	869
990	876
990	880
990	881
990	890
990	892
990	895
990	898
990	904
990	922
990	928
990	942
990	950
990	951
990	952
990	957
990	973
990	975
990	986
990	989
990	991
990	992
990	994
990	995
991	5
991	11
991	54
991	167
991	180
991	206
991	235
991	281
991	283
991	292
991	304
991	306
991	332
991	342
991	346
991	360
991	386
991	398
991	419
991	461
991	500
991	502
991	507
991	609
991	637
991	643
991	650
991	656
991	658
991	673
991	691
991	693
991	708
991	712
991	720
991	726
991	747
991	777
991	792
991	796
991	809
991	815
991	824
991	840
991	843
991	846
991	850
991	869
991	873
991	880
991	881
991	882
991	885
991	890
991	891
991	892
991	925
991	928
991	947
991	950
991	951
991	957
991	962
991	965
991	973
991	975
991	986
991	987
991	989
991	990
991	997
992	45
992	73
992	88
992	101
992	150
992	213
992	219
992	238
992	254
992	274
992	307
992	340
992	370
992	373
992	403
992	452
992	470
992	479
992	485
992	488
992	497
992	556
992	585
992	592
992	610
992	611
992	630
992	636
992	662
992	710
992	716
992	741
992	751
992	766
992	774
992	776
992	778
992	787
992	788
992	812
992	813
992	816
992	836
992	837
992	838
992	845
992	856
992	863
992	871
992	872
992	882
992	888
992	890
992	893
992	904
992	908
992	916
992	930
992	937
992	944
992	954
992	955
992	959
992	961
992	974
992	979
992	982
992	988
992	990
992	994
992	999
993	41
993	96
993	110
993	123
993	132
993	138
993	149
993	160
993	200
993	201
993	255
993	263
993	272
993	296
993	323
993	330
993	368
993	372
993	395
993	425
993	456
993	462
993	509
993	515
993	550
993	551
993	561
993	573
993	601
993	621
993	649
993	677
993	680
993	682
993	686
993	694
993	717
993	740
993	752
993	753
993	757
993	759
993	761
993	763
993	784
993	793
993	798
993	801
993	802
993	808
993	817
993	820
993	847
993	854
993	861
993	871
993	874
993	887
993	891
993	896
993	901
993	917
993	935
993	946
993	948
993	956
993	959
993	974
993	984
993	987
993	996
994	42
994	45
994	66
994	78
994	85
994	113
994	168
994	176
994	178
994	189
994	193
994	230
994	247
994	307
994	318
994	339
994	377
994	428
994	479
994	489
994	495
994	497
994	533
994	537
994	543
994	556
994	585
994	610
994	662
994	716
994	741
994	746
994	751
994	764
994	765
994	766
994	767
994	776
994	778
994	787
994	788
994	816
994	836
994	837
994	838
994	842
994	856
994	857
994	862
994	871
994	872
994	893
994	904
994	908
994	916
994	930
994	937
994	943
994	944
994	954
994	955
994	956
994	961
994	964
994	974
994	979
994	982
994	988
994	990
994	992
994	999
995	12
995	28
995	71
995	72
995	100
995	114
995	122
995	133
995	146
995	161
995	173
995	179
995	203
995	209
995	228
995	254
995	255
995	260
995	261
995	277
995	284
995	286
995	298
995	305
995	309
995	335
995	358
995	382
995	385
995	446
995	453
995	455
995	471
995	478
995	486
995	516
995	521
995	531
995	566
995	568
995	571
995	579
995	590
995	594
995	604
995	607
995	614
995	620
995	627
995	634
995	638
995	640
995	665
995	667
995	688
995	698
995	699
995	729
995	733
995	738
995	742
995	744
995	749
995	795
995	830
995	868
995	877
995	880
995	888
995	919
995	923
995	933
995	968
995	976
995	981
995	990
995	997
995	999
996	26
996	34
996	47
996	87
996	91
996	110
996	116
996	129
996	138
996	164
996	168
996	170
996	184
996	197
996	200
996	201
996	217
996	221
996	240
996	334
996	337
996	363
996	368
996	395
996	405
996	445
996	472
996	515
996	522
996	540
996	541
996	550
996	561
996	578
996	601
996	603
996	619
996	621
996	626
996	632
996	646
996	649
996	677
996	680
996	682
996	686
996	694
996	696
996	717
996	735
996	740
996	752
996	753
996	757
996	759
996	761
996	784
996	793
996	801
996	808
996	817
996	820
996	822
996	823
996	847
996	851
996	854
996	861
996	874
996	887
996	891
996	896
996	901
996	935
996	948
996	959
996	984
996	987
996	993
996	998
997	12
997	50
997	71
997	72
997	74
997	89
997	100
997	114
997	122
997	133
997	136
997	146
997	161
997	173
997	177
997	179
997	187
997	203
997	209
997	228
997	248
997	255
997	260
997	261
997	277
997	284
997	286
997	301
997	309
997	335
997	354
997	358
997	382
997	385
997	387
997	406
997	446
997	453
997	455
997	471
997	478
997	486
997	492
997	516
997	521
997	549
997	568
997	571
997	579
997	590
997	594
997	604
997	607
997	614
997	627
997	634
997	638
997	640
997	664
997	665
997	667
997	688
997	698
997	699
997	729
997	733
997	738
997	742
997	744
997	745
997	749
997	795
997	830
997	854
997	868
997	877
997	888
997	909
997	919
997	923
997	933
997	938
997	976
997	991
997	995
998	6
998	7
998	25
998	44
998	62
998	77
998	98
998	99
998	108
998	120
998	143
998	183
998	195
998	204
998	208
998	212
998	242
998	243
998	244
998	257
998	262
998	264
998	272
998	289
998	302
998	308
998	316
998	349
998	374
998	389
998	392
998	404
998	410
998	436
998	437
998	443
998	464
998	466
998	477
998	481
998	491
998	496
998	506
998	511
998	513
998	523
998	535
998	547
998	560
998	583
998	587
998	597
998	599
998	617
998	622
998	623
998	628
998	659
998	676
998	679
998	689
998	715
998	724
998	732
998	758
998	762
998	791
998	834
998	849
998	852
998	855
998	865
998	866
998	867
998	878
998	881
998	903
998	929
998	932
998	940
998	948
998	949
998	953
998	970
998	972
998	977
998	978
998	996
999	19
999	43
999	53
999	66
999	88
999	103
999	104
999	134
999	150
999	178
999	189
999	193
999	211
999	213
999	244
999	247
999	280
999	307
999	310
999	318
999	339
999	340
999	369
999	370
999	371
999	373
999	377
999	407
999	421
999	451
999	452
999	470
999	473
999	479
999	480
999	485
999	488
999	529
999	537
999	543
999	554
999	592
999	615
999	618
999	629
999	630
999	636
999	644
999	659
999	662
999	677
999	681
999	740
999	741
999	746
999	751
999	764
999	765
999	773
999	776
999	778
999	788
999	798
999	810
999	812
999	813
999	816
999	836
999	837
999	838
999	842
999	845
999	857
999	862
999	871
999	872
999	893
999	904
999	908
999	916
999	930
999	937
999	943
999	944
999	954
999	955
999	960
999	961
999	974
999	975
999	979
999	982
999	988
999	992
999	994
999	995
1000	3
1000	13
1000	15
1000	17
1000	20
1000	24
1000	33
1000	61
1000	79
1000	83
1000	90
1000	140
1000	148
1000	186
1000	227
1000	231
1000	237
1000	258
1000	278
1000	288
1000	299
1000	317
1000	319
1000	324
1000	329
1000	333
1000	334
1000	341
1000	347
1000	351
1000	356
1000	390
1000	393
1000	400
1000	411
1000	416
1000	417
1000	424
1000	428
1000	433
1000	438
1000	448
1000	454
1000	458
1000	469
1000	482
1000	490
1000	491
1000	512
1000	524
1000	530
1000	536
1000	546
1000	548
1000	559
1000	566
1000	567
1000	586
1000	613
1000	653
1000	671
1000	678
1000	683
1000	685
1000	690
1000	706
1000	718
1000	728
1000	737
1000	750
1000	754
1000	760
1000	783
1000	791
1000	800
1000	806
1000	811
1000	818
1000	821
1000	829
1000	844
1000	864
1000	875
1000	884
1000	897
1000	900
1000	906
1000	907
1000	910
1000	915
1000	922
1000	924
1000	926
1000	946
1000	964
1000	967
1000	983
