1	936
1	986
1	988
2	624
2	881
2	940
3	246
3	962
3	992
4	855
4	955
4	990
5	798
5	827
5	961
6	187
6	926
6	991
7	96
7	755
7	997
8	745
8	946
8	1000
9	473
9	937
9	970
10	316
10	538
10	969
11	144
11	192
11	989
12	908
12	960
12	986
13	33
13	198
13	994
14	835
14	979
14	998
15	627
15	806
15	986
16	765
16	807
16	988
17	389
17	771
17	954
18	959
18	982
18	990
19	967
19	981
19	994
20	685
20	906
20	937
21	746
21	865
21	982
22	737
22	986
22	988
23	704
23	815
23	993
24	346
24	824
24	919
25	526
25	768
25	993
26	840
26	858
26	864
27	854
27	881
27	972
28	700
28	976
28	996
29	942
29	984
29	998
30	968
30	979
30	998
31	492
31	891
31	975
32	526
32	989
32	998
33	13
33	454
33	792
34	933
34	995
34	999
35	761
35	982
35	996
36	306
36	721
36	962
37	980
37	995
37	997
38	959
38	982
38	990
39	923
39	934
39	995
40	705
40	901
40	924
41	102
41	987
41	993
42	753
42	997
42	999
43	252
43	994
43	1000
44	737
44	763
44	939
45	876
45	896
45	947
46	380
46	805
46	971
47	331
47	923
47	999
48	828
48	984
48	998
49	597
49	945
49	981
50	479
50	932
50	999
51	758
51	983
51	992
52	819
52	917
52	987
53	251
53	905
53	934
54	835
54	985
54	998
55	883
55	888
55	978
56	666
56	957
56	964
57	431
57	772
57	994
58	714
58	985
58	991
59	955
59	971
59	996
60	614
60	984
60	998
61	875
61	982
61	996
62	955
62	990
62	991
63	622
63	943
63	960
64	831
64	856
64	980
65	372
65	965
65	993
66	614
66	989
66	998
67	601
67	855
67	886
68	716
68	991
68	996
69	85
69	696
69	993
70	860
70	992
70	997
71	471
71	808
71	961
72	921
72	963
72	997
73	931
73	938
73	990
74	694
74	768
74	788
75	799
75	903
75	981
76	819
76	850
76	901
77	658
77	943
77	956
78	625
78	907
78	976
79	850
79	984
79	987
80	499
80	964
80	988
81	656
81	959
81	992
82	665
82	978
82	990
83	388
83	990
83	996
84	529
84	951
84	1000
85	69
85	979
85	987
86	859
86	966
86	975
87	507
87	844
87	998
88	891
88	930
88	961
89	178
89	798
89	989
90	810
90	835
90	994
91	93
91	660
91	942
92	775
92	974
92	997
93	91
93	119
93	684
94	540
94	979
94	984
95	621
95	647
95	994
96	7
96	818
96	995
97	618
97	623
97	986
98	122
98	407
98	987
99	805
99	990
99	991
100	845
100	871
100	882
101	443
101	713
101	791
102	41
102	819
102	886
103	845
103	954
103	974
104	876
104	947
104	972
105	781
105	788
105	808
106	603
106	974
106	999
107	792
107	928
107	946
108	922
108	935
108	978
109	849
109	918
109	997
110	640
110	902
110	1000
111	436
111	935
111	978
112	873
112	992
112	997
113	971
113	991
113	996
114	168
114	446
114	985
115	626
115	783
115	879
116	881
116	904
116	916
117	834
117	852
117	860
118	964
118	993
118	998
119	93
119	650
119	710
120	218
120	675
120	903
121	320
121	994
121	1000
122	98
122	989
122	993
123	936
123	943
123	955
124	608
124	734
124	823
125	806
125	961
125	974
126	778
126	953
126	972
127	176
127	833
127	981
128	814
128	953
128	972
129	449
129	949
129	994
130	794
130	991
130	996
131	710
131	809
131	993
132	662
132	691
132	1000
133	881
133	940
133	950
134	391
134	647
134	917
135	722
135	750
135	956
136	735
136	981
136	983
137	758
137	918
137	935
138	337
138	833
138	981
139	628
139	977
139	1000
140	951
140	964
140	986
141	920
141	944
141	974
142	751
142	985
142	991
143	464
143	666
143	912
144	11
144	768
144	979
145	951
145	981
145	1000
146	992
146	997
146	999
147	830
147	991
147	996
148	821
148	913
148	974
149	974
149	992
149	997
150	713
150	752
150	898
151	883
151	922
151	978
152	268
152	817
152	1000
153	611
153	944
153	968
154	232
154	956
154	969
155	748
155	767
155	1000
156	659
156	832
156	994
157	439
157	519
157	871
158	639
158	699
158	707
159	552
159	930
159	975
160	925
160	950
160	953
161	739
161	873
161	908
162	266
162	541
162	987
163	273
163	966
163	996
164	189
164	891
164	930
165	788
165	818
165	975
166	255
166	818
166	922
167	671
167	813
167	997
168	114
168	917
168	993
169	948
169	982
169	996
170	292
170	995
170	1000
171	828
171	968
171	998
172	796
172	848
172	890
173	926
173	938
173	990
174	175
174	368
174	962
175	174
175	914
175	994
176	127
176	343
176	980
177	185
177	932
177	954
178	89
178	828
178	855
179	398
179	906
179	961
180	858
180	960
180	964
181	716
181	894
181	921
182	465
182	989
182	993
183	801
183	938
183	996
184	469
184	967
184	999
185	177
185	644
185	990
186	361
186	886
186	989
187	6
187	542
187	919
188	952
188	995
188	999
189	164
189	752
189	930
190	543
190	733
190	976
191	558
191	982
191	985
192	11
192	575
192	998
193	302
193	528
193	993
194	363
194	444
194	875
195	856
195	888
195	921
196	530
196	837
196	991
197	408
197	470
197	943
198	13
198	885
198	946
199	913
199	974
199	992
200	735
200	877
200	1000
201	492
201	892
201	997
202	721
202	992
202	997
203	663
203	757
203	838
204	747
204	942
204	998
205	964
205	967
205	1000
206	964
206	970
206	988
207	661
207	871
207	967
208	892
208	962
208	999
209	661
209	909
209	983
210	781
210	922
210	975
211	308
211	443
211	994
212	723
212	879
212	997
213	916
213	927
213	950
214	391
214	570
214	993
215	980
215	998
215	999
216	369
216	805
216	976
217	362
217	915
217	998
218	120
218	750
218	897
219	925
219	947
219	972
220	841
220	990
220	996
221	560
221	922
221	978
222	963
222	995
222	999
223	283
223	973
223	988
224	947
224	949
224	972
225	857
225	967
225	1000
226	824
226	922
226	975
227	637
227	808
227	975
228	957
228	982
228	990
229	718
229	840
229	897
230	886
230	979
230	993
231	902
231	909
231	1000
232	154
232	911
232	970
233	316
233	567
233	975
234	977
234	988
234	1000
235	804
235	888
235	935
236	506
236	623
236	957
237	955
237	991
237	996
238	923
238	926
238	971
239	894
239	964
239	973
240	445
240	818
240	975
241	877
241	904
241	947
242	254
242	922
242	935
243	301
243	957
243	965
244	990
244	991
244	996
245	856
245	975
245	978
246	3
246	918
246	995
247	954
247	972
247	997
248	641
248	912
248	970
249	800
249	838
249	963
250	593
250	806
250	820
251	53
251	697
251	998
252	43
252	803
252	967
253	550
253	976
253	998
254	242
254	680
254	932
255	166
255	560
255	978
256	791
256	929
256	976
257	390
257	957
257	964
258	610
258	969
258	988
259	834
259	885
259	914
260	927
260	950
260	984
261	512
261	974
261	992
262	913
262	952
262	980
263	630
263	868
263	967
264	960
264	963
264	964
265	937
265	964
265	988
266	162
266	864
266	924
267	490
267	560
267	593
268	152
268	817
268	994
269	346
269	961
269	978
270	863
270	985
270	996
271	785
271	986
271	988
272	932
272	954
272	992
273	163
273	663
273	986
274	931
274	959
274	996
275	679
275	950
275	953
276	440
276	818
276	906
277	634
277	686
277	997
278	898
278	926
278	985
279	772
279	983
279	1000
280	723
280	754
280	983
281	923
281	933
281	999
282	428
282	917
282	998
283	223
283	580
283	687
284	982
284	990
284	996
285	835
285	955
285	976
286	595
286	880
286	960
287	971
287	985
287	991
288	808
288	906
288	922
289	550
289	987
289	993
290	969
290	988
290	989
291	442
291	877
291	946
292	170
292	477
292	780
292	799
293	715
293	918
293	995
293	999
294	640
294	968
294	989
294	993
295	359
295	589
295	944
295	989
296	927
296	940
296	953
296	972
297	825
297	928
297	967
297	981
298	536
298	660
298	868
298	987
299	717
299	776
299	926
299	959
300	824
300	888
300	930
300	978
301	243
301	965
301	986
301	988
302	193
302	705
302	789
302	993
303	722
303	904
303	940
303	950
304	865
304	926
304	959
304	991
305	739
305	771
305	852
305	985
306	36
306	795
306	932
306	997
307	850
307	968
307	984
307	987
308	211
308	564
308	902
308	951
309	931
309	959
309	990
309	991
310	936
310	941
310	957
310	973
311	602
311	871
311	959
311	985
312	840
312	931
312	973
312	988
313	405
313	720
313	931
313	996
314	664
314	936
314	964
314	973
315	952
315	994
315	995
315	999
316	10
316	233
316	706
316	820
317	401
317	507
317	879
317	954
318	354
318	766
318	974
318	980
319	744
319	874
319	940
319	972
320	121
320	896
320	953
320	972
321	791
321	955
321	990
321	991
322	585
322	979
322	987
322	993
323	837
323	939
323	976
323	996
324	767
324	818
324	975
324	978
325	454
325	795
325	829
325	994
326	544
326	758
326	963
326	986
327	392
327	729
327	884
327	913
328	891
328	935
328	951
328	978
329	619
329	859
329	867
329	936
330	883
330	894
330	919
330	961
331	47
331	934
331	962
331	992
332	716
332	907
332	990
332	996
333	622
333	763
333	937
333	969
334	369
334	929
334	948
334	990
335	653
335	888
335	919
335	975
336	582
336	848
336	981
336	1000
337	138
337	415
337	603
337	999
338	828
338	847
338	924
338	998
339	530
339	877
339	910
339	1000
340	762
340	849
340	892
340	980
341	907
341	962
341	982
341	996
342	473
342	847
342	948
342	955
343	176
343	730
343	996
343	999
344	770
344	954
344	997
344	999
345	717
345	952
345	992
345	995
346	24
346	269
346	806
346	978
347	651
347	995
347	997
347	999
348	351
348	472
348	895
348	988
349	889
349	933
349	934
349	999
350	946
350	949
350	958
350	994
351	348
351	737
351	963
351	988
352	419
352	785
352	897
352	936
353	502
353	983
353	994
353	1000
354	318
354	965
354	966
354	969
355	967
355	983
355	998
355	1000
356	406
356	540
356	619
356	895
357	508
357	706
357	950
357	961
358	712
358	979
358	987
358	993
359	295
359	428
359	924
359	979
360	404
360	645
360	910
360	994
361	186
361	918
361	952
361	992
362	217
362	702
362	877
362	998
363	194
363	590
363	945
363	1000
364	864
364	956
364	960
364	966
365	606
365	704
365	968
365	998
366	919
366	931
366	938
366	996
367	741
367	989
367	995
367	998
368	174
368	954
368	974
368	997
369	216
369	334
369	750
369	996
370	908
370	962
370	974
370	992
371	867
371	904
371	925
371	947
372	65
372	551
372	964
372	973
373	938
373	948
373	985
373	990
374	517
374	742
374	913
374	918
375	467
375	947
375	950
375	972
376	927
376	940
376	947
376	950
377	684
377	915
377	987
377	989
378	916
378	947
378	972
378	983
379	807
379	963
379	965
379	973
380	46
380	923
380	932
380	999
381	396
381	782
381	861
381	939
382	782
382	936
382	973
382	986
383	676
383	989
383	994
383	1000
384	921
384	976
384	986
384	988
385	743
385	927
385	940
385	972
386	682
386	868
386	899
386	942
387	590
387	691
387	813
387	994
388	83
388	776
388	971
388	996
389	17
389	549
389	879
389	995
390	257
390	874
390	940
390	947
391	134
391	214
391	764
391	979
392	327
392	730
392	997
392	999
393	553
393	867
393	883
393	966
394	631
394	662
394	955
394	982
395	948
395	959
395	990
395	991
396	381
396	721
396	794
396	923
397	709
397	955
397	968
397	985
398	179
398	827
398	961
398	978
399	406
399	641
399	941
399	986
400	580
400	727
400	861
400	988
401	317
401	980
401	995
401	999
402	756
402	901
402	944
402	989
403	573
403	920
403	954
403	999
404	360
404	409
404	983
404	994
405	313
405	805
405	920
405	982
406	356
406	399
406	903
406	988
407	98
407	813
407	993
407	999
408	197
408	614
408	711
408	979
409	404
409	761
409	982
409	991
410	917
410	984
410	987
410	993
411	886
411	915
411	944
411	991
412	712
412	901
412	984
412	989
413	783
413	952
413	954
413	992
414	719
414	790
414	792
414	994
415	337
415	916
415	992
415	997
416	675
416	874
416	925
416	953
417	755
417	823
417	908
417	932
418	915
418	984
418	993
418	998
419	352
419	903
419	966
419	970
420	561
420	797
420	900
420	994
421	806
421	827
421	839
421	935
422	933
422	934
422	980
422	999
423	506
423	966
423	970
423	988
424	811
424	880
424	942
424	962
425	481
425	532
425	850
425	979
426	541
426	584
426	731
426	905
427	948
427	976
427	982
427	996
428	282
428	359
428	855
428	905
429	955
429	985
429	991
429	996
430	652
430	723
430	928
430	994
431	57
431	890
431	907
431	946
432	607
432	699
432	965
432	986
433	436
433	919
433	935
433	978
434	820
434	906
434	930
434	961
435	654
435	828
435	979
435	993
436	111
436	433
436	935
436	961
437	876
437	893
437	940
437	972
438	453
438	752
438	781
438	888
439	157
439	807
439	981
439	1000
440	276
440	636
440	922
440	975
441	904
441	925
441	927
441	940
442	291
442	785
442	796
442	841
442	949
443	101
443	211
443	982
443	990
443	991
444	194
444	912
444	921
444	946
444	970
445	240
445	804
445	908
445	919
445	930
446	114
446	733
446	955
446	971
446	985
447	541
447	697
447	880
447	979
447	989
448	832
448	834
448	841
448	996
448	1000
449	129
449	754
449	833
449	981
449	1000
450	652
450	717
450	826
450	992
450	997
451	566
451	878
451	927
451	953
451	972
452	651
452	923
452	954
452	995
452	999
453	438
453	843
453	919
453	961
453	975
454	33
454	325
454	890
454	945
454	983
455	737
455	858
455	939
455	956
455	966
456	617
456	696
456	809
456	917
456	987
457	493
457	804
457	906
457	975
457	978
458	667
458	860
458	913
458	974
458	999
459	804
459	883
459	906
459	961
459	976
460	781
460	930
460	935
460	975
460	978
461	713
461	822
461	948
461	985
461	990
462	893
462	925
462	947
462	950
462	972
463	769
463	818
463	961
463	975
463	978
464	143
464	725
464	875
464	957
464	960
465	182
465	846
465	885
465	946
465	983
466	610
466	870
466	895
466	909
466	956
467	375
467	624
467	904
467	947
467	953
468	904
468	940
468	947
468	953
468	972
469	184
469	565
469	829
469	952
469	995
470	197
470	499
470	676
470	956
470	964
471	71
471	627
471	726
471	880
471	922
472	348
472	895
472	957
472	960
472	987
473	9
473	342
473	938
473	976
473	991
474	802
474	948
474	976
474	991
474	996
475	719
475	775
475	880
475	984
475	989
476	655
476	789
476	989
476	993
476	998
477	292
477	775
477	974
477	977
477	981
478	949
478	981
478	983
478	991
478	1000
479	50
479	740
479	769
479	787
479	962
480	860
480	924
480	962
480	997
480	999
481	425
481	573
481	798
481	812
481	984
482	557
482	687
482	960
482	969
482	988
483	918
483	974
483	995
483	997
483	999
484	557
484	606
484	643
484	905
484	984
485	926
485	929
485	931
485	938
485	996
486	763
486	903
486	969
486	973
486	988
487	496
487	829
487	914
487	981
487	994
488	823
488	849
488	992
488	997
488	999
489	636
489	930
489	935
489	961
489	975
490	267
490	755
490	985
490	991
490	996
491	701
491	717
491	974
491	997
491	999
492	31
492	201
492	839
492	883
492	935
493	457
493	510
493	535
493	943
493	973
494	561
494	748
494	910
494	977
494	989
495	698
495	930
495	951
495	967
495	994
496	487
496	668
496	749
496	807
496	970
497	562
497	927
497	950
497	953
497	972
498	616
498	835
498	926
498	971
498	990
499	80
499	470
499	870
499	939
499	970
500	872
500	878
500	925
500	940
500	972
501	899
501	917
501	968
501	980
501	989
502	353
502	723
502	759
502	885
502	1000
503	752
503	919
503	922
503	930
503	978
504	666
504	838
504	970
504	973
504	986
505	672
505	891
505	979
505	987
505	993
506	236
506	423
506	894
506	956
506	986
507	87
507	317
507	809
507	915
507	987
508	357
508	696
508	715
508	930
508	961
509	857
509	945
509	967
509	994
509	995
510	493
510	610
510	939
510	986
510	987
511	753
511	931
511	959
511	985
511	996
512	261
512	573
512	701
512	992
512	997
513	681
513	917
513	938
513	968
513	993
514	783
514	915
514	992
514	995
514	997
515	913
515	918
515	933
515	997
515	999
516	609
516	948
516	955
516	982
516	991
517	374
517	823
517	932
517	934
517	997
518	688
518	779
518	882
518	932
518	980
519	157
519	612
519	653
519	981
519	1000
520	658
520	693
520	912
520	960
520	969
521	689
521	823
521	951
521	994
521	1000
522	528
522	617
522	646
522	899
522	1000
523	754
523	951
523	983
523	994
523	1000
524	625
524	716
524	898
524	976
524	991
525	864
525	895
525	921
525	966
525	986
526	25
526	32
526	611
526	984
526	987
527	728
527	738
527	982
527	987
527	990
528	193
528	522
528	844
528	984
528	998
529	84
529	759
529	904
529	983
529	1000
530	196
530	339
530	835
530	982
530	991
531	642
531	985
531	990
531	991
531	997
532	425
532	635
532	915
532	984
532	993
533	564
533	743
533	909
533	946
533	1000
534	893
534	919
534	922
534	961
534	975
535	493
535	664
535	777
535	894
535	960
536	298
536	917
536	984
536	993
536	998
537	634
537	807
537	921
537	936
537	960
537	988
538	10
538	750
538	859
538	912
538	986
538	988
539	741
539	754
539	848
539	890
539	951
539	1000
540	94
540	356
540	697
540	798
540	944
540	993
541	162
541	426
541	447
541	776
541	989
541	998
542	187
542	627
542	788
542	935
542	961
542	975
543	190
543	635
543	868
543	905
543	968
543	987
544	326
544	867
544	903
544	937
544	957
544	965
545	583
545	770
545	885
545	900
545	945
545	999
546	553
546	652
546	699
546	977
546	983
546	1000
547	752
547	781
547	824
547	919
547	930
547	978
548	657
548	907
548	920
548	976
548	985
548	991
549	389
549	592
549	742
549	842
549	992
549	995
550	253
550	289
550	617
550	844
550	918
550	998
551	372
551	637
551	674
551	965
551	970
551	973
552	159
552	839
552	874
552	930
552	975
552	978
553	393
553	546
553	800
553	937
553	963
553	986
554	581
554	939
554	943
554	965
554	969
554	970
555	728
555	954
555	971
555	982
555	985
555	996
556	564
556	718
556	877
556	949
556	977
556	981
557	482
557	484
557	594
557	666
557	921
557	965
558	191
558	732
558	947
558	971
558	991
558	996
559	560
559	584
559	827
559	839
559	856
559	961
560	221
560	255
560	267
560	559
560	883
560	935
561	420
561	494
561	692
561	816
561	827
561	946
562	497
562	637
562	750
562	897
562	939
562	970
563	758
563	932
563	934
563	962
563	992
563	995
564	308
564	533
564	556
564	796
564	877
564	994
565	469
565	592
565	695
565	954
565	995
565	999
566	451
566	786
566	916
566	940
566	950
566	1000
567	233
567	772
567	824
567	843
567	906
567	975
568	741
568	875
568	901
568	984
568	993
568	998
569	902
569	914
569	928
569	983
569	994
569	999
570	214
570	684
570	944
570	979
570	987
570	989
571	697
571	798
571	847
571	952
571	979
571	984
572	822
572	929
572	959
572	990
572	991
572	996
573	403
573	481
573	512
573	695
573	923
573	997
574	913
574	923
574	954
574	974
574	995
574	997
575	192
575	869
575	884
575	917
575	968
575	998
576	923
576	934
576	954
576	962
576	992
576	995
577	678
577	802
577	865
577	955
577	976
577	991
578	807
578	864
578	911
578	963
578	969
578	970
579	814
579	876
579	927
579	940
579	950
579	953
580	283
580	400
580	727
580	872
580	970
580	973
581	554
581	784
581	957
581	969
581	986
581	1000
582	336
582	841
582	981
582	983
582	987
582	1000
583	545
583	799
583	810
583	900
583	958
583	967
584	426
584	559
584	586
584	812
584	979
584	987
585	322
585	660
585	768
585	777
585	880
585	989
586	584
586	764
586	869
586	968
586	987
586	989
587	749
587	800
587	895
587	921
587	937
587	988
588	747
588	836
588	869
588	944
588	979
588	993
589	295
589	849
589	852
589	954
589	992
589	999
590	363
590	387
590	900
590	928
590	958
590	994
591	892
591	962
591	980
591	995
591	997
591	999
592	549
592	565
592	866
592	909
592	934
592	999
593	250
593	267
593	959
593	976
593	982
593	990
594	557
594	897
594	937
594	957
594	965
594	993
595	286
595	859
595	875
595	964
595	966
595	990
596	650
596	929
596	938
596	976
596	990
596	996
597	49
597	673
597	723
597	887
597	910
597	983
598	793
598	933
598	952
598	974
598	992
598	997
599	690
599	800
599	936
599	963
599	965
599	973
600	744
600	854
600	876
600	896
600	927
600	972
601	67
601	683
601	705
601	979
601	989
601	998
602	311
602	830
602	942
602	982
602	991
602	996
603	106
603	337
603	849
603	900
603	997
603	999
604	677
604	896
604	925
604	947
604	950
604	953
605	692
605	845
605	909
605	928
605	946
605	1000
606	365
606	484
606	719
606	968
606	979
606	998
607	432
607	724
607	801
607	956
607	973
607	986
608	124
608	849
608	853
608	933
608	980
608	999
609	516
609	657
609	929
609	982
609	991
609	996
610	258
610	466
610	510
610	875
610	941
610	964
611	153
611	526
611	915
611	968
611	987
611	993
612	519
612	885
612	887
612	897
612	928
612	981
613	657
613	898
613	910
613	926
613	955
613	971
614	60
614	66
614	408
614	881
614	915
614	987
615	685
615	706
615	922
615	935
615	978
615	994
616	498
616	678
616	929
616	931
616	990
616	991
617	456
617	522
617	550
617	873
617	905
617	968
618	97
618	658
618	820
618	941
618	964
618	965
619	329
619	356
619	724
619	867
619	897
619	988
620	705
620	711
620	844
620	899
620	987
620	989
621	95
621	689
621	771
621	797
621	951
621	967
622	63
622	333
622	912
622	943
622	965
622	988
623	97
623	236
623	887
623	937
623	969
623	973
624	2
624	467
624	722
624	743
624	912
624	925
624	947
625	78
625	524
625	644
625	863
625	929
625	955
625	996
626	115
626	632
626	933
626	962
626	980
626	992
626	995
627	15
627	471
627	542
627	808
627	856
627	888
627	930
628	139
628	676
628	705
628	914
628	967
628	977
628	1000
629	636
629	806
629	843
629	856
629	888
629	930
629	935
630	263
630	748
630	977
630	983
630	994
630	997
630	1000
631	394
631	738
631	863
631	959
631	971
631	982
631	996
632	626
632	762
632	766
632	787
632	874
632	920
632	995
633	672
633	683
633	710
633	850
633	984
633	993
633	998
634	277
634	537
634	708
634	779
634	852
634	952
634	999
635	532
635	543
635	880
635	915
635	917
635	987
635	998
636	440
636	489
636	629
636	767
636	922
636	935
636	978
637	227
637	551
637	562
637	897
637	912
637	963
637	970
638	789
638	924
638	979
638	983
638	984
638	987
638	993
639	158
639	675
639	943
639	956
639	960
639	963
639	986
640	110
640	294
640	796
640	803
640	910
640	958
640	1000
641	248
641	399
641	858
641	861
641	963
641	966
641	986
642	531
642	701
642	851
642	971
642	976
642	982
642	985
643	484
643	798
643	821
643	880
643	942
643	987
643	993
644	185
644	625
644	683
644	865
644	959
644	982
644	985
645	360
645	647
645	662
645	946
645	958
645	977
645	1000
646	522
646	660
646	811
646	878
646	905
646	987
646	998
647	95
647	134
647	645
647	949
647	981
647	994
647	1000
648	771
648	852
648	933
648	980
648	992
648	995
648	997
649	679
649	876
649	940
649	950
649	953
649	972
649	988
650	119
650	596
650	747
650	757
650	924
650	993
650	998
651	347
651	452
651	918
651	954
651	980
651	997
651	999
652	430
652	450
652	546
652	928
652	958
652	977
652	981
653	335
653	519
653	843
653	919
653	935
653	975
653	978
654	435
654	886
654	929
654	942
654	968
654	979
654	989
655	476
655	893
655	916
655	925
655	947
655	950
655	953
656	81
656	762
656	793
656	894
656	923
656	995
656	997
657	548
657	609
657	613
657	926
657	931
657	990
657	996
658	77
658	520
658	618
658	941
658	963
658	970
658	993
659	156
659	811
659	946
659	967
659	977
659	981
659	1000
660	91
660	298
660	585
660	646
660	694
660	831
660	968
661	207
661	209
661	670
661	745
661	928
661	958
661	1000
662	132
662	394
662	645
662	832
662	846
662	910
662	983
663	203
663	273
663	785
663	943
663	946
663	965
663	966
664	314
664	535
664	936
664	943
664	966
664	973
664	988
665	82
665	948
665	953
665	982
665	985
665	990
665	996
666	56
666	143
666	504
666	557
666	861
666	957
666	965
667	458
667	688
667	740
667	908
667	962
667	980
667	991
668	496
668	840
668	911
668	936
668	948
668	964
668	986
669	926
669	948
669	971
669	976
669	991
669	996
669	998
670	661
670	816
670	857
670	916
670	977
670	983
670	1000
671	167
671	813
671	815
671	900
671	979
671	989
671	998
672	505
672	633
672	903
672	942
672	968
672	979
672	993
673	597
673	795
673	910
673	958
673	977
673	999
673	1000
674	551
674	858
674	937
674	939
674	956
674	969
674	986
675	120
675	416
675	639
675	703
675	903
675	943
675	960
675	973
676	383
676	470
676	628
676	871
676	945
676	977
676	983
676	994
677	604
677	878
677	896
677	947
677	950
677	953
677	972
677	993
678	577
678	616
678	728
678	835
678	898
678	941
678	971
678	985
679	275
679	649
679	814
679	893
679	916
679	947
679	950
679	972
680	254
680	766
680	892
680	923
680	932
680	969
680	995
680	999
681	513
681	850
681	855
681	886
681	942
681	968
681	979
681	998
682	386
682	915
682	924
682	944
682	972
682	984
682	987
682	998
683	601
683	633
683	644
683	811
683	886
683	917
683	979
683	998
684	93
684	377
684	570
684	789
684	942
684	968
684	984
684	987
685	20
685	615
685	806
685	856
685	935
685	961
685	975
685	978
686	277
686	772
686	790
686	877
686	914
686	949
686	967
686	994
687	283
687	482
687	895
687	941
687	956
687	957
687	960
687	970
688	518
688	667
688	779
688	794
688	882
688	980
688	997
688	999
689	521
689	621
689	748
689	797
689	945
689	949
689	977
689	1000
690	599
690	833
690	890
690	928
690	951
690	981
690	994
690	1000
691	132
691	387
691	698
691	794
691	846
691	900
691	994
691	1000
692	561
692	605
692	698
692	775
692	825
692	951
692	983
692	1000
693	520
693	694
693	828
693	942
693	944
693	989
693	993
693	998
694	74
694	660
694	693
694	828
694	983
694	984
694	989
694	998
695	565
695	573
695	826
695	892
695	920
695	930
695	952
695	974
696	69
696	456
696	508
696	768
696	869
696	899
696	989
696	993
697	251
697	447
697	540
697	571
697	815
697	819
697	924
697	979
698	495
698	691
698	692
698	853
698	945
698	949
698	994
698	1000
699	158
699	432
699	546
699	937
699	956
699	957
699	986
699	988
700	28
700	898
700	913
700	929
700	971
700	982
700	985
700	996
701	491
701	512
701	642
701	831
701	932
701	934
701	992
701	999
702	362
702	705
702	747
702	899
702	915
702	942
702	979
702	998
703	675
703	782
703	864
703	869
703	943
703	960
703	966
703	969
704	23
704	365
704	811
704	812
704	944
704	968
704	971
704	998
705	40
705	302
705	601
705	620
705	628
705	702
705	924
705	944
706	316
706	357
706	615
706	906
706	919
706	930
706	975
706	1000
707	158
707	750
707	867
707	957
707	960
707	969
707	980
707	986
708	634
708	779
708	821
708	862
708	904
708	908
708	974
708	999
709	397
709	873
709	931
709	955
709	959
709	982
709	985
709	990
710	119
710	131
710	633
710	747
710	987
710	991
710	993
710	998
711	408
711	620
711	862
711	915
711	917
711	984
711	993
711	998
712	358
712	412
712	777
712	847
712	918
712	944
712	979
712	998
713	101
713	150
713	461
713	863
713	907
713	929
713	986
713	990
713	996
714	58
714	747
714	811
714	813
714	905
714	944
714	984
714	989
714	993
715	293
715	508
715	752
715	827
715	891
715	935
715	961
715	975
715	978
716	68
716	181
716	332
716	524
716	931
716	938
716	971
716	976
716	982
717	299
717	345
717	450
717	491
717	753
717	882
717	913
717	952
717	997
718	229
718	556
718	790
718	857
718	871
718	949
718	951
718	967
718	994
719	414
719	475
719	606
719	836
719	942
719	987
719	989
719	993
719	998
720	313
720	907
720	938
720	959
720	972
720	976
720	985
720	991
720	996
721	36
721	202
721	396
721	753
721	849
721	913
721	914
721	952
721	999
722	135
722	303
722	624
722	874
722	878
722	896
722	904
722	916
722	953
723	212
723	280
723	430
723	502
723	597
723	846
723	958
723	983
723	994
724	607
724	619
724	800
724	921
724	937
724	941
724	963
724	985
724	988
725	464
725	844
725	870
725	941
725	957
725	963
725	965
725	969
725	970
726	471
726	767
726	808
726	843
726	906
726	922
726	961
726	978
726	996
727	400
727	580
727	870
727	911
727	937
727	939
727	961
727	963
727	973
728	527
728	555
728	678
728	817
728	898
728	938
728	948
728	976
728	985
729	327
729	734
729	815
729	913
729	932
729	933
729	980
729	992
729	999
730	343
730	392
730	889
730	952
730	974
730	980
730	992
730	995
730	999
731	426
731	760
731	944
731	968
731	979
731	987
731	989
731	993
731	998
732	558
732	858
732	931
732	938
732	971
732	976
732	982
732	990
732	991
733	190
733	446
733	738
733	926
733	955
733	961
733	976
733	990
733	996
734	124
734	729
734	889
734	908
734	934
734	974
734	992
734	997
734	999
735	136
735	200
735	803
735	871
735	883
735	885
735	951
735	983
735	1000
736	865
736	931
736	938
736	971
736	976
736	990
736	991
736	996
736	1000
737	22
737	44
737	351
737	455
737	943
737	965
737	969
737	976
737	988
738	527
738	631
738	733
738	948
738	969
738	971
738	976
738	990
738	996
739	161
739	305
739	892
739	918
739	920
739	933
739	980
739	992
739	995
740	479
740	667
740	783
740	823
740	882
740	962
740	974
740	992
740	995
741	367
741	539
741	568
741	836
741	847
741	905
741	984
741	989
741	993
742	374
742	549
742	769
742	793
742	866
742	928
742	952
742	980
742	992
743	385
743	533
743	624
743	874
743	881
743	893
743	916
743	925
743	972
744	319
744	600
744	904
744	921
744	927
744	947
744	950
744	953
744	972
745	8
745	661
745	900
745	909
745	951
745	967
745	981
745	994
745	1000
746	21
746	794
746	821
746	826
746	845
746	862
746	866
746	892
746	952
746	980
747	204
747	588
747	650
747	702
747	710
747	714
747	780
747	987
747	989
747	998
748	155
748	494
748	630
748	689
748	834
748	841
748	943
748	945
748	949
748	977
749	496
749	587
749	785
749	840
749	858
749	894
749	941
749	942
749	960
749	965
750	135
750	218
750	369
750	538
750	562
750	707
750	937
750	957
750	970
750	973
751	142
751	851
751	906
751	907
751	959
751	971
751	976
751	985
751	990
751	996
752	150
752	189
752	438
752	503
752	547
752	715
752	806
752	824
752	919
752	975
753	42
753	511
753	717
753	721
753	769
753	794
753	920
753	980
753	995
753	999
754	280
754	449
754	523
754	539
754	796
754	887
754	910
754	951
754	975
754	1000
755	7
755	417
755	490
755	842
755	918
755	933
755	974
755	980
755	997
755	999
756	402
756	863
756	907
756	926
756	929
756	971
756	976
756	985
756	991
756	996
757	203
757	650
757	815
757	819
757	836
757	869
757	944
757	979
757	984
757	993
758	51
758	137
758	326
758	563
758	787
758	873
758	882
758	889
758	933
758	992
759	502
759	529
759	829
759	846
759	890
759	958
759	967
759	974
759	977
759	994
760	731
760	851
760	898
760	931
760	948
760	955
760	959
760	982
760	985
760	990
761	35
761	409
761	851
761	914
761	929
761	938
761	976
761	982
761	985
761	996
762	340
762	632
762	656
762	766
762	793
762	853
762	889
762	909
762	997
762	999
763	44
763	333
763	486
763	774
763	825
763	864
763	872
763	912
763	921
763	956
764	391
764	586
764	901
764	942
764	958
764	968
764	984
764	987
764	989
764	998
765	16
765	785
765	843
765	858
765	941
765	956
765	965
765	969
765	970
765	988
766	318
766	632
766	680
766	762
766	918
766	932
766	960
766	962
766	995
766	997
767	155
767	324
767	636
767	726
767	906
767	922
767	935
767	961
767	975
767	978
768	25
768	74
768	144
768	585
768	696
768	924
768	973
768	987
768	989
768	998
769	463
769	479
769	742
769	753
769	892
769	920
769	933
769	980
769	992
769	995
770	344
770	545
770	792
770	871
770	902
770	928
770	945
770	958
770	981
770	994
770	1000
771	17
771	305
771	621
771	648
771	842
771	849
771	908
771	913
771	940
771	962
771	980
772	57
772	279
772	567
772	686
772	902
772	928
772	951
772	967
772	977
772	983
772	1000
773	849
773	852
773	853
773	882
773	928
773	934
773	952
773	974
773	980
773	995
773	999
774	763
774	859
774	912
774	937
774	939
774	941
774	957
774	963
774	973
774	978
774	986
775	92
775	475
775	477
775	692
775	795
775	825
775	848
775	902
775	914
775	951
775	967
776	299
776	388
776	541
776	865
776	931
776	938
776	959
776	976
776	982
776	990
776	996
777	535
777	585
777	712
777	813
777	869
777	944
777	968
777	979
777	987
777	993
777	998
778	126
778	878
778	893
778	896
778	904
778	916
778	925
778	927
778	950
778	959
778	972
779	518
779	634
779	688
779	708
779	873
779	920
779	923
779	941
779	980
779	995
779	999
780	292
780	747
780	781
780	788
780	883
780	891
780	906
780	930
780	961
780	975
780	978
781	105
781	210
781	438
781	460
781	547
781	780
781	818
781	843
781	891
781	966
781	975
782	381
782	382
782	703
782	897
782	903
782	937
782	941
782	970
782	973
782	985
782	986
783	115
783	413
783	514
783	740
783	805
783	831
783	862
783	923
783	952
783	995
783	999
784	581
784	800
784	801
784	894
784	895
784	897
784	921
784	964
784	970
784	982
784	988
785	271
785	352
785	442
785	663
785	749
785	765
785	921
785	965
785	966
785	969
785	986
786	566
786	854
786	874
786	893
786	896
786	932
786	940
786	947
786	950
786	953
786	972
787	479
787	632
787	758
787	794
787	826
787	934
787	973
787	974
787	992
787	997
787	999
788	74
788	105
788	165
788	542
788	780
788	827
788	856
788	930
788	961
788	975
788	978
789	302
789	476
789	638
789	684
789	815
789	886
789	905
789	955
789	968
789	993
789	998
790	414
790	686
790	718
790	946
790	949
790	951
790	958
790	977
790	981
790	999
790	1000
791	101
791	256
791	321
791	931
791	939
791	948
791	971
791	980
791	985
791	990
791	996
792	33
792	107
792	414
792	770
792	833
792	909
792	966
792	977
792	983
792	994
792	1000
793	598
793	656
793	742
793	762
793	797
793	923
793	924
793	962
793	980
793	995
793	997
794	130
794	396
794	688
794	691
794	746
794	753
794	787
794	826
794	853
794	908
794	934
794	995
795	306
795	325
795	673
795	775
795	900
795	909
795	928
795	949
795	981
795	983
795	994
795	1000
796	172
796	442
796	564
796	640
796	754
796	799
796	803
796	877
796	910
796	919
796	945
796	958
797	420
797	621
797	689
797	793
797	834
797	857
797	902
797	909
797	914
797	935
797	967
797	977
798	5
798	89
798	481
798	540
798	571
798	643
798	836
798	880
798	944
798	968
798	987
798	998
799	75
799	292
799	583
799	796
799	848
799	900
799	914
799	939
799	946
799	977
799	983
799	1000
800	249
800	553
800	587
800	599
800	724
800	784
800	937
800	960
800	963
800	964
800	988
800	997
801	183
801	607
801	784
801	870
801	894
801	903
801	936
801	937
801	956
801	966
801	973
801	988
802	474
802	577
802	851
802	863
802	898
802	926
802	948
802	959
802	971
802	975
802	990
802	996
803	252
803	640
803	735
803	796
803	832
803	928
803	951
803	956
803	958
803	977
803	994
803	1000
804	235
804	445
804	457
804	459
804	820
804	824
804	843
804	856
804	891
804	975
804	978
804	984
805	46
805	99
805	216
805	405
805	783
805	948
805	955
805	959
805	982
805	985
805	990
805	991
806	15
806	125
806	250
806	346
806	421
806	629
806	685
806	752
806	839
806	919
806	961
806	996
807	16
807	379
807	439
807	496
807	537
807	578
807	912
807	937
807	960
807	963
807	965
807	986
808	71
808	105
808	227
808	288
808	627
808	726
808	839
808	888
808	930
808	961
808	978
808	989
809	131
809	456
809	507
809	819
809	886
809	901
809	905
809	924
809	962
809	984
809	987
809	989
810	90
810	583
810	816
810	829
810	846
810	928
810	940
810	945
810	981
810	983
810	994
810	1000
811	424
811	646
811	659
811	683
811	704
811	714
811	868
811	880
811	968
811	984
811	993
811	998
812	481
812	584
812	704
812	859
812	868
812	886
812	901
812	906
812	968
812	984
812	989
812	998
813	167
813	387
813	407
813	671
813	714
813	777
813	901
813	905
813	944
813	984
813	989
813	993
813	998
814	128
814	579
814	679
814	876
814	878
814	893
814	896
814	904
814	911
814	927
814	950
814	953
814	972
815	23
815	671
815	697
815	729
815	757
815	789
815	836
815	886
815	924
815	942
815	984
815	993
815	998
816	561
816	670
816	810
816	890
816	900
816	902
816	945
816	946
816	977
816	983
816	994
816	998
816	1000
817	152
817	268
817	728
817	910
817	945
817	949
817	951
817	967
817	977
817	981
817	983
817	994
817	1000
818	96
818	165
818	166
818	240
818	276
818	324
818	463
818	781
818	839
818	883
818	906
818	975
818	978
819	52
819	76
819	102
819	697
819	757
819	809
819	836
819	915
819	922
819	944
819	987
819	989
819	993
820	250
820	316
820	434
820	618
820	804
820	827
820	843
820	883
820	888
820	919
820	927
820	930
820	978
821	148
821	643
821	708
821	746
821	862
821	873
821	933
821	952
821	974
821	980
821	992
821	997
821	999
822	461
822	572
822	889
822	907
822	926
822	929
822	938
822	948
822	955
822	971
822	976
822	985
822	996
823	124
823	417
823	488
823	517
823	521
823	740
823	831
823	860
823	908
823	980
823	995
823	997
823	999
824	24
824	226
824	300
824	547
824	567
824	752
824	804
824	843
824	906
824	922
824	935
824	970
824	975
825	297
825	692
825	763
825	775
825	871
825	885
825	902
825	928
825	945
825	967
825	977
825	994
825	1000
826	450
826	695
826	746
826	787
826	794
826	860
826	889
826	932
826	962
826	977
826	980
826	995
826	997
827	5
827	398
827	421
827	559
827	561
827	715
827	788
827	820
827	856
827	888
827	891
827	975
827	978
828	48
828	171
828	178
828	338
828	435
828	693
828	694
828	899
828	950
828	979
828	984
828	993
828	998
829	325
829	469
829	487
829	759
829	810
829	834
829	848
829	946
829	949
829	967
829	981
829	983
829	994
830	147
830	602
830	865
830	907
830	921
830	929
830	931
830	955
830	976
830	985
830	990
830	991
830	996
831	64
831	660
831	701
831	783
831	823
831	879
831	882
831	923
831	934
831	962
831	974
831	997
831	999
832	156
832	448
832	662
832	803
832	833
832	887
832	910
832	956
832	977
832	981
832	983
832	994
832	1000
833	127
833	138
833	449
833	690
833	792
833	832
833	910
833	951
833	954
833	958
833	967
833	981
833	1000
834	117
834	259
834	448
834	748
834	797
834	829
834	871
834	902
834	910
834	914
834	946
834	967
834	981
835	14
835	54
835	90
835	285
835	498
835	530
835	678
835	898
835	907
835	971
835	985
835	990
835	991
836	588
836	719
836	741
836	757
836	798
836	815
836	819
836	869
836	924
836	968
836	978
836	984
836	998
837	196
837	323
837	848
837	907
837	926
837	938
837	943
837	948
837	955
837	982
837	985
837	990
837	991
837	996
838	203
838	249
838	504
838	872
838	896
838	897
838	939
838	941
838	956
838	965
838	966
838	970
838	973
838	986
839	421
839	492
839	552
839	559
839	806
839	808
839	818
839	891
839	906
839	916
839	930
839	961
839	975
839	978
840	26
840	229
840	312
840	668
840	749
840	936
840	941
840	943
840	956
840	963
840	964
840	966
840	973
840	979
841	220
841	442
841	448
841	582
841	748
841	846
841	887
841	909
841	928
841	951
841	977
841	981
841	983
841	1000
842	549
842	755
842	771
842	879
842	892
842	908
842	920
842	934
842	954
842	962
842	985
842	992
842	995
842	997
843	453
843	567
843	629
843	653
843	726
843	765
843	781
843	804
843	820
843	824
843	883
843	919
843	930
843	978
844	87
844	528
844	550
844	620
844	725
844	850
844	880
844	886
844	924
844	944
844	984
844	987
844	989
844	998
845	100
845	103
845	605
845	746
845	852
845	860
845	862
845	884
845	920
845	934
845	954
845	962
845	974
845	995
846	465
846	662
846	691
846	723
846	759
846	810
846	841
846	857
846	859
846	911
846	946
846	951
846	977
846	994
847	338
847	342
847	571
847	712
847	741
847	855
847	901
847	924
847	944
847	979
847	984
847	987
847	993
847	998
848	172
848	336
848	539
848	775
848	799
848	829
848	837
848	910
848	945
848	958
848	977
848	981
848	983
848	1000
849	109
849	340
849	488
849	589
849	603
849	608
849	721
849	771
849	773
849	853
849	907
849	980
849	995
849	999
850	76
850	79
850	307
850	425
850	633
850	681
850	844
850	855
850	901
850	905
850	954
850	987
850	989
850	998
851	642
851	751
851	760
851	761
851	802
851	863
851	907
851	955
851	959
851	976
851	982
851	985
851	989
851	996
852	117
852	305
852	589
852	634
852	648
852	773
852	845
852	887
852	889
852	915
852	954
852	995
852	997
852	999
853	608
853	698
853	762
853	773
853	794
853	849
853	866
853	920
853	946
853	954
853	974
853	992
853	995
853	999
854	27
854	600
854	786
854	863
854	878
854	881
854	896
854	916
854	925
854	927
854	940
854	947
854	950
854	953
854	972
855	4
855	67
855	178
855	428
855	681
855	847
855	850
855	886
855	942
855	943
855	968
855	984
855	989
855	993
855	998
856	64
856	195
856	245
856	559
856	627
856	629
856	685
856	788
856	804
856	827
856	883
856	891
856	919
856	930
856	935
857	225
857	509
857	670
857	718
857	797
857	846
857	885
857	887
857	912
857	914
857	928
857	946
857	983
857	994
857	1000
858	26
858	180
858	455
858	641
858	674
858	732
858	749
858	765
858	911
858	912
858	939
858	956
858	969
858	986
858	988
859	86
859	329
859	538
859	595
859	774
859	812
859	846
859	867
859	903
859	939
859	941
859	956
859	966
859	969
859	973
860	70
860	117
860	458
860	480
860	823
860	826
860	845
860	873
860	918
860	934
860	940
860	952
860	954
860	995
860	997
861	381
861	400
861	641
861	666
861	867
861	875
861	894
861	895
861	911
861	958
861	964
861	969
861	986
861	988
861	992
862	708
862	711
862	746
862	783
862	821
862	845
862	923
862	934
862	954
862	974
862	980
862	992
862	995
862	997
862	999
863	270
863	625
863	631
863	713
863	756
863	802
863	851
863	854
863	931
863	948
863	959
863	982
863	985
863	991
863	996
864	26
864	266
864	364
864	525
864	578
864	703
864	763
864	875
864	921
864	943
864	957
864	963
864	966
864	970
864	973
864	988
865	21
865	304
865	577
865	644
865	736
865	776
865	830
865	897
865	926
865	948
865	955
865	959
865	976
865	985
865	991
865	996
866	592
866	742
866	746
866	853
866	873
866	879
866	920
866	952
866	968
866	974
866	980
866	981
866	992
866	995
866	997
866	999
867	329
867	371
867	393
867	544
867	619
867	707
867	859
867	861
867	872
867	911
867	957
867	960
867	963
867	973
867	986
867	988
868	263
868	298
868	386
868	543
868	811
868	812
868	880
868	881
868	924
868	942
868	944
868	968
868	987
868	989
868	993
868	998
869	575
869	586
869	588
869	696
869	703
869	757
869	777
869	836
869	880
869	899
869	901
869	979
869	984
869	989
869	993
869	998
870	466
870	499
870	725
870	727
870	801
870	894
870	911
870	941
870	956
870	957
870	960
870	964
870	966
870	969
870	986
870	988
871	100
871	157
871	207
871	311
871	676
871	718
871	735
871	770
871	825
871	834
871	902
871	928
871	949
871	958
871	981
871	994
872	500
872	580
872	763
872	838
872	867
872	897
872	921
872	937
872	943
872	957
872	963
872	965
872	966
872	971
872	986
872	988
873	112
873	161
873	617
873	709
873	758
873	779
873	821
873	860
873	866
873	884
873	913
873	932
873	962
873	980
873	992
873	997
873	999
874	319
874	390
874	416
874	552
874	632
874	722
874	743
874	786
874	878
874	893
874	904
874	916
874	925
874	927
874	947
874	953
874	972
875	61
875	194
875	464
875	568
875	595
875	610
875	861
875	864
875	912
875	936
875	939
875	943
875	957
875	965
875	973
875	986
875	988
876	45
876	104
876	437
876	579
876	600
876	649
876	814
876	878
876	881
876	892
876	896
876	904
876	916
876	925
876	953
876	971
876	972
877	200
877	241
877	291
877	339
877	362
877	556
877	564
877	686
877	796
877	890
877	900
877	945
877	949
877	958
877	967
877	977
877	981
877	1000
878	451
878	500
878	646
878	677
878	722
878	778
878	814
878	854
878	874
878	876
878	893
878	904
878	925
878	927
878	940
878	952
878	953
878	972
879	115
879	212
879	317
879	389
879	831
879	842
879	866
879	899
879	918
879	920
879	923
879	926
879	934
879	954
879	962
879	992
879	997
879	999
880	286
880	424
880	447
880	471
880	475
880	585
880	635
880	643
880	798
880	811
880	844
880	868
880	869
880	915
880	979
880	984
880	993
880	998
881	2
881	27
881	116
881	133
881	614
881	743
881	854
881	868
881	876
881	893
881	916
881	925
881	927
881	940
881	947
881	950
881	953
881	972
882	100
882	518
882	688
882	717
882	740
882	758
882	773
882	831
882	884
882	913
882	918
882	931
882	954
882	962
882	992
882	995
882	997
882	999
883	55
883	151
883	330
883	393
883	459
883	492
883	560
883	735
883	780
883	818
883	820
883	843
883	856
883	888
883	935
883	961
883	975
883	978
884	327
884	575
884	845
884	873
884	882
884	892
884	902
884	908
884	920
884	933
884	934
884	952
884	962
884	974
884	992
884	995
884	997
884	999
885	198
885	259
885	465
885	502
885	545
885	612
885	735
885	825
885	857
885	902
885	909
885	928
885	952
885	958
885	967
885	983
885	990
885	994
885	1000
886	67
886	102
886	186
886	230
886	411
886	654
886	681
886	683
886	789
886	809
886	812
886	815
886	844
886	855
886	942
886	970
886	987
886	988
886	989
887	597
887	612
887	623
887	754
887	832
887	841
887	852
887	857
887	910
887	914
887	945
887	946
887	949
887	951
887	958
887	967
887	983
887	994
887	1000
888	55
888	195
888	235
888	300
888	335
888	438
888	627
888	629
888	808
888	820
888	827
888	883
888	891
888	919
888	922
888	960
888	975
888	978
888	991
889	349
889	730
889	734
889	758
889	762
889	822
889	826
889	852
889	892
889	904
889	913
889	920
889	934
889	952
889	962
889	980
889	992
889	995
889	999
890	172
890	431
890	454
890	539
890	690
890	759
890	816
890	877
890	900
890	946
890	949
890	951
890	958
890	961
890	974
890	977
890	983
890	994
890	1000
891	31
891	88
891	164
891	328
891	505
891	715
891	780
891	781
891	804
891	827
891	839
891	856
891	888
891	906
891	919
891	935
891	961
891	975
891	978
891	979
892	201
892	208
892	340
892	591
892	680
892	695
892	739
892	746
892	769
892	842
892	876
892	884
892	889
892	917
892	918
892	954
892	992
892	995
892	997
892	999
893	437
893	462
893	534
893	655
893	679
893	743
893	778
893	786
893	814
893	874
893	878
893	881
893	896
893	916
893	925
893	927
893	940
893	947
893	963
893	972
894	181
894	239
894	330
894	506
894	535
894	656
894	749
894	784
894	801
894	861
894	870
894	939
894	956
894	957
894	963
894	964
894	965
894	966
894	970
894	988
895	348
895	356
895	466
895	472
895	525
895	587
895	687
895	784
895	861
895	911
895	929
895	939
895	943
895	956
895	960
895	969
895	970
895	985
895	986
895	988
896	45
896	320
896	600
896	604
896	677
896	722
896	778
896	786
896	814
896	838
896	854
896	876
896	893
896	916
896	927
896	940
896	947
896	950
896	953
896	972
896	998
897	218
897	229
897	352
897	562
897	594
897	612
897	619
897	637
897	782
897	784
897	838
897	865
897	872
897	921
897	939
897	963
897	964
897	965
897	966
897	969
897	986
898	150
898	278
898	524
898	613
898	678
898	700
898	728
898	760
898	802
898	835
898	915
898	934
898	938
898	955
898	959
898	971
898	976
898	985
898	990
898	991
898	996
899	386
899	501
899	522
899	620
899	696
899	702
899	828
899	869
899	879
899	901
899	905
899	915
899	924
899	942
899	968
899	979
899	984
899	987
899	989
899	998
899	1000
900	420
900	545
900	583
900	590
900	603
900	671
900	691
900	745
900	795
900	799
900	816
900	877
900	890
900	909
900	910
900	949
900	958
900	977
900	981
900	994
900	1000
901	40
901	76
901	402
901	412
901	568
901	764
901	809
901	812
901	813
901	847
901	850
901	869
901	899
901	905
901	944
901	951
901	980
901	984
901	987
901	989
901	998
902	110
902	231
902	308
902	569
902	770
902	772
902	775
902	797
902	816
902	825
902	834
902	871
902	884
902	885
902	949
902	951
902	958
902	969
902	973
902	977
902	983
902	1000
903	75
903	120
903	406
903	419
903	486
903	544
903	672
903	675
903	782
903	801
903	859
903	912
903	937
903	941
903	943
903	956
903	957
903	964
903	966
903	970
903	973
903	986
903	988
904	116
904	241
904	303
904	371
904	441
904	467
904	468
904	529
904	708
904	722
904	744
904	778
904	814
904	874
904	876
904	878
904	889
904	916
904	925
904	940
904	950
904	953
904	972
905	53
905	426
905	428
905	484
905	543
905	617
905	646
905	714
905	741
905	789
905	809
905	813
905	850
905	899
905	901
905	917
905	944
905	967
905	975
905	979
905	984
905	989
905	993
906	20
906	179
906	276
906	288
906	434
906	457
906	459
906	567
906	706
906	726
906	751
906	767
906	780
906	812
906	818
906	824
906	839
906	891
906	919
906	922
906	961
906	978
906	986
907	78
907	332
907	341
907	431
907	548
907	713
907	720
907	751
907	756
907	822
907	830
907	835
907	837
907	849
907	851
907	929
907	956
907	971
907	976
907	985
907	990
907	991
907	996
908	12
908	161
908	370
908	417
908	445
908	667
908	708
908	734
908	771
908	794
908	823
908	842
908	884
908	913
908	920
908	923
908	952
908	954
908	980
908	992
908	995
908	997
908	999
909	209
909	231
909	466
909	533
909	592
909	605
909	745
909	762
909	792
909	795
909	797
909	841
909	885
909	900
909	914
909	945
909	946
909	949
909	958
909	977
909	981
909	983
909	994
909	1000
910	339
910	360
910	494
910	597
910	613
910	640
910	662
910	673
910	754
910	796
910	817
910	832
910	833
910	834
910	848
910	887
910	900
910	928
910	951
910	958
910	983
910	986
910	994
910	1000
911	232
911	578
911	668
911	727
911	814
911	846
911	858
911	861
911	867
911	870
911	895
911	921
911	937
911	943
911	956
911	957
911	960
911	963
911	966
911	969
911	970
911	973
911	986
911	988
912	143
912	248
912	444
912	520
912	538
912	622
912	624
912	637
912	763
912	774
912	807
912	857
912	858
912	875
912	903
912	941
912	956
912	960
912	963
912	964
912	966
912	969
912	973
912	986
912	990
913	148
913	199
913	262
913	327
913	374
913	458
913	515
913	574
913	700
913	717
913	721
913	729
913	771
913	873
913	882
913	889
913	908
913	933
913	952
913	954
913	974
913	977
913	992
913	995
913	999
914	175
914	259
914	487
914	569
914	628
914	686
914	721
914	761
914	775
914	797
914	799
914	834
914	857
914	887
914	909
914	923
914	945
914	946
914	949
914	951
914	958
914	967
914	977
914	983
914	1000
915	217
915	377
915	411
915	418
915	507
915	514
915	532
915	611
915	614
915	635
915	682
915	702
915	711
915	819
915	852
915	880
915	898
915	899
915	917
915	944
915	968
915	979
915	984
915	989
915	993
916	116
916	213
916	378
916	415
916	566
916	655
916	670
916	679
916	722
916	743
916	778
916	839
916	854
916	874
916	876
916	881
916	893
916	896
916	904
916	925
916	927
916	940
916	947
916	950
916	953
916	972
917	52
917	134
917	168
917	282
917	410
917	456
917	501
917	513
917	536
917	575
917	635
917	683
917	711
917	892
917	905
917	915
917	924
917	933
917	942
917	957
917	968
917	984
917	987
917	989
917	993
917	998
918	109
918	137
918	246
918	293
918	361
918	374
918	483
918	515
918	550
918	651
918	712
918	739
918	755
918	766
918	860
918	879
918	882
918	892
918	933
918	962
918	974
918	980
918	992
918	995
918	997
918	999
919	24
919	187
919	330
919	335
919	366
919	433
919	445
919	453
919	503
919	534
919	547
919	653
919	706
919	752
919	796
919	806
919	820
919	843
919	856
919	888
919	891
919	906
919	922
919	931
919	961
919	975
919	978
920	141
920	403
920	405
920	548
920	632
920	695
920	739
920	753
920	769
920	779
920	842
920	845
920	853
920	866
920	879
920	884
920	889
920	908
920	932
920	933
920	938
920	952
920	974
920	980
920	995
920	997
920	999
921	72
921	181
921	195
921	384
921	444
921	525
921	537
921	557
921	587
921	724
921	744
921	763
921	784
921	785
921	830
921	864
921	872
921	897
921	911
921	937
921	939
921	941
921	943
921	964
921	965
921	970
921	986
921	988
922	108
922	151
922	166
922	210
922	221
922	226
922	242
922	288
922	440
922	471
922	503
922	534
922	615
922	636
922	726
922	767
922	819
922	824
922	888
922	906
922	919
922	930
922	932
922	935
922	961
922	975
922	978
922	979
923	39
923	47
923	238
923	281
923	380
923	396
923	452
923	573
923	574
923	576
923	656
923	680
923	779
923	783
923	793
923	831
923	862
923	879
923	908
923	914
923	932
923	934
923	962
923	974
923	980
923	995
923	997
923	999
924	40
924	266
924	338
924	359
924	480
924	638
924	650
924	682
924	697
924	705
924	768
924	793
924	809
924	815
924	836
924	844
924	847
924	868
924	899
924	917
924	941
924	942
924	944
924	979
924	984
924	987
924	989
924	998
925	160
925	219
925	371
925	416
925	441
925	462
925	500
925	604
925	624
925	655
925	743
925	778
925	854
925	874
925	876
925	878
925	881
925	893
925	904
925	916
925	927
925	940
925	947
925	950
925	953
925	972
925	974
925	994
926	6
926	173
926	238
926	278
926	299
926	304
926	485
926	498
926	613
926	657
926	669
926	733
926	756
926	802
926	822
926	837
926	865
926	879
926	929
926	948
926	954
926	955
926	959
926	971
926	982
926	990
926	991
926	993
926	996
927	213
927	260
927	296
927	376
927	385
927	441
927	451
927	497
927	579
927	600
927	744
927	778
927	814
927	820
927	854
927	874
927	878
927	881
927	893
927	896
927	916
927	925
927	940
927	947
927	950
927	953
927	964
927	972
927	981
928	107
928	297
928	430
928	569
928	590
928	605
928	612
928	652
928	661
928	690
928	742
928	770
928	772
928	773
928	795
928	803
928	810
928	825
928	841
928	857
928	871
928	885
928	910
928	945
928	946
928	949
928	988
928	994
928	1000
929	256
929	334
929	485
929	572
929	596
929	609
929	616
929	625
929	654
929	700
929	713
929	756
929	761
929	822
929	830
929	895
929	907
929	926
929	931
929	938
929	955
929	959
929	971
929	976
929	985
929	990
929	991
929	993
929	996
930	88
930	159
930	164
930	189
930	300
930	434
930	445
930	460
930	489
930	495
930	503
930	508
930	547
930	552
930	627
930	629
930	695
930	706
930	780
930	788
930	808
930	820
930	839
930	843
930	856
930	922
930	975
930	978
930	979
931	73
931	274
931	309
931	312
931	313
931	366
931	485
931	511
931	616
931	657
931	709
931	716
931	732
931	736
931	760
931	776
931	791
931	830
931	863
931	882
931	919
931	929
931	938
931	971
931	976
931	982
931	985
931	990
931	991
931	996
932	50
932	177
932	254
932	272
932	306
932	380
932	417
932	517
932	518
932	563
932	680
932	701
932	729
932	766
932	786
932	826
932	873
932	920
932	922
932	923
932	933
932	934
932	954
932	958
932	974
932	980
932	992
932	995
932	997
932	999
933	34
933	281
933	349
933	422
933	515
933	598
933	608
933	626
933	648
933	729
933	739
933	755
933	758
933	769
933	821
933	884
933	913
933	917
933	918
933	920
933	932
933	952
933	954
933	974
933	982
933	990
933	992
933	995
933	997
933	999
934	39
934	53
934	331
934	349
934	422
934	517
934	563
934	576
934	592
934	701
934	734
934	773
934	787
934	794
934	831
934	842
934	845
934	860
934	862
934	879
934	884
934	889
934	898
934	923
934	932
934	952
934	962
934	963
934	992
934	995
934	997
935	108
935	111
935	137
935	235
935	242
935	328
935	421
935	433
935	436
935	460
935	489
935	492
935	542
935	560
935	615
935	629
935	636
935	653
935	685
935	715
935	767
935	797
935	824
935	856
935	883
935	891
935	922
935	961
935	975
935	978
935	983
936	1
936	123
936	310
936	314
936	329
936	352
936	382
936	537
936	599
936	664
936	668
936	801
936	840
936	875
936	937
936	939
936	941
936	943
936	956
936	957
936	959
936	960
936	963
936	965
936	966
936	969
936	973
936	982
936	984
936	986
936	988
937	9
937	20
937	265
937	333
937	544
937	553
937	587
937	594
937	623
937	674
937	699
937	724
937	727
937	750
937	774
937	782
937	800
937	801
937	807
937	872
937	903
937	911
937	921
937	936
937	956
937	957
937	963
937	969
937	970
937	982
937	988
937	995
938	73
938	173
938	183
938	366
938	373
938	473
938	485
938	513
938	596
938	716
938	720
938	728
938	732
938	736
938	761
938	776
938	822
938	837
938	898
938	920
938	929
938	931
938	948
938	959
938	971
938	976
938	982
938	984
938	985
938	990
938	991
938	996
939	44
939	323
939	381
939	455
939	499
939	510
939	554
939	562
939	674
939	727
939	774
939	791
939	799
939	838
939	858
939	859
939	875
939	894
939	895
939	897
939	921
939	936
939	941
939	943
939	956
939	964
939	965
939	966
939	970
939	973
939	986
939	988
940	2
940	133
940	296
940	303
940	319
940	376
940	385
940	390
940	437
940	441
940	468
940	500
940	566
940	579
940	649
940	771
940	786
940	810
940	854
940	860
940	878
940	881
940	893
940	896
940	904
940	916
940	925
940	927
940	947
940	950
940	953
940	972
941	310
941	399
941	610
941	618
941	658
941	678
941	687
941	724
941	725
941	749
941	765
941	774
941	779
941	782
941	838
941	840
941	859
941	870
941	903
941	912
941	921
941	924
941	936
941	939
941	943
941	957
941	960
941	963
941	969
941	970
941	973
941	986
942	29
942	91
942	204
942	386
942	424
942	602
942	643
942	654
942	672
942	681
942	684
942	693
942	702
942	719
942	749
942	764
942	815
942	855
942	868
942	886
942	899
942	917
942	924
942	944
942	965
942	968
942	979
942	984
942	987
942	989
942	993
942	998
943	63
943	77
943	123
943	197
943	493
943	554
943	622
943	639
943	663
943	664
943	675
943	703
943	737
943	748
943	837
943	840
943	855
943	864
943	872
943	875
943	895
943	903
943	911
943	921
943	936
943	939
943	941
943	957
943	969
943	970
943	973
943	986
943	988
944	141
944	153
944	295
944	402
944	411
944	540
944	570
944	588
944	682
944	693
944	704
944	705
944	712
944	714
944	731
944	757
944	777
944	798
944	813
944	819
944	844
944	847
944	868
944	901
944	905
944	915
944	924
944	942
944	981
944	989
944	993
944	995
944	998
945	49
945	363
945	454
945	509
945	545
945	676
945	689
945	698
945	748
945	770
945	796
945	810
945	816
945	817
945	825
945	848
945	877
945	887
945	909
945	914
945	928
945	946
945	949
945	951
945	958
945	969
945	970
945	977
945	981
945	983
945	988
945	994
945	1000
946	8
946	107
946	198
946	291
946	350
946	431
946	444
946	465
946	533
946	561
946	605
946	645
946	659
946	663
946	790
946	799
946	816
946	829
946	834
946	846
946	853
946	857
946	887
946	890
946	909
946	914
946	928
946	945
946	957
946	958
946	967
946	981
946	983
946	1000
947	45
947	104
947	219
947	224
947	241
947	371
947	375
947	376
947	378
947	390
947	462
947	467
947	468
947	558
947	604
947	624
947	655
947	677
947	679
947	744
947	786
947	854
947	874
947	881
947	893
947	896
947	916
947	925
947	927
947	940
947	949
947	950
947	953
947	965
947	972
948	169
948	334
948	342
948	373
948	395
948	427
948	461
948	474
948	516
948	665
948	668
948	669
948	728
948	738
948	760
948	791
948	802
948	805
948	822
948	837
948	863
948	865
948	926
948	938
948	959
948	971
948	976
948	982
948	985
948	986
948	990
948	991
948	994
948	996
948	1000
949	129
949	224
949	350
949	442
949	478
949	556
949	647
949	686
949	689
949	698
949	718
949	748
949	790
949	795
949	817
949	829
949	871
949	877
949	887
949	890
949	900
949	902
949	909
949	914
949	928
949	945
949	947
949	951
949	958
949	966
949	977
949	980
949	981
949	983
949	1000
950	133
950	160
950	213
950	260
950	275
950	303
950	357
950	375
950	376
950	462
950	497
950	566
950	579
950	604
950	649
950	655
950	677
950	679
950	744
950	778
950	786
950	814
950	828
950	854
950	881
950	896
950	904
950	916
950	925
950	927
950	940
950	947
950	953
950	965
950	972
950	997
951	84
951	140
951	145
951	308
951	328
951	495
951	521
951	523
951	539
951	621
951	690
951	692
951	718
951	735
951	745
951	754
951	772
951	775
951	790
951	803
951	817
951	833
951	841
951	846
951	887
951	890
951	901
951	902
951	910
951	914
951	945
951	949
951	967
951	977
951	981
951	983
951	994
952	188
952	262
952	315
952	345
952	361
952	413
952	469
952	571
952	598
952	634
952	695
952	717
952	721
952	730
952	742
952	746
952	773
952	783
952	821
952	860
952	866
952	878
952	884
952	885
952	889
952	908
952	913
952	920
952	933
952	934
952	962
952	974
952	980
952	992
952	995
952	996
952	997
953	126
953	128
953	160
953	275
953	296
953	320
953	416
953	451
953	467
953	468
953	497
953	579
953	604
953	649
953	655
953	665
953	677
953	722
953	744
953	786
953	814
953	854
953	874
953	876
953	878
953	881
953	896
953	904
953	916
953	925
953	927
953	940
953	947
953	950
953	963
953	972
953	985
953	999
954	17
954	103
954	177
954	247
954	272
954	317
954	344
954	368
954	403
954	413
954	452
954	555
954	565
954	574
954	576
954	589
954	651
954	833
954	842
954	845
954	850
954	852
954	853
954	860
954	862
954	879
954	882
954	892
954	908
954	913
954	926
954	932
954	933
954	962
954	974
954	992
954	995
954	997
954	999
955	4
955	59
955	62
955	123
955	237
955	285
955	321
955	342
955	394
955	397
955	429
955	446
955	516
955	577
955	613
955	625
955	709
955	733
955	760
955	789
955	805
955	822
955	830
955	837
955	851
955	865
955	898
955	926
955	929
955	959
955	971
955	975
955	976
955	982
955	984
955	985
955	990
955	991
955	996
956	77
956	135
956	154
956	364
956	455
956	466
956	470
956	506
956	607
956	639
956	674
956	687
956	699
956	763
956	765
956	801
956	803
956	832
956	838
956	840
956	858
956	859
956	870
956	894
956	895
956	903
956	907
956	911
956	912
956	936
956	937
956	939
956	957
956	963
956	964
956	965
956	968
956	970
956	988
957	56
957	228
957	236
957	243
957	257
957	310
957	464
957	472
957	544
957	581
957	594
957	666
957	687
957	699
957	707
957	725
957	750
957	774
957	864
957	867
957	870
957	872
957	875
957	894
957	903
957	911
957	917
957	936
957	937
957	941
957	943
957	946
957	956
957	960
957	964
957	969
957	973
957	988
957	999
958	350
958	583
958	590
958	640
958	645
958	652
958	661
958	673
958	723
958	759
958	764
958	770
958	790
958	796
958	803
958	833
958	848
958	861
958	871
958	877
958	885
958	887
958	890
958	900
958	902
958	909
958	910
958	914
958	932
958	945
958	946
958	949
958	967
958	977
958	981
958	983
958	992
958	994
958	1000
959	18
959	38
959	81
959	274
959	299
959	304
959	309
959	311
959	395
959	511
959	572
959	593
959	631
959	644
959	709
959	720
959	751
959	760
959	776
959	778
959	802
959	805
959	851
959	863
959	865
959	898
959	926
959	929
959	936
959	938
959	948
959	955
959	971
959	982
959	985
959	990
959	991
959	992
959	996
960	12
960	63
960	180
960	264
960	286
960	364
960	464
960	472
960	482
960	520
960	535
960	537
960	639
960	675
960	687
960	703
960	707
960	749
960	766
960	800
960	807
960	867
960	870
960	888
960	895
960	911
960	912
960	936
960	941
960	957
960	963
960	964
960	965
960	966
960	970
960	986
960	987
960	988
960	991
961	5
961	71
961	88
961	125
961	179
961	269
961	330
961	357
961	398
961	434
961	436
961	453
961	459
961	463
961	489
961	508
961	534
961	542
961	559
961	685
961	715
961	726
961	727
961	733
961	767
961	780
961	788
961	806
961	808
961	839
961	883
961	890
961	891
961	906
961	919
961	922
961	935
961	975
961	978
961	998
962	3
962	36
962	174
962	208
962	331
962	341
962	370
962	424
962	479
962	480
962	563
962	576
962	591
962	626
962	667
962	740
962	766
962	771
962	793
962	809
962	826
962	831
962	842
962	845
962	873
962	879
962	882
962	884
962	889
962	918
962	923
962	934
962	952
962	954
962	974
962	980
962	989
962	992
962	995
962	997
962	999
963	72
963	222
963	249
963	264
963	326
963	351
963	379
963	553
963	578
963	599
963	637
963	639
963	641
963	658
963	724
963	725
963	727
963	774
963	800
963	807
963	840
963	864
963	867
963	872
963	893
963	894
963	897
963	911
963	912
963	934
963	936
963	937
963	941
963	953
963	956
963	960
963	964
963	966
963	969
963	973
963	986
964	56
964	80
964	118
964	140
964	180
964	205
964	206
964	239
964	257
964	264
964	265
964	314
964	372
964	470
964	595
964	610
964	618
964	668
964	784
964	800
964	840
964	861
964	870
964	894
964	897
964	903
964	912
964	921
964	927
964	939
964	956
964	957
964	960
964	963
964	965
964	966
964	969
964	970
964	972
964	973
964	988
965	65
965	243
965	301
965	354
965	379
965	432
965	544
965	551
965	554
965	557
965	594
965	599
965	618
965	622
965	663
965	666
965	725
965	737
965	749
965	765
965	785
965	807
965	838
965	872
965	875
965	894
965	897
965	921
965	936
965	939
965	942
965	947
965	950
965	956
965	960
965	964
965	966
965	969
965	986
965	988
965	990
966	86
966	163
966	354
966	364
966	393
966	419
966	423
966	455
966	525
966	595
966	641
966	663
966	664
966	703
966	781
966	785
966	792
966	801
966	838
966	840
966	859
966	864
966	870
966	872
966	894
966	897
966	903
966	911
966	912
966	936
966	939
966	949
966	960
966	963
966	964
966	965
966	969
966	970
966	973
966	978
966	986
966	996
967	19
967	184
967	205
967	207
967	225
967	252
967	263
967	297
967	355
967	495
967	509
967	583
967	621
967	628
967	659
967	686
967	718
967	745
967	759
967	772
967	775
967	797
967	817
967	825
967	829
967	833
967	834
967	877
967	885
967	887
967	905
967	914
967	946
967	951
967	958
967	977
967	981
967	992
967	994
967	997
967	998
967	1000
968	30
968	153
968	171
968	294
968	307
968	365
968	397
968	501
968	513
968	543
968	575
968	586
968	606
968	611
968	617
968	654
968	660
968	672
968	681
968	684
968	704
968	731
968	764
968	777
968	789
968	798
968	811
968	812
968	836
968	855
968	866
968	868
968	899
968	915
968	917
968	942
968	956
968	979
968	984
968	987
968	993
968	998
968	999
969	10
969	154
969	258
969	290
969	333
969	354
969	482
969	486
969	520
969	554
969	578
969	581
969	623
969	674
969	680
969	703
969	707
969	725
969	737
969	738
969	765
969	785
969	858
969	859
969	861
969	870
969	895
969	897
969	902
969	911
969	912
969	936
969	937
969	941
969	943
969	945
969	957
969	963
969	964
969	965
969	966
969	973
969	986
969	988
970	9
970	206
970	232
970	248
970	419
970	423
970	444
970	496
970	499
970	504
970	551
970	554
970	562
970	578
970	580
970	637
970	658
970	687
970	725
970	750
970	765
970	782
970	784
970	824
970	838
970	864
970	886
970	894
970	895
970	903
970	911
970	921
970	937
970	939
970	941
970	943
970	945
970	956
970	960
970	964
970	966
970	973
970	986
970	994
971	46
971	59
971	113
971	238
971	287
971	388
971	446
971	498
971	555
971	558
971	613
971	631
971	642
971	669
971	678
971	700
971	704
971	716
971	732
971	736
971	738
971	751
971	756
971	791
971	802
971	822
971	835
971	872
971	876
971	898
971	907
971	926
971	929
971	931
971	938
971	948
971	955
971	959
971	976
971	982
971	985
971	986
971	990
971	991
971	996
971	998
972	27
972	104
972	126
972	128
972	219
972	224
972	247
972	296
972	319
972	320
972	375
972	378
972	385
972	437
972	451
972	462
972	468
972	497
972	500
972	600
972	649
972	677
972	679
972	682
972	720
972	743
972	744
972	778
972	786
972	814
972	854
972	874
972	876
972	878
972	881
972	893
972	896
972	904
972	916
972	925
972	927
972	940
972	947
972	950
972	953
972	964
972	981
973	223
973	239
973	310
973	312
973	314
973	372
973	379
973	382
973	486
973	493
973	504
973	551
973	580
973	599
973	607
973	623
973	664
973	675
973	727
973	750
973	768
973	774
973	782
973	787
973	801
973	838
973	840
973	859
973	864
973	867
973	875
973	902
973	903
973	911
973	912
973	936
973	939
973	941
973	943
973	957
973	963
973	964
973	966
973	969
973	970
973	977
973	986
973	988
973	994
974	92
974	103
974	106
974	125
974	141
974	148
974	149
974	199
974	261
974	318
974	368
974	370
974	458
974	477
974	483
974	491
974	574
974	598
974	695
974	708
974	730
974	734
974	740
974	755
974	759
974	773
974	787
974	821
974	831
974	845
974	853
974	862
974	866
974	884
974	890
974	913
974	918
974	920
974	923
974	925
974	932
974	933
974	952
974	954
974	962
974	992
974	995
974	997
974	999
975	31
975	86
975	159
975	165
975	210
975	226
975	227
975	233
975	240
975	245
975	324
975	335
975	440
975	453
975	457
975	460
975	463
975	489
975	534
975	542
975	552
975	567
975	653
975	685
975	706
975	715
975	752
975	754
975	767
975	780
975	781
975	788
975	802
975	804
975	818
975	824
975	827
975	839
975	883
975	888
975	891
975	905
975	919
975	922
975	930
975	935
975	955
975	961
975	978
976	28
976	78
976	190
976	216
976	253
976	256
976	285
976	323
976	384
976	427
976	459
976	473
976	474
976	524
976	548
976	577
976	593
976	596
976	642
976	669
976	716
976	720
976	728
976	732
976	733
976	736
976	737
976	738
976	751
976	756
976	761
976	776
976	822
976	830
976	851
976	865
976	898
976	907
976	929
976	931
976	938
976	948
976	955
976	971
976	982
976	985
976	987
976	990
976	991
976	996
977	139
977	234
977	477
977	494
977	546
977	556
977	628
977	630
977	645
977	652
977	659
977	670
977	673
977	676
977	689
977	748
977	759
977	772
977	790
977	792
977	797
977	799
977	803
977	816
977	817
977	825
977	826
977	832
977	841
977	846
977	848
977	877
977	890
977	900
977	902
977	909
977	913
977	914
977	945
977	949
977	951
977	958
977	967
977	973
977	981
977	983
977	990
977	992
977	994
977	1000
978	55
978	82
978	108
978	111
978	151
978	221
978	245
978	255
978	269
978	300
978	324
978	328
978	346
978	398
978	433
978	457
978	460
978	463
978	503
978	547
978	552
978	615
978	636
978	653
978	685
978	715
978	726
978	767
978	774
978	780
978	788
978	804
978	808
978	818
978	820
978	827
978	836
978	839
978	843
978	883
978	888
978	891
978	906
978	919
978	922
978	930
978	935
978	961
978	966
978	975
978	989
979	14
979	30
979	85
979	94
979	144
979	230
979	322
979	358
979	359
979	391
979	408
979	425
979	435
979	447
979	505
979	570
979	571
979	584
979	588
979	601
979	606
979	638
979	654
979	671
979	672
979	681
979	683
979	697
979	702
979	712
979	731
979	757
979	777
979	828
979	840
979	847
979	869
979	880
979	891
979	899
979	905
979	915
979	922
979	924
979	930
979	942
979	968
979	982
979	984
979	987
979	989
979	998
980	37
980	64
980	176
980	215
980	262
980	318
980	340
980	401
980	422
980	501
980	518
980	591
980	608
980	626
980	648
980	651
980	667
980	688
980	707
980	729
980	730
980	739
980	742
980	746
980	753
980	755
980	769
980	771
980	773
980	779
980	791
980	793
980	821
980	823
980	826
980	849
980	862
980	866
980	873
980	889
980	901
980	908
980	918
980	920
980	923
980	932
980	949
980	952
980	962
980	995
980	997
980	999
981	19
981	49
981	75
981	127
981	136
981	138
981	145
981	297
981	336
981	439
981	449
981	477
981	478
981	487
981	519
981	556
981	582
981	612
981	647
981	652
981	659
981	690
981	745
981	770
981	790
981	795
981	810
981	817
981	829
981	832
981	833
981	834
981	841
981	848
981	866
981	871
981	877
981	900
981	909
981	927
981	944
981	945
981	946
981	949
981	951
981	958
981	967
981	972
981	977
981	983
981	991
981	994
981	996
981	1000
982	18
982	21
982	35
982	38
982	61
982	169
982	191
982	228
982	284
982	341
982	394
982	405
982	409
982	427
982	443
982	516
982	527
982	530
982	555
982	593
982	602
982	609
982	631
982	642
982	644
982	665
982	700
982	709
982	716
982	732
982	760
982	761
982	776
982	784
982	805
982	837
982	851
982	863
982	926
982	931
982	933
982	936
982	937
982	938
982	948
982	955
982	959
982	971
982	976
982	979
982	985
982	987
982	990
982	991
982	996
983	51
983	136
983	209
983	279
983	280
983	353
983	355
983	378
983	404
983	454
983	465
983	478
983	523
983	529
983	546
983	569
983	582
983	597
983	630
983	638
983	662
983	670
983	676
983	692
983	694
983	723
983	735
983	772
983	792
983	795
983	799
983	810
983	816
983	817
983	829
983	832
983	841
983	848
983	857
983	885
983	887
983	890
983	902
983	909
983	910
983	914
983	935
983	945
983	946
983	949
983	951
983	958
983	977
983	981
983	986
983	994
983	1000
984	29
984	48
984	60
984	79
984	94
984	260
984	307
984	410
984	412
984	418
984	475
984	481
984	484
984	526
984	528
984	532
984	536
984	568
984	571
984	633
984	638
984	682
984	684
984	694
984	711
984	714
984	741
984	757
984	764
984	804
984	809
984	811
984	812
984	813
984	815
984	828
984	836
984	844
984	847
984	855
984	869
984	880
984	899
984	901
984	905
984	915
984	917
984	924
984	936
984	938
984	942
984	955
984	968
984	979
984	987
984	989
984	993
984	995
984	998
985	54
985	58
985	114
985	142
985	191
985	270
985	278
985	287
985	305
985	311
985	373
985	397
985	429
985	446
985	461
985	490
985	511
985	531
985	548
985	555
985	642
985	644
985	665
985	678
985	700
985	709
985	720
985	724
985	728
985	751
985	756
985	760
985	761
985	782
985	791
985	805
985	822
985	830
985	835
985	837
985	842
985	851
985	863
985	865
985	895
985	898
985	907
985	929
985	931
985	938
985	948
985	953
985	955
985	959
985	971
985	976
985	982
985	990
985	991
985	996
986	1
986	12
986	15
986	22
986	97
986	140
986	271
986	273
986	301
986	326
986	382
986	384
986	399
986	432
986	504
986	506
986	510
986	525
986	538
986	553
986	581
986	607
986	639
986	641
986	668
986	674
986	699
986	707
986	713
986	774
986	782
986	785
986	807
986	838
986	858
986	861
986	867
986	870
986	872
986	875
986	895
986	897
986	903
986	906
986	910
986	911
986	912
986	921
986	936
986	939
986	941
986	943
986	948
986	960
986	963
986	965
986	966
986	969
986	970
986	971
986	973
986	983
986	988
987	41
987	52
987	79
987	85
987	98
987	162
987	289
987	298
987	307
987	322
987	358
987	377
987	410
987	456
987	472
987	505
987	507
987	510
987	526
987	527
987	543
987	570
987	582
987	584
987	586
987	611
987	614
987	620
987	635
987	638
987	643
987	646
987	682
987	684
987	710
987	719
987	731
987	747
987	764
987	768
987	777
987	798
987	809
987	819
987	844
987	847
987	850
987	868
987	886
987	899
987	901
987	917
987	924
987	942
987	960
987	968
987	976
987	979
987	982
987	984
987	989
987	993
987	998
988	1
988	16
988	22
988	80
988	206
988	223
988	234
988	258
988	265
988	271
988	290
988	301
988	312
988	348
988	351
988	384
988	400
988	406
988	423
988	482
988	486
988	537
988	538
988	587
988	619
988	622
988	649
988	664
988	699
988	724
988	737
988	765
988	784
988	800
988	801
988	858
988	861
988	864
988	867
988	870
988	872
988	875
988	886
988	894
988	895
988	903
988	911
988	921
988	928
988	936
988	937
988	939
988	943
988	945
988	956
988	957
988	960
988	964
988	965
988	969
988	973
988	986
988	989
988	1000
989	11
989	32
989	66
989	89
989	122
989	182
989	186
989	290
989	294
989	295
989	367
989	377
989	383
989	402
989	412
989	447
989	475
989	476
989	494
989	501
989	541
989	570
989	585
989	586
989	601
989	620
989	654
989	671
989	693
989	694
989	696
989	714
989	719
989	731
989	741
989	747
989	764
989	768
989	808
989	809
989	812
989	813
989	819
989	844
989	850
989	851
989	855
989	868
989	869
989	886
989	899
989	901
989	905
989	915
989	917
989	924
989	942
989	944
989	962
989	978
989	979
989	984
989	987
989	988
989	993
990	4
990	18
990	38
990	62
990	73
990	82
990	83
990	99
990	173
990	185
990	220
990	228
990	244
990	284
990	309
990	321
990	332
990	334
990	373
990	395
990	443
990	461
990	498
990	527
990	531
990	572
990	593
990	595
990	596
990	616
990	657
990	665
990	709
990	713
990	732
990	733
990	736
990	738
990	751
990	760
990	776
990	791
990	802
990	805
990	830
990	835
990	837
990	885
990	898
990	907
990	912
990	926
990	929
990	931
990	933
990	938
990	948
990	955
990	959
990	965
990	971
990	976
990	977
990	982
990	985
990	991
990	996
991	6
991	58
991	62
991	68
991	99
991	113
991	130
991	142
991	147
991	196
991	237
991	244
991	287
991	304
991	309
991	321
991	395
991	409
991	411
991	429
991	443
991	473
991	474
991	478
991	490
991	516
991	524
991	530
991	531
991	548
991	558
991	572
991	577
991	602
991	609
991	616
991	667
991	669
991	710
991	720
991	732
991	736
991	756
991	805
991	830
991	835
991	837
991	863
991	865
991	888
991	898
991	907
991	926
991	929
991	931
991	938
991	948
991	955
991	959
991	960
991	971
991	976
991	981
991	982
991	985
991	990
991	996
992	3
992	51
992	70
992	81
992	112
992	146
992	149
992	199
992	202
992	261
992	272
992	331
992	345
992	361
992	370
992	413
992	415
992	450
992	488
992	512
992	514
992	549
992	563
992	576
992	589
992	598
992	626
992	648
992	701
992	729
992	730
992	734
992	739
992	740
992	742
992	758
992	769
992	787
992	821
992	842
992	853
992	861
992	862
992	866
992	873
992	879
992	882
992	884
992	889
992	892
992	908
992	913
992	918
992	932
992	933
992	934
992	952
992	954
992	958
992	959
992	962
992	967
992	974
992	977
992	994
992	997
992	999
993	23
993	25
993	41
993	65
993	69
993	118
993	122
993	131
993	168
993	182
993	193
993	214
993	230
993	289
993	294
993	302
993	322
993	358
993	407
993	410
993	418
993	435
993	476
993	505
993	513
993	532
993	536
993	540
993	568
993	588
993	594
993	611
993	633
993	638
993	643
993	650
993	658
993	672
993	677
993	693
993	696
993	710
993	711
993	714
993	719
993	731
993	741
993	757
993	777
993	789
993	811
993	813
993	815
993	819
993	828
993	847
993	855
993	868
993	869
993	880
993	905
993	915
993	917
993	926
993	929
993	942
993	944
993	968
993	984
993	987
993	989
993	997
993	998
993	999
994	13
994	19
994	43
994	57
994	90
994	95
994	121
994	129
994	156
994	175
994	211
994	268
994	315
994	325
994	350
994	353
994	360
994	383
994	387
994	404
994	414
994	420
994	430
994	487
994	495
994	509
994	521
994	523
994	564
994	569
994	590
994	615
994	630
994	647
994	676
994	686
994	690
994	691
994	698
994	718
994	723
994	745
994	759
994	770
994	792
994	795
994	803
994	810
994	816
994	817
994	825
994	829
994	832
994	846
994	857
994	871
994	885
994	887
994	890
994	900
994	909
994	910
994	925
994	928
994	945
994	948
994	951
994	958
994	967
994	970
994	973
994	977
994	981
994	983
994	992
995	34
995	37
995	39
995	96
995	170
995	188
995	222
995	246
995	293
995	315
995	345
995	347
995	367
995	389
995	401
995	452
995	469
995	483
995	509
995	514
995	549
995	563
995	565
995	574
995	576
995	591
995	626
995	632
995	648
995	656
995	680
995	730
995	739
995	740
995	753
995	766
995	769
995	773
995	779
995	783
995	793
995	794
995	823
995	826
995	842
995	845
995	849
995	852
995	853
995	860
995	862
995	866
995	882
995	884
995	889
995	892
995	908
995	913
995	918
995	920
995	923
995	932
995	933
995	934
995	937
995	944
995	952
995	954
995	962
995	974
995	980
995	984
995	997
995	999
995	1000
996	28
996	35
996	59
996	61
996	68
996	83
996	113
996	130
996	147
996	163
996	169
996	183
996	220
996	237
996	244
996	270
996	274
996	284
996	313
996	323
996	332
996	341
996	343
996	366
996	369
996	388
996	427
996	429
996	448
996	474
996	485
996	490
996	511
996	555
996	558
996	572
996	596
996	602
996	609
996	625
996	631
996	657
996	665
996	669
996	700
996	713
996	720
996	726
996	733
996	736
996	738
996	751
996	756
996	761
996	776
996	791
996	802
996	806
996	822
996	830
996	837
996	851
996	863
996	865
996	898
996	907
996	926
996	929
996	931
996	938
996	948
996	952
996	955
996	959
996	966
996	971
996	976
996	981
996	982
996	985
996	990
996	991
997	7
997	37
997	42
997	70
997	72
997	92
997	109
997	112
997	146
997	149
997	167
997	201
997	202
997	212
997	247
997	277
997	306
997	344
997	347
997	368
997	392
997	415
997	450
997	480
997	483
997	488
997	491
997	512
997	514
997	515
997	517
997	531
997	573
997	574
997	591
997	598
997	603
997	630
997	648
997	651
997	656
997	688
997	717
997	734
997	755
997	762
997	766
997	787
997	793
997	800
997	821
997	823
997	826
997	831
997	842
997	852
997	860
997	862
997	866
997	873
997	879
997	882
997	884
997	892
997	908
997	918
997	920
997	923
997	932
997	933
997	934
997	950
997	952
997	954
997	962
997	967
997	974
997	980
997	992
997	993
997	995
997	999
998	14
998	29
998	30
998	32
998	48
998	54
998	60
998	66
998	87
998	118
998	171
998	192
998	204
998	215
998	217
998	251
998	253
998	282
998	338
998	355
998	362
998	365
998	367
998	418
998	476
998	528
998	536
998	541
998	550
998	568
998	575
998	601
998	606
998	633
998	635
998	646
998	650
998	669
998	671
998	681
998	682
998	683
998	693
998	694
998	702
998	704
998	710
998	711
998	712
998	719
998	731
998	747
998	764
998	768
998	777
998	789
998	798
998	811
998	812
998	813
998	815
998	816
998	828
998	836
998	844
998	847
998	850
998	855
998	868
998	869
998	880
998	896
998	899
998	901
998	917
998	924
998	942
998	944
998	961
998	967
998	968
998	971
998	979
998	984
998	987
998	993
999	34
999	42
999	47
999	50
999	106
999	146
999	184
999	188
999	208
999	215
999	222
999	281
999	293
999	315
999	337
999	343
999	344
999	347
999	349
999	380
999	392
999	401
999	403
999	407
999	422
999	452
999	458
999	480
999	483
999	488
999	491
999	515
999	545
999	565
999	569
999	589
999	591
999	592
999	603
999	608
999	634
999	651
999	673
999	680
999	688
999	701
999	708
999	721
999	729
999	730
999	734
999	753
999	755
999	762
999	773
999	779
999	783
999	787
999	790
999	821
999	823
999	831
999	849
999	852
999	853
999	862
999	866
999	873
999	879
999	882
999	884
999	889
999	892
999	908
999	913
999	918
999	920
999	923
999	932
999	933
999	953
999	954
999	957
999	962
999	968
999	974
999	980
999	992
999	993
999	995
999	997
1000	8
1000	43
1000	84
1000	110
1000	121
1000	132
1000	139
1000	145
1000	152
1000	155
1000	170
1000	200
1000	205
1000	225
1000	231
1000	234
1000	279
1000	336
1000	339
1000	353
1000	355
1000	363
1000	383
1000	439
1000	448
1000	449
1000	478
1000	502
1000	519
1000	521
1000	522
1000	523
1000	529
1000	533
1000	539
1000	546
1000	566
1000	581
1000	582
1000	605
1000	628
1000	630
1000	640
1000	645
1000	647
1000	659
1000	661
1000	670
1000	673
1000	689
1000	690
1000	691
1000	692
1000	698
1000	706
1000	735
1000	736
1000	745
1000	754
1000	770
1000	772
1000	790
1000	792
1000	795
1000	799
1000	803
1000	810
1000	816
1000	817
1000	825
1000	832
1000	833
1000	841
1000	848
1000	857
1000	877
1000	885
1000	887
1000	890
1000	899
1000	900
1000	902
1000	909
1000	910
1000	914
1000	928
1000	945
1000	946
1000	948
1000	949
1000	958
1000	967
1000	977
1000	981
1000	983
1000	988
1000	995
