1	791
1	973
1	989
2	514
2	964
2	972
3	581
3	960
3	996
4	654
4	972
4	989
5	900
5	995
5	997
6	898
6	923
6	971
7	553
7	843
7	990
8	917
8	933
8	989
9	597
9	688
9	723
10	836
10	913
10	930
11	799
11	844
11	988
12	150
12	410
12	1000
13	94
13	853
13	887
14	815
14	861
14	874
15	910
15	944
15	996
16	319
16	954
16	998
17	953
17	985
17	991
18	619
18	998
18	1000
19	892
19	981
19	992
20	969
20	998
20	1000
21	934
21	936
21	960
22	704
22	985
22	991
23	644
23	993
23	994
24	357
24	530
24	1000
25	129
25	495
25	829
26	812
26	989
26	993
27	878
27	916
27	988
28	868
28	971
28	976
29	979
29	985
29	991
30	713
30	968
30	1000
31	964
31	972
31	989
32	269
32	834
32	941
33	923
33	931
33	992
34	886
34	901
34	998
35	821
35	904
35	909
36	939
36	949
36	987
37	392
37	912
37	982
38	985
38	987
38	991
39	484
39	956
39	982
40	278
40	948
40	956
41	792
41	834
41	916
42	914
42	984
42	999
43	499
43	933
43	971
44	979
44	985
44	991
45	365
45	593
45	977
46	549
46	948
46	982
47	951
47	975
47	982
48	896
48	930
48	956
49	425
49	960
49	996
50	937
50	985
50	991
51	814
51	835
51	941
52	745
52	853
52	949
53	953
53	966
53	991
54	986
54	993
54	994
55	947
55	994
55	995
56	910
56	944
56	996
57	316
57	719
57	850
58	933
58	976
58	998
59	275
59	566
59	951
60	445
60	933
60	999
61	792
61	810
61	990
62	806
62	941
62	962
63	952
63	966
63	979
64	841
64	920
64	984
65	598
65	902
65	926
66	592
66	642
66	946
67	298
67	880
67	939
68	552
68	974
68	993
69	189
69	968
69	998
70	642
70	911
70	954
71	866
71	943
71	974
72	771
72	973
72	989
73	919
73	983
73	992
74	930
74	948
74	951
75	404
75	717
75	826
76	556
76	980
76	1000
77	632
77	973
77	989
78	900
78	993
78	997
79	901
79	971
79	1000
80	370
80	540
80	594
81	892
81	981
81	988
82	951
82	971
82	975
83	972
83	973
83	989
84	858
84	986
84	993
85	179
85	969
85	998
86	707
86	952
86	985
87	521
87	886
87	909
88	857
88	982
88	995
89	701
89	794
89	978
90	851
90	923
90	998
91	947
91	994
91	995
92	877
92	887
92	949
93	622
93	867
93	956
94	13
94	972
94	989
95	966
95	979
95	985
96	954
96	998
96	1000
97	909
97	916
97	962
98	931
98	983
98	992
99	966
99	971
99	991
100	136
100	337
100	764
101	440
101	981
101	992
102	994
102	995
102	997
103	932
103	987
103	999
104	993
104	994
104	995
105	277
105	922
105	924
106	394
106	933
106	998
107	781
107	987
107	999
108	937
108	979
108	991
109	941
109	945
109	998
110	926
110	967
110	998
111	828
111	856
111	992
112	527
112	913
112	975
113	974
113	980
113	993
114	717
114	785
114	837
115	994
115	995
115	997
116	852
116	964
116	989
117	950
117	979
117	991
118	585
118	986
118	997
119	723
119	981
119	992
120	387
120	884
120	954
121	894
121	918
121	983
122	668
122	887
122	996
123	947
123	951
123	975
124	843
124	909
124	988
125	688
125	950
125	975
126	371
126	986
126	995
127	590
127	963
127	998
128	769
128	913
128	977
129	25
129	739
129	998
130	936
130	944
130	996
131	806
131	941
131	965
132	851
132	945
132	971
133	948
133	956
133	977
134	931
134	983
134	992
135	654
135	984
135	999
136	100
136	923
136	1000
137	814
137	885
137	978
138	385
138	556
138	888
139	947
139	993
139	997
140	170
140	959
140	970
141	622
141	906
141	977
142	652
142	827
142	982
143	431
143	900
143	927
144	720
144	948
144	982
145	273
145	903
145	969
146	260
146	314
146	990
147	961
147	995
147	997
148	418
148	835
148	844
149	300
149	961
149	996
150	12
150	945
150	969
151	918
151	983
151	992
152	321
152	983
152	992
153	920
153	961
153	996
154	777
154	961
154	996
155	966
155	979
155	985
156	914
156	969
156	971
157	750
157	848
157	973
158	330
158	959
158	999
159	960
159	989
159	994
160	921
160	936
160	996
161	972
161	973
161	989
162	444
162	920
162	961
163	957
163	994
163	995
164	584
164	857
164	977
165	227
165	779
165	935
166	776
166	964
166	989
167	953
167	985
167	991
168	947
168	957
168	997
169	749
169	916
169	990
170	140
170	954
170	998
171	964
171	985
171	991
172	773
172	841
172	955
173	716
173	963
173	1000
174	936
174	961
174	996
175	974
175	986
175	993
176	707
176	904
176	990
177	922
177	927
177	984
178	423
178	983
178	992
179	85
179	284
179	831
180	206
180	826
180	967
181	917
181	972
181	989
182	972
182	973
182	989
183	877
183	987
183	999
184	946
184	981
184	999
185	936
185	960
185	996
186	950
186	979
186	985
187	647
187	994
187	995
188	947
188	995
188	997
189	69
189	903
189	998
190	202
190	873
190	943
191	868
191	933
191	938
192	945
192	954
192	998
193	964
193	973
193	989
194	869
194	890
194	956
195	853
195	959
195	984
196	331
196	898
196	1000
197	973
197	979
197	989
198	769
198	954
198	963
199	894
199	983
199	992
200	561
200	951
200	975
201	970
201	987
201	999
202	190
202	948
202	977
203	445
203	841
203	861
204	717
204	909
204	990
205	937
205	966
205	991
206	180
206	511
206	988
207	468
207	954
207	998
208	754
208	930
208	951
209	918
209	983
209	992
210	591
210	767
210	810
211	925
211	974
211	994
212	739
212	783
212	1000
213	422
213	976
213	998
214	986
214	994
214	995
215	865
215	950
215	1000
216	957
216	993
216	994
217	981
217	983
217	992
218	402
218	929
218	998
219	512
219	718
219	779
220	902
220	930
220	977
221	461
221	883
221	946
222	728
222	988
222	990
223	702
223	934
223	956
224	807
224	971
224	1000
225	853
225	939
225	959
226	568
226	683
226	814
227	165
227	843
227	915
228	690
228	719
228	948
229	820
229	943
229	956
230	661
230	981
230	983
231	621
231	798
231	923
232	470
232	733
232	965
233	881
233	916
233	935
234	940
234	967
234	971
235	342
235	958
235	961
236	931
236	981
236	992
237	833
237	859
237	997
238	679
238	877
238	879
239	729
239	808
239	987
240	328
240	962
240	978
241	433
241	785
241	915
242	581
242	838
242	944
243	877
243	960
243	996
244	947
244	994
244	997
245	529
245	853
245	987
246	933
246	967
246	971
247	597
247	878
247	978
248	917
248	964
248	973
249	797
249	891
249	977
250	954
250	998
250	1000
251	775
251	947
251	994
252	661
252	993
252	995
253	896
253	901
253	980
254	709
254	998
254	1000
255	885
255	993
255	997
256	981
256	983
256	992
257	882
257	897
257	996
258	840
258	975
258	977
259	986
259	993
259	996
260	146
260	966
260	991
261	950
261	952
261	985
262	894
262	899
262	992
263	891
263	919
263	981
264	386
264	945
264	971
265	784
265	957
265	986
266	590
266	982
266	988
267	612
267	971
267	986
268	962
268	972
268	989
269	32
269	381
269	740
270	644
270	893
270	973
271	940
271	979
271	991
272	319
272	924
272	927
273	145
273	690
273	896
274	980
274	987
274	999
275	59
275	295
275	982
276	971
276	976
276	998
277	105
277	840
277	912
278	40
278	440
278	776
279	986
279	993
279	997
280	571
280	981
280	992
281	361
281	981
281	992
282	818
282	932
282	970
283	899
283	960
283	996
284	179
284	788
284	879
285	827
285	977
285	982
286	913
286	934
286	943
287	625
287	946
287	959
288	348
288	392
288	977
289	865
289	998
289	1000
290	782
290	889
290	935
291	860
291	961
291	996
292	633
292	881
292	941
293	805
293	981
293	983
294	972
294	973
294	989
295	275
295	966
295	991
296	974
296	995
296	997
297	655
297	883
297	965
298	67
298	875
298	989
299	914
299	938
299	976
300	149
300	911
300	996
301	943
301	980
301	1000
302	531
302	907
302	987
303	993
303	994
303	997
304	774
304	929
304	938
304	976
305	950
305	979
305	985
305	991
306	723
306	975
306	982
306	998
307	823
307	871
307	881
307	990
308	767
308	873
308	941
308	988
309	937
309	942
309	952
309	991
310	849
310	883
310	914
310	945
311	750
311	888
311	923
311	1000
312	894
312	912
312	981
312	983
313	606
313	924
313	984
313	987
314	146
314	725
314	915
314	978
315	811
315	918
315	981
315	983
316	57
316	888
316	951
316	975
317	956
317	993
317	994
317	997
318	957
318	974
318	993
318	995
319	16
319	272
319	603
319	999
320	734
320	890
320	980
320	998
321	152
321	981
321	983
321	992
322	863
322	978
322	988
322	990
323	610
323	722
323	832
323	965
324	903
324	933
324	945
324	971
325	768
325	801
325	972
325	989
326	481
326	562
326	975
326	982
327	761
327	953
327	966
327	991
328	240
328	840
328	873
328	889
329	926
329	945
329	968
329	1000
330	158
330	743
330	970
330	999
331	196
331	957
331	993
331	995
332	746
332	850
332	994
332	997
333	932
333	959
333	987
333	999
334	898
334	904
334	914
334	926
335	858
335	925
335	993
335	997
336	772
336	974
336	986
336	993
337	100
337	976
337	992
337	1000
338	524
338	883
338	920
338	965
339	823
339	899
339	960
339	996
340	940
340	953
340	985
340	991
341	971
341	976
341	998
341	1000
342	235
342	944
342	951
342	996
343	664
343	920
343	958
343	996
344	861
344	951
344	984
344	999
345	433
345	691
345	826
345	878
346	947
346	974
346	986
346	994
347	974
347	993
347	994
347	997
348	288
348	912
348	975
348	977
349	926
349	933
349	976
349	998
350	922
350	939
350	992
350	999
351	498
351	607
351	978
351	990
352	789
352	939
352	987
352	999
353	913
353	930
353	982
353	1000
354	753
354	857
354	980
354	1000
355	813
355	918
355	981
355	992
356	912
356	948
356	975
356	982
357	24
357	753
357	980
357	1000
358	366
358	457
358	590
358	988
359	539
359	604
359	656
359	977
360	883
360	910
360	915
360	990
361	281
361	981
361	983
361	992
362	418
362	804
362	941
362	988
363	951
363	956
363	975
363	977
364	952
364	953
364	985
364	991
365	45
365	827
365	975
365	982
366	358
366	497
366	852
366	978
367	925
367	986
367	993
367	994
368	739
368	881
368	978
368	990
369	972
369	974
369	986
369	997
370	80
370	926
370	977
370	1000
371	126
371	925
371	957
371	974
372	940
372	942
372	985
372	991
373	675
373	986
373	995
373	997
374	966
374	985
374	988
374	991
375	897
375	936
375	960
375	996
376	657
376	750
376	998
376	1000
377	952
377	979
377	985
377	991
378	917
378	972
378	973
378	989
379	893
379	973
379	989
379	997
380	419
380	869
380	881
380	990
381	269
381	722
381	965
381	988
382	942
382	952
382	979
382	985
383	825
383	914
383	980
383	1000
384	986
384	994
384	995
384	997
385	138
385	914
385	968
385	991
386	264
386	849
386	971
386	980
387	120
387	521
387	926
387	998
388	726
388	899
388	961
388	996
389	814
389	852
389	885
389	935
390	915
390	935
390	941
390	962
391	875
391	942
391	972
391	989
392	37
392	288
392	948
392	956
393	501
393	840
393	968
393	982
394	106
394	862
394	969
394	976
395	794
395	871
395	909
395	941
396	468
396	926
396	976
396	998
397	940
397	979
397	985
397	991
398	656
398	930
398	956
398	975
399	528
399	789
399	932
399	999
400	420
400	587
400	804
400	821
401	883
401	941
401	988
401	990
402	218
402	778
402	963
402	1000
403	896
403	906
403	977
403	982
404	75
404	537
404	873
404	978
405	891
405	919
405	931
405	992
406	778
406	929
406	998
406	1000
407	974
407	986
407	994
407	995
408	940
408	979
408	985
408	991
409	455
409	901
409	929
409	976
410	12
410	946
410	949
410	999
411	727
411	900
411	974
411	994
412	529
412	927
412	950
412	999
413	892
413	919
413	981
413	992
414	924
414	927
414	932
414	999
415	855
415	972
415	973
415	989
416	643
416	893
416	963
416	980
417	922
417	924
417	946
417	999
418	148
418	362
418	545
418	990
419	380
419	858
419	974
419	995
420	400
420	835
420	962
420	990
421	817
421	953
421	979
421	991
422	213
422	851
422	976
422	980
423	178
423	764
423	981
423	992
424	574
424	986
424	995
424	997
425	49
425	920
425	944
425	958
426	495
426	850
426	895
426	977
427	922
427	939
427	959
427	987
428	622
428	930
428	975
428	977
429	942
429	953
429	979
429	991
430	788
430	908
430	949
430	970
431	143
431	908
431	942
431	984
432	470
432	907
432	984
432	999
433	241
433	345
433	780
433	965
434	914
434	916
434	962
434	965
435	716
435	809
435	915
435	991
436	981
436	983
436	992
436	999
437	756
437	921
437	960
437	996
438	765
438	868
438	923
438	968
439	604
439	820
439	913
439	975
440	101
440	278
440	474
440	977
441	720
441	913
441	927
441	982
442	507
442	810
442	876
442	955
443	950
443	966
443	985
443	991
444	162
444	899
444	921
444	958
445	60
445	203
445	906
445	970
446	796
446	908
446	939
446	970
447	801
447	964
447	972
447	989
448	967
448	971
448	998
448	1000
449	964
449	972
449	973
449	989
450	482
450	744
450	963
450	967
451	874
451	887
451	984
451	987
452	937
452	940
452	952
452	979
453	640
453	917
453	964
453	989
454	686
454	911
454	963
454	969
455	409
455	811
455	901
455	980
456	719
456	908
456	934
456	948
457	358
457	610
457	978
457	990
458	828
458	888
458	923
458	980
459	986
459	994
459	995
459	997
460	896
460	943
460	975
460	977
461	221
461	917
461	987
461	999
462	957
462	993
462	994
462	995
463	931
463	981
463	983
463	992
464	538
464	949
464	970
464	999
465	891
465	892
465	981
465	992
466	949
466	970
466	987
466	999
467	779
467	785
467	874
467	885
467	990
468	207
468	396
468	734
468	926
468	980
469	942
469	969
469	979
469	985
469	991
470	232
470	432
470	806
470	883
470	962
471	968
471	969
471	976
471	985
471	1000
472	670
472	803
472	819
472	856
472	920
473	937
473	952
473	966
473	985
473	991
474	440
474	836
474	896
474	913
474	982
475	892
475	900
475	993
475	995
475	997
476	756
476	847
476	961
476	994
476	996
477	942
477	950
477	966
477	985
477	991
478	874
478	911
478	970
478	987
478	999
479	896
479	912
479	930
479	975
479	977
480	856
480	894
480	918
480	983
480	992
481	326
481	934
481	975
481	977
481	982
482	450
482	774
482	967
482	995
482	1000
483	900
483	974
483	994
483	995
483	997
484	39
484	488
484	534
484	872
484	975
485	758
485	776
485	872
485	917
485	973
486	775
486	893
486	964
486	973
486	989
487	922
487	939
487	949
487	984
487	999
488	484
488	906
488	930
488	953
488	956
489	727
489	882
489	936
489	984
489	996
490	947
490	957
490	993
490	994
490	995
491	848
491	917
491	964
491	973
491	989
492	966
492	972
492	979
492	985
492	991
493	713
493	737
493	933
493	980
493	1000
494	877
494	907
494	987
494	998
494	999
495	25
495	426
495	783
495	825
495	967
496	539
496	552
496	906
496	975
496	982
497	366
497	582
497	718
497	935
497	990
498	351
498	767
498	909
498	962
498	988
499	43
499	923
499	968
499	998
499	1000
500	874
500	925
500	974
500	993
500	994
501	393
501	683
501	934
501	956
501	975
502	592
502	655
502	946
502	970
502	999
503	812
503	961
503	964
503	972
503	973
504	974
504	986
504	993
504	994
504	997
505	531
505	693
505	780
505	852
505	885
506	860
506	910
506	936
506	989
506	996
507	442
507	878
507	933
507	965
507	978
508	820
508	857
508	867
508	951
508	977
509	543
509	856
509	981
509	983
509	992
510	822
510	866
510	891
510	986
510	997
511	206
511	693
511	873
511	978
511	990
512	219
512	815
512	869
512	889
512	904
513	880
513	922
513	970
513	984
513	987
514	2
514	814
514	824
514	978
514	990
515	691
515	787
515	897
515	936
515	996
516	656
516	805
516	857
516	913
516	948
517	684
517	834
517	945
517	969
517	998
518	784
518	965
518	974
518	993
518	995
519	826
519	986
519	993
519	994
519	995
520	699
520	887
520	908
520	998
520	999
521	87
521	387
521	954
521	967
521	969
522	627
522	862
522	955
522	984
522	999
523	524
523	586
523	889
523	965
523	988
524	338
524	523
524	680
524	780
524	978
525	773
525	808
525	861
525	970
525	999
526	759
526	813
526	891
526	983
526	992
527	112
527	723
527	895
527	955
527	975
528	399
528	853
528	908
528	955
528	999
529	245
529	412
529	955
529	984
529	999
530	24
530	649
530	783
530	945
530	967
531	302
531	505
531	679
531	879
531	949
532	940
532	950
532	966
532	979
532	991
533	954
533	969
533	980
533	998
533	1000
534	484
534	820
534	912
534	943
534	975
535	618
535	680
535	915
535	962
535	979
536	797
536	896
536	913
536	951
536	991
537	404
537	679
537	978
537	988
537	990
538	464
538	887
538	922
538	959
538	987
539	359
539	496
539	930
539	934
539	948
540	80
540	570
540	896
540	906
540	982
541	773
541	831
541	984
541	987
541	999
542	647
542	969
542	993
542	995
542	997
543	509
543	688
543	761
543	983
543	992
544	899
544	936
544	960
544	961
544	996
545	418
545	716
545	763
545	883
545	941
546	859
546	866
546	957
546	993
546	997
547	656
547	867
547	943
547	977
547	982
548	888
548	903
548	938
548	970
548	1000
549	46
549	616
549	761
549	983
549	992
550	901
550	926
550	976
550	980
550	994
551	879
551	914
551	963
551	969
551	998
552	68
552	496
552	912
552	977
552	982
553	7
553	779
553	852
553	890
553	941
554	824
554	833
554	881
554	978
554	988
555	783
555	818
555	879
555	908
555	984
556	76
556	138
556	684
556	946
556	976
557	689
557	849
557	876
557	969
557	1000
558	684
558	835
558	871
558	915
558	935
559	952
559	953
559	966
559	979
559	985
560	728
560	830
560	970
560	983
560	992
561	200
561	854
561	857
561	934
561	937
562	326
562	827
562	895
562	906
562	982
563	793
563	901
563	903
563	963
563	998
564	771
564	785
564	804
564	965
564	978
565	950
565	952
565	953
565	979
565	991
566	59
566	742
566	854
566	895
566	977
567	900
567	957
567	993
567	994
567	995
567	997
568	226
568	794
568	844
568	935
568	962
568	988
569	711
569	831
569	842
569	880
569	922
569	949
570	540
570	733
570	895
570	934
570	943
570	951
571	280
571	728
571	918
571	931
571	983
571	992
572	799
572	876
572	885
572	889
572	965
572	988
573	852
573	974
573	986
573	993
573	994
573	997
574	424
574	947
574	977
574	993
574	995
574	997
575	859
575	900
575	957
575	986
575	994
575	995
576	796
576	939
576	949
576	987
576	996
576	999
577	759
577	919
577	981
577	982
577	983
577	992
578	741
578	862
578	911
578	929
578	969
578	971
579	831
579	840
579	930
579	943
579	977
579	982
580	797
580	865
580	929
580	938
580	976
580	1000
581	3
581	242
581	838
581	920
581	944
581	996
582	497
582	755
582	780
582	878
582	962
582	965
583	627
583	831
583	927
583	932
583	939
583	999
584	164
584	836
584	864
584	902
584	934
584	982
585	118
585	974
585	986
585	995
585	997
585	998
586	523
586	887
586	908
586	924
586	955
586	984
587	400
587	800
587	868
587	923
587	980
587	1000
588	764
588	825
588	904
588	923
588	938
588	968
589	891
589	892
589	931
589	981
589	983
589	992
590	127
590	266
590	358
590	667
590	832
590	904
591	210
591	763
591	933
591	938
591	967
591	1000
592	66
592	502
592	959
592	960
592	987
592	999
593	45
593	930
593	971
593	975
593	977
593	982
594	80
594	816
594	938
594	969
594	980
594	998
595	608
595	822
595	957
595	974
595	986
595	995
596	838
596	847
596	931
596	958
596	960
596	996
597	9
597	247
597	600
597	881
597	978
597	988
598	65
598	848
598	906
598	943
598	975
598	977
599	642
599	907
599	946
599	959
599	987
599	999
600	597
600	795
600	916
600	942
600	962
600	990
601	609
601	917
601	964
601	972
601	973
601	989
602	752
602	974
602	986
602	991
602	994
602	995
603	319
603	648
603	908
603	955
603	959
603	999
604	359
604	439
604	862
604	934
604	943
604	977
605	630
605	869
605	878
605	902
605	978
605	988
606	313
606	841
606	927
606	959
606	984
606	987
607	351
607	733
607	885
607	890
607	965
607	990
608	595
608	925
608	993
608	994
608	995
608	997
609	601
609	735
609	865
609	872
609	973
609	989
610	323
610	457
610	889
610	904
610	965
610	990
611	894
611	918
611	919
611	931
611	981
611	983
612	267
612	926
612	933
612	963
612	998
612	1000
613	702
613	937
613	943
613	948
613	951
613	982
614	925
614	974
614	986
614	993
614	994
614	995
615	711
615	907
615	924
615	927
615	970
615	999
616	549
616	919
616	976
616	981
616	983
616	992
617	856
617	918
617	931
617	981
617	983
617	992
618	535
618	633
618	832
618	837
618	844
618	962
619	18
619	664
619	727
619	936
619	958
619	961
620	761
620	892
620	955
620	981
620	983
620	992
621	231
621	893
621	917
621	964
621	973
621	989
622	93
622	141
622	428
622	943
622	951
622	982
623	805
623	813
623	830
623	981
623	983
623	992
624	811
624	926
624	933
624	967
624	968
624	1000
625	287
625	744
625	922
625	927
625	939
625	984
626	917
626	964
626	968
626	972
626	973
626	989
627	522
627	583
627	818
627	841
627	987
627	989
628	792
628	804
628	834
628	895
628	965
628	978
629	774
629	962
629	963
629	968
629	969
629	971
630	605
630	707
630	719
630	883
630	978
630	990
631	805
631	828
631	931
631	981
631	983
631	992
632	77
632	917
632	964
632	972
632	980
632	989
633	292
633	618
633	693
633	794
633	814
633	821
634	670
634	847
634	897
634	960
634	961
634	996
635	722
635	767
635	832
635	935
635	962
635	988
636	657
636	879
636	908
636	932
636	970
636	999
637	638
637	646
637	857
637	934
637	946
637	956
638	637
638	836
638	840
638	875
638	951
638	975
639	711
639	924
639	939
639	955
639	966
639	984
640	453
640	875
640	964
640	972
640	973
640	989
641	704
641	766
641	882
641	936
641	960
641	984
641	996
642	66
642	70
642	599
642	652
642	879
642	984
642	999
643	416
643	807
643	886
643	903
643	971
643	999
643	1000
644	23
644	270
644	947
644	974
644	993
644	994
644	997
645	891
645	918
645	919
645	931
645	981
645	983
645	992
646	637
646	768
646	770
646	820
646	827
646	896
646	951
647	187
647	542
647	928
647	947
647	957
647	995
647	997
648	603
648	857
648	912
648	948
648	951
648	975
648	977
649	530
649	845
649	925
649	974
649	986
649	994
649	997
650	847
650	937
650	950
650	966
650	979
650	985
650	991
651	839
651	932
651	954
651	967
651	976
651	980
651	998
652	142
652	642
652	949
652	955
652	984
652	987
652	999
653	718
653	785
653	835
653	844
653	967
653	978
653	988
654	4
654	135
654	696
654	893
654	972
654	973
654	989
655	297
655	502
655	831
655	970
655	984
655	987
655	999
656	359
656	398
656	516
656	547
656	943
656	977
656	982
657	376
657	636
657	833
657	939
657	955
657	984
657	999
658	940
658	942
658	952
658	953
658	979
658	985
658	991
659	819
659	823
659	920
659	921
659	944
659	979
659	996
660	847
660	882
660	910
660	921
660	958
660	967
660	996
661	230
661	252
661	845
661	986
661	993
661	994
661	997
662	791
662	808
662	880
662	946
662	955
662	987
662	999
663	928
663	937
663	950
663	952
663	966
663	979
663	991
664	343
664	619
664	726
664	899
664	936
664	958
664	961
665	760
665	839
665	953
665	963
665	968
665	998
665	1000
666	887
666	932
666	946
666	949
666	959
666	984
666	999
667	590
667	767
667	852
667	873
667	962
667	990
667	991
668	122
668	790
668	835
668	897
668	958
668	961
668	996
669	817
669	892
669	894
669	931
669	981
669	983
669	992
670	472
670	634
670	899
670	910
670	958
670	960
670	996
671	741
671	786
671	803
671	838
671	860
671	958
671	996
672	921
672	936
672	958
672	960
672	961
672	983
672	996
673	833
673	946
673	959
673	970
673	984
673	987
673	999
674	691
674	777
674	838
674	860
674	958
674	961
674	996
675	373
675	746
675	957
675	974
675	986
675	993
675	997
676	781
676	900
676	925
676	986
676	993
676	994
676	997
677	754
677	927
677	939
677	955
677	959
677	984
677	987
677	999
678	897
678	900
678	925
678	957
678	986
678	993
678	995
678	997
679	238
679	531
679	537
679	908
679	932
679	946
679	949
679	970
680	524
680	535
680	792
680	885
680	890
680	915
680	941
680	978
681	784
681	792
681	832
681	834
681	837
681	869
681	935
681	988
682	942
682	950
682	952
682	953
682	966
682	979
682	985
682	991
683	226
683	501
683	834
683	869
683	876
683	915
683	916
683	988
684	517
684	556
684	558
684	839
684	929
684	933
684	969
684	976
685	825
685	862
685	865
685	903
685	938
685	960
685	971
685	1000
686	454
686	884
686	898
686	963
686	968
686	976
686	978
686	1000
687	729
687	751
687	815
687	907
687	946
687	984
687	987
687	999
688	9
688	125
688	543
688	797
688	895
688	902
688	913
688	982
689	557
689	783
689	868
689	945
689	967
689	968
689	997
689	998
690	228
690	273
690	854
690	930
690	943
690	954
690	977
690	982
691	345
691	515
691	674
691	910
691	920
691	944
691	961
691	996
692	906
692	912
692	930
692	934
692	951
692	970
692	977
692	982
693	505
693	511
693	633
693	725
693	878
693	958
693	988
693	990
694	780
694	785
694	804
694	826
694	867
694	885
694	978
694	988
695	757
695	866
695	925
695	947
695	957
695	993
695	994
695	997
696	654
696	735
696	770
696	848
696	875
696	964
696	972
696	989
697	940
697	950
697	953
697	965
697	966
697	979
697	985
697	991
698	704
698	786
698	869
698	921
698	958
698	960
698	961
698	996
699	520
699	773
699	922
699	955
699	970
699	984
699	987
699	999
700	837
700	937
700	940
700	942
700	953
700	966
700	979
700	985
701	89
701	791
701	872
701	893
701	964
701	972
701	973
701	989
702	223
702	613
702	840
702	930
702	934
702	948
702	951
702	996
703	891
703	892
703	919
703	931
703	981
703	983
703	992
703	1000
704	22
704	641
704	698
704	860
704	882
704	899
704	920
704	921
705	808
705	880
705	922
705	939
705	955
705	970
705	984
705	985
706	773
706	907
706	908
706	932
706	955
706	959
706	973
706	984
707	86
707	176
707	630
707	792
707	889
707	904
707	962
707	965
708	718
708	736
708	893
708	917
708	964
708	972
708	973
708	989
709	254
709	849
709	886
709	911
709	936
709	967
709	976
709	980
710	872
710	893
710	909
710	917
710	964
710	972
710	973
710	989
711	569
711	615
711	639
711	932
711	964
711	984
711	987
711	999
712	925
712	947
712	974
712	978
712	986
712	994
712	995
712	997
713	30
713	493
713	800
713	911
713	980
713	998
713	999
713	1000
714	720
714	937
714	940
714	953
714	966
714	979
714	985
714	991
715	940
715	942
715	950
715	952
715	966
715	979
715	985
715	991
716	173
716	435
716	545
716	780
716	852
716	915
716	988
716	990
717	75
717	114
717	204
717	836
717	916
717	962
717	988
717	990
718	219
718	497
718	653
718	708
718	749
718	779
718	871
718	988
719	57
719	228
719	456
719	630
719	867
719	930
719	956
719	975
720	144
720	441
720	714
720	850
720	857
720	930
720	934
720	956
721	758
721	872
721	893
721	917
721	950
721	964
721	972
721	989
722	323
722	381
722	635
722	881
722	885
722	889
722	915
722	990
723	9
723	119
723	306
723	527
723	867
723	934
723	948
723	975
724	735
724	756
724	777
724	790
724	936
724	944
724	960
724	961
724	996
725	314
725	693
725	821
725	826
725	873
725	881
725	890
725	941
725	966
726	388
726	664
726	882
726	920
726	921
726	958
726	960
726	986
726	996
727	411
727	489
727	619
727	823
727	838
727	944
727	960
727	961
727	996
728	222
728	560
728	571
728	856
728	919
728	931
728	981
728	983
728	992
729	239
729	687
729	887
729	922
729	939
729	970
729	984
729	987
729	999
730	912
730	940
730	942
730	950
730	952
730	953
730	979
730	985
730	991
731	734
731	807
731	862
731	897
731	898
731	963
731	969
731	976
731	980
732	859
732	947
732	957
732	974
732	978
732	986
732	993
732	994
732	995
733	232
733	570
733	607
733	795
733	889
733	904
733	941
733	965
733	990
734	320
734	468
734	731
734	933
734	976
734	980
734	984
734	998
734	1000
735	609
735	696
735	724
735	875
735	917
735	964
735	972
735	973
735	989
736	708
736	771
736	846
736	848
736	872
736	917
736	964
736	973
736	989
737	493
737	748
737	753
737	762
737	929
737	945
737	963
737	971
737	998
738	784
738	858
738	916
738	925
738	974
738	986
738	993
738	995
738	997
739	129
739	212
739	368
739	865
739	868
739	967
739	968
739	980
739	1000
740	269
740	903
740	911
740	929
740	967
740	971
740	980
740	998
740	1000
741	578
741	671
741	838
741	899
741	910
741	921
741	944
741	958
741	996
742	566
742	840
742	854
742	902
742	912
742	956
742	962
742	975
742	977
743	330
743	792
743	874
743	877
743	922
743	924
743	939
743	946
743	987
744	450
744	625
744	748
744	901
744	914
744	945
744	976
744	980
744	1000
745	52
745	805
745	817
745	892
745	918
745	919
745	931
745	981
745	983
746	332
746	675
746	782
746	925
746	974
746	993
746	994
746	995
746	997
747	772
747	840
747	859
747	974
747	986
747	993
747	994
747	995
747	997
748	737
748	744
748	868
748	914
748	915
748	954
748	967
748	969
748	998
749	169
749	718
749	890
749	916
749	962
749	965
749	978
749	990
749	997
750	157
750	311
750	376
750	778
750	800
750	884
750	914
750	976
750	1000
751	687
751	928
751	937
751	942
751	950
751	966
751	979
751	985
751	991
752	602
752	858
752	900
752	947
752	957
752	963
752	986
752	994
752	997
753	354
753	357
753	737
753	913
753	968
753	969
753	971
753	976
753	980
753	1000
754	208
754	677
754	796
754	879
754	924
754	949
754	959
754	970
754	984
754	999
755	582
755	928
755	937
755	940
755	942
755	952
755	953
755	979
755	985
755	991
756	437
756	476
756	724
756	787
756	899
756	910
756	920
756	921
756	961
756	964
757	695
757	845
757	882
757	925
757	957
757	986
757	993
757	994
757	995
757	997
758	485
758	721
758	791
758	800
758	848
758	872
758	964
758	972
758	973
758	989
759	526
759	577
759	821
759	828
759	894
759	918
759	919
759	981
759	983
759	992
760	665
760	851
760	884
760	926
760	927
760	929
760	938
760	971
760	998
760	1000
761	327
761	543
761	549
761	620
761	856
761	919
761	931
761	981
761	983
761	992
762	737
762	827
762	867
762	895
762	896
762	906
762	943
762	948
762	956
762	975
763	545
763	591
763	884
763	914
763	929
763	938
763	969
763	980
763	998
763	1000
764	100
764	423
764	588
764	862
764	929
764	933
764	954
764	963
764	971
764	1000
765	438
765	866
765	947
765	957
765	974
765	986
765	993
765	994
765	995
765	997
766	641
766	842
766	899
766	903
766	910
766	920
766	936
766	944
766	958
766	960
767	210
767	308
767	498
767	635
767	667
767	835
767	852
767	925
767	978
767	990
768	325
768	646
768	895
768	906
768	913
768	934
768	943
768	951
768	956
768	982
769	128
769	198
769	783
769	800
769	868
769	954
769	967
769	968
769	971
769	976
770	646
770	696
770	775
770	812
770	848
770	875
770	964
770	972
770	973
770	989
771	72
771	564
771	736
771	775
771	791
771	875
771	917
771	964
771	972
771	989
772	336
772	747
772	822
772	859
772	868
772	947
772	957
772	986
772	993
772	995
773	172
773	525
773	541
773	699
773	706
773	927
773	939
773	944
773	949
773	955
773	1000
774	304
774	482
774	629
774	807
774	945
774	948
774	963
774	967
774	971
774	980
774	998
775	251
775	486
775	770
775	771
775	812
775	848
775	893
775	964
775	972
775	973
775	989
776	166
776	278
776	485
776	872
776	875
776	893
776	917
776	964
776	972
776	973
776	989
777	154
777	674
777	724
777	819
777	847
777	921
777	958
777	960
777	961
777	990
777	996
778	402
778	406
778	750
778	886
778	907
778	929
778	968
778	969
778	985
778	998
778	1000
779	165
779	219
779	467
779	553
779	718
779	824
779	888
779	889
779	916
779	962
779	988
780	433
780	505
780	524
780	582
780	694
780	716
780	835
780	889
780	965
780	990
780	995
781	107
781	676
781	784
781	845
781	947
781	974
781	986
781	993
781	994
781	995
781	997
782	290
782	746
782	822
782	845
782	859
782	866
782	900
782	974
782	993
782	994
782	995
783	212
783	495
783	530
783	555
783	689
783	769
783	884
783	901
783	933
783	938
783	998
784	265
784	518
784	681
784	738
784	781
784	947
784	957
784	986
784	994
784	995
784	997
785	114
785	241
785	467
785	564
785	653
785	694
785	824
785	886
785	889
785	965
785	988
786	671
786	698
786	803
786	819
786	897
786	899
786	920
786	921
786	960
786	961
786	986
787	515
787	756
787	823
787	847
787	882
787	936
787	944
787	960
787	961
787	981
787	996
788	284
788	430
788	789
788	877
788	887
788	917
788	946
788	955
788	970
788	987
788	999
789	352
789	399
789	788
789	887
789	898
789	932
789	939
789	949
789	955
789	959
789	999
790	668
790	724
790	823
790	842
790	920
790	944
790	958
790	959
790	960
790	961
790	996
791	1
791	662
791	701
791	758
791	771
791	801
791	875
791	893
791	964
791	972
791	973
791	989
792	41
792	61
792	628
792	680
792	681
792	707
792	743
792	878
792	881
792	915
792	978
792	988
793	563
793	849
793	858
793	865
793	884
793	933
793	945
793	963
793	967
793	968
793	969
793	998
794	89
794	395
794	568
794	633
794	835
794	890
794	904
794	915
794	916
794	978
794	990
794	999
795	600
795	733
795	832
795	869
795	881
795	935
795	941
795	965
795	978
795	988
795	990
795	994
796	446
796	576
796	754
796	818
796	880
796	907
796	939
796	943
796	946
796	949
796	984
796	999
797	249
797	536
797	580
797	688
797	857
797	902
797	913
797	917
797	930
797	956
797	977
797	982
798	231
798	884
798	898
798	901
798	903
798	954
798	969
798	976
798	980
798	998
798	999
798	1000
799	11
799	572
799	804
799	837
799	860
799	883
799	885
799	904
799	935
799	965
799	978
799	988
800	587
800	713
800	750
800	758
800	769
800	884
800	938
800	963
800	967
800	969
800	998
800	1000
801	325
801	447
801	791
801	804
801	812
801	848
801	875
801	917
801	964
801	972
801	973
801	989
802	818
802	880
802	907
802	908
802	924
802	946
802	955
802	959
802	969
802	970
802	987
802	999
803	472
803	671
803	786
803	823
803	842
803	847
803	897
803	944
803	953
803	958
803	961
803	996
804	362
804	400
804	564
804	628
804	694
804	799
804	801
804	824
804	834
804	941
804	962
804	978
805	293
805	516
805	623
805	631
805	745
805	817
805	828
805	891
805	892
805	918
805	983
805	992
806	62
806	131
806	470
806	821
806	837
806	889
806	890
806	915
806	935
806	941
806	967
806	988
807	224
807	643
807	731
807	774
807	886
807	911
807	926
807	945
807	952
807	954
807	967
807	1000
808	239
808	525
808	662
808	705
808	809
808	853
808	907
808	924
808	927
808	959
808	987
808	999
809	435
809	808
809	824
809	832
809	834
809	843
809	876
809	878
809	909
809	962
809	978
809	988
810	61
810	210
810	442
810	837
810	878
810	883
810	889
810	916
810	936
810	962
810	988
810	990
811	315
811	455
811	624
811	923
811	929
811	933
811	938
811	963
811	967
811	968
811	971
811	998
811	1000
812	26
812	503
812	770
812	775
812	801
812	872
812	875
812	893
812	958
812	964
812	972
812	973
812	989
813	355
813	526
813	623
813	828
813	889
813	891
813	892
813	894
813	918
813	919
813	981
813	983
813	992
814	51
814	137
814	226
814	389
814	514
814	633
814	834
814	904
814	935
814	941
814	965
814	975
814	988
815	14
815	512
815	687
815	853
815	861
815	874
815	911
815	924
815	932
815	955
815	984
815	987
815	999
816	594
816	905
816	928
816	937
816	940
816	942
816	950
816	952
816	953
816	966
816	979
816	985
816	991
817	421
817	669
817	745
817	805
817	830
817	856
817	891
817	918
817	919
817	981
817	983
817	992
817	999
818	282
818	555
818	627
818	796
818	802
818	874
818	924
818	932
818	946
818	949
818	952
818	970
818	999
819	472
819	659
819	777
819	786
819	842
819	882
819	897
819	921
819	932
819	944
819	960
819	977
819	996
820	229
820	439
820	508
820	534
820	646
820	827
820	850
820	854
820	879
820	906
820	913
820	943
820	975
820	982
821	35
821	400
821	633
821	725
821	759
821	806
821	837
821	844
821	881
821	909
821	941
821	962
821	978
821	998
822	510
822	595
822	772
822	782
822	845
822	858
822	947
822	957
822	974
822	982
822	986
822	994
822	995
822	997
823	307
823	339
823	659
823	727
823	787
823	790
823	803
823	897
823	899
823	920
823	921
823	958
823	960
823	996
824	514
824	554
824	779
824	785
824	804
824	809
824	844
824	873
824	890
824	941
824	983
824	987
824	988
824	990
825	383
825	495
825	588
825	685
825	829
825	856
825	862
825	865
825	888
825	903
825	968
825	976
825	998
825	1000
826	75
826	180
826	345
826	519
826	694
826	725
826	904
826	909
826	915
826	923
826	935
826	941
826	988
826	990
827	142
827	285
827	365
827	562
827	646
827	762
827	820
827	836
827	902
827	913
827	943
827	951
827	963
827	989
828	111
828	458
828	631
828	759
828	805
828	813
828	830
828	894
828	918
828	919
828	931
828	981
828	983
828	992
829	25
829	825
829	839
829	888
829	896
829	903
829	911
829	933
829	938
829	967
829	968
829	969
829	976
829	994
830	560
830	623
830	817
830	828
830	891
830	894
830	910
830	918
830	919
830	931
830	970
830	981
830	983
830	992
831	179
831	541
831	569
831	579
831	583
831	655
831	861
831	922
831	926
831	932
831	946
831	955
831	970
831	999
832	323
832	590
832	618
832	635
832	681
832	795
832	809
832	852
832	869
832	871
832	889
832	904
832	916
832	959
832	988
833	237
833	554
833	657
833	673
833	853
833	861
833	877
833	880
833	908
833	922
833	927
833	959
833	970
833	987
833	999
834	32
834	41
834	517
834	628
834	681
834	683
834	804
834	809
834	814
834	885
834	904
834	962
834	965
834	990
834	992
835	51
835	148
835	420
835	558
835	653
835	668
835	767
835	780
835	794
835	843
835	851
835	890
835	965
835	988
835	990
836	10
836	474
836	584
836	638
836	717
836	827
836	854
836	867
836	895
836	902
836	912
836	943
836	956
836	977
836	982
837	114
837	618
837	681
837	700
837	799
837	806
837	810
837	821
837	869
837	871
837	883
837	890
837	904
837	962
837	988
838	242
838	581
838	596
838	671
838	674
838	727
838	741
838	843
838	897
838	899
838	910
838	936
838	941
838	958
838	996
839	651
839	665
839	684
839	829
839	849
839	901
839	903
839	923
839	930
839	938
839	968
839	969
839	976
839	998
839	1000
840	258
840	277
840	328
840	393
840	579
840	638
840	702
840	742
840	747
840	850
840	895
840	913
840	934
840	948
840	982
841	64
841	172
841	203
841	606
841	627
841	853
841	874
841	879
841	938
841	946
841	949
841	955
841	959
841	987
841	999
842	569
842	766
842	790
842	803
842	819
842	847
842	920
842	921
842	936
842	944
842	958
842	960
842	961
842	989
842	996
843	7
843	124
843	227
843	809
843	835
843	838
843	871
843	876
843	909
843	915
843	929
843	962
843	965
843	988
843	990
844	11
844	148
844	568
844	618
844	653
844	821
844	824
844	873
844	876
844	883
844	915
844	916
844	978
844	979
844	990
845	649
845	661
845	757
845	781
845	782
845	822
845	925
845	947
845	974
845	975
845	986
845	993
845	994
845	995
845	997
846	736
846	864
846	870
846	894
846	905
846	928
846	937
846	940
846	942
846	950
846	952
846	953
846	966
846	979
846	985
846	991
847	476
847	596
847	634
847	650
847	660
847	777
847	787
847	803
847	842
847	860
847	899
847	910
847	936
847	960
847	981
847	996
848	157
848	491
848	598
848	696
848	736
848	758
848	770
848	775
848	801
848	872
848	875
848	893
848	964
848	972
848	973
848	989
849	310
849	386
849	557
849	709
849	793
849	839
849	853
849	868
849	886
849	888
849	911
849	963
849	967
849	968
849	976
849	998
850	57
850	332
850	426
850	720
850	820
850	840
850	854
850	896
850	934
850	943
850	948
850	956
850	959
850	975
850	977
850	982
851	90
851	132
851	422
851	760
851	835
851	886
851	923
851	933
851	945
851	968
851	969
851	971
851	976
851	980
851	998
851	1000
852	116
852	366
852	389
852	505
852	553
852	573
852	667
852	716
852	767
852	832
852	904
852	962
852	965
852	978
852	988
852	990
853	13
853	52
853	195
853	225
853	245
853	528
853	808
853	815
853	833
853	841
853	849
853	880
853	939
853	986
853	987
853	999
854	561
854	566
854	690
854	742
854	820
854	836
854	850
854	902
854	912
854	943
854	948
854	956
854	965
854	975
854	982
854	997
855	415
855	864
855	870
855	905
855	913
855	928
855	937
855	940
855	942
855	950
855	952
855	953
855	966
855	979
855	985
855	991
856	111
856	472
856	480
856	509
856	617
856	728
856	761
856	817
856	825
856	891
856	892
856	894
856	918
856	981
856	983
856	992
857	88
857	164
857	354
857	508
857	516
857	561
857	637
857	648
857	720
857	797
857	886
857	902
857	906
857	912
857	975
857	982
858	84
858	335
858	419
858	738
858	752
858	793
858	822
858	925
858	947
858	957
858	971
858	974
858	986
858	994
858	995
858	997
859	237
859	546
859	575
859	732
859	747
859	772
859	782
859	900
859	925
859	957
859	986
859	990
859	993
859	994
859	995
859	997
860	291
860	506
860	671
860	674
860	704
860	799
860	847
860	881
860	882
860	899
860	910
860	920
860	944
860	958
860	960
860	961
860	996
861	14
861	203
861	344
861	525
861	815
861	831
861	833
861	879
861	922
861	939
861	955
861	959
861	970
861	984
861	987
861	994
861	999
862	394
862	522
862	578
862	604
862	685
862	731
862	764
862	825
862	898
862	926
862	933
862	938
862	963
862	967
862	968
862	998
862	1000
863	322
863	864
863	870
863	905
863	928
863	937
863	940
863	942
863	950
863	952
863	953
863	965
863	966
863	979
863	985
863	991
864	584
864	846
864	855
864	863
864	870
864	905
864	928
864	937
864	940
864	942
864	950
864	952
864	953
864	966
864	979
864	985
864	991
865	215
865	289
865	580
865	609
865	685
865	739
865	793
865	825
865	898
865	923
865	938
865	963
865	967
865	968
865	976
865	998
865	1000
866	71
866	510
866	546
866	695
866	765
866	782
866	900
866	915
866	921
866	925
866	947
866	974
866	986
866	993
866	994
866	995
866	997
867	93
867	508
867	547
867	694
867	719
867	723
867	762
867	836
867	895
867	896
867	906
867	913
867	918
867	943
867	951
867	956
867	977
867	982
868	28
868	191
868	438
868	587
868	689
868	739
868	748
868	769
868	772
868	849
868	886
868	898
868	923
868	958
868	968
868	969
868	971
868	998
869	194
869	380
869	512
869	605
869	681
869	683
869	698
869	795
869	832
869	837
869	871
869	876
869	890
869	909
869	915
869	916
869	935
869	958
870	846
870	855
870	863
870	864
870	890
870	905
870	928
870	937
870	940
870	942
870	950
870	952
870	953
870	966
870	979
870	985
870	991
870	1000
871	307
871	395
871	558
871	718
871	832
871	837
871	843
871	869
871	876
871	881
871	887
871	909
871	935
871	941
871	978
871	988
871	990
871	995
872	484
872	485
872	609
872	701
872	710
872	721
872	736
872	758
872	776
872	812
872	848
872	893
872	917
872	964
872	972
872	973
872	977
872	989
873	190
873	308
873	328
873	404
873	511
873	667
873	725
873	824
873	844
873	876
873	904
873	909
873	915
873	916
873	941
873	965
873	970
873	978
873	988
874	14
874	451
874	467
874	478
874	500
874	743
874	815
874	818
874	841
874	877
874	880
874	907
874	922
874	924
874	955
874	959
874	970
874	984
874	999
875	298
875	391
875	638
875	640
875	696
875	735
875	770
875	771
875	776
875	791
875	801
875	812
875	848
875	893
875	922
875	964
875	972
875	973
875	989
876	442
876	557
876	572
876	683
876	809
876	843
876	844
876	869
876	871
876	873
876	878
876	883
876	916
876	935
876	962
876	965
876	978
876	988
876	993
877	92
877	183
877	238
877	243
877	494
877	743
877	788
877	833
877	874
877	879
877	880
877	907
877	908
877	924
877	949
877	959
877	984
877	998
877	999
878	27
878	247
878	345
878	507
878	582
878	605
878	693
878	792
878	809
878	810
878	876
878	885
878	889
878	904
878	935
878	962
878	965
878	987
878	990
878	998
879	238
879	284
879	531
879	551
879	555
879	636
879	642
879	754
879	820
879	841
879	861
879	877
879	908
879	927
879	932
879	949
879	955
879	970
879	984
879	999
880	67
880	513
880	569
880	662
880	705
880	796
880	802
880	833
880	853
880	874
880	877
880	887
880	927
880	947
880	949
880	959
880	964
880	970
880	984
880	999
881	233
881	292
881	307
881	368
881	380
881	554
881	597
881	722
881	725
881	792
881	795
881	821
881	860
881	871
881	909
881	935
881	965
881	978
881	981
881	990
882	257
882	489
882	641
882	660
882	704
882	726
882	757
882	787
882	819
882	860
882	884
882	897
882	910
882	920
882	921
882	944
882	958
882	960
882	961
882	996
883	221
883	297
883	310
883	338
883	360
883	401
883	470
883	545
883	630
883	799
883	810
883	837
883	844
883	876
883	885
883	890
883	965
883	978
883	988
883	990
884	120
884	686
884	750
884	760
884	763
884	783
884	793
884	798
884	800
884	882
884	898
884	903
884	914
884	919
884	923
884	926
884	938
884	967
884	971
884	980
884	1000
885	137
885	255
885	389
885	467
885	505
885	572
885	607
885	680
885	694
885	722
885	799
885	834
885	878
885	883
885	916
885	935
885	962
885	965
885	968
885	988
885	990
886	34
886	87
886	643
886	709
886	778
886	785
886	807
886	849
886	851
886	857
886	868
886	888
886	898
886	923
886	963
886	968
886	971
886	976
886	980
886	998
886	1000
887	13
887	92
887	122
887	451
887	520
887	538
887	586
887	666
887	729
887	788
887	789
887	871
887	880
887	924
887	927
887	932
887	959
887	970
887	984
887	987
887	999
888	138
888	311
888	316
888	458
888	548
888	779
888	825
888	829
888	849
888	886
888	898
888	903
888	938
888	945
888	954
888	963
888	968
888	971
888	976
888	998
888	1000
889	290
889	328
889	512
889	523
889	572
889	610
889	707
889	722
889	733
889	779
889	780
889	785
889	806
889	810
889	813
889	832
889	878
889	899
889	915
889	935
889	941
890	194
890	320
890	553
890	607
890	680
890	725
890	749
890	794
890	806
890	824
890	835
890	837
890	869
890	870
890	883
890	916
890	935
890	941
890	962
890	990
890	993
891	249
891	263
891	405
891	465
891	510
891	526
891	589
891	645
891	703
891	805
891	813
891	817
891	830
891	856
891	892
891	894
891	919
891	931
891	951
891	981
891	983
891	992
892	19
892	81
892	413
892	465
892	475
892	589
892	620
892	669
892	703
892	745
892	805
892	813
892	856
892	891
892	894
892	918
892	919
892	925
892	931
892	981
892	983
892	992
893	270
893	379
893	416
893	486
893	621
893	654
893	701
893	708
893	710
893	721
893	775
893	776
893	791
893	812
893	848
893	872
893	875
893	929
893	964
893	972
893	983
893	989
894	121
894	199
894	262
894	312
894	480
894	611
894	669
894	759
894	813
894	828
894	830
894	846
894	856
894	891
894	892
894	918
894	919
894	931
894	981
894	983
894	992
894	996
895	426
895	527
895	562
895	566
895	570
895	628
895	688
895	762
895	768
895	836
895	840
895	867
895	896
895	902
895	934
895	942
895	948
895	951
895	956
895	975
895	977
895	982
896	48
896	253
896	273
896	403
896	460
896	474
896	479
896	536
896	540
896	646
896	762
896	829
896	850
896	867
896	895
896	906
896	943
896	948
896	955
896	956
896	977
896	982
897	257
897	375
897	515
897	634
897	668
897	678
897	731
897	786
897	803
897	819
897	823
897	838
897	882
897	910
897	920
897	921
897	936
897	944
897	958
897	960
897	961
897	996
898	6
898	196
898	334
898	686
898	731
898	789
898	798
898	862
898	865
898	868
898	884
898	886
898	888
898	914
898	933
898	954
898	963
898	967
898	969
898	980
898	990
898	998
898	1000
899	262
899	283
899	339
899	388
899	444
899	544
899	664
899	670
899	704
899	741
899	756
899	766
899	786
899	823
899	838
899	847
899	860
899	889
899	944
899	958
899	961
899	969
899	996
900	5
900	78
900	143
900	411
900	475
900	483
900	567
900	575
900	676
900	678
900	752
900	782
900	859
900	866
900	925
900	940
900	947
900	957
900	974
900	986
900	993
900	995
900	997
901	34
901	79
901	253
901	409
901	455
901	550
901	563
901	744
901	783
901	798
901	839
901	911
901	924
901	926
901	929
901	945
901	954
901	967
901	974
901	976
901	980
901	998
901	1000
902	65
902	220
902	584
902	605
902	688
902	742
902	797
902	827
902	836
902	854
902	857
902	895
902	906
902	907
902	912
902	930
902	934
902	943
902	948
902	951
902	956
902	975
902	977
903	145
903	189
903	324
903	548
903	563
903	643
903	685
903	740
903	766
903	798
903	825
903	829
903	839
903	884
903	888
903	911
903	938
903	945
903	954
903	976
903	980
903	998
903	1000
904	35
904	176
904	334
904	512
904	588
904	590
904	610
904	707
904	733
904	794
904	799
904	814
904	826
904	832
904	834
904	837
904	852
904	873
904	878
904	909
904	965
904	978
904	982
905	816
905	846
905	855
905	863
905	864
905	870
905	928
905	937
905	940
905	942
905	945
905	950
905	952
905	953
905	966
905	979
905	985
905	989
905	991
906	141
906	403
906	445
906	488
906	496
906	540
906	562
906	598
906	692
906	762
906	768
906	820
906	857
906	867
906	896
906	902
906	943
906	946
906	948
906	951
906	975
906	977
906	982
906	985
907	302
907	432
907	494
907	599
907	615
907	687
907	706
907	778
907	796
907	802
907	808
907	874
907	877
907	902
907	908
907	922
907	924
907	927
907	949
907	955
907	970
907	984
907	987
907	999
908	430
908	431
908	446
908	456
908	520
908	528
908	555
908	586
908	603
908	636
908	679
908	706
908	802
908	833
908	877
908	879
908	907
908	932
908	946
908	955
908	984
908	987
908	990
908	999
909	35
909	87
909	97
909	124
909	204
909	395
909	498
909	710
909	809
909	821
909	826
909	843
909	869
909	871
909	873
909	881
909	904
909	915
909	935
909	962
909	965
909	978
909	988
909	990
910	15
910	56
910	360
910	506
910	660
910	670
910	691
910	741
910	756
910	766
910	830
910	838
910	847
910	860
910	882
910	897
910	921
910	936
910	944
910	958
910	960
910	961
910	986
910	996
911	70
911	300
911	454
911	478
911	578
911	709
911	713
911	740
911	807
911	815
911	829
911	849
911	901
911	903
911	914
911	926
911	929
911	954
911	963
911	967
911	968
911	971
911	980
911	998
911	1000
912	37
912	277
912	312
912	348
912	356
912	479
912	534
912	552
912	648
912	692
912	730
912	742
912	836
912	854
912	857
912	902
912	913
912	930
912	934
912	943
912	948
912	951
912	956
912	975
912	982
913	10
913	112
913	128
913	286
913	353
913	439
913	441
913	474
913	516
913	536
913	688
913	753
913	768
913	797
913	820
913	827
913	840
913	855
913	867
913	912
913	943
913	951
913	962
913	975
913	977
913	982
914	42
914	156
914	299
914	310
914	334
914	383
914	385
914	434
914	551
914	744
914	748
914	750
914	763
914	884
914	898
914	911
914	926
914	929
914	945
914	963
914	967
914	968
914	969
914	971
914	976
914	998
915	227
915	241
915	314
915	360
915	390
915	435
915	535
915	558
915	680
915	683
915	716
915	722
915	748
915	792
915	794
915	806
915	826
915	843
915	844
915	866
915	869
915	873
915	889
915	909
915	925
915	978
915	990
916	27
916	41
916	97
916	169
916	233
916	434
916	600
916	683
916	717
916	738
916	749
916	779
916	794
916	810
916	832
916	844
916	869
916	873
916	876
916	885
916	890
916	935
916	941
916	962
916	976
916	978
916	988
917	8
917	181
917	248
917	378
917	453
917	461
917	485
917	491
917	601
917	621
917	626
917	632
917	708
917	710
917	721
917	735
917	736
917	771
917	776
917	788
917	797
917	801
917	872
917	964
917	972
917	973
917	989
918	121
918	151
918	209
918	315
918	355
918	480
918	571
918	611
918	617
918	645
918	745
918	759
918	805
918	813
918	817
918	828
918	830
918	856
918	867
918	892
918	894
918	919
918	929
918	931
918	981
918	983
918	992
919	73
919	263
919	405
919	413
919	577
919	611
919	616
919	645
919	703
919	728
919	745
919	759
919	761
919	813
919	817
919	828
919	830
919	884
919	891
919	892
919	894
919	918
919	931
919	937
919	981
919	983
919	992
919	995
920	64
920	153
920	162
920	338
920	343
920	425
920	472
920	581
920	659
920	691
920	704
920	726
920	756
920	766
920	786
920	790
920	823
920	842
920	860
920	882
920	897
920	921
920	936
920	944
920	958
920	961
920	985
920	996
921	160
921	437
921	444
921	659
921	660
921	672
921	698
921	704
921	726
921	741
921	756
921	777
921	786
921	819
921	823
921	842
921	866
921	882
921	897
921	910
921	920
921	936
921	944
921	958
921	960
921	961
921	977
921	996
922	105
922	177
922	350
922	417
922	427
922	487
922	513
922	538
922	569
922	625
922	699
922	705
922	729
922	743
922	831
922	833
922	861
922	874
922	875
922	907
922	938
922	939
922	945
922	946
922	955
922	959
922	984
922	999
923	6
923	33
923	90
923	136
923	231
923	311
923	438
923	458
923	499
923	587
923	588
923	811
923	826
923	839
923	851
923	865
923	868
923	884
923	886
923	926
923	929
923	933
923	954
923	963
923	967
923	968
923	969
923	980
923	1000
924	105
924	272
924	313
924	414
924	417
924	586
924	615
924	639
924	743
924	754
924	802
924	808
924	815
924	818
924	874
924	877
924	887
924	901
924	907
924	927
924	932
924	941
924	955
924	959
924	970
924	984
924	987
924	999
924	1000
925	211
925	335
925	367
925	371
925	500
925	608
925	614
925	649
925	676
925	678
925	695
925	712
925	738
925	746
925	757
925	767
925	845
925	858
925	859
925	866
925	892
925	900
925	915
925	947
925	957
925	986
925	993
925	994
925	995
925	997
926	65
926	110
926	329
926	334
926	349
926	370
926	387
926	396
926	468
926	550
926	612
926	624
926	760
926	807
926	831
926	862
926	884
926	901
926	911
926	914
926	923
926	929
926	938
926	963
926	968
926	971
926	976
926	993
926	998
926	1000
927	143
927	177
927	272
927	412
927	414
927	441
927	583
927	606
927	615
927	625
927	677
927	760
927	773
927	808
927	833
927	879
927	880
927	887
927	907
927	924
927	932
927	946
927	949
927	955
927	959
927	961
927	970
927	984
927	987
927	999
928	647
928	663
928	751
928	755
928	816
928	846
928	855
928	863
928	864
928	870
928	905
928	937
928	940
928	942
928	950
928	952
928	953
928	954
928	966
928	969
928	979
928	985
928	991
929	218
929	304
929	406
929	409
929	578
929	580
929	684
929	737
929	740
929	760
929	763
929	764
929	778
929	811
929	843
929	893
929	901
929	911
929	914
929	918
929	923
929	926
929	938
929	945
929	954
929	963
929	967
929	971
929	980
929	998
929	1000
930	10
930	48
930	74
930	208
930	220
930	353
930	398
930	428
930	479
930	488
930	539
930	579
930	593
930	690
930	692
930	702
930	719
930	720
930	797
930	839
930	902
930	912
930	934
930	937
930	948
930	951
930	956
930	975
930	977
930	982
930	991
931	33
931	98
931	134
931	236
931	405
931	463
931	571
931	589
931	596
931	611
931	617
931	631
931	645
931	669
931	703
931	728
931	745
931	761
931	828
931	830
931	891
931	892
931	894
931	918
931	919
931	944
931	973
931	974
931	981
931	983
931	992
932	103
932	282
932	333
932	399
932	414
932	583
932	636
932	651
932	666
932	679
932	706
932	711
932	789
932	815
932	818
932	819
932	831
932	879
932	887
932	908
932	924
932	927
932	939
932	946
932	949
932	955
932	959
932	970
932	984
932	986
932	987
932	999
933	8
933	43
933	58
933	60
933	106
933	191
933	246
933	324
933	349
933	493
933	507
933	591
933	612
933	624
933	684
933	734
933	764
933	783
933	793
933	811
933	829
933	851
933	862
933	898
933	923
933	938
933	954
933	968
933	969
933	980
933	991
933	1000
934	21
934	223
934	286
934	456
934	481
934	501
934	539
934	561
934	570
934	584
934	604
934	637
934	692
934	702
934	720
934	723
934	768
934	840
934	850
934	895
934	902
934	912
934	930
934	943
934	948
934	951
934	956
934	975
934	977
934	982
934	995
934	996
935	165
935	233
935	290
935	389
935	390
935	497
935	558
935	568
935	635
935	681
935	795
935	799
935	806
935	814
935	826
935	869
935	871
935	876
935	878
935	881
935	885
935	889
935	890
935	909
935	916
935	957
935	962
935	978
935	982
935	988
935	990
935	999
936	21
936	130
936	160
936	174
936	185
936	375
936	489
936	506
936	515
936	544
936	619
936	641
936	664
936	672
936	709
936	724
936	766
936	787
936	810
936	838
936	842
936	847
936	897
936	910
936	920
936	921
936	944
936	958
936	960
936	961
936	977
936	996
937	50
937	108
937	205
937	309
937	452
937	473
937	561
937	613
937	650
937	663
937	700
937	714
937	751
937	755
937	816
937	846
937	855
937	863
937	864
937	870
937	905
937	919
937	928
937	930
937	940
937	942
937	950
937	952
937	953
937	966
937	979
937	985
937	991
938	191
938	299
938	304
938	548
938	580
938	588
938	591
938	594
938	685
938	760
938	763
938	783
938	800
938	811
938	829
938	839
938	841
938	862
938	865
938	884
938	888
938	903
938	922
938	926
938	929
938	933
938	949
938	968
938	971
938	976
938	980
938	998
938	1000
939	36
939	67
939	225
939	350
939	352
939	427
939	446
939	487
939	576
939	583
939	625
939	639
939	657
939	677
939	705
939	729
939	743
939	773
939	789
939	796
939	853
939	861
939	922
939	932
939	946
939	949
939	970
939	978
939	983
939	987
939	990
939	996
939	999
940	234
940	271
940	340
940	372
940	397
940	408
940	452
940	532
940	658
940	697
940	700
940	714
940	715
940	730
940	755
940	816
940	846
940	855
940	863
940	864
940	870
940	900
940	905
940	928
940	937
940	942
940	950
940	952
940	953
940	966
940	971
940	979
940	985
940	991
941	32
941	51
941	62
941	109
941	131
941	292
941	308
941	362
941	390
941	395
941	401
941	545
941	553
941	680
941	725
941	733
941	795
941	804
941	806
941	814
941	821
941	824
941	826
941	838
941	871
941	873
941	889
941	890
941	916
941	924
941	962
941	965
941	988
941	990
942	309
942	372
942	382
942	391
942	429
942	431
942	469
942	477
942	600
942	658
942	682
942	700
942	715
942	730
942	751
942	755
942	816
942	846
942	855
942	863
942	864
942	870
942	895
942	905
942	928
942	937
942	940
942	950
942	952
942	953
942	966
942	979
942	985
942	991
943	71
943	190
943	229
943	286
943	301
943	460
943	534
943	547
943	570
943	579
943	598
943	604
943	613
943	622
943	656
943	690
943	762
943	768
943	796
943	820
943	827
943	836
943	850
943	854
943	867
943	896
943	902
943	906
943	912
943	913
943	934
943	948
943	951
943	956
944	15
944	56
944	130
944	242
944	342
944	425
944	581
944	659
944	691
944	724
944	727
944	741
944	766
944	773
944	787
944	790
944	803
944	819
944	842
944	860
944	882
944	897
944	899
944	910
944	920
944	921
944	931
944	936
944	958
944	960
944	961
944	978
944	988
944	996
945	109
945	132
945	150
945	192
945	264
945	310
945	324
945	329
945	517
945	530
945	689
945	737
945	744
945	774
945	793
945	807
945	851
945	888
945	901
945	903
945	905
945	914
945	922
945	929
945	947
945	954
945	963
945	968
945	969
945	971
945	976
945	980
945	998
945	1000
946	66
946	184
946	221
946	287
946	410
946	417
946	502
946	556
946	599
946	637
946	662
946	666
946	673
946	679
946	687
946	743
946	788
946	796
946	802
946	818
946	831
946	841
946	906
946	908
946	922
946	927
946	932
946	939
946	949
946	954
946	959
946	970
946	984
946	987
946	999
947	55
947	91
947	123
947	139
947	168
947	188
947	244
947	251
947	346
947	490
947	574
947	644
947	647
947	695
947	712
947	732
947	752
947	765
947	772
947	781
947	784
947	822
947	845
947	858
947	866
947	880
947	900
947	925
947	945
947	957
947	986
947	993
947	994
947	995
947	997
948	40
948	46
948	74
948	133
948	144
948	202
948	228
948	356
948	392
948	456
948	516
948	539
948	613
948	648
948	702
948	723
948	762
948	774
948	840
948	850
948	854
948	895
948	896
948	902
948	906
948	912
948	930
948	934
948	943
948	956
948	974
948	975
948	977
948	982
948	985
948	995
949	36
949	52
949	92
949	410
949	430
949	464
949	466
949	487
949	531
949	569
949	576
949	652
949	666
949	679
949	754
949	773
949	789
949	796
949	818
949	841
949	877
949	879
949	880
949	907
949	927
949	932
949	938
949	939
949	946
949	959
949	968
949	970
949	975
949	984
949	987
949	999
950	117
950	125
950	186
950	215
950	261
950	305
950	412
950	443
950	477
950	532
950	565
950	650
950	663
950	682
950	697
950	715
950	721
950	730
950	751
950	816
950	846
950	855
950	863
950	864
950	870
950	905
950	928
950	937
950	940
950	942
950	952
950	953
950	966
950	979
950	985
950	991
951	47
951	59
951	74
951	82
951	123
951	200
951	208
951	316
951	342
951	344
951	363
951	508
951	536
951	570
951	613
951	622
951	638
951	646
951	648
951	692
951	702
951	768
951	827
951	867
951	891
951	895
951	902
951	906
951	912
951	913
951	930
951	934
951	943
951	956
951	963
951	975
951	977
951	982
952	63
952	86
952	261
952	309
952	364
952	377
952	382
952	452
952	473
952	559
952	565
952	658
952	663
952	682
952	715
952	730
952	755
952	807
952	816
952	818
952	846
952	855
952	863
952	864
952	870
952	905
952	928
952	937
952	940
952	942
952	950
952	953
952	966
952	979
952	980
952	985
952	991
952	992
953	17
953	53
953	167
953	327
953	340
953	364
953	421
953	429
953	488
953	559
953	565
953	658
953	665
953	682
953	697
953	700
953	714
953	730
953	755
953	803
953	816
953	846
953	855
953	863
953	864
953	870
953	905
953	928
953	937
953	940
953	942
953	950
953	952
953	966
953	979
953	985
953	991
953	997
954	16
954	70
954	96
954	120
954	170
954	192
954	198
954	207
954	250
954	521
954	533
954	651
954	690
954	748
954	764
954	769
954	798
954	807
954	888
954	898
954	901
954	903
954	911
954	923
954	928
954	929
954	933
954	945
954	946
954	963
954	967
954	968
954	969
954	976
954	980
954	984
954	998
954	1000
955	172
955	442
955	522
955	527
955	528
955	529
955	586
955	603
955	620
955	639
955	652
955	657
955	662
955	677
955	699
955	705
955	706
955	773
955	788
955	789
955	802
955	815
955	831
955	841
955	861
955	874
955	879
955	896
955	907
955	908
955	922
955	924
955	927
955	932
955	959
955	970
955	984
955	987
955	999
956	39
956	40
956	48
956	93
956	133
956	194
956	223
956	229
956	317
956	363
956	392
956	398
956	488
956	501
956	637
956	719
956	720
956	742
956	762
956	768
956	797
956	836
956	850
956	854
956	867
956	895
956	896
956	902
956	912
956	930
956	934
956	943
956	948
956	951
956	957
956	966
956	975
956	977
956	982
957	163
957	168
957	216
957	265
957	318
957	331
957	371
957	462
957	490
957	546
957	567
957	575
957	595
957	647
957	675
957	678
957	695
957	732
957	752
957	757
957	765
957	772
957	784
957	822
957	858
957	859
957	900
957	925
957	935
957	947
957	956
957	965
957	974
957	979
957	986
957	993
957	994
957	995
957	997
958	235
958	343
958	425
958	444
958	596
958	619
958	660
958	664
958	668
958	670
958	671
958	672
958	674
958	693
958	698
958	726
958	741
958	766
958	777
958	790
958	803
958	812
958	823
958	838
958	842
958	860
958	868
958	869
958	882
958	897
958	899
958	910
958	920
958	921
958	936
958	944
958	960
958	961
958	996
959	140
959	158
959	195
959	225
959	287
959	333
959	427
959	538
959	592
959	599
959	603
959	606
959	666
959	673
959	677
959	706
959	754
959	789
959	790
959	802
959	808
959	832
959	833
959	841
959	850
959	861
959	874
959	877
959	880
959	887
959	922
959	924
959	927
959	932
959	946
959	949
959	955
959	970
959	984
959	987
959	993
959	999
960	3
960	21
960	49
960	159
960	185
960	243
960	283
960	339
960	375
960	437
960	544
960	592
960	596
960	634
960	641
960	670
960	672
960	685
960	698
960	724
960	726
960	727
960	766
960	777
960	786
960	787
960	790
960	819
960	823
960	842
960	847
960	860
960	882
960	897
960	910
960	921
960	936
960	944
960	958
960	961
960	996
960	1000
961	147
961	149
961	153
961	154
961	162
961	174
961	235
961	291
961	388
961	476
961	503
961	544
961	619
961	634
961	664
961	668
961	672
961	674
961	691
961	698
961	724
961	727
961	756
961	777
961	786
961	787
961	790
961	803
961	842
961	860
961	882
961	897
961	899
961	910
961	920
961	921
961	927
961	936
961	944
961	958
961	960
961	988
961	996
962	62
962	97
962	240
962	268
962	390
962	420
962	434
962	470
962	498
962	535
962	568
962	582
962	600
962	618
962	629
962	635
962	667
962	707
962	717
962	742
962	749
962	779
962	804
962	809
962	810
962	821
962	834
962	837
962	843
962	852
962	876
962	878
962	885
962	890
962	909
962	913
962	916
962	935
962	941
962	965
962	978
962	988
962	990
963	127
963	173
963	198
963	402
963	416
963	450
963	454
963	551
963	563
963	612
963	629
963	665
963	686
963	731
963	737
963	752
963	764
963	774
963	793
963	800
963	811
963	827
963	849
963	862
963	865
963	886
963	888
963	898
963	911
963	914
963	923
963	926
963	929
963	945
963	951
963	954
963	966
963	967
963	968
963	969
963	976
963	980
963	998
963	1000
964	2
964	31
964	116
964	166
964	171
964	193
964	248
964	447
964	449
964	453
964	486
964	491
964	503
964	601
964	621
964	626
964	632
964	640
964	696
964	701
964	708
964	710
964	711
964	721
964	735
964	736
964	756
964	758
964	770
964	771
964	775
964	776
964	791
964	801
964	812
964	848
964	872
964	875
964	880
964	893
964	917
964	972
964	973
964	989
964	994
965	131
965	232
965	297
965	323
965	338
965	381
965	433
965	434
965	507
965	518
965	523
965	564
965	572
965	582
965	607
965	610
965	628
965	697
965	707
965	733
965	749
965	780
965	785
965	795
965	799
965	814
965	834
965	835
965	843
965	852
965	854
965	863
965	873
965	876
965	878
965	881
965	883
965	885
965	904
965	909
965	941
965	957
965	962
965	978
965	988
965	990
966	53
966	63
966	95
966	99
966	155
966	205
966	260
966	295
966	327
966	374
966	443
966	473
966	477
966	492
966	532
966	559
966	639
966	650
966	663
966	682
966	697
966	700
966	714
966	715
966	725
966	751
966	816
966	846
966	855
966	863
966	864
966	870
966	905
966	928
966	937
966	940
966	942
966	950
966	952
966	953
966	956
966	963
966	979
966	985
966	991
966	992
967	110
967	180
967	234
967	246
967	448
967	450
967	482
967	495
967	521
967	530
967	591
967	624
967	651
967	653
967	660
967	689
967	709
967	739
967	740
967	748
967	769
967	774
967	793
967	800
967	806
967	807
967	811
967	829
967	849
967	862
967	865
967	884
967	898
967	901
967	911
967	914
967	923
967	929
967	954
967	963
967	968
967	969
967	976
967	980
967	981
967	998
967	1000
968	30
968	69
968	329
968	385
968	393
968	438
968	471
968	499
968	588
968	624
968	626
968	629
968	665
968	686
968	689
968	739
968	753
968	769
968	778
968	793
968	811
968	825
968	829
968	839
968	849
968	851
968	862
968	865
968	868
968	885
968	886
968	888
968	911
968	914
968	923
968	926
968	933
968	938
968	945
968	949
968	954
968	963
968	967
968	969
968	971
968	976
968	998
969	20
969	85
969	145
969	150
969	156
969	394
969	454
969	469
969	471
969	517
969	521
969	533
969	542
969	551
969	557
969	578
969	594
969	629
969	684
969	731
969	748
969	753
969	763
969	778
969	793
969	798
969	800
969	802
969	829
969	839
969	851
969	868
969	898
969	899
969	914
969	923
969	928
969	933
969	945
969	954
969	963
969	967
969	968
969	971
969	976
969	980
969	998
969	1000
970	140
970	201
970	282
970	330
970	430
970	445
970	446
970	464
970	466
970	478
970	502
970	513
970	525
970	548
970	560
970	615
970	636
970	655
970	673
970	679
970	692
970	699
970	705
970	729
970	754
970	788
970	802
970	818
970	830
970	831
970	833
970	861
970	873
970	874
970	879
970	880
970	887
970	907
970	924
970	927
970	932
970	939
970	946
970	949
970	955
970	959
970	984
970	999
971	6
971	28
971	43
971	79
971	82
971	99
971	132
971	156
971	224
971	234
971	246
971	264
971	267
971	276
971	324
971	341
971	386
971	448
971	578
971	593
971	629
971	643
971	685
971	737
971	740
971	753
971	760
971	764
971	769
971	774
971	811
971	851
971	858
971	868
971	884
971	886
971	888
971	911
971	914
971	926
971	929
971	938
971	940
971	945
971	968
971	969
971	980
971	998
971	1000
972	2
972	4
972	31
972	83
972	94
972	161
972	181
972	182
972	268
972	294
972	325
972	369
972	378
972	391
972	415
972	447
972	449
972	492
972	503
972	601
972	626
972	632
972	640
972	654
972	696
972	701
972	708
972	710
972	721
972	735
972	758
972	770
972	771
972	775
972	776
972	791
972	801
972	812
972	848
972	872
972	875
972	893
972	917
972	964
972	973
972	975
972	984
972	989
972	1000
973	1
973	72
973	77
973	83
973	157
973	161
973	182
973	193
973	197
973	248
973	270
973	294
973	378
973	379
973	415
973	449
973	485
973	486
973	491
973	503
973	601
973	609
973	621
973	626
973	640
973	654
973	701
973	706
973	708
973	710
973	735
973	736
973	758
973	770
973	775
973	776
973	791
973	801
973	812
973	848
973	872
973	875
973	917
973	931
973	964
973	972
973	975
973	976
973	980
973	989
974	68
974	71
974	113
974	175
974	211
974	296
974	318
974	336
974	346
974	347
974	369
974	371
974	407
974	411
974	419
974	483
974	500
974	504
974	518
974	573
974	585
974	595
974	602
974	614
974	644
974	649
974	675
974	712
974	732
974	738
974	746
974	747
974	765
974	781
974	782
974	822
974	845
974	858
974	866
974	900
974	901
974	931
974	948
974	957
974	986
974	990
974	993
974	994
974	995
974	997
974	999
975	47
975	82
975	112
975	123
975	125
975	200
975	258
975	306
975	316
975	326
975	348
975	356
975	363
975	365
975	398
975	428
975	439
975	460
975	479
975	481
975	484
975	496
975	501
975	527
975	534
975	593
975	598
975	638
975	648
975	719
975	723
975	742
975	762
975	814
975	820
975	845
975	850
975	854
975	857
975	895
975	902
975	906
975	912
975	913
975	930
975	934
975	948
975	949
975	951
975	956
975	972
975	973
975	977
975	982
976	28
976	58
976	213
976	276
976	299
976	304
976	337
976	341
976	349
976	394
976	396
976	409
976	422
976	471
976	550
976	556
976	580
976	616
976	651
976	684
976	686
976	709
976	731
976	734
976	744
976	750
976	753
976	769
976	798
976	825
976	829
976	839
976	849
976	851
976	865
976	886
976	888
976	901
976	903
976	914
976	916
976	926
976	938
976	945
976	954
976	963
976	967
976	968
976	969
976	973
976	980
976	990
976	997
976	998
976	1000
977	45
977	128
977	133
977	141
977	164
977	202
977	220
977	249
977	258
977	285
977	288
977	348
977	359
977	363
977	370
977	403
977	426
977	428
977	440
977	460
977	479
977	481
977	508
977	547
977	552
977	566
977	574
977	579
977	593
977	598
977	604
977	648
977	656
977	690
977	692
977	742
977	797
977	819
977	836
977	850
977	867
977	872
977	895
977	896
977	902
977	906
977	913
977	921
977	930
977	934
977	936
977	948
977	951
977	956
977	975
977	982
978	89
978	137
978	240
978	247
978	314
978	322
978	351
978	366
978	368
978	404
978	457
978	507
978	511
978	514
978	524
978	537
978	554
978	564
978	597
978	605
978	628
978	630
978	653
978	680
978	686
978	694
978	712
978	732
978	749
978	767
978	792
978	794
978	795
978	799
978	804
978	809
978	821
978	844
978	852
978	871
978	873
978	876
978	881
978	883
978	904
978	909
978	915
978	916
978	935
978	939
978	944
978	962
978	965
978	987
978	988
978	990
979	29
979	44
979	63
979	95
979	108
979	117
979	155
979	186
979	197
979	271
979	305
979	377
979	382
979	397
979	408
979	421
979	429
979	452
979	469
979	492
979	532
979	535
979	559
979	565
979	650
979	658
979	659
979	663
979	682
979	697
979	700
979	714
979	715
979	730
979	751
979	755
979	816
979	844
979	846
979	855
979	863
979	864
979	870
979	905
979	928
979	937
979	940
979	942
979	950
979	952
979	953
979	957
979	966
979	985
979	989
979	991
980	76
980	113
980	253
980	274
980	301
980	320
980	354
980	357
980	383
980	386
980	416
980	422
980	455
980	458
980	468
980	493
980	533
980	550
980	587
980	594
980	632
980	651
980	709
980	713
980	731
980	734
980	739
980	740
980	744
980	753
980	763
980	774
980	798
980	851
980	884
980	886
980	898
980	901
980	903
980	911
980	923
980	929
980	933
980	938
980	945
980	952
980	954
980	963
980	967
980	969
980	971
980	973
980	976
980	987
980	998
980	1000
981	19
981	81
981	101
981	119
981	184
981	217
981	230
981	236
981	256
981	263
981	280
981	281
981	293
981	312
981	315
981	321
981	355
981	361
981	413
981	423
981	436
981	463
981	465
981	509
981	577
981	589
981	611
981	616
981	617
981	620
981	623
981	631
981	645
981	669
981	703
981	728
981	745
981	759
981	761
981	787
981	813
981	817
981	828
981	830
981	847
981	856
981	881
981	891
981	892
981	894
981	918
981	919
981	931
981	967
981	983
981	988
981	992
982	37
982	39
982	46
982	47
982	88
982	142
982	144
982	266
982	275
982	285
982	306
982	326
982	353
982	356
982	365
982	393
982	403
982	441
982	474
982	481
982	496
982	540
982	547
982	552
982	562
982	577
982	579
982	584
982	593
982	613
982	622
982	656
982	688
982	690
982	692
982	768
982	797
982	820
982	822
982	836
982	840
982	850
982	854
982	857
982	867
982	895
982	896
982	904
982	906
982	912
982	913
982	930
982	934
982	935
982	948
982	951
982	956
982	975
982	977
982	998
983	73
983	98
983	121
983	134
983	151
983	152
983	178
983	199
983	209
983	217
983	230
983	256
983	293
983	312
983	315
983	321
983	361
983	436
983	463
983	480
983	509
983	526
983	543
983	549
983	560
983	571
983	577
983	589
983	611
983	616
983	617
983	620
983	623
983	631
983	645
983	669
983	672
983	703
983	728
983	745
983	759
983	761
983	805
983	813
983	817
983	824
983	828
983	830
983	856
983	891
983	892
983	893
983	894
983	918
983	919
983	931
983	939
983	981
983	984
983	992
983	997
984	42
984	64
984	135
984	177
984	195
984	313
984	344
984	431
984	432
984	451
984	487
984	489
984	513
984	522
984	529
984	541
984	555
984	586
984	606
984	625
984	639
984	641
984	642
984	652
984	655
984	657
984	666
984	673
984	677
984	687
984	699
984	705
984	706
984	711
984	729
984	734
984	754
984	796
984	815
984	861
984	874
984	877
984	879
984	880
984	887
984	907
984	908
984	922
984	924
984	927
984	932
984	946
984	949
984	954
984	955
984	959
984	970
984	972
984	983
984	987
984	999
985	17
985	22
985	29
985	38
985	44
985	50
985	86
985	95
985	155
985	167
985	171
985	186
985	261
985	305
985	340
985	364
985	372
985	374
985	377
985	382
985	397
985	408
985	443
985	469
985	471
985	473
985	477
985	492
985	559
985	650
985	658
985	682
985	697
985	700
985	705
985	714
985	715
985	730
985	751
985	755
985	778
985	816
985	846
985	855
985	863
985	864
985	870
985	905
985	906
985	920
985	928
985	937
985	940
985	942
985	948
985	950
985	952
985	953
985	966
985	979
985	991
986	54
986	84
986	118
986	126
986	175
986	214
986	259
986	265
986	267
986	279
986	336
986	346
986	367
986	369
986	373
986	384
986	407
986	424
986	459
986	504
986	510
986	519
986	573
986	575
986	585
986	595
986	602
986	614
986	649
986	661
986	675
986	676
986	678
986	712
986	726
986	732
986	738
986	747
986	752
986	757
986	765
986	772
986	781
986	784
986	786
986	822
986	845
986	853
986	858
986	859
986	866
986	900
986	910
986	925
986	932
986	947
986	957
986	974
986	993
986	994
986	995
986	997
987	36
987	38
987	103
987	107
987	183
987	201
987	239
987	245
987	274
987	302
987	313
987	333
987	352
987	427
987	451
987	461
987	466
987	478
987	494
987	513
987	538
987	541
987	576
987	592
987	599
987	606
987	627
987	652
987	655
987	662
987	673
987	677
987	687
987	699
987	711
987	729
987	743
987	788
987	802
987	808
987	815
987	824
987	833
987	841
987	853
987	861
987	878
987	887
987	907
987	908
987	924
987	927
987	932
987	939
987	946
987	949
987	955
987	959
987	978
987	980
987	984
987	993
987	999
988	11
988	27
988	81
988	124
988	206
988	222
988	266
988	308
988	322
988	358
988	362
988	374
988	381
988	401
988	498
988	523
988	537
988	554
988	568
988	572
988	597
988	605
988	635
988	653
988	681
988	683
988	693
988	694
988	716
988	717
988	718
988	779
988	785
988	792
988	795
988	799
988	806
988	809
988	810
988	814
988	824
988	826
988	832
988	835
988	837
988	843
988	852
988	871
988	873
988	876
988	883
988	885
988	909
988	916
988	935
988	941
988	944
988	961
988	962
988	965
988	978
988	981
988	990
988	998
989	1
989	4
989	8
989	26
989	31
989	72
989	77
989	83
989	94
989	116
989	159
989	161
989	166
989	181
989	182
989	193
989	197
989	268
989	294
989	298
989	325
989	378
989	379
989	391
989	415
989	447
989	449
989	453
989	486
989	491
989	506
989	601
989	609
989	621
989	626
989	627
989	632
989	640
989	654
989	696
989	701
989	708
989	710
989	721
989	735
989	736
989	758
989	770
989	771
989	775
989	776
989	791
989	801
989	812
989	827
989	842
989	848
989	872
989	875
989	893
989	905
989	917
989	964
989	972
989	973
989	979
990	7
990	61
990	146
990	169
990	176
990	204
990	222
990	307
990	322
990	351
990	360
990	368
990	380
990	401
990	418
990	420
990	457
990	467
990	497
990	511
990	514
990	537
990	600
990	607
990	610
990	630
990	667
990	693
990	716
990	717
990	722
990	733
990	749
990	767
990	777
990	780
990	794
990	795
990	810
990	824
990	826
990	834
990	835
990	843
990	844
990	852
990	859
990	871
990	878
990	881
990	883
990	885
990	890
990	898
990	908
990	909
990	915
990	935
990	939
990	941
990	962
990	965
990	974
990	976
990	978
990	988
991	17
991	22
991	29
991	38
991	44
991	50
991	53
991	99
991	108
991	117
991	167
991	171
991	205
991	260
991	271
991	295
991	305
991	309
991	327
991	340
991	364
991	372
991	374
991	377
991	385
991	397
991	408
991	421
991	429
991	435
991	443
991	469
991	473
991	477
991	492
991	532
991	536
991	565
991	602
991	650
991	658
991	663
991	667
991	682
991	697
991	714
991	715
991	730
991	751
991	755
991	816
991	846
991	855
991	863
991	864
991	870
991	905
991	928
991	930
991	933
991	937
991	940
991	942
991	950
991	952
991	953
991	966
991	979
991	985
992	19
992	33
992	73
992	98
992	101
992	111
992	119
992	134
992	151
992	152
992	178
992	199
992	209
992	217
992	236
992	256
992	262
992	280
992	281
992	321
992	337
992	350
992	355
992	361
992	405
992	413
992	423
992	436
992	463
992	465
992	480
992	509
992	526
992	543
992	549
992	560
992	571
992	577
992	589
992	616
992	617
992	620
992	623
992	631
992	645
992	669
992	703
992	728
992	759
992	761
992	805
992	813
992	817
992	828
992	830
992	834
992	856
992	891
992	892
992	894
992	918
992	919
992	931
992	952
992	966
992	981
992	983
992	999
992	1000
993	23
993	26
993	54
993	68
993	78
993	84
993	104
993	113
993	139
993	175
993	216
993	252
993	255
993	259
993	279
993	303
993	317
993	318
993	331
993	335
993	336
993	347
993	367
993	462
993	475
993	490
993	500
993	504
993	518
993	519
993	542
993	546
993	567
993	573
993	574
993	608
993	614
993	644
993	661
993	675
993	676
993	678
993	695
993	732
993	738
993	746
993	747
993	757
993	765
993	772
993	781
993	782
993	845
993	859
993	866
993	876
993	890
993	900
993	925
993	926
993	947
993	957
993	959
993	974
993	986
993	987
993	994
993	995
993	997
993	1000
994	23
994	54
994	55
994	91
994	102
994	104
994	115
994	159
994	163
994	187
994	211
994	214
994	216
994	244
994	251
994	303
994	317
994	332
994	346
994	347
994	367
994	384
994	407
994	411
994	459
994	462
994	476
994	483
994	490
994	500
994	504
994	519
994	550
994	567
994	573
994	575
994	602
994	608
994	614
994	644
994	649
994	661
994	676
994	695
994	712
994	732
994	746
994	747
994	752
994	757
994	765
994	781
994	782
994	784
994	795
994	822
994	829
994	845
994	858
994	859
994	861
994	866
994	925
994	947
994	957
994	964
994	974
994	986
994	993
994	995
994	997
995	5
995	55
995	88
995	91
995	102
995	104
995	115
995	126
995	147
995	163
995	187
995	188
995	214
995	252
995	296
995	318
995	331
995	373
995	384
995	407
995	419
995	424
995	459
995	462
995	475
995	482
995	483
995	490
995	518
995	519
995	542
995	567
995	574
995	575
995	585
995	595
995	602
995	608
995	614
995	647
995	678
995	712
995	732
995	738
995	746
995	747
995	757
995	765
995	772
995	780
995	781
995	782
995	784
995	822
995	845
995	858
995	859
995	866
995	871
995	900
995	919
995	925
995	934
995	947
995	948
995	957
995	974
995	986
995	993
995	994
995	997
996	3
996	15
996	49
996	56
996	122
996	130
996	149
996	153
996	154
996	160
996	174
996	185
996	243
996	257
996	259
996	283
996	291
996	300
996	339
996	342
996	343
996	375
996	388
996	437
996	476
996	489
996	506
996	515
996	544
996	576
996	581
996	596
996	634
996	641
996	659
996	660
996	668
996	670
996	671
996	672
996	674
996	691
996	698
996	702
996	724
996	726
996	727
996	741
996	777
996	787
996	790
996	803
996	819
996	823
996	838
996	842
996	847
996	860
996	882
996	894
996	897
996	899
996	910
996	920
996	921
996	934
996	936
996	939
996	944
996	958
996	960
996	961
996	997
997	5
997	78
997	102
997	115
997	118
997	139
997	147
997	168
997	188
997	237
997	244
997	255
997	279
997	296
997	303
997	317
997	332
997	335
997	347
997	369
997	373
997	379
997	384
997	424
997	459
997	475
997	483
997	504
997	510
997	542
997	546
997	567
997	573
997	574
997	585
997	608
997	644
997	647
997	649
997	661
997	675
997	676
997	678
997	689
997	695
997	712
997	738
997	746
997	747
997	749
997	752
997	757
997	765
997	781
997	784
997	822
997	845
997	854
997	858
997	859
997	866
997	900
997	925
997	947
997	953
997	957
997	974
997	976
997	983
997	986
997	993
997	994
997	995
997	996
998	16
998	18
998	20
998	34
998	58
998	69
998	85
998	90
998	96
998	106
998	109
998	110
998	127
998	129
998	170
998	189
998	192
998	207
998	213
998	218
998	250
998	254
998	276
998	289
998	306
998	320
998	341
998	349
998	376
998	387
998	396
998	406
998	448
998	494
998	499
998	517
998	520
998	533
998	551
998	563
998	585
998	594
998	612
998	651
998	665
998	689
998	713
998	734
998	737
998	740
998	748
998	760
998	763
998	774
998	778
998	783
998	793
998	798
998	800
998	811
998	821
998	825
998	839
998	849
998	851
998	862
998	865
998	868
998	877
998	878
998	886
998	888
998	898
998	901
998	903
998	911
998	914
998	926
998	929
998	938
998	945
998	954
998	963
998	967
998	968
998	969
998	971
998	976
998	980
998	982
998	988
998	1000
999	42
999	60
999	103
999	107
999	135
999	158
999	183
999	184
999	201
999	274
999	319
999	330
999	333
999	344
999	350
999	352
999	399
999	410
999	412
999	414
999	417
999	432
999	436
999	461
999	464
999	466
999	478
999	487
999	494
999	502
999	520
999	522
999	525
999	528
999	529
999	541
999	576
999	583
999	592
999	599
999	603
999	615
999	636
999	642
999	643
999	652
999	655
999	657
999	662
999	666
999	673
999	677
999	687
999	699
999	711
999	713
999	729
999	754
999	788
999	789
999	794
999	796
999	798
999	802
999	808
999	815
999	817
999	818
999	831
999	833
999	841
999	853
999	861
999	874
999	877
999	879
999	880
999	887
999	907
999	908
999	922
999	924
999	927
999	932
999	935
999	939
999	946
999	949
999	955
999	959
999	970
999	974
999	984
999	987
999	992
1000	12
1000	18
1000	20
1000	24
1000	30
1000	76
1000	79
1000	96
1000	136
1000	173
1000	196
1000	212
1000	215
1000	224
1000	250
1000	254
1000	289
1000	301
1000	311
1000	329
1000	337
1000	341
1000	353
1000	354
1000	357
1000	370
1000	376
1000	383
1000	402
1000	406
1000	448
1000	471
1000	482
1000	493
1000	499
1000	533
1000	548
1000	557
1000	580
1000	587
1000	591
1000	612
1000	624
1000	643
1000	665
1000	685
1000	686
1000	703
1000	713
1000	734
1000	739
1000	740
1000	744
1000	750
1000	753
1000	760
1000	763
1000	764
1000	773
1000	778
1000	798
1000	800
1000	807
1000	811
1000	825
1000	839
1000	851
1000	862
1000	865
1000	870
1000	884
1000	886
1000	888
1000	898
1000	901
1000	903
1000	911
1000	923
1000	924
1000	926
1000	929
1000	933
1000	938
1000	945
1000	954
1000	960
1000	963
1000	967
1000	969
1000	971
1000	972
1000	976
1000	980
1000	992
1000	993
1000	998
