1	656
1	991
1	996
2	955
2	968
2	998
3	858
3	949
3	983
4	976
4	982
4	985
5	932
5	961
5	998
6	991
6	994
6	1000
7	487
7	951
7	988
8	433
8	768
8	796
9	581
9	983
9	993
10	944
10	993
10	999
11	619
11	827
11	979
12	208
12	733
12	983
13	886
13	968
13	998
14	197
14	958
14	991
15	813
15	995
15	998
16	981
16	996
16	1000
17	977
17	990
17	992
18	830
18	930
18	972
19	755
19	925
19	930
20	541
20	888
20	995
21	720
21	994
21	1000
22	962
22	990
22	997
23	939
23	960
23	988
24	398
24	968
24	974
25	543
25	778
25	979
26	769
26	785
26	989
27	561
27	917
27	992
28	864
28	977
28	997
29	614
29	662
29	999
30	895
30	973
30	997
31	156
31	963
31	982
32	527
32	995
32	998
33	991
33	994
33	996
34	991
34	994
34	1000
35	893
35	950
35	984
36	572
36	775
36	976
37	120
37	141
37	935
38	636
38	669
38	940
39	709
39	866
39	921
40	853
40	931
40	954
41	112
41	524
41	989
42	909
42	963
42	982
43	508
43	855
43	993
44	535
44	974
44	990
45	985
45	994
45	1000
46	755
46	986
46	990
47	257
47	881
47	990
48	934
48	986
48	997
49	157
49	846
49	912
50	691
50	900
50	983
51	823
51	873
51	972
52	974
52	986
52	990
53	633
53	947
53	988
54	642
54	958
54	992
55	645
55	931
55	992
56	426
56	867
56	988
57	907
57	972
57	973
58	193
58	898
58	993
59	904
59	950
59	976
60	981
60	982
60	996
61	584
61	826
61	979
62	334
62	772
62	957
63	941
63	965
63	988
64	790
64	903
64	925
65	991
65	999
65	1000
66	498
66	821
66	989
67	289
67	608
67	987
68	520
68	673
68	960
69	802
69	982
69	987
70	731
70	835
70	997
71	164
71	854
71	924
72	428
72	969
72	989
73	496
73	710
73	989
74	981
74	991
74	996
75	939
75	951
75	957
76	985
76	996
76	1000
77	986
77	990
77	995
78	883
78	921
78	929
79	928
79	932
79	968
80	807
80	951
80	999
81	969
81	987
81	989
82	816
82	980
82	992
83	555
83	900
83	940
84	628
84	901
84	920
85	973
85	980
85	997
86	661
86	967
86	993
87	683
87	905
87	966
88	886
88	995
88	998
89	966
89	971
89	987
90	406
90	948
90	984
91	197
91	641
91	924
92	490
92	993
92	999
93	775
93	976
93	982
94	980
94	986
94	997
95	958
95	973
95	992
96	819
96	933
96	986
97	900
97	949
97	956
98	991
98	998
98	1000
99	954
99	990
99	992
100	822
100	952
100	985
101	106
101	357
101	782
102	909
102	976
102	982
103	714
103	963
103	976
104	192
104	749
104	997
105	621
105	980
105	992
106	101
106	468
106	972
107	964
107	967
107	999
108	547
108	901
108	922
109	923
109	959
109	961
110	402
110	990
110	992
111	762
111	977
111	997
112	41
112	262
112	529
113	271
113	521
113	996
114	968
114	995
114	998
115	731
115	973
115	997
116	674
116	947
116	952
117	237
117	345
117	999
118	883
118	898
118	984
119	152
119	594
119	922
120	37
120	932
120	979
121	986
121	990
121	997
122	864
122	956
122	983
123	811
123	865
123	993
124	994
124	996
124	1000
125	991
125	996
125	1000
126	618
126	849
126	910
127	975
127	994
127	1000
128	872
128	948
128	993
129	885
129	942
129	982
130	586
130	880
130	972
131	378
131	773
131	957
132	928
132	984
132	998
133	344
133	657
133	964
134	816
134	990
134	993
135	314
135	789
135	865
136	389
136	951
136	955
137	700
137	980
137	992
138	559
138	947
138	951
139	805
139	945
139	960
140	856
140	883
140	999
141	37
141	817
141	987
142	685
142	854
142	992
143	913
143	942
143	988
144	916
144	996
144	1000
145	730
145	742
145	831
146	370
146	890
146	915
147	869
147	909
147	998
148	733
148	837
148	983
149	793
149	971
149	981
150	304
150	889
150	938
151	913
151	941
151	947
152	119
152	547
152	942
153	897
153	919
153	935
154	602
154	958
154	992
155	317
155	779
155	936
156	31
156	967
156	993
157	49
157	598
157	997
158	903
158	942
158	988
159	969
159	987
159	989
160	423
160	910
160	974
161	978
161	994
161	995
162	802
162	869
162	976
163	981
163	991
163	1000
164	71
164	335
164	927
165	940
165	947
165	999
166	613
166	798
166	945
167	962
167	977
167	986
168	174
168	858
168	987
169	646
169	964
169	987
170	265
170	995
170	998
171	530
171	891
171	945
172	712
172	828
172	963
173	821
173	899
173	966
174	168
174	675
174	969
175	904
175	963
175	976
176	517
176	775
176	976
177	935
177	964
177	969
178	940
178	984
178	999
179	948
179	993
179	999
180	970
180	978
180	998
181	944
181	993
181	999
182	817
182	957
182	984
183	815
183	940
183	996
184	585
184	613
184	709
185	590
185	769
185	827
186	235
186	911
186	973
187	905
187	937
187	989
188	930
188	968
188	998
189	807
189	883
189	999
190	991
190	996
190	1000
191	924
191	945
191	960
192	104
192	958
192	990
193	58
193	807
193	999
194	359
194	725
194	848
195	707
195	996
195	1000
196	529
196	571
196	827
197	14
197	91
197	911
198	628
198	919
198	989
199	671
199	880
199	914
200	270
200	974
200	980
201	680
201	853
201	930
202	768
202	885
202	941
203	820
203	994
203	996
204	672
204	816
204	914
205	887
205	990
205	997
206	723
206	926
206	983
207	469
207	502
207	965
208	12
208	956
208	983
209	764
209	995
209	998
210	348
210	964
210	999
211	318
211	878
211	983
212	242
212	742
212	999
213	364
213	925
213	954
214	792
214	973
214	997
215	937
215	966
215	989
216	843
216	906
216	983
217	895
217	934
217	973
218	985
218	996
218	1000
219	757
219	881
219	972
220	970
220	995
220	998
221	991
221	996
221	1000
222	395
222	558
222	999
223	694
223	958
223	997
224	436
224	969
224	979
225	818
225	832
225	999
226	793
226	935
226	989
227	846
227	968
227	998
228	395
228	918
228	944
229	850
229	963
229	982
230	970
230	995
230	998
231	604
231	944
231	984
232	555
232	928
232	970
233	911
233	973
233	997
234	728
234	798
234	988
235	186
235	992
235	997
236	880
236	914
236	972
237	117
237	345
237	741
238	511
238	684
238	964
239	913
239	947
239	988
240	945
240	965
240	988
241	855
241	981
241	994
242	212
242	948
242	984
243	891
243	918
243	995
244	367
244	647
244	976
245	523
245	964
245	969
246	599
246	959
246	998
247	981
247	985
247	1000
248	933
248	990
248	992
249	596
249	972
249	995
250	953
250	990
250	1000
251	917
251	986
251	990
252	860
252	984
252	992
253	629
253	901
253	919
254	737
254	987
254	989
255	456
255	939
255	988
256	674
256	752
256	971
257	47
257	296
257	679
258	728
258	977
258	997
259	671
259	881
259	972
260	642
260	954
260	962
261	865
261	954
261	999
262	112
262	971
262	979
263	917
263	992
263	995
264	442
264	755
264	911
265	170
265	942
265	995
266	456
266	960
266	988
267	959
267	970
267	998
268	711
268	716
268	813
269	877
269	944
269	999
270	200
270	991
270	1000
271	113
271	906
271	983
272	462
272	991
272	1000
273	790
273	915
273	951
274	723
274	878
274	983
275	319
275	725
275	893
276	893
276	976
276	982
277	645
277	934
277	997
278	847
278	887
278	949
279	910
279	935
279	989
280	771
280	958
280	986
281	984
281	993
281	999
282	701
282	935
282	987
283	777
283	880
283	972
284	576
284	665
284	984
285	964
285	979
285	987
286	401
286	994
286	1000
287	649
287	993
287	999
288	558
288	803
288	993
289	67
289	979
289	989
290	934
290	962
290	990
291	562
291	629
291	650
292	373
292	944
292	948
293	981
293	991
293	996
294	856
294	967
294	984
295	902
295	904
295	982
296	257
296	880
296	972
297	760
297	937
297	987
298	946
298	998
298	999
299	836
299	965
299	988
300	893
300	950
300	963
301	349
301	984
301	999
302	773
302	913
302	988
303	955
303	968
303	995
304	150
304	799
304	989
305	890
305	941
305	945
306	723
306	956
306	988
307	793
307	899
307	987
308	875
308	935
308	966
309	459
309	681
309	973
310	825
310	956
310	983
311	950
311	991
311	996
312	935
312	964
312	966
313	719
313	895
313	934
314	135
314	656
314	999
315	981
315	994
315	996
316	477
316	679
316	881
316	972
317	155
317	414
317	805
317	927
318	211
318	728
318	939
318	945
319	275
319	519
319	963
319	982
320	653
320	700
320	843
320	983
321	632
321	831
321	940
321	993
322	902
322	904
322	976
322	982
323	682
323	968
323	978
323	998
324	985
324	994
324	996
324	1000
325	772
325	805
325	945
325	960
326	777
326	873
326	907
326	972
327	637
327	692
327	939
327	960
328	770
328	852
328	904
328	976
329	747
329	882
329	904
329	950
330	867
330	915
330	927
330	988
331	863
331	897
331	908
331	983
332	895
332	930
332	986
332	990
333	981
333	991
333	994
333	1000
334	62
334	335
334	773
334	791
335	164
335	334
335	957
335	960
336	901
336	920
336	966
336	971
337	950
337	963
337	976
337	982
338	932
338	959
338	961
338	998
339	761
339	792
339	937
339	979
340	932
340	946
340	978
340	998
341	868
341	947
341	951
341	957
342	888
342	984
342	993
342	999
343	879
343	949
343	974
343	983
344	133
344	937
344	964
344	971
345	117
345	237
345	448
345	993
346	753
346	955
346	995
346	998
347	889
347	937
347	969
347	986
348	210
348	898
348	929
348	993
349	301
349	555
349	959
349	993
350	823
350	881
350	914
350	972
351	493
351	651
351	776
351	940
352	849
352	943
352	977
352	997
353	756
353	903
353	942
353	965
354	417
354	499
354	839
354	972
355	720
355	994
355	996
355	1000
356	859
356	931
356	992
356	995
357	101
357	873
357	907
357	914
358	618
358	832
358	993
358	999
359	194
359	362
359	734
359	950
360	921
360	952
360	994
360	1000
361	852
361	869
361	976
361	982
362	359
362	880
362	976
362	982
363	476
363	497
363	850
363	982
364	213
364	928
364	980
364	986
365	925
365	977
365	986
365	995
366	492
366	865
366	984
366	999
367	244
367	828
367	852
367	982
368	691
368	879
368	897
368	908
369	818
369	918
369	995
369	998
370	146
370	554
370	692
370	988
371	675
371	920
371	979
371	989
372	568
372	580
372	958
372	973
373	292
373	984
373	993
373	999
374	779
374	856
374	885
374	913
375	697
375	800
375	996
375	1000
376	943
376	955
376	961
376	998
377	423
377	895
377	953
377	996
378	131
378	887
378	949
378	956
379	715
379	783
379	810
379	949
380	902
380	950
380	976
380	982
381	931
381	985
381	996
381	1000
382	825
382	949
382	976
382	983
383	415
383	940
383	987
383	999
384	721
384	984
384	993
384	999
385	885
385	947
385	988
385	989
386	728
386	769
386	890
386	939
387	905
387	969
387	979
387	987
388	985
388	991
388	996
388	1000
389	136
389	891
389	927
389	988
390	800
390	952
390	975
390	994
391	985
391	994
391	996
391	1000
392	748
392	935
392	966
392	989
393	789
393	838
393	993
393	999
394	981
394	985
394	991
394	994
395	222
395	228
395	998
395	999
396	823
396	830
396	944
396	972
397	666
397	899
397	979
397	987
398	24
398	443
398	977
398	997
399	981
399	991
399	994
399	1000
400	937
400	968
400	969
400	987
401	286
401	985
401	996
401	1000
402	110
402	763
402	971
402	987
403	566
403	874
403	901
403	987
404	853
404	854
404	931
404	986
405	458
405	752
405	937
405	989
406	90
406	940
406	948
406	999
407	767
407	875
407	979
407	989
408	952
408	985
408	996
408	1000
409	634
409	837
409	896
409	983
410	789
410	815
410	898
410	984
411	916
411	952
411	994
411	1000
412	565
412	968
412	974
412	997
413	432
413	561
413	689
413	953
414	317
414	891
414	942
414	965
415	383
415	831
415	984
415	997
416	793
416	953
416	990
416	992
417	354
417	693
417	880
417	914
418	434
418	958
418	977
418	986
419	975
419	994
419	996
419	1000
420	748
420	782
420	919
420	964
421	955
421	968
421	995
421	998
422	959
422	970
422	978
422	995
423	160
423	377
423	781
423	841
424	847
424	878
424	887
424	983
425	443
425	912
425	990
425	997
426	56
426	533
426	772
426	939
427	728
427	913
427	942
427	951
428	72
428	625
428	838
428	984
429	845
429	916
429	978
429	998
430	502
430	827
430	969
430	971
431	759
431	926
431	955
431	998
432	413
432	744
432	974
432	990
433	8
433	510
433	692
433	901
434	418
434	986
434	992
434	997
435	749
435	924
435	992
435	997
436	224
436	485
436	836
436	922
437	805
437	817
437	913
437	951
438	526
438	763
438	799
438	979
439	796
439	859
439	954
439	986
440	836
440	921
440	929
440	999
441	946
441	961
441	970
441	998
442	264
442	958
442	962
442	990
443	398
443	425
443	635
443	819
444	975
444	991
444	994
444	1000
445	938
445	975
445	985
445	996
446	893
446	950
446	963
446	982
447	768
447	875
447	971
447	987
448	345
448	702
448	995
448	998
449	832
449	872
449	967
449	993
450	792
450	874
450	935
450	964
451	496
451	919
451	987
451	989
452	871
452	961
452	995
452	998
453	768
453	964
453	987
453	989
454	749
454	831
454	856
454	993
455	733
455	834
455	864
455	983
456	255
456	266
456	563
456	945
457	751
457	882
457	963
457	982
458	405
458	526
458	966
458	989
459	309
459	505
459	794
459	961
460	544
460	673
460	903
460	957
461	680
461	990
461	992
461	997
462	272
462	985
462	994
462	1000
463	651
463	877
463	940
463	948
464	601
464	663
464	882
464	982
465	553
465	985
465	991
465	997
466	886
466	926
466	995
466	998
467	492
467	662
467	838
467	898
468	106
468	660
468	830
468	880
469	207
469	483
469	520
469	964
470	593
470	841
470	962
470	997
471	967
471	984
471	993
471	999
472	739
472	783
472	878
472	956
473	549
473	677
473	941
473	965
474	975
474	981
474	991
474	996
475	540
475	875
475	989
475	993
476	363
476	663
476	902
476	976
477	316
477	680
477	693
477	873
477	972
478	560
478	884
478	943
478	995
478	998
479	912
479	962
479	974
479	992
479	997
480	652
480	927
480	947
480	957
480	988
481	574
481	771
481	849
481	973
481	980
482	926
482	946
482	968
482	995
482	998
483	469
483	812
483	936
483	957
483	988
484	954
484	958
484	973
484	977
484	997
485	436
485	631
485	868
485	936
485	945
486	606
486	687
486	881
486	907
486	972
487	7
487	756
487	890
487	951
487	988
488	519
488	869
488	936
488	976
488	982
489	539
489	887
489	908
489	975
489	983
490	92
490	604
490	855
490	888
490	999
491	619
491	767
491	794
491	969
491	979
492	366
492	467
492	921
492	993
492	999
493	351
493	832
493	984
493	993
493	999
494	606
494	679
494	777
494	823
494	830
495	975
495	985
495	991
495	996
495	1000
496	73
496	451
496	867
496	935
496	989
497	363
497	787
497	850
497	963
497	982
498	66
498	562
498	681
498	971
498	989
499	354
499	849
499	880
499	914
499	972
500	674
500	692
500	798
500	942
500	965
501	611
501	820
501	895
501	975
501	991
502	207
502	430
502	659
502	790
502	988
503	760
503	827
503	964
503	979
503	989
504	621
504	818
504	943
504	978
504	995
505	459
505	831
505	899
505	937
505	969
506	925
506	943
506	986
506	990
506	992
507	903
507	927
507	942
507	949
507	988
508	43
508	967
508	984
508	993
508	999
509	541
509	814
509	930
509	958
509	977
510	433
510	590
510	939
510	964
510	987
511	238
511	821
511	824
511	937
511	989
512	926
512	959
512	961
512	970
512	995
513	928
513	959
513	961
513	995
513	998
514	522
514	954
514	986
514	992
514	997
515	918
515	932
515	970
515	995
515	998
516	532
516	742
516	806
516	877
516	883
517	176
517	882
517	950
517	976
517	982
518	985
518	991
518	994
518	996
518	1000
519	319
519	488
519	536
519	725
519	982
520	68
520	469
520	692
520	813
520	965
521	113
521	985
521	991
521	996
521	1000
522	514
522	925
522	961
522	990
522	997
523	245
523	752
523	761
523	964
523	989
524	41
524	975
524	981
524	994
524	996
525	815
525	916
525	991
525	996
525	1000
526	438
526	458
526	629
526	979
526	987
527	32
527	584
527	752
527	768
527	899
528	825
528	845
528	900
528	949
528	983
529	112
529	196
529	748
529	799
529	989
530	171
530	799
530	885
530	915
530	957
531	681
531	745
531	905
531	969
531	987
532	516
532	803
532	872
532	993
532	999
533	426
533	894
533	952
533	994
533	1000
534	695
534	744
534	832
534	967
534	993
535	44
535	937
535	969
535	971
535	989
536	519
536	738
536	950
536	976
536	982
537	825
537	906
537	949
537	956
537	983
538	922
538	936
538	939
538	980
538	988
539	489
539	597
539	715
539	949
539	983
540	475
540	767
540	971
540	979
540	989
541	20
541	509
541	978
541	995
541	998
542	924
542	933
542	934
542	977
542	990
543	25
543	896
543	900
543	956
543	983
544	460
544	611
544	836
544	915
544	945
545	893
545	963
545	976
545	982
545	990
546	736
546	959
546	978
546	995
546	998
547	108
547	152
547	941
547	947
547	988
548	981
548	991
548	994
548	996
548	999
549	473
549	779
549	911
549	960
549	988
550	674
550	927
550	951
550	954
550	988
551	601
551	799
551	971
551	985
551	989
552	970
552	974
552	978
552	995
552	998
553	465
553	844
553	975
553	991
553	1000
554	370
554	779
554	929
554	941
554	988
555	83
555	232
555	349
555	944
555	999
556	975
556	981
556	991
556	994
556	1000
557	558
557	905
557	935
557	966
557	989
558	222
558	288
558	557
558	883
558	993
559	138
559	791
559	805
559	813
559	936
560	478
560	808
560	876
560	986
560	998
561	27
561	413
561	924
561	933
561	993
562	291
562	498
562	637
562	979
562	981
563	456
563	812
563	833
563	939
563	951
564	660
564	753
564	823
564	907
564	972
565	412
565	859
565	895
565	962
565	990
566	403
566	577
566	901
566	971
566	987
567	834
567	879
567	887
567	956
567	983
568	372
568	683
568	977
568	986
568	992
569	660
569	797
569	978
569	995
569	998
570	779
570	891
570	951
570	976
570	988
571	196
571	794
571	869
571	971
571	987
572	36
572	869
572	963
572	970
572	976
573	916
573	986
573	991
573	994
573	996
574	481
574	645
574	771
574	924
574	958
575	927
575	943
575	955
575	961
575	998
576	284
576	741
576	984
576	993
576	999
577	566
577	821
577	899
577	987
577	989
578	912
578	958
578	973
578	986
578	992
579	901
579	981
579	985
579	991
579	1000
580	372
580	928
580	970
580	995
580	998
581	9
581	634
581	691
581	847
581	945
582	959
582	968
582	970
582	995
582	998
583	586
583	782
583	839
583	880
583	907
584	61
584	527
584	901
584	987
584	989
585	184
585	915
585	957
585	960
585	988
586	130
586	583
586	670
586	881
586	920
586	972
587	870
587	917
587	933
587	954
587	962
587	977
588	655
588	758
588	950
588	963
588	982
588	983
589	909
589	952
589	981
589	991
589	996
589	1000
590	185
590	510
590	778
590	937
590	966
590	979
591	732
591	808
591	871
591	926
591	943
591	995
592	753
592	839
592	873
592	880
592	941
592	972
593	470
593	759
593	853
593	861
593	986
593	992
594	119
594	791
594	873
594	951
594	957
594	988
595	931
595	958
595	966
595	986
595	990
595	992
596	249
596	670
596	753
596	757
596	801
596	972
597	539
597	625
597	780
597	921
597	929
597	999
598	157
598	860
598	977
598	986
598	990
598	997
599	246
599	863
599	871
599	968
599	978
599	995
600	611
600	677
600	985
600	991
600	996
600	1000
601	464
601	551
601	786
601	966
601	969
601	971
602	154
602	796
602	884
602	958
602	980
602	997
603	741
603	806
603	860
603	940
603	967
603	993
604	231
604	490
604	814
604	856
604	984
604	999
605	623
605	931
605	953
605	954
605	962
605	974
606	486
606	494
606	839
606	857
606	907
606	972
607	844
607	975
607	981
607	994
607	996
607	999
608	67
608	646
608	675
608	945
608	971
608	979
609	797
609	910
609	926
609	970
609	978
609	998
610	780
610	856
610	929
610	984
610	993
610	999
611	501
611	544
611	600
611	981
611	996
611	1000
612	754
612	939
612	942
612	951
612	965
612	988
613	166
613	184
613	709
613	812
613	890
613	951
614	29
614	948
614	984
614	989
614	993
614	999
615	770
615	934
615	977
615	980
615	986
615	992
616	894
616	975
616	985
616	991
616	994
616	1000
617	694
617	703
617	884
617	932
617	946
617	995
618	126
618	358
618	924
618	977
618	986
618	997
619	11
619	491
619	927
619	935
619	964
619	987
620	768
620	778
620	824
620	905
620	920
620	979
621	105
621	504
621	924
621	930
621	990
621	997
622	818
622	918
622	943
622	959
622	968
622	995
623	605
623	762
623	980
623	990
623	996
623	997
624	829
624	933
624	953
624	979
624	986
624	992
625	428
625	597
625	854
625	860
625	948
625	993
626	833
626	952
626	982
626	991
626	994
626	996
627	861
627	917
627	953
627	958
627	986
627	997
628	84
628	198
628	874
628	948
628	971
628	989
629	253
629	291
629	526
629	827
629	971
629	987
630	727
630	955
630	968
630	978
630	995
630	998
631	485
631	981
631	985
631	991
631	994
631	996
632	321
632	862
632	898
632	948
632	967
632	984
633	53
633	938
633	981
633	985
633	991
633	1000
634	409
634	581
634	858
634	887
634	949
634	980
635	443
635	981
635	985
635	994
635	996
635	1000
636	38
636	883
636	892
636	921
636	948
636	999
637	327
637	562
637	732
637	760
637	794
637	989
638	938
638	975
638	992
638	994
638	996
638	1000
639	957
639	981
639	985
639	994
639	996
639	1000
640	938
640	985
640	991
640	994
640	996
640	1000
641	91
641	796
641	973
641	983
641	990
641	992
642	54
642	260
642	807
642	977
642	980
642	986
643	741
643	796
643	854
643	953
643	954
643	973
644	853
644	938
644	985
644	991
644	996
644	1000
645	55
645	277
645	574
645	698
645	835
645	997
646	169
646	608
646	792
646	889
646	989
646	990
647	244
647	781
647	850
647	882
647	950
647	982
648	923
648	932
648	943
648	955
648	959
648	998
649	287
649	923
649	946
649	968
649	970
649	995
650	291
650	719
650	769
650	826
650	905
650	987
651	351
651	463
651	661
651	832
651	865
651	999
652	480
652	818
652	884
652	959
652	995
652	998
653	320
653	673
653	879
653	896
653	897
653	949
654	913
654	922
654	939
654	947
654	965
654	988
655	588
655	751
655	852
655	902
655	909
655	927
656	1
656	314
656	975
656	985
656	996
656	1000
657	133
657	833
657	938
657	991
657	994
657	1000
658	876
658	886
658	918
658	943
658	995
658	998
659	502
659	709
659	939
659	957
659	965
659	988
660	468
660	564
660	569
660	687
660	907
660	914
661	86
661	651
661	669
661	838
661	895
661	967
662	29
662	467
662	744
662	856
662	980
662	984
663	464
663	476
663	724
663	747
663	852
663	982
664	771
664	819
664	974
664	977
664	992
664	997
665	284
665	780
665	805
665	855
665	948
665	999
666	397
666	752
666	824
666	899
666	946
666	966
667	748
667	760
667	778
667	874
667	920
667	969
668	938
668	975
668	985
668	994
668	996
668	1000
669	38
669	661
669	717
669	940
669	944
669	984
669	999
670	586
670	596
670	693
670	757
670	782
670	972
670	977
671	199
671	259
671	776
671	782
671	873
671	914
671	972
672	204
672	804
672	830
672	839
672	907
672	914
672	972
673	68
673	460
673	653
673	766
673	785
673	951
673	957
674	116
674	256
674	500
674	550
674	813
674	922
674	947
675	174
675	371
675	608
675	920
675	969
675	973
675	989
676	975
676	981
676	985
676	991
676	994
676	996
676	1000
677	473
677	600
677	922
677	936
677	957
677	960
677	965
678	829
678	861
678	895
678	974
678	977
678	986
678	992
679	257
679	316
679	494
679	777
679	880
679	960
679	972
680	201
680	461
680	477
680	912
680	986
680	992
680	997
681	309
681	498
681	531
681	786
681	905
681	987
681	997
682	323
682	709
682	923
682	928
682	978
682	995
682	998
683	87
683	568
683	760
683	778
683	969
683	979
683	987
684	238
684	713
684	732
684	752
684	892
684	969
684	987
685	142
685	721
685	815
685	929
685	984
685	993
685	999
686	747
686	758
686	787
686	828
686	904
686	950
686	982
687	486
687	660
687	753
687	823
687	873
687	881
687	907
688	756
688	773
688	868
688	927
688	945
688	957
688	988
689	413
689	816
689	925
689	954
689	973
689	974
689	997
690	795
690	952
690	975
690	985
690	994
690	996
690	1000
691	50
691	368
691	581
691	720
691	847
691	878
691	887
692	327
692	370
692	433
692	500
692	520
692	927
692	988
693	417
693	477
693	670
693	753
693	777
693	907
693	972
694	223
694	617
694	737
694	876
694	884
694	892
694	932
695	534
695	763
695	838
695	855
695	929
695	967
695	999
696	866
696	890
696	927
696	941
696	951
696	957
696	988
697	375
697	887
697	975
697	985
697	994
697	996
697	1000
698	645
698	886
698	912
698	977
698	986
698	990
698	997
699	708
699	808
699	886
699	978
699	992
699	995
699	998
700	137
700	320
700	715
700	723
700	887
700	956
700	983
701	282
701	938
701	981
701	991
701	994
701	996
701	1000
702	448
702	818
702	911
702	923
702	968
702	995
702	998
703	617
703	872
703	929
703	948
703	984
703	993
703	999
704	953
704	958
704	962
704	974
704	980
704	986
704	997
705	877
705	946
705	961
705	968
705	970
705	995
705	998
706	924
706	925
706	953
706	954
706	968
706	973
706	974
707	195
707	870
707	981
707	985
707	991
707	994
707	1000
708	699
708	737
708	955
708	970
708	978
708	995
708	998
709	39
709	184
709	613
709	659
709	682
709	947
709	988
710	73
710	890
710	899
710	901
710	964
710	979
710	987
711	268
711	812
711	868
711	891
711	913
711	936
711	941
712	172
712	837
712	869
712	902
712	950
712	963
712	976
713	684
713	732
713	799
713	821
713	874
713	901
713	987
714	103
714	770
714	893
714	902
714	909
714	950
714	982
715	379
715	539
715	700
715	834
715	863
715	900
715	983
716	268
716	772
716	777
716	903
716	939
716	942
716	965
716	988
717	669
717	721
717	774
717	921
717	948
717	967
717	984
717	999
718	742
718	744
718	807
718	877
718	944
718	948
718	993
718	999
719	313
719	650
719	814
719	962
719	974
719	980
719	992
719	997
720	21
720	355
720	691
720	938
720	975
720	981
720	996
720	1000
721	384
721	685
721	717
721	840
721	944
721	948
721	961
721	984
722	857
722	862
722	916
722	981
722	985
722	991
722	994
722	996
723	206
723	274
723	306
723	700
723	906
723	908
723	956
723	983
724	663
724	788
724	981
724	985
724	991
724	994
724	996
724	1000
725	194
725	275
725	519
725	848
725	963
725	976
725	982
725	995
726	893
726	952
726	975
726	981
726	985
726	991
726	994
726	996
727	630
727	871
727	928
727	943
727	946
727	968
727	978
727	995
728	234
728	258
728	318
728	386
728	427
728	813
728	936
728	942
729	814
729	849
729	853
729	865
729	954
729	973
729	980
729	992
730	145
730	856
730	888
730	929
730	948
730	974
730	993
730	999
731	70
731	115
731	884
731	931
731	980
731	986
731	990
731	992
732	591
732	637
732	684
732	713
732	935
732	966
732	969
732	987
733	12
733	148
733	455
733	878
733	906
733	949
733	983
733	1000
734	359
734	869
734	893
734	949
734	950
734	963
734	976
734	982
735	844
735	975
735	981
735	985
735	991
735	994
735	996
735	1000
736	546
736	747
736	770
736	787
736	902
736	904
736	976
736	982
737	254
737	694
737	708
737	759
737	943
737	961
737	970
737	995
738	536
738	787
738	869
738	902
738	909
738	950
738	982
738	994
739	472
739	834
739	842
739	858
739	864
739	956
739	983
739	985
740	833
740	889
740	894
740	975
740	985
740	991
740	994
740	1000
741	237
741	576
741	603
741	643
741	811
741	940
741	984
741	999
742	145
742	212
742	516
742	718
742	815
742	967
742	993
742	999
743	876
743	884
743	923
743	929
743	955
743	968
743	995
743	998
744	432
744	534
744	662
744	718
744	806
744	888
744	948
744	999
745	531
745	870
745	916
745	952
745	975
745	994
745	996
745	1000
746	952
746	975
746	981
746	985
746	987
746	991
746	994
746	1000
747	329
747	663
747	686
747	736
747	893
747	946
747	950
747	963
747	976
748	392
748	420
748	529
748	667
748	889
748	915
748	971
748	979
748	987
749	104
749	435
749	454
749	910
749	974
749	980
749	990
749	992
749	997
750	835
750	841
750	930
750	953
750	978
750	980
750	986
750	990
750	997
751	457
751	655
751	770
751	848
751	882
751	904
751	976
751	982
751	985
752	256
752	405
752	523
752	527
752	666
752	684
752	786
752	937
752	989
753	346
753	564
753	592
753	596
753	687
753	693
753	801
753	823
753	972
754	612
754	786
754	821
754	920
754	937
754	964
754	979
754	987
754	989
755	19
755	46
755	264
755	911
755	973
755	980
755	992
755	996
755	997
756	353
756	487
756	688
756	787
756	922
756	927
756	945
756	957
756	960
757	219
757	596
757	670
757	777
757	818
757	839
757	881
757	907
757	914
758	588
758	686
758	775
758	787
758	904
758	950
758	963
758	971
758	982
759	431
759	593
759	737
759	928
759	946
759	959
759	961
759	978
759	998
760	297
760	503
760	637
760	667
760	683
760	905
760	979
760	987
760	989
761	339
761	523
761	826
761	899
761	905
761	937
761	962
761	964
761	979
762	111
762	623
762	958
762	973
762	977
762	990
762	992
762	993
762	997
763	402
763	438
763	695
763	769
763	793
763	824
763	899
763	964
763	987
764	209
764	809
764	871
764	892
764	926
764	944
764	961
764	995
764	998
765	835
765	913
765	917
765	962
765	973
765	974
765	977
765	980
765	997
766	673
766	798
766	836
766	905
766	936
766	939
766	960
766	965
766	988
767	407
767	491
767	540
767	874
767	889
767	919
767	971
767	987
767	989
768	8
768	202
768	447
768	453
768	527
768	620
768	794
768	799
768	979
769	26
769	185
769	386
769	650
769	763
769	875
769	969
769	987
769	989
770	328
770	615
770	714
770	736
770	751
770	850
770	893
770	950
770	976
771	280
771	481
771	574
771	664
771	811
771	912
771	931
771	934
771	973
771	986
772	62
772	325
772	426
772	716
772	808
772	813
772	866
772	868
772	922
772	988
773	131
773	302
773	334
773	688
773	890
773	936
773	941
773	947
773	963
773	988
774	717
774	846
774	884
774	926
774	943
774	959
774	970
774	978
774	995
774	998
775	36
775	93
775	176
775	758
775	802
775	852
775	860
775	869
775	904
775	976
776	351
776	671
776	811
776	840
776	860
776	921
776	929
776	984
776	993
776	999
777	283
777	326
777	494
777	679
777	693
777	716
777	757
777	801
777	914
777	972
778	25
778	590
778	620
778	667
778	683
778	824
778	969
778	971
778	972
778	987
779	155
779	374
779	549
779	554
779	570
779	868
779	903
779	945
779	956
779	957
780	597
780	610
780	665
780	811
780	865
780	877
780	944
780	965
780	984
780	993
781	423
781	647
781	835
781	910
781	931
781	962
781	977
781	980
781	990
781	992
782	101
782	420
782	583
782	670
782	671
782	801
782	839
782	873
782	907
782	972
783	379
783	472
783	804
783	858
783	864
783	879
783	887
783	896
783	983
783	999
784	870
784	894
784	908
784	938
784	952
784	975
784	991
784	994
784	996
784	1000
785	26
785	673
785	885
785	891
785	915
785	922
785	941
785	942
785	945
785	965
786	601
786	681
786	752
786	754
786	824
786	826
786	827
786	889
786	966
786	990
787	497
787	686
787	736
787	738
787	756
787	758
787	902
787	950
787	976
787	982
788	724
788	812
788	916
788	952
788	975
788	981
788	991
788	994
788	996
788	1000
789	135
789	393
789	410
789	832
789	877
789	914
789	940
789	967
789	984
789	999
790	64
790	273
790	502
790	871
790	891
790	915
790	945
790	947
790	960
790	988
791	334
791	559
791	594
791	812
791	836
791	867
791	915
791	941
791	960
791	1000
792	214
792	339
792	450
792	646
792	793
792	919
792	935
792	964
792	966
792	989
793	149
793	226
793	307
793	416
793	763
793	792
793	799
793	875
793	966
793	989
794	459
794	491
794	571
794	637
794	768
794	875
794	889
794	936
794	979
794	987
795	690
795	857
795	870
795	875
795	938
795	975
795	981
795	994
795	996
795	1000
796	8
796	439
796	602
796	641
796	643
796	895
796	953
796	977
796	990
796	997
797	569
797	609
797	834
797	884
797	926
797	946
797	961
797	978
797	995
797	998
798	166
798	234
798	500
798	766
798	802
798	890
798	903
798	915
798	936
798	951
798	988
799	304
799	438
799	529
799	530
799	551
799	713
799	768
799	793
799	966
799	987
799	989
800	375
800	390
800	868
800	894
800	952
800	981
800	985
800	991
800	994
800	996
800	1000
801	596
801	753
801	777
801	782
801	830
801	873
801	880
801	881
801	914
801	945
801	972
802	69
802	162
802	775
802	798
802	826
802	828
802	850
802	902
802	909
802	963
802	976
803	288
803	532
803	811
803	860
803	898
803	921
803	944
803	948
803	978
803	993
803	999
804	672
804	783
804	834
804	842
804	843
804	863
804	900
804	906
804	908
804	949
804	983
805	139
805	317
805	325
805	437
805	559
805	665
805	903
805	939
805	947
805	951
805	960
806	516
806	603
806	744
806	862
806	888
806	898
806	948
806	960
806	967
806	993
806	999
807	80
807	189
807	193
807	642
807	718
807	865
807	872
807	944
807	967
807	989
807	999
808	560
808	591
808	699
808	772
808	892
808	918
808	923
808	943
808	946
808	961
808	978
809	764
809	923
809	928
809	931
809	946
809	955
809	959
809	970
809	978
809	995
809	998
810	379
810	841
810	843
810	858
810	863
810	864
810	878
810	896
810	897
810	956
810	983
811	123
811	741
811	771
811	776
811	780
811	803
811	855
811	883
811	967
811	984
811	993
812	483
812	563
812	613
812	711
812	788
812	791
812	836
812	890
812	945
812	947
812	988
813	15
813	268
813	520
813	559
813	674
813	728
813	772
813	915
813	936
813	945
813	988
814	509
814	604
814	719
814	729
814	835
814	912
814	930
814	931
814	953
814	962
814	990
815	183
815	410
815	525
815	685
815	742
815	856
815	940
815	944
815	948
815	984
815	993
815	999
816	82
816	134
816	204
816	689
816	933
816	962
816	973
816	980
816	986
816	990
816	992
816	997
817	141
817	182
817	437
817	866
817	868
817	891
817	941
817	945
817	947
817	957
817	960
817	988
818	225
818	369
818	504
818	622
818	652
818	702
818	757
818	871
818	928
818	959
818	978
818	995
819	96
819	443
819	664
819	917
819	930
819	934
819	954
819	969
819	974
819	990
819	992
819	997
820	203
820	501
820	894
820	938
820	952
820	975
820	981
820	985
820	991
820	994
820	997
820	1000
821	66
821	173
821	511
821	577
821	713
821	754
821	920
821	935
821	953
821	966
821	971
821	987
822	100
822	839
822	857
822	938
822	952
822	975
822	981
822	985
822	991
822	994
822	996
822	1000
823	51
823	350
823	396
823	494
823	564
823	687
823	753
823	873
823	881
823	914
823	972
823	992
824	511
824	620
824	666
824	763
824	778
824	786
824	920
824	971
824	972
824	979
824	987
824	989
825	310
825	382
825	528
825	537
825	847
825	896
825	897
825	900
825	906
825	908
825	971
825	983
826	61
826	650
826	761
826	786
826	802
826	889
826	905
826	919
826	969
826	971
826	979
826	989
827	11
827	185
827	196
827	430
827	503
827	629
827	786
827	919
827	920
827	937
827	941
827	971
828	172
828	367
828	686
828	802
828	848
828	893
828	909
828	950
828	963
828	965
828	976
828	982
829	624
829	678
829	832
829	931
829	933
829	934
829	958
829	962
829	980
829	986
829	990
829	992
830	18
830	396
830	468
830	494
830	672
830	801
830	839
830	873
830	880
830	881
830	958
830	972
831	145
831	321
831	415
831	454
831	505
831	860
831	862
831	944
831	948
831	967
831	984
831	993
831	999
832	225
832	358
832	449
832	493
832	534
832	651
832	789
832	829
832	838
832	865
832	877
832	984
832	993
833	563
833	626
833	657
833	740
833	857
833	938
833	952
833	975
833	981
833	985
833	991
833	994
833	1000
834	455
834	567
834	715
834	739
834	797
834	804
834	843
834	878
834	897
834	900
834	908
834	956
834	983
835	70
835	645
835	750
835	765
835	781
835	814
835	849
835	861
835	865
835	962
835	974
835	990
835	992
836	299
836	436
836	440
836	544
836	766
836	791
836	812
836	866
836	890
836	936
836	945
836	951
836	960
837	148
837	409
837	712
837	858
837	863
837	879
837	896
837	897
837	908
837	949
837	956
837	983
837	998
838	393
838	428
838	467
838	661
838	695
838	832
838	872
838	921
838	955
838	967
838	984
838	993
838	999
839	354
839	583
839	592
839	606
839	672
839	757
839	782
839	822
839	830
839	873
839	880
839	907
839	914
840	721
840	776
840	850
840	855
840	872
840	888
840	944
840	948
840	967
840	970
840	984
840	993
840	999
841	423
841	470
841	750
841	810
841	910
841	924
841	934
841	954
841	962
841	973
841	974
841	990
841	997
842	739
842	804
842	843
842	845
842	878
842	879
842	881
842	887
842	897
842	908
842	949
842	956
842	983
843	216
843	320
843	804
843	810
843	834
843	842
843	858
843	878
843	882
843	908
843	949
843	956
843	983
844	553
844	607
844	735
844	847
844	857
844	938
844	975
844	981
844	985
844	991
844	994
844	996
844	1000
845	429
845	528
845	842
845	846
845	923
845	946
845	955
845	959
845	961
845	968
845	978
845	995
845	998
846	49
846	227
846	774
846	845
846	848
846	851
846	876
846	886
846	892
846	946
846	970
846	995
846	998
847	278
847	424
847	581
847	691
847	825
847	844
847	863
847	864
847	896
847	906
847	949
847	956
847	983
848	194
848	725
848	751
848	828
848	846
848	850
848	852
848	882
848	893
848	909
848	950
848	963
848	982
849	126
849	352
849	481
849	499
849	729
849	835
849	933
849	953
849	980
849	986
849	990
849	992
849	997
850	229
850	363
850	497
850	647
850	770
850	802
850	840
850	848
850	893
850	902
850	909
850	963
850	976
850	982
851	846
851	876
851	877
851	892
851	918
851	926
851	928
851	933
851	946
851	959
851	968
851	978
851	995
851	998
852	328
852	361
852	367
852	655
852	663
852	775
852	848
852	882
852	909
852	950
852	963
852	976
852	982
852	983
853	40
853	201
853	404
853	593
853	644
853	729
853	931
853	933
853	973
853	974
853	980
853	986
853	990
853	997
854	71
854	142
854	404
854	625
854	643
854	910
854	911
854	930
854	934
854	974
854	980
854	990
854	992
854	997
855	43
855	241
855	490
855	665
855	695
855	811
855	840
855	872
855	898
855	929
855	940
855	950
855	993
855	999
856	140
856	294
856	374
856	454
856	604
856	610
856	662
856	730
856	815
856	888
856	929
856	948
856	984
856	993
857	606
857	722
857	795
857	822
857	833
857	844
857	894
857	916
857	952
857	975
857	985
857	994
857	996
857	1000
858	3
858	168
858	634
858	739
858	783
858	810
858	837
858	843
858	864
858	897
858	906
858	908
858	956
858	983
859	356
859	439
859	565
859	895
859	917
859	931
859	933
859	954
859	973
859	974
859	980
859	986
859	988
859	992
860	252
860	598
860	603
860	625
860	775
860	776
860	803
860	831
860	888
860	929
860	944
860	967
860	993
860	999
861	593
861	627
861	678
861	835
861	917
861	925
861	930
861	954
861	969
861	974
861	977
861	986
861	990
861	992
861	997
862	632
862	722
862	806
862	831
862	877
862	885
862	898
862	921
862	929
862	940
862	944
862	967
862	984
862	993
862	999
863	331
863	599
863	715
863	804
863	810
863	837
863	847
863	879
863	887
863	896
863	897
863	900
863	906
863	949
863	983
864	28
864	122
864	455
864	739
864	783
864	810
864	847
864	858
864	879
864	897
864	908
864	918
864	949
864	956
864	983
865	123
865	135
865	261
865	366
865	651
865	729
865	780
865	807
865	832
865	835
865	888
865	921
865	984
865	993
865	999
866	39
866	696
866	772
866	817
866	836
866	867
866	885
866	941
866	942
866	947
866	957
866	965
866	971
866	972
866	988
867	56
867	330
867	496
867	791
867	866
867	891
867	903
867	936
867	939
867	942
867	947
867	956
867	957
867	960
867	988
868	341
868	485
868	688
868	711
868	772
868	779
868	800
868	817
868	927
868	941
868	945
868	948
868	960
868	965
868	988
869	147
869	162
869	361
869	488
869	571
869	572
869	712
869	734
869	738
869	775
869	904
869	909
869	963
869	976
869	982
869	992
870	587
870	707
870	745
870	784
870	795
870	894
870	916
870	924
870	938
870	975
870	981
870	985
870	991
870	994
870	996
870	1000
871	452
871	591
871	599
871	727
871	764
871	790
871	818
871	943
871	955
871	959
871	961
871	968
871	970
871	978
871	995
871	998
872	128
872	449
872	532
872	703
872	807
872	838
872	840
872	855
872	877
872	883
872	921
872	960
872	984
872	993
872	995
872	999
873	51
873	326
873	357
873	477
873	592
873	594
873	671
873	687
873	782
873	801
873	823
873	830
873	839
873	907
873	914
873	972
874	403
874	450
874	628
874	667
874	713
874	767
874	875
874	898
874	901
874	919
874	935
874	966
874	969
874	979
874	987
874	989
875	308
875	407
875	447
875	475
875	769
875	793
875	794
875	795
875	874
875	919
875	920
875	971
875	974
875	979
875	987
875	989
876	560
876	658
876	694
876	743
876	846
876	851
876	918
876	923
876	955
876	959
876	961
876	970
876	978
876	995
876	998
876	1000
877	269
877	463
877	516
877	705
877	718
877	780
877	789
877	832
877	851
877	862
877	872
877	921
877	967
877	984
877	993
877	999
878	211
878	274
878	424
878	472
878	691
878	733
878	810
878	834
878	842
878	843
878	896
878	900
878	905
878	933
878	956
878	983
879	343
879	368
879	567
879	653
879	783
879	837
879	842
879	863
879	864
879	896
879	897
879	906
879	908
879	932
879	949
879	983
880	130
880	199
880	236
880	283
880	296
880	362
880	417
880	468
880	499
880	583
880	592
880	679
880	801
880	830
880	839
880	907
880	914
881	47
881	219
881	259
881	316
881	350
881	486
881	586
881	687
881	757
881	801
881	823
881	830
881	842
881	907
881	914
881	970
881	972
882	329
882	457
882	464
882	517
882	647
882	751
882	843
882	848
882	852
882	902
882	904
882	909
882	950
882	952
882	963
882	976
882	982
883	78
883	118
883	140
883	189
883	516
883	558
883	636
883	811
883	872
883	888
883	898
883	923
883	940
883	944
883	967
883	984
883	993
884	478
884	602
884	617
884	652
884	694
884	731
884	743
884	774
884	797
884	918
884	923
884	926
884	932
884	946
884	978
884	995
884	998
885	129
885	202
885	374
885	385
885	530
885	785
885	862
885	866
885	903
885	937
885	941
885	945
885	947
885	951
885	960
885	965
885	988
886	13
886	88
886	466
886	658
886	698
886	699
886	846
886	892
886	916
886	918
886	932
886	955
886	968
886	970
886	978
886	995
886	998
887	205
887	278
887	378
887	424
887	489
887	567
887	634
887	691
887	697
887	700
887	783
887	842
887	863
887	896
887	908
887	949
887	983
888	20
888	342
888	490
888	730
888	744
888	806
888	840
888	856
888	860
888	865
888	883
888	898
888	921
888	929
888	944
888	951
888	967
888	993
889	150
889	347
889	646
889	740
889	748
889	767
889	786
889	794
889	826
889	901
889	916
889	920
889	935
889	937
889	966
889	971
889	987
889	989
890	146
890	305
890	386
890	487
890	613
890	696
890	710
890	773
890	798
890	812
890	836
890	891
890	913
890	920
890	939
890	941
890	965
890	988
891	171
891	243
891	389
891	414
891	570
891	711
891	785
891	790
891	817
891	867
891	890
891	903
891	913
891	936
891	941
891	942
891	977
891	988
892	636
892	684
892	694
892	764
892	808
892	846
892	851
892	886
892	923
892	932
892	943
892	946
892	959
892	961
892	968
892	970
892	995
892	998
893	35
893	275
893	276
893	300
893	446
893	545
893	714
893	726
893	734
893	747
893	770
893	828
893	848
893	850
893	904
893	954
893	963
893	982
894	533
894	616
894	740
894	784
894	800
894	820
894	857
894	870
894	916
894	946
894	952
894	958
894	981
894	985
894	991
894	994
894	996
894	1000
895	30
895	217
895	313
895	332
895	377
895	501
895	565
895	661
895	678
895	796
895	859
895	910
895	924
895	925
895	953
895	954
895	973
895	990
895	997
896	409
896	543
896	653
896	783
896	810
896	825
896	837
896	847
896	863
896	878
896	879
896	887
896	900
896	906
896	949
896	956
896	983
896	985
896	994
897	153
897	331
897	368
897	653
897	810
897	825
897	834
897	837
897	842
897	858
897	863
897	864
897	879
897	900
897	906
897	949
897	956
897	983
897	986
898	58
898	118
898	348
898	410
898	467
898	632
898	803
898	806
898	855
898	862
898	874
898	883
898	888
898	929
898	940
898	944
898	993
898	997
898	999
899	173
899	307
899	397
899	505
899	527
899	577
899	666
899	710
899	761
899	763
899	905
899	915
899	919
899	937
899	964
899	966
899	979
899	982
899	989
900	50
900	83
900	97
900	528
900	543
900	715
900	804
900	825
900	834
900	863
900	878
900	896
900	897
900	906
900	908
900	949
900	956
900	983
900	987
901	84
901	108
901	253
901	336
901	403
901	433
901	566
901	579
901	584
901	710
901	713
901	874
901	889
901	964
901	966
901	971
901	979
901	987
901	989
902	295
902	322
902	380
902	476
902	655
902	712
902	714
902	736
902	738
902	787
902	802
902	850
902	882
902	909
902	950
902	967
902	976
902	982
902	995
903	64
903	158
903	353
903	460
903	507
903	716
903	779
903	798
903	805
903	867
903	885
903	891
903	922
903	938
903	942
903	947
903	957
903	965
903	988
903	991
904	59
904	175
904	295
904	322
904	328
904	329
904	686
904	736
904	751
904	758
904	775
904	869
904	882
904	893
904	909
904	963
904	975
904	976
904	979
904	982
905	87
905	187
905	387
905	531
905	557
905	620
905	650
905	681
905	760
905	761
905	766
905	826
905	878
905	899
905	919
905	964
905	969
905	979
905	987
905	989
906	216
906	271
906	537
906	723
906	733
906	804
906	825
906	847
906	858
906	863
906	879
906	896
906	897
906	900
906	908
906	919
906	949
906	956
906	983
906	996
907	57
907	326
907	357
907	486
907	564
907	583
907	606
907	660
907	672
907	687
907	693
907	757
907	782
907	839
907	873
907	880
907	881
907	908
907	923
907	972
908	331
908	368
908	489
908	723
908	784
908	804
908	825
908	834
908	837
908	842
908	843
908	858
908	864
908	879
908	887
908	900
908	906
908	907
908	949
908	956
908	983
909	42
909	102
909	147
909	589
909	655
909	714
909	738
909	802
909	828
909	848
909	850
909	852
909	869
909	882
909	902
909	904
909	950
909	963
909	976
909	982
909	986
910	126
910	160
910	279
910	609
910	749
910	781
910	841
910	854
910	895
910	911
910	925
910	933
910	953
910	954
910	958
910	973
910	974
910	980
910	990
910	992
910	997
911	186
911	197
911	233
911	264
911	549
911	702
911	755
911	854
911	910
911	912
911	917
911	924
911	931
911	953
911	958
911	974
911	980
911	986
911	990
911	992
911	997
912	49
912	425
912	479
912	578
912	680
912	698
912	771
912	814
912	911
912	925
912	931
912	933
912	934
912	974
912	979
912	980
912	981
912	986
912	990
912	992
912	997
913	143
913	151
913	239
913	302
913	374
913	427
913	437
913	654
913	711
913	765
913	890
913	891
913	922
913	934
913	939
913	941
913	942
913	943
913	951
913	960
913	965
914	199
914	204
914	236
914	350
914	357
914	417
914	499
914	660
914	671
914	672
914	757
914	777
914	789
914	801
914	823
914	839
914	873
914	880
914	881
914	957
914	972
915	146
915	273
915	330
915	530
915	544
915	585
915	748
915	785
915	790
915	791
915	798
915	813
915	899
915	922
915	936
915	941
915	942
915	945
915	951
915	965
915	988
916	144
916	411
916	429
916	525
916	573
916	722
916	745
916	788
916	857
916	870
916	886
916	889
916	894
916	938
916	952
916	975
916	981
916	985
916	991
916	994
916	996
916	1000
917	27
917	251
917	263
917	587
917	627
917	765
917	819
917	859
917	861
917	911
917	924
917	930
917	958
917	962
917	966
917	967
917	973
917	974
917	977
917	990
917	992
917	997
918	228
918	243
918	369
918	515
918	622
918	658
918	808
918	851
918	864
918	876
918	884
918	886
918	928
918	932
918	943
918	955
918	959
918	961
918	970
918	978
918	995
918	998
919	153
919	198
919	253
919	420
919	451
919	767
919	792
919	826
919	827
919	874
919	875
919	899
919	905
919	906
919	920
919	964
919	966
919	969
919	974
919	979
919	987
919	989
920	84
920	336
920	371
920	586
920	620
920	667
920	675
920	754
920	821
920	824
920	827
920	875
920	889
920	890
920	919
920	935
920	937
920	964
920	966
920	969
920	971
920	987
920	989
921	39
921	78
921	360
921	440
921	492
921	597
921	636
921	717
921	776
921	803
921	838
921	862
921	865
921	872
921	877
921	888
921	929
921	940
921	941
921	944
921	984
921	993
921	999
922	108
922	119
922	436
922	538
922	654
922	674
922	677
922	756
922	772
922	785
922	903
922	913
922	915
922	927
922	936
922	937
922	939
922	942
922	947
922	957
922	960
922	965
922	977
922	988
923	109
923	648
923	649
923	682
923	702
923	743
923	808
923	809
923	845
923	876
923	883
923	884
923	892
923	907
923	928
923	943
923	946
923	955
923	968
923	970
923	978
923	991
923	995
923	998
924	71
924	91
924	191
924	435
924	542
924	561
924	574
924	618
924	621
924	706
924	841
924	870
924	895
924	911
924	917
924	934
924	953
924	973
924	977
924	980
924	981
924	986
924	990
924	992
924	997
925	19
925	64
925	213
925	365
925	506
925	522
925	689
925	706
925	861
925	895
925	910
925	912
925	953
925	954
925	958
925	962
925	973
925	974
925	977
925	979
925	980
925	986
925	990
925	992
925	998
926	206
926	431
926	466
926	482
926	512
926	591
926	609
926	764
926	774
926	797
926	851
926	884
926	928
926	932
926	934
926	943
926	946
926	955
926	959
926	961
926	968
926	970
926	978
926	995
926	998
927	164
927	317
927	330
927	389
927	480
927	507
927	550
927	575
927	619
927	655
927	688
927	692
927	696
927	756
927	868
927	922
927	936
927	939
927	941
927	942
927	947
927	951
927	957
927	960
927	965
928	79
928	132
928	232
928	364
928	513
928	580
928	682
928	727
928	759
928	809
928	818
928	851
928	918
928	923
928	926
928	932
928	943
928	955
928	959
928	961
928	968
928	970
928	978
928	995
928	998
928	1000
929	78
929	348
929	440
929	554
929	597
929	610
929	685
929	695
929	703
929	730
929	743
929	776
929	855
929	856
929	860
929	862
929	888
929	898
929	921
929	940
929	944
929	967
929	983
929	984
929	993
929	999
930	18
930	19
930	188
930	201
930	332
930	509
930	621
930	750
930	814
930	819
930	854
930	861
930	917
930	933
930	934
930	954
930	962
930	973
930	974
930	977
930	980
930	984
930	986
930	990
930	992
930	997
931	40
931	55
931	356
931	381
931	404
931	595
931	605
931	731
931	771
931	781
931	809
931	814
931	829
931	853
931	859
931	911
931	912
931	934
931	954
931	958
931	973
931	974
931	977
931	980
931	986
931	992
932	5
932	79
932	120
932	338
932	340
932	515
932	617
932	648
932	694
932	879
932	884
932	886
932	892
932	918
932	926
932	928
932	943
932	944
932	946
932	955
932	961
932	968
932	970
932	978
932	995
932	998
933	96
933	248
933	542
933	561
933	587
933	624
933	816
933	829
933	849
933	851
933	853
933	859
933	878
933	910
933	912
933	930
933	934
933	953
933	954
933	974
933	977
933	980
933	986
933	990
933	992
933	997
934	48
934	217
934	277
934	290
934	313
934	542
934	615
934	771
934	819
934	829
934	841
934	854
934	912
934	913
934	924
934	926
934	930
934	931
934	933
934	962
934	977
934	980
934	986
934	990
934	992
934	994
934	997
935	37
935	153
935	177
935	226
935	279
935	282
935	308
935	312
935	392
935	450
935	496
935	557
935	619
935	732
935	792
935	821
935	874
935	889
935	920
935	964
935	969
935	971
935	979
935	987
935	989
935	998
935	1000
936	155
936	483
936	485
936	488
936	538
936	559
936	677
936	711
936	728
936	766
936	773
936	794
936	798
936	813
936	836
936	867
936	891
936	915
936	922
936	927
936	941
936	945
936	947
936	957
936	960
936	965
936	988
937	187
937	215
937	297
937	339
937	344
937	347
937	400
937	405
937	505
937	511
937	535
937	590
937	752
937	754
937	761
937	827
937	885
937	889
937	899
937	920
937	922
937	964
937	966
937	971
937	979
937	987
937	989
938	150
938	445
938	633
938	638
938	640
938	644
938	657
938	668
938	701
938	720
938	784
938	795
938	820
938	822
938	833
938	844
938	870
938	903
938	916
938	975
938	981
938	985
938	991
938	992
938	994
938	996
938	1000
939	23
939	75
939	255
939	318
939	327
939	386
939	426
939	510
939	538
939	563
939	612
939	654
939	659
939	716
939	766
939	805
939	867
939	890
939	913
939	922
939	927
939	940
939	942
939	957
939	960
939	965
939	988
939	990
940	38
940	83
940	165
940	178
940	183
940	321
940	351
940	383
940	406
940	463
940	603
940	669
940	741
940	789
940	815
940	855
940	862
940	883
940	898
940	921
940	929
940	939
940	942
940	944
940	984
940	991
940	993
940	999
941	63
941	151
941	202
941	305
941	473
941	547
941	554
941	592
941	696
941	711
941	773
941	785
941	791
941	817
941	827
941	866
941	868
941	885
941	890
941	891
941	913
941	915
941	921
941	927
941	936
941	947
941	951
941	988
942	129
942	143
942	152
942	158
942	265
942	353
942	414
942	427
942	500
942	507
942	612
942	716
942	728
942	785
942	866
942	867
942	891
942	903
942	913
942	915
942	922
942	927
942	939
942	940
942	945
942	957
942	962
942	965
942	988
943	352
943	376
943	478
943	504
943	506
943	575
943	591
943	622
943	648
943	658
943	727
943	737
943	774
943	808
943	871
943	892
943	913
943	918
943	923
943	926
943	928
943	932
943	946
943	955
943	961
943	970
943	978
943	995
943	998
944	10
944	181
944	228
944	231
944	269
944	292
944	396
944	555
944	669
944	718
944	721
944	764
944	780
944	803
944	807
944	815
944	831
944	840
944	860
944	862
944	883
944	888
944	898
944	921
944	929
944	932
944	940
944	948
944	967
944	999
945	139
945	166
945	171
945	191
945	240
945	305
945	318
945	325
945	456
945	485
945	544
945	581
945	608
945	688
945	756
945	779
945	785
945	790
945	801
945	812
945	813
945	817
945	836
945	868
945	885
945	915
945	936
945	942
945	960
945	965
945	988
946	298
946	340
946	441
946	482
946	617
946	649
946	666
946	705
946	727
946	747
946	759
946	797
946	808
946	809
946	845
946	846
946	851
946	884
946	892
946	894
946	923
946	926
946	932
946	943
946	955
946	959
946	961
946	970
946	978
946	995
946	998
947	53
947	116
947	138
947	151
947	165
947	239
947	341
947	385
947	480
947	547
947	654
947	674
947	709
947	773
947	790
947	805
947	812
947	817
947	866
947	867
947	885
947	903
947	922
947	927
947	936
947	941
947	951
947	960
947	965
947	969
947	993
948	90
948	128
948	179
948	242
948	292
948	406
948	463
948	614
948	625
948	628
948	632
948	636
948	665
948	703
948	717
948	718
948	721
948	730
948	744
948	803
948	806
948	815
948	831
948	840
948	856
948	868
948	944
948	967
948	978
948	984
948	993
948	999
949	3
949	97
949	278
949	343
949	378
949	379
949	382
949	507
949	528
949	537
949	539
949	634
949	653
949	733
949	734
949	804
949	837
949	842
949	843
949	847
949	863
949	864
949	879
949	887
949	896
949	897
949	900
949	906
949	908
949	956
949	983
949	989
950	35
950	59
950	300
950	311
950	329
950	337
950	359
950	380
950	446
950	517
950	536
950	588
950	647
950	686
950	712
950	714
950	734
950	738
950	747
950	758
950	770
950	787
950	828
950	848
950	852
950	855
950	882
950	902
950	909
950	971
950	976
950	982
951	7
951	75
951	80
951	136
951	138
951	273
951	341
951	427
951	437
951	487
951	550
951	563
951	570
951	594
951	612
951	613
951	673
951	696
951	798
951	805
951	836
951	885
951	888
951	913
951	915
951	927
951	941
951	947
951	957
951	965
951	973
951	988
952	100
952	116
952	360
952	390
952	408
952	411
952	533
952	589
952	626
952	690
952	726
952	745
952	746
952	784
952	788
952	800
952	820
952	822
952	833
952	857
952	882
952	894
952	916
952	960
952	975
952	979
952	981
952	985
952	991
952	994
952	996
952	1000
953	250
953	377
953	413
953	416
953	605
953	624
953	627
953	643
953	704
953	706
953	750
953	796
953	814
953	821
953	849
953	895
953	910
953	911
953	924
953	925
953	933
953	954
953	962
953	973
953	974
953	976
953	977
953	978
953	980
953	986
953	990
953	992
953	997
954	40
954	99
954	213
954	260
954	261
954	439
954	484
954	514
954	550
954	587
954	605
954	643
954	689
954	706
954	729
954	819
954	841
954	859
954	861
954	893
954	895
954	910
954	925
954	930
954	931
954	933
954	953
954	974
954	977
954	980
954	990
954	992
954	997
955	2
955	136
955	303
955	346
955	376
955	421
955	431
955	575
955	630
955	648
955	708
955	743
955	809
955	838
955	845
955	871
955	876
955	886
955	918
955	923
955	926
955	928
955	932
955	943
955	946
955	959
955	961
955	970
955	978
955	990
955	994
955	995
955	998
956	97
956	122
956	208
956	306
956	310
956	378
956	472
956	537
956	543
956	567
956	700
956	723
956	739
956	779
956	810
956	834
956	837
956	842
956	843
956	847
956	858
956	864
956	867
956	878
956	896
956	897
956	900
956	906
956	908
956	949
956	983
956	984
956	992
957	62
957	75
957	131
957	182
957	335
957	341
957	460
957	480
957	483
957	530
957	585
957	594
957	639
957	659
957	673
957	677
957	688
957	696
957	756
957	779
957	817
957	866
957	867
957	903
957	914
957	922
957	927
957	936
957	939
957	942
957	951
957	960
957	973
958	14
958	54
958	95
958	154
958	192
958	223
958	280
958	372
958	418
958	442
958	484
958	509
958	574
958	578
958	595
958	602
958	627
958	704
958	762
958	829
958	830
958	894
958	910
958	911
958	917
958	925
958	931
958	966
958	973
958	977
958	980
958	990
958	992
958	997
959	109
959	246
959	267
959	338
959	349
959	422
959	512
959	513
959	546
959	582
959	622
959	648
959	652
959	759
959	774
959	809
959	818
959	845
959	851
959	871
959	876
959	892
959	918
959	926
959	928
959	946
959	955
959	968
959	970
959	978
959	995
959	996
959	997
959	998
960	23
960	68
960	139
960	191
960	266
960	325
960	327
960	335
960	549
960	585
960	677
960	679
960	756
960	766
960	790
960	791
960	805
960	806
960	817
960	836
960	867
960	868
960	872
960	885
960	913
960	922
960	927
960	936
960	939
960	945
960	947
960	952
960	957
960	988
961	5
961	109
961	338
961	376
961	441
961	452
961	459
961	512
961	513
961	522
961	575
961	705
961	721
961	737
961	759
961	764
961	797
961	808
961	845
961	871
961	876
961	892
961	918
961	926
961	928
961	932
961	943
961	946
961	955
961	968
961	970
961	978
961	995
961	998
962	22
962	167
962	260
962	290
962	442
962	470
962	479
962	565
962	587
962	605
962	704
962	719
962	761
962	765
962	781
962	814
962	816
962	829
962	835
962	841
962	917
962	925
962	930
962	934
962	942
962	953
962	973
962	974
962	977
962	980
962	986
962	988
962	991
962	997
963	31
963	42
963	103
963	172
963	175
963	229
963	300
963	319
963	337
963	446
963	457
963	497
963	545
963	572
963	588
963	712
963	725
963	734
963	747
963	758
963	773
963	802
963	828
963	848
963	850
963	852
963	869
963	882
963	893
963	904
963	909
963	976
963	982
963	985
963	989
963	998
964	107
964	133
964	169
964	177
964	210
964	238
964	245
964	285
964	312
964	344
964	420
964	450
964	453
964	469
964	503
964	510
964	523
964	619
964	710
964	754
964	761
964	763
964	792
964	899
964	901
964	905
964	919
964	920
964	935
964	937
964	965
964	966
964	971
964	979
964	987
964	989
965	63
965	207
965	240
965	299
965	353
965	414
965	473
965	500
965	520
965	612
965	654
965	659
965	677
965	716
965	766
965	780
965	785
965	828
965	866
965	868
965	885
965	890
965	903
965	913
965	915
965	922
965	927
965	936
965	939
965	942
965	945
965	947
965	951
965	964
965	980
965	988
966	87
966	89
966	173
966	215
966	308
966	312
966	336
966	392
966	458
966	557
966	590
966	595
966	601
966	666
966	732
966	786
966	792
966	793
966	799
966	821
966	874
966	889
966	899
966	901
966	917
966	919
966	920
966	937
966	958
966	964
966	969
966	971
966	979
966	987
966	989
966	999
967	86
967	107
967	156
967	294
967	449
967	471
967	508
967	534
967	603
967	632
967	661
967	695
967	717
967	742
967	789
967	806
967	807
967	811
967	831
967	838
967	840
967	860
967	862
967	877
967	883
967	888
967	902
967	917
967	929
967	944
967	948
967	977
967	984
967	988
967	993
967	999
968	2
968	13
968	24
968	79
968	114
968	188
968	227
968	303
968	323
968	400
968	412
968	421
968	482
968	582
968	599
968	622
968	630
968	649
968	702
968	705
968	706
968	727
968	743
968	845
968	851
968	871
968	886
968	892
968	923
968	926
968	928
968	932
968	959
968	961
968	970
968	978
968	995
968	998
969	72
969	81
969	159
969	174
969	177
969	224
969	245
969	347
969	387
969	400
969	430
969	491
969	505
969	531
969	535
969	601
969	667
969	675
969	683
969	684
969	732
969	769
969	778
969	819
969	826
969	861
969	874
969	905
969	919
969	920
969	935
969	947
969	966
969	971
969	979
969	987
969	989
969	1000
970	180
970	220
970	230
970	232
970	267
970	422
970	441
970	512
970	515
970	552
970	572
970	580
970	582
970	609
970	649
970	705
970	708
970	737
970	774
970	809
970	840
970	846
970	871
970	876
970	881
970	886
970	892
970	918
970	923
970	926
970	928
970	932
970	943
970	946
970	955
970	959
970	961
970	968
970	978
970	995
970	997
970	998
971	89
971	149
971	256
971	262
971	336
971	344
971	402
971	430
971	447
971	498
971	535
971	540
971	551
971	566
971	571
971	601
971	608
971	628
971	629
971	748
971	758
971	767
971	778
971	821
971	824
971	825
971	826
971	827
971	866
971	875
971	889
971	901
971	920
971	935
971	937
971	950
971	964
971	966
971	969
971	979
971	987
971	989
971	1000
972	18
972	51
972	57
972	106
972	130
972	219
972	236
972	249
972	259
972	283
972	296
972	316
972	326
972	350
972	354
972	396
972	477
972	486
972	499
972	564
972	586
972	592
972	596
972	606
972	670
972	671
972	672
972	679
972	693
972	753
972	777
972	778
972	782
972	801
972	823
972	824
972	830
972	866
972	873
972	881
972	907
972	914
972	984
973	30
973	57
973	85
973	95
973	115
973	186
973	214
973	217
973	233
973	309
973	372
973	481
973	484
973	578
973	641
973	643
973	675
973	689
973	706
973	729
973	755
973	762
973	765
973	771
973	816
973	841
973	853
973	859
973	895
973	910
973	917
973	924
973	925
973	930
973	931
973	951
973	953
973	957
973	958
973	962
973	974
973	977
973	980
973	990
973	992
973	997
974	24
974	44
974	52
974	160
974	200
974	343
974	412
974	432
974	479
974	552
974	605
974	664
974	678
974	689
974	704
974	706
974	719
974	730
974	749
974	765
974	819
974	835
974	841
974	853
974	854
974	859
974	861
974	875
974	910
974	911
974	912
974	917
974	919
974	925
974	930
974	931
974	933
974	953
974	954
974	962
974	973
974	977
974	980
974	990
974	992
974	997
975	127
975	390
975	419
975	444
975	445
975	474
975	489
975	495
975	501
975	524
975	553
975	556
975	607
975	616
975	638
975	656
975	668
975	676
975	690
975	697
975	720
975	726
975	735
975	740
975	745
975	746
975	784
975	788
975	795
975	820
975	822
975	833
975	844
975	857
975	870
975	904
975	916
975	938
975	952
975	980
975	981
975	985
975	987
975	991
975	994
975	996
975	1000
976	4
976	36
976	59
976	93
976	102
976	103
976	162
976	175
976	176
976	244
976	276
976	322
976	328
976	337
976	361
976	362
976	380
976	382
976	476
976	488
976	517
976	536
976	545
976	570
976	572
976	712
976	725
976	734
976	736
976	747
976	751
976	770
976	775
976	787
976	802
976	828
976	850
976	852
976	869
976	882
976	902
976	904
976	909
976	950
976	953
976	963
976	982
976	999
977	17
977	28
977	111
977	167
977	258
977	352
977	365
977	398
977	418
977	484
977	509
977	542
977	568
977	587
977	598
977	615
977	618
977	642
977	664
977	670
977	678
977	698
977	762
977	765
977	781
977	796
977	861
977	891
977	917
977	922
977	924
977	925
977	930
977	931
977	933
977	934
977	953
977	954
977	958
977	962
977	967
977	973
977	974
977	980
977	986
977	992
977	994
977	997
978	161
978	180
978	323
978	340
978	422
978	429
978	504
978	541
978	546
978	552
978	569
978	599
978	609
978	630
978	682
978	699
978	708
978	727
978	750
978	759
978	774
978	797
978	803
978	808
978	809
978	818
978	845
978	851
978	871
978	876
978	884
978	886
978	918
978	923
978	926
978	928
978	932
978	943
978	946
978	948
978	953
978	955
978	959
978	961
978	968
978	970
978	986
978	995
978	998
979	11
979	25
979	61
979	120
979	224
979	262
979	285
979	289
979	339
979	371
979	387
979	397
979	407
979	438
979	491
979	503
979	526
979	540
979	562
979	590
979	608
979	620
979	624
979	683
979	710
979	748
979	754
979	760
979	761
979	768
979	794
979	824
979	826
979	874
979	875
979	899
979	901
979	904
979	905
979	912
979	919
979	925
979	935
979	937
979	952
979	964
979	966
979	969
979	971
979	987
980	82
980	85
980	94
980	105
980	137
980	200
980	364
980	481
980	538
980	602
980	615
980	623
980	634
980	642
980	662
980	704
980	719
980	729
980	731
980	749
980	750
980	755
980	765
980	781
980	816
980	829
980	849
980	853
980	854
980	859
980	910
980	911
980	912
980	924
980	925
980	930
980	931
980	933
980	934
980	953
980	954
980	958
980	962
980	965
980	973
980	974
980	975
980	977
980	986
980	990
980	992
980	997
981	16
981	60
981	74
981	149
981	163
981	241
981	247
981	293
981	315
981	333
981	394
981	399
981	474
981	524
981	548
981	556
981	562
981	579
981	589
981	607
981	611
981	631
981	633
981	635
981	639
981	676
981	701
981	707
981	720
981	722
981	724
981	726
981	735
981	746
981	788
981	795
981	800
981	820
981	822
981	833
981	844
981	870
981	894
981	912
981	916
981	924
981	938
981	952
981	975
981	983
981	985
981	991
981	994
981	996
981	1000
982	4
982	31
982	42
982	60
982	69
982	93
982	102
982	129
982	229
982	276
982	295
982	319
982	322
982	337
982	361
982	362
982	363
982	367
982	380
982	446
982	457
982	464
982	488
982	497
982	517
982	519
982	536
982	545
982	588
982	626
982	647
982	663
982	686
982	714
982	725
982	734
982	736
982	738
982	751
982	758
982	787
982	828
982	848
982	850
982	852
982	869
982	882
982	893
982	899
982	902
982	904
982	909
982	950
982	963
982	976
982	995
983	3
983	9
983	12
983	50
983	122
983	148
983	206
983	208
983	211
983	216
983	271
983	274
983	310
983	320
983	331
983	343
983	382
983	409
983	424
983	455
983	489
983	528
983	537
983	539
983	543
983	567
983	588
983	641
983	700
983	715
983	723
983	733
983	739
983	783
983	804
983	810
983	825
983	834
983	837
983	842
983	843
983	847
983	852
983	858
983	863
983	864
983	878
983	879
983	887
983	896
983	897
983	900
983	906
983	908
983	929
983	949
983	956
983	981
984	35
984	90
984	118
984	132
984	178
984	182
984	231
984	242
984	252
984	281
984	284
984	294
984	301
984	342
984	366
984	373
984	384
984	410
984	415
984	428
984	471
984	493
984	508
984	576
984	604
984	610
984	614
984	632
984	662
984	669
984	685
984	703
984	717
984	721
984	741
984	776
984	780
984	789
984	811
984	815
984	831
984	832
984	838
984	840
984	856
984	862
984	865
984	872
984	877
984	883
984	921
984	929
984	930
984	940
984	948
984	956
984	967
984	972
984	993
984	999
985	4
985	45
985	76
985	100
985	218
985	247
985	324
985	381
985	388
985	391
985	394
985	401
985	408
985	445
985	462
985	465
985	495
985	518
985	521
985	551
985	579
985	600
985	616
985	631
985	633
985	635
985	639
985	640
985	644
985	656
985	668
985	676
985	690
985	697
985	707
985	722
985	724
985	726
985	735
985	739
985	740
985	746
985	751
985	800
985	820
985	822
985	833
985	844
985	857
985	870
985	894
985	896
985	916
985	938
985	952
985	963
985	975
985	981
985	991
985	994
985	996
985	1000
986	46
986	48
986	52
986	77
986	94
986	96
986	121
986	167
986	251
986	280
986	332
986	347
986	364
986	365
986	404
986	418
986	434
986	439
986	506
986	514
986	560
986	568
986	573
986	578
986	593
986	595
986	598
986	615
986	618
986	624
986	627
986	642
986	678
986	680
986	698
986	704
986	731
986	750
986	771
986	816
986	829
986	849
986	853
986	859
986	861
986	897
986	909
986	911
986	912
986	924
986	925
986	930
986	931
986	933
986	934
986	953
986	962
986	977
986	978
986	980
986	987
986	990
986	992
986	997
987	67
987	69
987	81
987	89
987	141
987	159
987	168
987	169
987	254
987	282
987	285
987	297
987	307
987	383
987	387
987	397
987	400
987	402
987	403
987	447
987	451
987	453
987	510
987	526
987	531
987	566
987	571
987	577
987	584
987	619
987	629
987	650
987	681
987	683
987	684
987	710
987	713
987	732
987	746
987	748
987	754
987	760
987	763
987	767
987	769
987	778
987	794
987	799
987	821
987	824
987	874
987	875
987	889
987	900
987	901
987	905
987	919
987	920
987	935
987	937
987	964
987	966
987	969
987	971
987	975
987	979
987	986
987	989
987	993
988	7
988	23
988	53
988	56
988	63
988	143
988	158
988	234
988	239
988	240
988	255
988	266
988	299
988	302
988	306
988	330
988	370
988	385
988	389
988	480
988	483
988	487
988	502
988	507
988	538
988	547
988	549
988	550
988	554
988	570
988	585
988	594
988	612
988	654
988	659
988	688
988	692
988	696
988	709
988	716
988	766
988	772
988	773
988	790
988	798
988	812
988	813
988	817
988	859
988	866
988	867
988	868
988	885
988	890
988	891
988	903
988	915
988	922
988	936
988	939
988	941
988	942
988	945
988	951
988	960
988	962
988	965
988	967
988	991
988	996
988	1000
989	26
989	41
989	66
989	72
989	73
989	81
989	159
989	187
989	198
989	215
989	226
989	254
989	279
989	289
989	304
989	371
989	385
989	392
989	405
989	407
989	451
989	453
989	458
989	475
989	496
989	498
989	503
989	511
989	523
989	529
989	535
989	540
989	551
989	557
989	577
989	584
989	614
989	628
989	637
989	646
989	675
989	752
989	754
989	760
989	767
989	769
989	792
989	793
989	799
989	807
989	824
989	826
989	874
989	875
989	889
989	899
989	901
989	905
989	919
989	920
989	935
989	937
989	949
989	963
989	964
989	966
989	969
989	971
989	987
989	998
989	1000
990	17
990	22
990	44
990	46
990	47
990	52
990	77
990	99
990	110
990	121
990	134
990	192
990	205
990	248
990	250
990	251
990	290
990	332
990	416
990	425
990	432
990	442
990	461
990	506
990	522
990	542
990	545
990	565
990	595
990	598
990	621
990	623
990	641
990	646
990	698
990	731
990	749
990	750
990	762
990	781
990	786
990	796
990	814
990	816
990	819
990	829
990	835
990	841
990	849
990	853
990	854
990	861
990	895
990	910
990	911
990	912
990	917
990	924
990	925
990	930
990	933
990	934
990	939
990	953
990	954
990	955
990	958
990	973
990	974
990	980
990	986
990	992
990	996
990	997
991	1
991	6
991	14
991	33
991	34
991	65
991	74
991	98
991	125
991	163
991	190
991	221
991	270
991	272
991	293
991	311
991	333
991	388
991	394
991	399
991	444
991	465
991	474
991	495
991	501
991	518
991	521
991	525
991	548
991	553
991	556
991	573
991	579
991	589
991	600
991	616
991	626
991	631
991	633
991	640
991	644
991	657
991	676
991	701
991	707
991	722
991	724
991	726
991	735
991	740
991	746
991	784
991	788
991	800
991	820
991	822
991	833
991	844
991	870
991	894
991	903
991	916
991	923
991	938
991	940
991	952
991	962
991	975
991	981
991	985
991	988
991	992
991	994
991	996
991	997
991	1000
992	17
992	27
992	54
992	55
992	82
992	95
992	99
992	105
992	110
992	137
992	142
992	154
992	235
992	248
992	252
992	263
992	356
992	416
992	434
992	435
992	461
992	479
992	506
992	514
992	568
992	578
992	593
992	595
992	615
992	624
992	638
992	641
992	664
992	678
992	680
992	699
992	719
992	729
992	731
992	749
992	755
992	762
992	781
992	816
992	819
992	823
992	829
992	835
992	849
992	854
992	859
992	861
992	869
992	910
992	911
992	912
992	917
992	924
992	925
992	930
992	931
992	933
992	934
992	938
992	953
992	954
992	956
992	958
992	973
992	974
992	977
992	980
992	986
992	990
992	991
992	997
993	9
993	10
993	43
993	58
993	86
993	92
993	123
993	128
993	134
993	156
993	179
993	181
993	281
993	287
993	288
993	321
993	342
993	345
993	348
993	349
993	358
993	373
993	384
993	393
993	449
993	454
993	471
993	475
993	492
993	493
993	508
993	532
993	534
993	558
993	561
993	576
993	603
993	610
993	614
993	625
993	685
993	703
993	718
993	730
993	742
993	762
993	776
993	780
993	803
993	806
993	811
993	815
993	831
993	832
993	838
993	840
993	855
993	856
993	860
993	862
993	865
993	872
993	877
993	883
993	888
993	898
993	921
993	929
993	940
993	947
993	948
993	967
993	984
993	987
993	998
993	999
994	6
994	21
994	33
994	34
994	45
994	124
994	127
994	161
994	203
994	241
994	286
994	315
994	324
994	333
994	355
994	360
994	390
994	391
994	394
994	399
994	411
994	419
994	444
994	462
994	518
994	524
994	533
994	548
994	556
994	573
994	607
994	616
994	626
994	631
994	635
994	638
994	639
994	640
994	657
994	668
994	676
994	690
994	697
994	701
994	707
994	722
994	724
994	726
994	735
994	738
994	740
994	745
994	746
994	784
994	788
994	795
994	800
994	820
994	822
994	833
994	844
994	857
994	870
994	894
994	896
994	916
994	934
994	938
994	952
994	955
994	975
994	977
994	981
994	985
994	991
994	996
994	999
994	1000
995	15
995	20
995	32
995	77
995	88
995	114
995	161
995	170
995	209
995	220
995	230
995	243
995	249
995	263
995	265
995	303
995	346
995	356
995	365
995	369
995	421
995	422
995	448
995	452
995	466
995	478
995	482
995	504
995	512
995	513
995	515
995	541
995	546
995	552
995	569
995	580
995	582
995	591
995	599
995	617
995	622
995	630
995	649
995	652
995	658
995	682
995	699
995	702
995	705
995	708
995	725
995	727
995	737
995	743
995	764
995	774
995	797
995	809
995	818
995	845
995	846
995	851
995	871
995	872
995	876
995	884
995	886
995	892
995	902
995	918
995	923
995	926
995	928
995	932
995	943
995	946
995	955
995	959
995	961
995	968
995	970
995	978
995	982
995	998
996	1
996	16
996	33
996	60
996	74
996	76
996	113
996	124
996	125
996	144
996	183
996	190
996	195
996	203
996	218
996	221
996	293
996	311
996	315
996	324
996	355
996	375
996	377
996	381
996	388
996	391
996	401
996	408
996	419
996	445
996	474
996	495
996	518
996	521
996	524
996	525
996	548
996	573
996	589
996	600
996	607
996	611
996	623
996	626
996	631
996	635
996	638
996	639
996	640
996	644
996	656
996	668
996	676
996	690
996	697
996	701
996	720
996	722
996	724
996	726
996	735
996	745
996	755
996	784
996	788
996	795
996	800
996	822
996	844
996	857
996	870
996	894
996	906
996	916
996	938
996	952
996	959
996	975
996	981
996	985
996	988
996	990
996	991
996	994
996	1000
997	22
997	28
997	30
997	48
997	70
997	85
997	94
997	104
997	111
997	115
997	121
997	157
997	205
997	214
997	223
997	233
997	235
997	258
997	277
997	352
997	398
997	412
997	415
997	425
997	434
997	435
997	461
997	465
997	470
997	479
997	484
997	514
997	522
997	598
997	602
997	618
997	621
997	623
997	627
997	645
997	664
997	680
997	681
997	689
997	698
997	704
997	719
997	749
997	750
997	755
997	762
997	765
997	796
997	816
997	819
997	820
997	841
997	849
997	853
997	854
997	861
997	895
997	898
997	910
997	911
997	912
997	917
997	924
997	930
997	933
997	934
997	953
997	954
997	958
997	959
997	962
997	970
997	973
997	974
997	977
997	980
997	986
997	990
997	991
997	992
997	999
998	2
998	5
998	13
998	15
998	32
998	88
998	98
998	114
998	132
998	147
998	170
998	180
998	188
998	209
998	220
998	227
998	230
998	246
998	267
998	298
998	323
998	338
998	340
998	346
998	369
998	376
998	395
998	421
998	429
998	431
998	441
998	448
998	452
998	466
998	478
998	482
998	513
998	515
998	541
998	546
998	552
998	560
998	569
998	575
998	580
998	582
998	609
998	630
998	648
998	652
998	658
998	682
998	699
998	702
998	705
998	708
998	743
998	759
998	764
998	774
998	797
998	809
998	837
998	845
998	846
998	851
998	871
998	876
998	884
998	886
998	892
998	918
998	923
998	925
998	926
998	928
998	932
998	935
998	943
998	946
998	955
998	959
998	961
998	963
998	968
998	970
998	978
998	989
998	993
998	995
999	10
999	29
999	65
999	80
999	92
999	107
999	117
999	140
999	165
999	178
999	179
999	181
999	189
999	193
999	210
999	212
999	222
999	225
999	261
999	269
999	281
999	287
999	298
999	301
999	314
999	342
999	358
999	366
999	373
999	383
999	384
999	393
999	395
999	406
999	440
999	471
999	490
999	492
999	493
999	508
999	532
999	548
999	555
999	576
999	597
999	604
999	607
999	610
999	614
999	636
999	651
999	665
999	669
999	685
999	695
999	703
999	717
999	718
999	730
999	741
999	742
999	744
999	776
999	783
999	789
999	803
999	806
999	807
999	815
999	831
999	838
999	840
999	855
999	860
999	862
999	865
999	872
999	877
999	898
999	921
999	929
999	940
999	944
999	948
999	966
999	967
999	976
999	984
999	993
999	994
999	997
1000	6
1000	16
1000	21
1000	34
1000	45
1000	65
1000	76
1000	98
1000	124
1000	125
1000	127
1000	144
1000	163
1000	190
1000	195
1000	218
1000	221
1000	247
1000	250
1000	270
1000	272
1000	286
1000	324
1000	333
1000	355
1000	360
1000	375
1000	381
1000	388
1000	391
1000	399
1000	401
1000	408
1000	411
1000	419
1000	444
1000	462
1000	495
1000	518
1000	521
1000	525
1000	533
1000	553
1000	556
1000	579
1000	589
1000	600
1000	611
1000	616
1000	633
1000	635
1000	638
1000	639
1000	640
1000	644
1000	656
1000	657
1000	668
1000	676
1000	690
1000	697
1000	701
1000	707
1000	720
1000	724
1000	733
1000	735
1000	740
1000	745
1000	746
1000	784
1000	788
1000	791
1000	795
1000	800
1000	820
1000	822
1000	833
1000	844
1000	857
1000	870
1000	876
1000	894
1000	916
1000	928
1000	935
1000	938
1000	952
1000	969
1000	971
1000	975
1000	981
1000	985
1000	988
1000	989
1000	991
1000	994
1000	996
