1	932
1	939
1	968
2	949
2	990
2	996
3	40
3	730
3	788
4	40
4	961
4	971
5	918
5	947
5	992
6	968
6	976
6	980
7	974
7	982
7	991
8	57
8	543
8	983
9	927
9	955
9	999
10	879
10	979
10	999
11	667
11	981
11	992
12	554
12	631
12	855
13	470
13	961
13	969
14	887
14	888
14	916
15	964
15	976
15	988
16	660
16	924
16	984
17	888
17	943
17	967
18	280
18	992
18	999
19	270
19	978
19	983
20	951
20	970
20	975
21	852
21	974
21	993
22	168
22	962
22	972
23	805
23	902
23	943
24	792
24	875
24	937
25	827
25	853
25	999
26	861
26	927
26	981
27	909
27	962
27	972
28	717
28	931
28	981
29	908
29	957
29	972
30	109
30	987
30	992
31	937
31	953
31	967
32	752
32	991
32	1000
33	985
33	991
33	1000
34	898
34	987
34	992
35	631
35	648
35	765
36	878
36	915
36	978
37	866
37	894
37	962
38	470
38	929
38	971
39	979
39	987
39	999
40	3
40	4
40	971
41	667
41	981
41	995
42	844
42	998
42	1000
43	727
43	901
43	961
44	810
44	935
44	988
45	87
45	917
45	978
46	452
46	981
46	998
47	987
47	992
47	999
48	906
48	989
48	1000
49	927
49	979
49	992
50	924
50	941
50	984
51	114
51	961
51	981
52	956
52	959
52	999
53	160
53	965
53	984
54	915
54	964
54	997
55	458
55	931
55	981
56	153
56	841
56	926
57	8
57	829
57	978
58	237
58	943
58	967
59	702
59	709
59	895
60	916
60	953
60	967
61	913
61	978
61	983
62	956
62	970
62	975
63	101
63	922
63	971
64	935
64	985
64	995
65	974
65	991
65	998
66	911
66	987
66	992
67	932
67	937
67	943
68	990
68	996
68	998
69	936
69	982
69	1000
70	891
70	930
70	963
71	973
71	988
71	994
72	940
72	976
72	994
73	688
73	906
73	930
74	767
74	768
74	955
75	856
75	962
75	972
76	986
76	998
76	1000
77	857
77	876
77	961
78	499
78	746
78	900
79	973
79	976
79	994
80	846
80	998
80	1000
81	925
81	948
81	979
82	891
82	900
82	963
83	769
83	931
83	981
84	213
84	829
84	983
85	936
85	996
85	998
86	415
86	989
86	990
87	45
87	554
87	878
88	267
88	857
88	952
89	558
89	782
89	793
90	804
90	847
90	940
91	989
91	996
91	998
92	772
92	950
92	983
93	954
93	970
93	975
94	548
94	725
94	983
95	940
95	985
95	988
96	839
96	953
96	967
97	757
97	974
97	990
98	833
98	861
98	977
99	889
99	922
99	971
100	139
100	146
100	971
101	63
101	949
101	986
102	639
102	765
102	832
103	513
103	960
103	976
104	428
104	869
104	981
105	334
105	657
105	963
106	156
106	556
106	984
107	373
107	910
107	978
108	874
108	987
108	992
109	30
109	927
109	999
110	948
110	980
110	997
111	932
111	955
111	984
112	849
112	959
112	983
113	794
113	961
113	969
114	51
114	727
114	981
115	906
115	991
115	998
116	949
116	989
116	991
117	517
117	610
117	923
118	908
118	909
118	972
119	628
119	885
119	981
120	513
120	766
120	895
121	743
121	923
121	971
122	176
122	962
122	972
123	215
123	877
123	905
124	290
124	306
124	751
125	753
125	856
125	882
126	959
126	979
126	999
127	956
127	970
127	975
128	710
128	858
128	960
129	841
129	950
129	983
130	733
130	987
130	992
131	781
131	979
131	993
132	889
132	922
132	969
133	957
133	962
133	972
134	770
134	833
134	915
135	987
135	992
135	999
136	714
136	944
136	963
137	887
137	953
137	967
138	571
138	681
138	981
139	100
139	842
139	971
140	282
140	995
140	997
141	958
141	991
141	996
142	740
142	986
142	993
143	518
143	861
143	981
144	678
144	955
144	984
145	954
145	970
145	975
146	100
146	640
146	969
147	908
147	924
147	965
148	868
148	994
148	997
149	870
149	930
149	963
150	467
150	960
150	977
151	346
151	755
151	915
152	996
152	998
152	1000
153	56
153	422
153	653
154	988
154	995
154	997
155	959
155	979
155	999
156	106
156	990
156	991
157	313
157	725
157	956
158	919
158	962
158	972
159	974
159	990
159	1000
160	53
160	932
160	965
161	924
161	974
161	1000
162	921
162	982
162	989
163	925
163	992
163	999
164	951
164	970
164	975
165	654
165	988
165	995
166	924
166	932
166	941
167	863
167	932
167	984
168	22
168	908
168	942
169	979
169	987
169	992
170	921
170	990
170	1000
171	332
171	862
171	994
172	958
172	982
172	990
173	907
173	957
173	972
174	778
174	932
174	984
175	807
175	916
175	967
176	122
176	909
176	957
177	942
177	970
177	975
178	666
178	875
178	984
179	927
179	992
179	999
180	268
180	794
180	971
181	769
181	885
181	981
182	218
182	905
182	930
183	931
183	981
183	995
184	863
184	941
184	965
185	264
185	519
185	836
186	964
186	976
186	997
187	902
187	916
187	937
188	513
188	878
188	950
189	883
189	888
189	916
190	343
190	937
190	967
191	940
191	985
191	997
192	354
192	989
192	991
193	911
193	959
193	987
194	511
194	842
194	926
195	922
195	952
195	969
196	469
196	644
196	689
197	879
197	992
197	999
198	714
198	891
198	930
199	746
199	900
199	963
200	916
200	937
200	967
201	865
201	929
201	969
202	973
202	988
202	995
203	766
203	850
203	965
204	925
204	992
204	999
205	988
205	994
205	995
206	949
206	993
206	998
207	911
207	987
207	999
208	670
208	980
208	995
209	726
209	755
209	772
210	721
210	901
210	961
211	982
211	990
211	996
212	257
212	993
212	996
213	84
213	528
213	977
214	808
214	861
214	981
215	123
215	904
215	999
216	664
216	743
216	952
217	854
217	932
217	941
218	182
218	950
218	983
219	866
219	894
219	908
220	494
220	737
220	928
221	925
221	987
221	999
222	928
222	961
222	969
223	923
223	929
223	952
224	909
224	919
224	972
225	783
225	845
225	877
226	835
226	969
226	971
227	933
227	974
227	986
228	346
228	546
228	950
229	437
229	965
229	984
230	891
230	930
230	963
231	908
231	964
231	985
232	361
232	869
232	981
233	964
233	988
233	997
234	766
234	829
234	960
235	951
235	970
235	975
236	993
236	996
236	998
237	58
237	520
237	943
238	987
238	992
238	999
239	914
239	948
239	987
240	909
240	957
240	972
241	886
241	963
241	969
242	552
242	989
242	990
243	576
243	820
243	969
244	621
244	768
244	984
245	398
245	985
245	995
246	989
246	996
246	1000
247	943
247	953
247	967
248	539
248	891
248	963
249	710
249	882
249	917
250	562
250	996
250	1000
251	974
251	989
251	993
252	691
252	803
252	985
253	991
253	996
253	998
254	725
254	910
254	983
255	918
255	992
255	999
256	823
256	932
256	941
257	212
257	459
257	1000
258	949
258	986
258	1000
259	924
259	932
259	984
260	673
260	993
260	998
261	869
261	885
261	981
262	872
262	938
262	971
263	568
263	980
263	985
264	185
264	469
264	713
265	737
265	922
265	969
266	788
266	988
266	994
267	88
267	950
267	978
268	180
268	966
268	974
269	904
269	959
269	999
270	19
270	932
270	984
271	864
271	992
271	999
272	976
272	980
272	994
273	783
273	857
273	961
274	309
274	929
274	952
275	647
275	947
275	999
276	378
276	751
276	981
277	944
277	956
277	975
278	806
278	914
278	988
279	907
279	937
279	967
280	18
280	987
280	992
281	870
281	891
281	997
282	140
282	889
282	971
283	514
283	882
283	977
284	979
284	987
284	992
285	919
285	962
285	972
286	968
286	994
286	995
287	412
287	636
287	971
288	989
288	998
288	1000
289	887
289	953
289	967
290	124
290	639
290	978
291	986
291	998
291	1000
292	947
292	979
292	999
293	908
293	909
293	972
294	896
294	971
294	989
295	966
295	982
295	1000
296	820
296	972
296	981
297	911
297	947
297	979
298	927
298	987
298	999
299	581
299	988
299	994
300	928
300	969
300	994
301	911
301	917
301	979
301	992
302	867
302	980
302	994
302	995
303	800
303	817
303	914
303	980
304	646
304	940
304	994
304	997
305	907
305	959
305	987
305	992
306	124
306	926
306	960
306	975
307	988
307	994
307	995
307	997
308	421
308	457
308	895
308	983
309	274
309	923
309	928
309	969
310	870
310	900
310	905
310	963
311	959
311	987
311	992
311	999
312	928
312	929
312	952
312	960
313	157
313	701
313	890
313	977
314	535
314	905
314	930
314	963
315	911
315	974
315	979
315	992
316	946
316	989
316	996
316	998
317	801
317	989
317	991
317	996
318	902
318	953
318	967
318	999
319	728
319	766
319	917
319	977
320	498
320	960
320	978
320	983
321	858
321	901
321	923
321	971
322	866
322	945
322	957
322	972
323	395
323	934
323	995
323	997
324	945
324	974
324	982
324	996
325	883
325	943
325	953
325	967
326	936
326	938
326	964
326	966
327	774
327	919
327	957
327	972
328	392
328	855
328	977
328	978
329	947
329	948
329	992
329	999
330	778
330	889
330	923
330	971
331	576
331	922
331	928
331	929
332	171
332	411
332	988
332	994
333	858
333	914
333	988
333	997
334	105
334	987
334	992
334	999
335	658
335	875
335	941
335	984
336	908
336	957
336	962
336	972
337	389
337	794
337	813
337	969
338	942
338	944
338	956
338	975
339	947
339	959
339	987
339	999
340	591
340	922
340	969
340	971
341	845
341	877
341	930
341	963
342	452
342	861
342	869
342	981
343	190
343	907
343	943
343	985
344	934
344	957
344	962
344	972
345	702
345	979
345	987
345	999
346	151
346	228
346	950
346	986
347	947
347	948
347	992
347	999
348	631
348	713
348	773
348	791
349	907
349	916
349	943
349	967
350	935
350	973
350	994
350	999
351	543
351	878
351	910
351	977
352	463
352	544
352	889
352	895
353	934
353	980
353	985
353	990
354	192
354	990
354	991
354	1000
355	930
355	957
355	962
355	972
356	618
356	727
356	931
356	981
357	704
357	979
357	992
357	999
358	662
358	924
358	932
358	965
359	727
359	757
359	820
359	981
360	434
360	746
360	758
360	905
361	232
361	808
361	931
361	981
362	990
362	993
362	996
362	1000
363	777
363	886
363	928
363	969
364	765
364	849
364	978
364	983
365	597
365	956
365	970
365	975
366	837
366	915
366	980
366	983
367	679
367	991
367	998
367	1000
368	579
368	809
368	953
368	967
369	655
369	764
369	931
369	981
370	964
370	980
370	988
370	994
371	669
371	932
371	965
371	984
372	899
372	956
372	970
372	975
373	107
373	639
373	699
373	705
374	807
374	916
374	953
374	967
375	711
375	919
375	962
375	972
376	638
376	833
376	890
376	983
377	986
377	991
377	993
377	1000
378	276
378	399
378	885
378	981
379	529
379	863
379	941
379	950
380	941
380	955
380	965
380	984
381	578
381	845
381	900
381	963
382	921
382	989
382	996
382	998
383	707
383	806
383	976
383	995
384	511
384	745
384	883
384	977
385	475
385	843
385	865
385	971
386	910
386	913
386	926
386	977
387	587
387	841
387	915
387	926
388	985
388	988
388	994
388	997
389	337
389	857
389	929
389	961
390	966
390	986
390	989
390	996
391	793
391	925
391	959
391	999
392	328
392	919
392	962
392	972
393	909
393	919
393	957
393	962
394	887
394	902
394	943
394	953
395	323
395	834
395	994
395	997
396	678
396	828
396	965
396	984
397	990
397	991
397	996
397	1000
398	245
398	976
398	988
398	997
399	378
399	505
399	952
399	981
400	817
400	919
400	962
400	972
401	538
401	815
401	948
401	999
402	925
402	959
402	979
402	987
403	691
403	747
403	877
403	891
404	452
404	811
404	953
404	967
405	529
405	924
405	947
405	984
406	423
406	619
406	783
406	900
407	973
407	978
407	985
407	997
408	936
408	982
408	993
408	998
409	842
409	961
409	969
409	997
410	935
410	954
410	970
410	975
411	332
411	985
411	988
411	995
412	287
412	813
412	822
412	969
413	934
413	935
413	968
413	988
414	936
414	989
414	993
414	1000
415	86
415	902
415	943
415	967
416	950
416	989
416	991
416	996
417	887
417	946
417	990
417	996
418	791
418	915
418	960
418	977
419	986
419	991
419	998
419	1000
420	918
420	987
420	992
420	999
421	308
421	780
421	837
421	978
422	153
422	653
422	722
422	978
423	406
423	537
423	657
423	963
424	724
424	951
424	954
424	975
425	909
425	957
425	962
425	972
426	574
426	643
426	873
426	983
427	851
427	909
427	962
427	972
428	104
428	717
428	936
428	981
429	908
429	957
429	962
429	972
430	927
430	948
430	992
430	999
431	966
431	982
431	989
431	998
432	842
432	872
432	922
432	923
433	935
433	964
433	973
433	994
434	360
434	596
434	783
434	891
435	888
435	957
435	962
435	972
436	650
436	941
436	965
436	984
437	229
437	668
437	955
437	984
438	783
438	891
438	900
438	905
439	892
439	908
439	957
439	962
440	985
440	993
440	996
440	1000
441	879
441	979
441	987
441	992
442	938
442	949
442	958
442	1000
443	465
443	900
443	930
443	963
444	812
444	955
444	965
444	984
445	937
445	958
445	989
445	990
445	993
446	918
446	948
446	979
446	987
446	999
447	858
447	976
447	980
447	985
447	995
448	505
448	980
448	988
448	994
448	995
449	707
449	881
449	964
449	994
449	995
450	868
450	964
450	968
450	994
450	997
451	894
451	957
451	962
451	972
451	1000
452	46
452	342
452	404
452	931
452	981
453	850
453	974
453	991
453	993
453	996
454	703
454	939
454	968
454	980
454	997
455	864
455	990
455	993
455	996
455	998
456	599
456	619
456	891
456	930
456	963
457	308
457	652
457	780
457	950
457	977
458	55
458	940
458	964
458	980
458	988
459	257
459	938
459	990
459	993
459	999
460	799
460	822
460	961
460	964
460	971
461	879
461	898
461	927
461	992
461	999
462	715
462	894
462	919
462	962
462	972
463	352
463	780
463	913
463	960
463	983
464	810
464	845
464	891
464	930
464	963
465	443
465	900
465	905
465	963
465	970
466	660
466	924
466	955
466	965
466	984
467	150
467	631
467	741
467	836
467	960
468	941
468	955
468	961
468	965
468	984
469	196
469	264
469	599
469	634
469	646
470	13
470	38
470	576
470	889
470	961
471	476
471	805
471	883
471	967
471	972
472	830
472	862
472	968
472	980
472	995
473	903
473	944
473	951
473	970
473	975
474	524
474	862
474	868
474	994
474	997
475	385
475	876
475	901
475	922
475	961
476	471
476	884
476	916
476	937
476	953
477	902
477	916
477	943
477	967
477	993
478	628
478	751
478	885
478	931
478	981
479	959
479	974
479	987
479	992
479	999
480	814
480	921
480	986
480	990
480	998
481	636
481	778
481	865
481	901
481	922
482	804
482	908
482	957
482	962
482	972
483	966
483	986
483	993
483	998
483	1000
484	748
484	813
484	838
484	889
484	969
485	744
485	877
485	891
485	930
485	963
486	912
486	942
486	954
486	970
486	975
487	717
487	769
487	885
487	931
487	981
488	920
488	989
488	991
488	993
488	1000
489	970
489	986
489	993
489	996
489	998
490	966
490	973
490	991
490	993
490	996
491	973
491	988
491	991
491	995
491	997
492	512
492	854
492	943
492	967
492	971
493	638
493	821
493	915
493	977
493	983
494	220
494	886
494	929
494	969
494	971
495	858
495	973
495	980
495	988
495	997
496	840
496	858
496	939
496	994
496	997
497	925
497	927
497	979
497	992
497	999
498	320
498	936
498	982
498	986
498	996
499	78
499	746
499	891
499	963
499	982
500	924
500	955
500	965
500	984
500	994
501	650
501	655
501	863
501	924
501	984
502	807
502	864
502	980
502	988
502	997
503	800
503	925
503	979
503	992
503	999
504	564
504	932
504	941
504	965
504	984
505	399
505	448
505	540
505	820
505	981
506	739
506	935
506	973
506	995
506	997
507	874
507	918
507	979
507	992
507	999
508	759
508	942
508	951
508	970
508	975
509	934
509	980
509	985
509	994
509	995
510	932
510	964
510	976
510	994
510	995
511	194
511	384
511	607
511	977
511	983
512	492
512	902
512	907
512	937
512	953
513	103
513	120
513	188
513	855
513	978
514	283
514	546
514	632
514	920
514	978
515	921
515	945
515	974
515	982
515	993
516	617
516	938
516	982
516	993
516	996
517	117
517	612
517	872
517	905
517	971
518	143
518	685
518	885
518	931
518	981
519	185
519	646
519	753
519	962
519	977
520	237
520	795
520	958
520	974
520	996
521	584
521	865
521	889
521	952
521	961
522	714
522	907
522	937
522	953
522	967
523	911
523	925
523	959
523	987
523	999
524	474
524	820
524	985
524	995
524	997
525	899
525	954
525	956
525	970
525	975
526	853
526	933
526	986
526	989
526	1000
527	901
527	985
527	988
527	994
527	995
528	213
528	594
528	621
528	955
528	984
529	379
529	405
529	821
529	924
529	965
530	540
530	735
530	885
530	931
530	981
531	780
531	856
531	867
531	915
531	977
532	904
532	979
532	987
532	992
532	999
533	920
533	936
533	986
533	989
533	1000
534	639
534	653
534	917
534	960
534	978
535	314
535	877
535	930
535	963
535	996
536	948
536	987
536	992
536	994
536	999
537	423
537	539
537	619
537	930
537	963
538	401
538	667
538	727
538	861
538	869
538	981
539	248
539	537
539	870
539	891
539	930
539	963
540	505
540	530
540	571
540	573
540	931
540	981
541	946
541	986
541	989
541	991
541	993
541	1000
542	851
542	866
542	919
542	957
542	962
542	972
543	8
543	351
543	837
543	960
543	978
543	983
544	352
544	832
544	841
544	878
544	917
544	950
545	588
545	913
545	960
545	976
545	978
545	983
546	228
546	514
546	668
546	890
546	915
546	977
547	740
547	801
547	944
547	974
547	986
547	998
548	94
548	837
548	882
548	977
548	978
548	991
549	687
549	934
549	980
549	985
549	995
549	997
550	663
550	731
550	849
550	913
550	926
550	977
551	942
551	944
551	951
551	954
551	970
551	975
552	242
552	913
552	974
552	982
552	993
552	996
553	843
553	898
553	911
553	947
553	979
553	999
554	12
554	87
554	825
554	910
554	977
554	978
555	933
555	945
555	974
555	986
555	991
555	998
556	106
556	656
556	875
556	924
556	967
556	984
557	927
557	946
557	948
557	959
557	979
557	987
558	89
558	729
558	851
558	909
558	919
558	972
559	823
559	863
559	932
559	941
559	955
559	965
560	562
560	927
560	979
560	987
560	996
560	999
561	614
561	728
561	780
561	818
561	821
561	950
562	250
562	560
562	947
562	987
562	992
562	999
563	938
563	990
563	991
563	993
563	998
563	1000
564	504
564	949
564	990
564	993
564	996
564	998
565	737
565	794
565	843
565	876
565	901
565	923
566	586
566	735
566	808
566	861
566	869
566	981
567	699
567	742
567	821
567	895
567	953
567	977
568	263
568	779
568	968
568	970
568	988
568	997
569	756
569	879
569	959
569	979
569	992
569	999
570	790
570	908
570	919
570	957
570	962
570	972
571	138
571	540
571	769
571	869
571	927
571	981
572	768
572	924
572	932
572	941
572	955
572	984
573	540
573	657
573	733
573	877
573	900
573	963
574	426
574	752
574	773
574	841
574	895
574	962
575	904
575	911
575	947
575	959
575	988
575	999
576	243
576	331
576	470
576	922
576	929
576	991
577	946
577	966
577	979
577	989
577	998
577	1000
578	381
578	845
578	870
578	877
578	905
578	963
579	368
579	807
579	902
579	937
579	943
579	953
580	677
580	714
580	733
580	900
580	930
580	963
581	299
581	940
581	978
581	988
581	994
581	995
582	907
582	916
582	937
582	943
582	953
582	967
583	903
583	940
583	968
583	976
583	988
583	994
584	521
584	743
584	788
584	922
584	961
584	971
585	866
585	908
585	909
585	957
585	965
585	972
586	566
586	735
586	764
586	808
586	885
586	981
587	387
587	942
587	951
587	956
587	970
587	975
588	545
588	602
588	705
588	745
588	983
588	990
589	885
589	982
589	989
589	993
589	998
589	1000
590	693
590	832
590	935
590	976
590	995
590	997
591	340
591	790
591	899
591	952
591	961
591	969
592	949
592	975
592	986
592	991
592	996
592	998
593	659
593	681
593	990
593	991
593	996
593	998
594	528
594	871
594	874
594	924
594	955
594	984
595	756
595	964
595	980
595	985
595	994
595	995
596	434
596	747
596	845
596	905
596	930
596	963
597	365
597	935
597	973
597	994
597	995
597	997
598	899
598	942
598	944
598	956
598	970
598	975
599	456
599	469
599	609
599	766
599	890
599	917
600	725
600	836
600	913
600	950
600	960
600	983
601	934
601	976
601	980
601	985
601	995
601	997
602	588
602	612
602	648
602	716
602	977
602	983
603	775
603	964
603	976
603	980
603	988
603	997
604	939
604	980
604	988
604	994
604	995
604	997
605	973
605	976
605	980
605	988
605	994
605	997
606	904
606	911
606	947
606	966
606	992
606	999
607	511
607	697
607	821
607	830
607	836
607	873
608	676
608	968
608	976
608	980
608	985
608	994
608	995
609	599
609	649
609	856
609	926
609	977
609	978
609	991
610	117
610	842
610	901
610	949
610	952
610	969
610	971
611	853
611	909
611	925
611	927
611	948
611	987
611	992
612	517
612	602
612	778
612	922
612	923
612	929
612	971
613	852
613	974
613	986
613	989
613	991
613	998
613	1000
614	561
614	882
614	913
614	960
614	961
614	977
614	983
615	792
615	884
615	887
615	916
615	937
615	953
615	967
616	662
616	678
616	761
616	768
616	875
616	955
616	984
617	516
617	633
617	901
617	928
617	929
617	952
617	969
618	356
618	899
618	912
618	944
618	954
618	970
618	975
619	406
619	456
619	537
619	657
619	783
619	877
619	900
620	914
620	964
620	968
620	976
620	994
620	995
620	997
621	244
621	528
621	914
621	924
621	932
621	941
621	984
622	672
622	942
622	951
622	954
622	956
622	970
622	975
623	882
623	935
623	939
623	973
623	976
623	988
623	997
624	637
624	933
624	945
624	990
624	993
624	998
624	1000
625	862
625	934
625	939
625	985
625	988
625	997
625	999
626	851
626	894
626	919
626	947
626	957
626	962
626	972
627	823
627	839
627	850
627	863
627	896
627	955
627	984
628	119
628	478
628	764
628	869
628	931
628	981
628	993
629	840
629	859
629	942
629	944
629	954
629	970
629	975
630	793
630	804
630	927
630	979
630	987
630	992
630	999
631	12
631	35
631	348
631	467
631	713
631	798
631	913
632	514
632	770
632	784
632	849
632	890
632	977
632	978
633	617
633	792
633	901
633	922
633	961
633	969
633	971
634	469
634	871
634	875
634	932
634	955
634	965
634	984
635	866
635	894
635	909
635	919
635	957
635	962
635	972
636	287
636	481
636	827
636	865
636	961
636	969
636	971
637	624
637	903
637	944
637	954
637	956
637	970
637	975
638	376
638	493
638	697
638	917
638	924
638	950
638	960
639	102
639	290
639	373
639	534
639	977
639	978
639	998
640	146
640	788
640	842
640	901
640	928
640	952
640	969
641	667
641	751
641	757
641	808
641	861
641	934
641	981
642	688
642	803
642	968
642	985
642	994
642	995
642	997
643	426
643	968
643	976
643	980
643	985
643	995
643	997
644	196
644	702
644	879
644	898
644	959
644	979
644	999
645	757
645	820
645	861
645	869
645	904
645	931
645	981
646	304
646	469
646	519
646	829
646	873
646	917
646	978
647	275
647	896
647	974
647	986
647	989
647	990
647	991
648	35
648	602
648	652
648	772
648	784
648	926
648	987
649	609
649	770
649	773
649	798
649	910
649	913
649	977
650	436
650	501
650	777
650	871
650	875
650	893
650	984
651	895
651	942
651	944
651	951
651	954
651	956
651	975
652	457
652	648
652	798
652	855
652	882
652	950
652	983
653	153
653	422
653	534
653	697
653	876
653	915
653	978
654	165
654	945
654	982
654	990
654	993
654	996
654	1000
655	369
655	501
655	871
655	875
655	941
655	965
655	984
656	556
656	863
656	887
656	924
656	941
656	965
656	984
657	105
657	423
657	573
657	619
657	733
657	763
657	963
658	335
658	812
658	844
658	863
658	932
658	955
658	965
658	984
659	593
659	912
659	942
659	944
659	951
659	956
659	970
659	975
660	16
660	466
660	850
660	871
660	941
660	965
660	984
660	993
661	827
661	911
661	947
661	959
661	979
661	987
661	992
661	999
662	358
662	616
662	668
662	871
662	932
662	955
662	965
662	984
663	550
663	773
663	836
663	855
663	860
663	950
663	977
663	983
664	216
664	799
664	843
664	876
664	952
664	961
664	969
664	971
665	774
665	945
665	946
665	966
665	990
665	991
665	993
665	996
666	178
666	812
666	850
666	924
666	941
666	952
666	965
666	984
667	11
667	41
667	538
667	641
667	820
667	861
667	931
667	981
668	437
668	546
668	662
668	690
668	932
668	955
668	965
668	984
669	371
669	823
669	850
669	941
669	955
669	965
669	984
669	990
670	208
670	781
670	939
670	964
670	973
670	994
670	995
670	997
671	893
671	920
671	949
671	986
671	990
671	996
671	998
671	1000
672	622
672	914
672	935
672	968
672	973
672	985
672	988
672	997
673	260
673	920
673	940
673	946
673	982
673	990
673	996
673	1000
674	921
674	966
674	974
674	982
674	987
674	991
674	996
674	998
675	914
675	964
675	968
675	973
675	976
675	994
675	995
675	997
676	608
676	894
676	908
676	909
676	919
676	957
676	962
676	972
677	580
677	691
677	733
677	877
677	900
677	905
677	930
677	963
678	144
678	396
678	616
678	755
678	839
678	924
678	932
678	984
679	367
679	945
679	966
679	983
679	986
679	990
679	993
679	1000
680	880
680	904
680	918
680	921
680	925
680	948
680	987
680	999
681	138
681	593
681	945
681	974
681	982
681	991
681	993
681	1000
682	776
682	899
682	903
682	944
682	951
682	954
682	970
682	975
683	883
683	884
683	902
683	916
683	923
683	937
683	953
683	967
684	897
684	944
684	951
684	954
684	956
684	970
684	975
684	993
685	518
685	735
685	769
685	869
685	885
685	931
685	981
685	994
686	768
686	850
686	875
686	924
686	955
686	965
686	984
686	994
687	549
687	974
687	982
687	990
687	991
687	993
687	996
687	1000
688	73
688	642
688	968
688	973
688	980
688	988
688	995
688	997
689	196
689	705
689	764
689	765
689	882
689	910
689	950
689	960
690	668
690	828
690	839
690	863
690	871
690	955
690	965
690	984
691	252
691	403
691	677
691	747
691	810
691	905
691	930
691	963
692	814
692	892
692	933
692	966
692	986
692	989
692	991
692	998
693	590
693	704
693	880
693	934
693	939
693	994
693	995
693	997
694	874
694	898
694	904
694	947
694	948
694	979
694	992
694	999
695	700
695	940
695	973
695	976
695	980
695	985
695	995
695	997
696	934
696	935
696	964
696	973
696	980
696	990
696	995
696	997
697	607
697	638
697	653
697	873
697	915
697	954
697	977
697	978
698	869
698	945
698	958
698	974
698	991
698	993
698	998
698	1000
699	373
699	567
699	701
699	913
699	926
699	957
699	978
699	983
700	695
700	809
700	854
700	884
700	907
700	916
700	943
700	953
700	967
701	313
701	699
701	716
701	784
701	821
701	829
701	878
701	945
701	978
702	59
702	345
702	644
702	898
702	911
702	918
702	948
702	987
702	992
703	454
703	899
703	912
703	944
703	951
703	954
703	956
703	970
703	975
704	357
704	693
704	939
704	940
704	964
704	980
704	985
704	995
704	997
705	373
705	588
705	689
705	791
705	873
705	915
705	917
705	983
705	996
706	858
706	934
706	972
706	973
706	985
706	988
706	994
706	995
706	997
707	383
707	449
707	793
707	881
707	964
707	980
707	985
707	994
707	997
708	756
708	793
708	815
708	947
708	959
708	979
708	990
708	992
708	999
709	59
709	770
709	784
709	913
709	950
709	960
709	978
709	983
709	992
710	128
710	249
710	752
710	773
710	798
710	837
710	890
710	977
710	978
711	375
711	903
711	912
711	942
711	944
711	951
711	956
711	970
711	975
712	750
712	758
712	866
712	894
712	908
712	909
712	957
712	962
712	972
713	264
713	348
713	631
713	722
713	773
713	882
713	895
713	912
713	983
714	136
714	198
714	522
714	580
714	744
714	746
714	900
714	905
714	963
715	462
715	958
715	986
715	989
715	990
715	993
715	996
715	998
715	1000
716	602
716	701
716	755
716	836
716	837
716	878
716	950
716	977
716	978
717	28
717	428
717	487
717	751
717	820
717	831
717	861
717	931
717	981
718	827
718	880
718	925
718	947
718	959
718	979
718	987
718	999
718	1000
719	858
719	892
719	915
719	935
719	973
719	976
719	985
719	994
719	995
720	897
720	912
720	942
720	944
720	951
720	954
720	956
720	970
720	975
721	210
721	906
721	966
721	974
721	982
721	986
721	989
721	998
721	1000
722	422
722	713
722	791
722	841
722	849
722	890
722	917
722	950
722	996
723	781
723	782
723	974
723	982
723	989
723	991
723	993
723	996
723	1000
724	424
724	756
724	874
724	927
724	948
724	979
724	987
724	992
724	999
725	94
725	157
725	254
725	600
725	882
725	890
725	926
725	953
725	983
726	209
726	878
726	890
726	895
726	956
726	960
726	977
726	978
726	983
727	43
727	114
727	356
727	359
727	538
727	764
727	861
727	931
727	981
728	319
728	561
728	742
728	780
728	787
728	910
728	913
728	915
728	983
729	558
729	741
729	774
729	909
729	919
729	957
729	962
729	972
729	999
730	3
730	881
730	964
730	973
730	976
730	980
730	985
730	988
730	995
731	550
731	742
731	794
731	833
731	873
731	878
731	890
731	960
731	983
732	743
732	827
732	876
732	901
732	923
732	928
732	952
732	961
732	971
733	130
733	573
733	580
733	657
733	677
733	744
733	810
733	845
733	870
733	963
734	743
734	896
734	920
734	949
734	958
734	982
734	986
734	991
734	993
734	998
735	530
735	566
735	586
735	685
735	764
735	869
735	885
735	931
735	968
735	981
736	938
736	966
736	987
736	989
736	990
736	991
736	993
736	996
736	998
736	1000
737	220
737	265
737	565
737	747
737	790
737	843
737	857
737	922
737	928
737	952
738	881
738	942
738	964
738	973
738	976
738	980
738	985
738	988
738	995
738	997
739	506
739	780
739	934
739	939
739	973
739	980
739	985
739	988
739	995
739	997
740	142
740	547
740	936
740	938
740	945
740	971
740	982
740	989
740	996
740	1000
741	467
741	729
741	851
741	894
741	908
741	909
741	919
741	957
741	962
741	972
742	567
742	728
742	731
742	762
742	784
742	836
742	837
742	915
742	960
742	978
743	121
743	216
743	584
743	732
743	734
743	928
743	952
743	961
743	969
743	971
744	485
744	714
744	733
744	810
744	823
744	870
744	900
744	905
744	930
744	963
745	384
745	588
745	833
745	873
745	910
745	926
745	950
745	970
745	977
745	983
746	78
746	199
746	360
746	499
746	714
746	870
746	900
746	905
746	963
746	984
747	403
747	596
747	691
747	737
747	845
747	870
747	877
747	891
747	905
747	930
748	484
748	813
748	886
748	928
748	929
748	952
748	956
748	961
748	969
748	971
749	840
749	892
749	934
749	935
749	964
749	968
749	972
749	976
749	980
749	994
750	712
750	897
750	903
750	912
750	944
750	951
750	954
750	956
750	970
750	975
751	124
751	276
751	478
751	641
751	717
751	757
751	769
751	869
751	931
751	981
752	32
752	574
752	710
752	753
752	765
752	856
752	878
752	913
752	926
752	960
753	125
753	519
753	752
753	833
753	862
753	926
753	950
753	960
753	978
753	983
754	934
754	940
754	976
754	980
754	985
754	988
754	994
754	995
754	997
754	1000
755	151
755	209
755	678
755	716
755	798
755	878
755	913
755	917
755	926
755	960
756	569
756	595
756	708
756	724
756	904
756	911
756	979
756	987
756	992
756	999
757	97
757	359
757	641
757	645
757	751
757	764
757	808
757	885
757	931
757	981
758	360
758	712
758	851
758	866
758	894
758	908
758	919
758	957
758	962
758	972
759	508
759	776
759	958
759	982
759	986
759	989
759	993
759	996
759	998
759	1000
760	896
760	927
760	958
760	982
760	986
760	990
760	991
760	996
760	998
760	1000
761	616
761	945
761	966
761	982
761	986
761	989
761	990
761	996
761	998
761	1000
762	742
762	811
762	883
762	884
762	888
762	907
762	916
762	943
762	953
762	967
763	657
763	933
763	958
763	982
763	986
763	989
763	990
763	993
763	996
763	998
764	369
764	586
764	628
764	689
764	727
764	735
764	757
764	869
764	931
764	981
765	35
765	102
765	364
765	689
765	752
765	833
765	915
765	977
765	978
765	997
766	120
766	203
766	234
766	319
766	599
766	791
766	841
766	855
766	895
766	913
766	926
767	74
767	897
767	903
767	912
767	942
767	944
767	951
767	954
767	956
767	970
767	975
768	74
768	244
768	572
768	616
768	686
768	777
768	841
768	941
768	955
768	965
768	984
769	83
769	181
769	487
769	571
769	685
769	751
769	808
769	848
769	885
769	931
769	981
770	134
770	632
770	649
770	709
770	855
770	878
770	926
770	950
770	977
770	983
770	998
771	781
771	958
771	974
771	982
771	986
771	987
771	989
771	990
771	991
771	993
771	996
772	92
772	209
772	648
772	798
772	910
772	911
772	913
772	915
772	917
772	960
772	983
773	348
773	574
773	649
773	663
773	710
773	713
773	821
773	873
773	918
773	977
773	983
774	327
774	665
774	729
774	851
774	866
774	894
774	908
774	919
774	957
774	962
774	972
775	603
775	804
775	859
775	892
775	939
775	968
775	976
775	985
775	994
775	995
775	997
776	682
776	759
776	938
776	949
776	958
776	974
776	986
776	989
776	990
776	993
776	996
777	363
777	650
777	768
777	812
777	850
777	871
777	924
777	932
777	955
777	965
777	984
778	174
778	330
778	481
778	612
778	835
778	857
778	876
778	922
778	928
778	929
778	961
779	568
779	824
779	892
779	939
779	940
779	968
779	985
779	988
779	994
779	995
779	997
780	421
780	457
780	463
780	531
780	561
780	728
780	739
780	832
780	910
780	917
780	983
781	131
781	670
781	723
781	771
781	795
781	828
781	945
781	982
781	991
781	993
781	1000
782	89
782	723
782	818
782	853
782	911
782	927
782	959
782	979
782	987
782	992
782	999
783	225
783	273
783	406
783	434
783	438
783	619
783	810
783	900
783	905
783	930
783	963
784	632
784	648
784	701
784	709
784	742
784	890
784	896
784	917
784	950
784	977
784	978
785	897
785	903
785	912
785	942
785	944
785	951
785	954
785	956
785	970
785	975
785	982
786	879
786	918
786	925
786	929
786	947
786	948
786	959
786	979
786	987
786	992
786	999
787	728
787	897
787	903
787	912
787	942
787	944
787	951
787	954
787	956
787	970
787	975
788	3
788	266
788	584
788	640
788	794
788	799
788	838
788	876
788	923
788	961
788	969
788	971
789	846
789	902
789	906
789	949
789	982
789	989
789	990
789	991
789	993
789	996
789	998
789	1000
790	570
790	591
790	737
790	838
790	886
790	889
790	901
790	928
790	929
790	952
790	969
790	971
791	348
791	418
791	705
791	722
791	766
791	812
791	895
791	915
791	917
791	922
791	950
791	983
792	24
792	615
792	633
792	803
792	854
792	883
792	887
792	888
792	907
792	937
792	953
792	967
793	89
793	391
793	630
793	707
793	708
793	903
793	904
793	947
793	959
793	979
793	987
793	992
794	113
794	180
794	337
794	565
794	731
794	788
794	857
794	876
794	952
794	961
794	969
794	992
795	520
795	781
795	912
795	938
795	945
795	974
795	986
795	990
795	991
795	996
795	998
795	1000
796	819
796	906
796	920
796	929
796	946
796	949
796	958
796	986
796	991
796	993
796	996
796	998
797	891
797	893
797	896
797	946
797	949
797	958
797	982
797	986
797	990
797	991
797	996
797	1000
798	631
798	649
798	652
798	710
798	755
798	772
798	841
798	895
798	941
798	950
798	978
798	983
799	460
799	664
799	788
799	822
799	872
799	886
799	889
799	923
799	952
799	969
799	971
799	980
800	303
800	503
800	830
800	867
800	868
800	892
800	914
800	939
800	980
800	994
800	995
800	997
801	317
801	547
801	928
801	946
801	958
801	974
801	982
801	986
801	990
801	991
801	993
801	1000
802	906
802	921
802	949
802	958
802	966
802	979
802	982
802	986
802	989
802	990
802	993
802	998
803	252
803	642
803	792
803	847
803	934
803	935
803	939
803	964
803	976
803	985
803	988
803	994
804	90
804	482
804	630
804	775
804	935
804	964
804	968
804	976
804	980
804	985
804	994
804	995
805	23
805	471
805	854
805	883
805	887
805	888
805	902
805	907
805	937
805	943
805	967
805	969
806	278
806	383
806	852
806	873
806	939
806	968
806	973
806	976
806	988
806	994
806	995
806	997
807	175
807	374
807	502
807	579
807	884
807	888
807	902
807	907
807	916
807	937
807	943
807	967
808	214
808	361
808	566
808	586
808	641
808	757
808	769
808	820
808	931
808	966
808	981
808	992
809	368
809	700
809	883
809	884
809	888
809	906
809	907
809	916
809	937
809	943
809	953
809	967
810	44
810	464
810	691
810	733
810	744
810	783
810	845
810	870
810	877
810	891
810	900
810	905
810	963
811	404
811	762
811	854
811	884
811	888
811	902
811	907
811	916
811	920
811	937
811	943
811	953
811	967
812	444
812	658
812	666
812	777
812	791
812	822
812	850
812	875
812	924
812	941
812	955
812	965
812	984
813	337
813	412
813	484
813	748
813	856
813	865
813	872
813	886
813	901
813	928
813	952
813	969
813	971
814	480
814	692
814	826
814	921
814	951
814	966
814	974
814	977
814	989
814	990
814	996
814	998
814	1000
815	401
815	708
815	824
815	834
815	881
815	904
815	925
815	927
815	948
815	979
815	987
815	992
815	999
816	879
816	897
816	899
816	903
816	912
816	942
816	944
816	951
816	954
816	956
816	967
816	970
816	975
817	303
817	400
817	862
817	868
817	881
817	934
817	935
817	940
817	964
817	968
817	973
817	985
817	994
818	561
818	782
818	898
818	916
818	918
818	927
818	947
818	948
818	959
818	979
818	987
818	992
818	999
819	796
819	933
819	935
819	946
819	949
819	966
819	974
819	982
819	989
819	990
819	991
819	998
819	1000
820	243
820	296
820	359
820	505
820	524
820	645
820	667
820	717
820	808
820	869
820	885
820	931
820	981
821	493
821	529
821	561
821	567
821	607
821	701
821	773
821	873
821	926
821	960
821	977
821	978
821	983
822	412
822	460
822	799
822	812
822	842
822	843
822	872
822	901
822	922
822	923
822	928
822	931
822	971
823	256
823	559
823	627
823	669
823	744
823	839
823	871
823	932
823	941
823	955
823	958
823	965
823	984
824	779
824	815
824	874
824	880
824	904
824	918
824	927
824	948
824	959
824	979
824	987
824	992
824	999
825	554
825	859
825	860
825	897
825	899
825	903
825	912
825	942
825	944
825	951
825	954
825	956
825	970
825	975
826	814
826	829
826	844
826	936
826	938
826	945
826	946
826	966
826	982
826	986
826	989
826	990
826	993
826	996
827	25
827	636
827	661
827	718
827	732
827	880
827	918
827	947
827	948
827	959
827	979
827	987
827	992
827	999
828	396
828	690
828	781
828	920
828	921
828	933
828	936
828	982
828	990
828	991
828	993
828	996
828	998
828	1000
829	57
829	84
829	234
829	646
829	701
829	826
829	837
829	855
829	878
829	913
829	960
829	977
829	983
829	997
830	472
830	607
830	800
830	834
830	840
830	867
830	939
830	968
830	973
830	980
830	988
830	994
830	995
830	997
831	717
831	920
831	933
831	938
831	958
831	976
831	982
831	986
831	989
831	990
831	991
831	993
831	998
831	1000
832	102
832	544
832	590
832	780
832	833
832	872
832	873
832	890
832	910
832	926
832	950
832	960
832	978
832	983
833	98
833	134
833	376
833	731
833	745
833	753
833	765
833	832
833	895
833	915
833	926
833	977
833	978
833	983
834	395
834	815
834	830
834	836
834	868
834	935
834	940
834	968
834	973
834	976
834	985
834	994
834	995
834	997
835	226
835	778
835	872
835	876
835	886
835	922
835	923
835	929
835	932
835	952
835	961
835	963
835	969
835	971
836	185
836	467
836	600
836	607
836	663
836	716
836	742
836	834
836	855
836	856
836	910
836	915
836	937
836	983
837	366
837	421
837	543
837	548
837	710
837	716
837	742
837	829
837	841
837	856
837	861
837	915
837	960
837	989
838	484
838	788
838	790
838	843
838	865
838	872
838	876
838	889
838	901
838	929
838	952
838	961
838	968
838	969
838	971
839	96
839	627
839	678
839	690
839	823
839	846
839	850
839	871
839	875
839	924
839	932
839	941
839	955
839	965
839	984
840	496
840	629
840	749
840	830
840	964
840	968
840	973
840	976
840	980
840	985
840	988
840	994
840	995
840	997
840	999
841	56
841	129
841	387
841	544
841	574
841	722
841	766
841	768
841	798
841	837
841	890
841	915
841	960
841	978
841	983
842	139
842	194
842	409
842	432
842	610
842	640
842	822
842	843
842	857
842	889
842	922
842	928
842	929
842	952
842	961
843	385
843	553
843	565
843	664
843	737
843	822
843	838
843	842
843	876
843	886
843	923
843	928
843	929
843	936
843	952
844	42
844	658
844	826
844	920
844	921
844	933
844	936
844	945
844	946
844	982
844	989
844	990
844	993
844	998
844	1000
845	225
845	341
845	381
845	464
845	578
845	596
845	733
845	747
845	810
845	870
845	877
845	900
845	905
845	930
845	975
846	80
846	789
846	839
846	906
846	920
846	933
846	936
846	945
846	946
846	966
846	974
846	986
846	989
846	991
846	998
847	90
847	803
847	866
847	892
847	914
847	940
847	968
847	976
847	978
847	980
847	985
847	988
847	994
847	995
847	997
848	769
848	859
848	860
848	897
848	899
848	903
848	912
848	942
848	944
848	951
848	954
848	956
848	970
848	975
848	988
849	112
849	364
849	550
849	632
849	722
849	878
849	881
849	882
849	910
849	913
849	915
849	917
849	926
849	950
849	960
849	972
850	203
850	453
850	627
850	660
850	666
850	669
850	686
850	777
850	812
850	839
850	875
850	932
850	941
850	954
850	965
850	984
851	427
851	542
851	558
851	626
851	741
851	758
851	774
851	866
851	894
851	908
851	909
851	919
851	957
851	962
851	972
851	986
852	21
852	613
852	806
852	921
852	928
852	933
852	966
852	974
852	982
852	986
852	990
852	991
852	993
852	996
852	998
852	1000
853	25
853	526
853	611
853	782
853	874
853	880
853	898
853	918
853	927
853	947
853	948
853	979
853	984
853	987
853	992
853	999
854	217
854	492
854	700
854	792
854	805
854	811
854	883
854	884
854	887
854	895
854	902
854	907
854	937
854	943
854	953
854	967
855	12
855	328
855	513
855	652
855	663
855	766
855	770
855	829
855	836
855	873
855	878
855	895
855	917
855	960
855	974
855	983
856	75
856	125
856	531
856	609
856	752
856	813
856	836
856	837
856	882
856	890
856	913
856	917
856	926
856	950
856	977
856	978
857	77
857	88
857	273
857	389
857	737
857	778
857	794
857	842
857	902
857	922
857	923
857	928
857	952
857	969
857	971
857	980
858	128
858	321
858	333
858	447
858	495
858	496
858	706
858	719
858	864
858	968
858	973
858	976
858	980
858	985
858	994
858	995
859	629
859	775
859	825
859	848
859	860
859	897
859	899
859	903
859	912
859	942
859	944
859	951
859	954
859	956
859	970
859	975
860	663
860	825
860	848
860	859
860	873
860	897
860	899
860	903
860	912
860	942
860	944
860	951
860	954
860	956
860	970
860	975
861	26
861	98
861	143
861	214
861	342
861	538
861	566
861	641
861	645
861	667
861	717
861	727
861	837
861	885
861	931
861	981
862	171
862	472
862	474
862	625
862	753
862	817
862	864
862	939
862	964
862	968
862	973
862	976
862	980
862	985
862	988
862	994
862	997
863	167
863	184
863	379
863	501
863	559
863	627
863	656
863	658
863	690
863	875
863	932
863	941
863	955
863	958
863	965
863	984
863	988
864	271
864	455
864	502
864	858
864	862
864	867
864	868
864	881
864	914
864	968
864	973
864	976
864	980
864	985
864	988
864	994
864	997
865	201
865	385
865	481
865	521
865	636
865	813
865	838
865	872
865	889
865	921
865	922
865	923
865	928
865	929
865	961
865	969
865	971
866	37
866	219
866	322
866	542
866	585
866	635
866	712
866	758
866	774
866	847
866	851
866	894
866	909
866	919
866	957
866	962
866	964
866	972
867	302
867	531
867	800
867	830
867	864
867	934
867	935
867	939
867	940
867	958
867	964
867	968
867	973
867	976
867	985
867	988
867	995
867	997
868	148
868	450
868	474
868	800
868	817
868	834
868	864
868	881
868	892
868	940
868	964
868	976
868	980
868	986
868	987
868	988
868	994
868	995
869	104
869	232
869	261
869	342
869	538
869	566
869	571
869	628
869	645
869	685
869	698
869	735
869	751
869	764
869	820
869	885
869	981
869	990
870	149
870	281
870	310
870	539
870	578
870	733
870	744
870	746
870	747
870	810
870	845
870	877
870	891
870	900
870	905
870	925
870	930
870	963
871	594
871	634
871	650
871	655
871	660
871	662
871	690
871	777
871	823
871	839
871	875
871	894
871	914
871	924
871	941
871	955
871	965
871	984
872	262
872	432
872	517
872	799
872	813
872	822
872	832
872	835
872	838
872	865
872	886
872	894
872	922
872	923
872	928
872	952
872	961
872	969
873	426
873	607
873	646
873	697
873	705
873	731
873	745
873	773
873	806
873	821
873	832
873	855
873	860
873	913
873	950
873	977
873	978
873	983
874	108
874	507
874	594
874	694
874	724
874	824
874	853
874	879
874	880
874	898
874	918
874	927
874	947
874	948
874	979
874	980
874	987
874	992
874	999
875	24
875	178
875	335
875	556
875	616
875	634
875	650
875	655
875	686
875	812
875	839
875	850
875	863
875	871
875	924
875	932
875	937
875	955
875	965
876	77
876	475
876	565
876	653
876	664
876	732
876	778
876	788
876	794
876	835
876	838
876	843
876	879
876	901
876	922
876	929
876	952
876	961
876	969
877	123
877	225
877	341
877	403
877	485
877	535
877	573
877	578
877	619
877	677
877	747
877	810
877	845
877	870
877	905
877	930
877	940
877	963
877	997
878	36
878	87
878	188
878	351
878	544
878	701
878	716
878	726
878	731
878	752
878	755
878	770
878	829
878	849
878	855
878	977
878	978
878	983
878	995
879	10
879	197
879	441
879	461
879	569
879	644
879	786
879	816
879	874
879	876
879	904
879	918
879	925
879	927
879	948
879	979
879	987
879	992
879	999
880	680
880	693
880	718
880	824
880	827
880	853
880	874
880	898
880	917
880	918
880	925
880	927
880	947
880	948
880	959
880	979
880	987
880	992
880	999
881	449
881	707
881	730
881	738
881	815
881	817
881	849
881	864
881	868
881	934
881	964
881	968
881	973
881	976
881	985
881	988
881	994
881	995
881	997
882	125
882	249
882	283
882	548
882	614
882	623
882	652
882	689
882	713
882	725
882	849
882	856
882	910
882	913
882	917
882	926
882	950
882	977
882	978
882	982
883	189
883	325
883	384
883	471
883	683
883	762
883	792
883	805
883	809
883	854
883	884
883	887
883	888
883	893
883	902
883	907
883	937
883	943
883	953
883	967
884	476
884	615
884	683
884	700
884	762
884	807
884	809
884	811
884	854
884	883
884	887
884	888
884	902
884	913
884	916
884	937
884	943
884	953
884	967
884	1000
885	119
885	181
885	261
885	378
885	478
885	487
885	518
885	530
885	586
885	589
885	685
885	735
885	757
885	769
885	820
885	861
885	869
885	931
885	966
885	981
886	241
886	363
886	494
886	748
886	790
886	799
886	813
886	835
886	843
886	872
886	901
886	923
886	928
886	929
886	948
886	952
886	961
886	969
886	971
886	981
887	14
887	137
887	289
887	394
887	417
887	615
887	656
887	792
887	805
887	854
887	883
887	884
887	888
887	902
887	907
887	916
887	937
887	943
887	953
887	967
888	14
888	17
888	189
888	435
888	762
888	792
888	805
888	807
888	809
888	811
888	883
888	884
888	887
888	902
888	907
888	916
888	937
888	943
888	953
888	959
888	967
889	99
889	132
889	282
889	330
889	352
889	470
889	484
889	521
889	790
889	799
889	838
889	842
889	865
889	901
889	922
889	923
889	929
889	952
889	961
889	971
889	1000
890	313
890	376
890	546
890	599
890	632
890	710
890	722
890	725
890	726
890	731
890	784
890	832
890	841
890	856
890	895
890	917
890	939
890	950
890	960
890	978
890	979
891	70
891	82
891	198
891	230
891	248
891	281
891	403
891	434
891	438
891	456
891	464
891	485
891	499
891	539
891	747
891	797
891	810
891	870
891	930
891	938
891	963
892	439
892	692
892	719
892	749
892	775
892	779
892	800
892	847
892	868
892	898
892	914
892	935
892	939
892	940
892	968
892	973
892	976
892	985
892	988
892	994
892	995
892	997
893	650
893	671
893	797
893	883
893	896
893	906
893	921
893	933
893	936
893	946
893	949
893	966
893	974
893	982
893	986
893	989
893	990
893	991
893	993
893	996
893	998
893	1000
894	37
894	219
894	451
894	462
894	626
894	635
894	676
894	712
894	741
894	758
894	774
894	851
894	866
894	871
894	872
894	908
894	909
894	919
894	957
894	962
894	967
894	972
895	59
895	120
895	308
895	352
895	567
895	574
895	651
895	713
895	726
895	766
895	791
895	798
895	833
895	854
895	855
895	890
895	910
895	926
895	965
895	977
895	978
895	983
896	294
896	627
896	647
896	734
896	760
896	784
896	797
896	893
896	936
896	938
896	945
896	946
896	949
896	958
896	966
896	986
896	989
896	990
896	991
896	993
896	998
896	1000
897	684
897	720
897	750
897	767
897	785
897	787
897	816
897	825
897	848
897	859
897	860
897	899
897	903
897	912
897	942
897	944
897	951
897	954
897	956
897	970
897	975
897	998
897	999
898	34
898	461
898	553
898	644
898	694
898	702
898	818
898	853
898	874
898	880
898	892
898	904
898	911
898	918
898	925
898	943
898	947
898	948
898	959
898	979
898	987
898	992
898	999
899	372
899	525
899	591
899	598
899	618
899	682
899	703
899	816
899	825
899	848
899	859
899	860
899	897
899	903
899	912
899	922
899	942
899	944
899	951
899	954
899	956
899	970
899	975
900	78
900	82
900	199
900	310
900	381
900	406
900	438
900	443
900	465
900	573
900	580
900	619
900	677
900	714
900	744
900	746
900	783
900	810
900	845
900	870
900	905
900	933
900	939
900	963
901	43
901	210
901	321
901	475
901	481
901	527
901	565
901	610
901	617
901	633
901	640
901	732
901	790
901	813
901	822
901	838
901	876
901	886
901	889
901	928
901	961
901	969
901	971
901	992
902	23
902	187
902	318
902	394
902	415
902	477
902	512
902	579
902	683
902	789
902	805
902	807
902	811
902	854
902	857
902	883
902	884
902	887
902	888
902	907
902	937
902	943
902	951
902	953
902	967
903	473
903	583
903	637
903	682
903	711
903	750
903	767
903	785
903	787
903	793
903	816
903	825
903	848
903	859
903	860
903	897
903	899
903	912
903	942
903	944
903	951
903	954
903	956
903	970
903	975
904	215
904	269
904	532
904	575
904	606
904	645
904	680
904	694
904	756
904	793
904	815
904	824
904	879
904	898
904	918
904	925
904	927
904	933
904	947
904	948
904	959
904	979
904	987
904	992
904	999
905	123
905	182
905	310
905	314
905	360
905	438
905	465
905	517
905	578
905	596
905	677
905	691
905	714
905	744
905	746
905	747
905	783
905	810
905	845
905	870
905	877
905	900
905	930
905	963
905	994
906	48
906	73
906	115
906	721
906	789
906	796
906	802
906	809
906	846
906	893
906	921
906	938
906	946
906	949
906	966
906	974
906	982
906	986
906	989
906	990
906	991
906	993
906	996
906	998
906	1000
907	173
907	279
907	305
907	343
907	349
907	512
907	522
907	582
907	700
907	762
907	792
907	805
907	807
907	809
907	811
907	854
907	883
907	887
907	888
907	902
907	916
907	937
907	943
907	953
907	967
908	29
908	118
908	147
908	168
908	219
908	231
908	293
908	336
908	429
908	439
908	482
908	570
908	585
908	676
908	712
908	741
908	758
908	774
908	851
908	894
908	909
908	919
908	957
908	962
908	972
908	983
909	27
909	118
909	176
909	224
909	240
909	293
909	393
909	425
909	427
909	558
909	585
909	611
909	635
909	676
909	712
909	729
909	741
909	851
909	866
909	894
909	908
909	919
909	947
909	957
909	962
909	972
910	107
910	254
910	351
910	386
910	554
910	649
910	689
910	728
910	745
910	772
910	780
910	832
910	836
910	849
910	882
910	895
910	917
910	921
910	926
910	950
910	960
910	974
910	977
910	978
910	983
910	990
911	66
911	193
911	207
911	297
911	301
911	315
911	523
911	553
911	575
911	606
911	661
911	702
911	756
911	772
911	782
911	898
911	918
911	925
911	927
911	947
911	948
911	959
911	979
911	985
911	987
911	992
911	999
912	486
912	618
912	659
912	703
912	711
912	713
912	720
912	750
912	767
912	785
912	787
912	795
912	816
912	825
912	848
912	859
912	860
912	897
912	899
912	903
912	942
912	944
912	951
912	954
912	956
912	970
912	975
913	61
913	386
913	463
913	545
913	550
913	552
913	600
913	614
913	631
913	649
913	699
913	709
913	728
913	752
913	755
913	766
913	772
913	829
913	849
913	856
913	873
913	882
913	884
913	917
913	926
913	950
913	977
914	239
914	278
914	303
914	333
914	620
914	621
914	672
914	675
914	800
914	847
914	864
914	871
914	892
914	934
914	935
914	939
914	940
914	964
914	968
914	973
914	976
914	980
914	985
914	988
914	994
914	995
914	997
915	36
915	54
915	134
915	151
915	366
915	387
915	418
915	493
915	531
915	546
915	653
915	697
915	705
915	719
915	728
915	742
915	765
915	772
915	791
915	833
915	836
915	837
915	841
915	849
915	917
915	977
915	978
915	989
916	14
916	60
916	175
916	187
916	189
916	200
916	349
916	374
916	476
916	477
916	582
916	615
916	683
916	700
916	762
916	807
916	809
916	811
916	818
916	884
916	887
916	888
916	907
916	937
916	943
916	953
916	967
916	984
916	998
917	45
917	249
917	301
917	319
917	534
917	544
917	599
917	638
917	646
917	705
917	722
917	755
917	772
917	780
917	784
917	791
917	849
917	855
917	856
917	880
917	882
917	890
917	910
917	913
917	915
917	960
917	976
917	977
917	983
918	5
918	255
918	420
918	446
918	507
918	680
918	702
918	773
918	786
918	818
918	824
918	827
918	853
918	874
918	879
918	880
918	898
918	904
918	911
918	925
918	934
918	942
918	947
918	948
918	959
918	979
918	987
918	992
918	999
919	158
919	224
919	285
919	327
919	375
919	392
919	393
919	400
919	462
919	542
919	558
919	570
919	626
919	635
919	676
919	729
919	741
919	758
919	774
919	851
919	866
919	894
919	908
919	909
919	949
919	957
919	962
919	972
919	973
919	979
920	488
920	514
920	533
920	671
920	673
920	734
920	796
920	811
920	828
920	831
920	844
920	846
920	933
920	938
920	945
920	946
920	949
920	958
920	963
920	966
920	974
920	982
920	986
920	989
920	990
920	991
920	993
920	996
920	998
920	1000
921	162
921	170
921	382
921	480
921	515
921	674
921	680
921	802
921	814
921	828
921	844
921	852
921	865
921	893
921	906
921	910
921	938
921	945
921	946
921	958
921	966
921	974
921	982
921	986
921	990
921	991
921	993
921	996
921	998
921	1000
922	63
922	99
922	132
922	195
922	265
922	331
922	340
922	432
922	475
922	481
922	576
922	584
922	612
922	633
922	737
922	778
922	791
922	822
922	835
922	842
922	857
922	865
922	872
922	876
922	889
922	899
922	923
922	929
922	971
922	977
923	117
923	121
923	223
923	309
923	321
923	330
923	432
923	565
923	612
923	683
923	732
923	788
923	799
923	822
923	835
923	843
923	857
923	865
923	872
923	886
923	889
923	922
923	928
923	929
923	952
923	961
923	969
923	971
923	985
923	999
924	16
924	50
924	147
924	161
924	166
924	259
924	358
924	405
924	466
924	500
924	501
924	529
924	556
924	572
924	594
924	621
924	638
924	656
924	666
924	678
924	686
924	777
924	812
924	839
924	871
924	875
924	926
924	941
924	955
924	965
924	984
925	81
925	163
925	204
925	221
925	391
925	402
925	497
925	503
925	523
925	611
925	680
925	718
925	786
925	815
925	870
925	879
925	880
925	898
925	904
925	911
925	918
925	927
925	947
925	948
925	959
925	979
925	982
925	987
925	992
925	996
925	999
926	56
926	194
926	306
926	386
926	387
926	550
926	609
926	648
926	699
926	725
926	745
926	752
926	753
926	755
926	766
926	770
926	821
926	832
926	833
926	849
926	856
926	882
926	895
926	910
926	913
926	924
926	944
926	950
926	960
926	979
926	983
927	9
927	26
927	49
927	109
927	179
927	298
927	430
927	461
927	497
927	557
927	560
927	571
927	611
927	630
927	724
927	760
927	782
927	815
927	818
927	824
927	853
927	874
927	879
927	880
927	904
927	911
927	925
927	947
927	979
927	987
927	999
928	220
928	222
928	300
928	309
928	312
928	331
928	363
928	617
928	640
928	732
928	737
928	743
928	748
928	778
928	790
928	801
928	813
928	822
928	842
928	843
928	852
928	857
928	865
928	872
928	886
928	901
928	923
928	929
928	952
928	961
928	968
928	971
929	38
929	201
929	223
929	274
929	312
929	331
929	389
929	494
929	576
929	612
929	617
929	748
929	778
929	786
929	790
929	796
929	835
929	838
929	842
929	843
929	865
929	876
929	886
929	889
929	922
929	923
929	928
929	952
929	961
929	969
929	971
929	998
930	70
930	73
930	149
930	182
930	198
930	230
930	314
930	341
930	355
930	443
930	456
930	464
930	485
930	535
930	537
930	539
930	580
930	596
930	677
930	691
930	744
930	747
930	783
930	845
930	870
930	877
930	891
930	905
930	931
930	950
930	963
930	991
931	28
931	55
931	83
931	183
931	356
931	361
931	369
931	452
931	478
931	487
931	518
931	530
931	540
931	628
931	645
931	667
931	685
931	717
931	727
931	735
931	751
931	757
931	764
931	769
931	808
931	820
931	822
931	861
931	885
931	930
931	951
931	977
931	981
932	1
932	67
932	111
932	160
932	166
932	167
932	174
932	217
932	256
932	259
932	270
932	358
932	371
932	504
932	510
932	559
932	572
932	621
932	634
932	658
932	662
932	668
932	678
932	777
932	823
932	835
932	839
932	850
932	863
932	875
932	941
932	955
932	965
933	227
933	526
933	555
933	624
933	692
933	763
933	819
933	828
933	831
933	844
933	846
933	852
933	893
933	900
933	904
933	920
933	938
933	945
933	946
933	949
933	958
933	966
933	973
933	974
933	982
933	986
933	989
933	990
933	991
933	993
933	996
933	998
933	1000
934	323
934	344
934	353
934	413
934	509
934	549
934	601
934	625
934	641
934	693
934	696
934	706
934	739
934	749
934	754
934	803
934	817
934	867
934	881
934	914
934	918
934	935
934	939
934	940
934	964
934	968
934	973
934	976
934	980
934	985
934	994
934	995
934	997
935	44
935	64
935	350
935	410
935	413
935	433
935	506
935	590
935	597
935	623
935	672
935	696
935	719
935	749
935	803
935	804
935	817
935	819
935	834
935	867
935	892
935	914
935	934
935	940
935	945
935	968
935	973
935	976
935	980
935	985
935	994
935	995
935	997
936	69
936	85
936	326
936	408
936	414
936	428
936	498
936	533
936	740
936	826
936	828
936	843
936	844
936	846
936	893
936	896
936	938
936	945
936	946
936	949
936	958
936	966
936	973
936	974
936	982
936	986
936	989
936	990
936	991
936	993
936	996
936	998
936	1000
937	24
937	31
937	67
937	187
937	190
937	200
937	279
937	445
937	476
937	512
937	522
937	579
937	582
937	615
937	683
937	792
937	805
937	807
937	809
937	811
937	836
937	854
937	875
937	883
937	884
937	887
937	888
937	902
937	907
937	916
937	943
937	949
937	953
937	967
938	262
938	326
938	442
938	459
938	516
938	563
938	736
938	740
938	776
938	795
938	826
938	831
938	891
938	896
938	906
938	920
938	921
938	933
938	936
938	945
938	946
938	958
938	961
938	966
938	974
938	982
938	986
938	989
938	990
938	991
938	993
938	996
938	998
938	1000
939	1
939	454
939	496
939	604
939	623
939	625
939	670
939	693
939	704
939	739
939	775
939	779
939	800
939	803
939	806
939	830
939	862
939	867
939	890
939	892
939	900
939	914
939	934
939	940
939	958
939	968
939	973
939	976
939	980
939	985
939	988
939	994
939	995
939	997
940	72
940	90
940	95
940	191
940	304
940	458
940	581
940	583
940	673
940	695
940	704
940	754
940	779
940	817
940	834
940	847
940	867
940	868
940	877
940	892
940	914
940	934
940	935
940	939
940	964
940	968
940	973
940	976
940	980
940	985
940	988
940	993
940	994
940	995
940	997
941	50
941	166
941	184
941	217
941	256
941	335
941	379
941	380
941	436
941	468
941	504
941	559
941	572
941	621
941	655
941	656
941	660
941	666
941	669
941	768
941	798
941	812
941	823
941	839
941	850
941	863
941	871
941	924
941	932
941	948
941	955
941	965
941	968
941	984
941	991
942	168
942	177
942	338
942	486
942	508
942	551
942	587
942	598
942	622
942	629
942	651
942	659
942	711
942	720
942	738
942	767
942	785
942	787
942	816
942	825
942	848
942	859
942	860
942	897
942	899
942	903
942	912
942	918
942	944
942	951
942	954
942	956
942	970
942	975
942	987
943	17
943	23
943	58
943	67
943	237
943	247
943	325
943	343
943	349
943	394
943	415
943	477
943	492
943	579
943	582
943	700
943	762
943	805
943	807
943	809
943	811
943	854
943	883
943	884
943	887
943	888
943	898
943	902
943	907
943	916
943	937
943	949
943	953
943	964
943	967
943	975
944	136
944	277
944	338
944	473
944	547
944	551
944	598
944	618
944	629
944	637
944	651
944	659
944	682
944	684
944	703
944	711
944	720
944	750
944	767
944	785
944	787
944	816
944	825
944	848
944	859
944	860
944	897
944	899
944	903
944	912
944	926
944	942
944	951
944	954
944	956
944	970
944	975
945	322
945	324
945	515
945	555
945	624
945	654
945	665
945	679
945	681
945	698
945	701
945	740
945	761
945	781
945	795
945	826
945	844
945	846
945	896
945	920
945	921
945	933
945	935
945	936
945	938
945	946
945	949
945	966
945	981
945	982
945	986
945	989
945	990
945	991
945	993
945	998
945	1000
946	316
946	417
946	541
946	557
946	577
946	665
946	673
946	796
946	797
946	801
946	819
946	826
946	844
946	846
946	893
946	896
946	906
946	920
946	921
946	933
946	936
946	938
946	945
946	947
946	949
946	958
946	966
946	974
946	980
946	982
946	985
946	986
946	989
946	990
946	991
946	993
946	996
946	998
947	5
947	275
947	292
947	297
947	329
947	339
947	347
947	405
947	553
947	562
947	575
947	606
947	626
947	661
947	694
947	708
947	718
947	786
947	793
947	818
947	827
947	853
947	874
947	880
947	898
947	904
947	909
947	911
947	918
947	925
947	927
947	946
947	948
947	959
947	979
947	987
947	992
947	999
948	81
948	110
948	239
948	329
948	347
948	401
948	430
948	446
948	536
948	557
948	611
948	680
948	694
948	702
948	724
948	786
948	815
948	818
948	824
948	827
948	853
948	874
948	879
948	880
948	886
948	898
948	904
948	911
948	918
948	925
948	941
948	947
948	959
948	979
948	986
948	987
948	992
948	999
949	2
949	101
949	116
949	206
949	258
949	442
949	564
949	592
949	610
949	671
949	734
949	776
949	789
949	796
949	797
949	802
949	819
949	893
949	896
949	906
949	919
949	920
949	933
949	936
949	937
949	943
949	945
949	946
949	958
949	966
949	982
949	986
949	989
949	990
949	993
949	996
949	998
949	1000
950	92
950	129
950	188
950	218
950	228
950	267
950	346
950	379
950	416
950	457
950	544
950	561
950	600
950	638
950	652
950	663
950	689
950	709
950	716
950	722
950	745
950	753
950	770
950	784
950	791
950	798
950	832
950	849
950	856
950	873
950	882
950	890
950	910
950	913
950	926
950	930
950	960
950	977
950	992
951	20
951	164
951	235
951	424
951	473
951	508
951	551
951	587
951	622
951	651
951	659
951	682
951	684
951	703
951	711
951	720
951	750
951	767
951	785
951	787
951	814
951	816
951	825
951	848
951	859
951	860
951	897
951	899
951	902
951	903
951	912
951	931
951	942
951	944
951	954
951	956
951	970
951	975
951	987
952	88
952	195
952	216
952	223
952	274
952	312
952	399
952	521
952	591
952	610
952	617
952	640
952	664
952	666
952	732
952	737
952	743
952	748
952	790
952	794
952	799
952	813
952	835
952	838
952	842
952	843
952	857
952	872
952	876
952	886
952	889
952	923
952	928
952	929
952	961
952	965
952	969
952	971
952	984
953	31
953	60
953	96
953	137
953	247
953	289
953	318
953	325
953	368
953	374
953	394
953	404
953	476
953	512
953	522
953	567
953	579
953	582
953	615
953	683
953	700
953	725
953	762
953	792
953	809
953	811
953	854
953	883
953	884
953	887
953	888
953	902
953	907
953	916
953	937
953	943
953	959
953	967
953	1000
954	93
954	145
954	410
954	424
954	486
954	525
954	551
954	618
954	622
954	629
954	637
954	651
954	682
954	684
954	697
954	703
954	720
954	750
954	767
954	785
954	787
954	816
954	825
954	848
954	850
954	859
954	860
954	897
954	899
954	903
954	912
954	942
954	944
954	951
954	956
954	970
954	975
954	983
954	996
955	9
955	74
955	111
955	144
955	380
955	437
955	444
955	466
955	468
955	500
955	528
955	559
955	572
955	594
955	616
955	627
955	634
955	658
955	662
955	668
955	669
955	686
955	690
955	768
955	777
955	812
955	823
955	839
955	863
955	871
955	875
955	924
955	932
955	941
955	965
955	969
955	974
955	984
955	994
956	52
956	62
956	127
956	157
956	277
956	338
956	365
956	372
956	525
956	587
956	598
956	622
956	637
956	651
956	659
956	684
956	703
956	711
956	720
956	726
956	748
956	750
956	767
956	785
956	787
956	816
956	825
956	848
956	859
956	860
956	897
956	899
956	903
956	912
956	942
956	944
956	951
956	954
956	970
956	975
957	29
957	133
957	173
957	176
957	240
957	322
957	327
957	336
957	344
957	355
957	393
957	425
957	429
957	435
957	439
957	451
957	482
957	542
957	570
957	585
957	626
957	635
957	676
957	699
957	712
957	729
957	741
957	758
957	774
957	851
957	866
957	894
957	908
957	909
957	919
957	962
957	972
957	982
957	986
957	990
958	141
958	172
958	442
958	445
958	520
958	698
958	715
958	734
958	759
958	760
958	763
958	771
958	776
958	796
958	797
958	801
958	802
958	823
958	831
958	863
958	867
958	896
958	920
958	921
958	933
958	936
958	938
958	939
958	946
958	949
958	966
958	974
958	982
958	989
958	990
958	991
958	993
958	996
958	998
958	1000
959	52
959	112
959	126
959	155
959	193
959	269
959	305
959	311
959	339
959	391
959	402
959	479
959	523
959	557
959	569
959	575
959	644
959	661
959	708
959	718
959	782
959	786
959	793
959	818
959	824
959	827
959	880
959	888
959	898
959	904
959	911
959	918
959	925
959	947
959	948
959	953
959	979
959	982
959	987
959	992
959	999
960	103
960	128
960	150
960	234
960	306
960	312
960	320
960	418
960	463
960	467
960	534
960	543
960	545
960	600
960	614
960	638
960	689
960	709
960	726
960	731
960	742
960	752
960	753
960	755
960	772
960	821
960	829
960	832
960	837
960	841
960	849
960	855
960	890
960	910
960	917
960	926
960	950
960	973
960	977
960	978
960	983
960	989
960	996
961	4
961	13
961	43
961	51
961	77
961	113
961	210
961	222
961	273
961	389
961	409
961	460
961	468
961	470
961	475
961	521
961	584
961	591
961	614
961	633
961	636
961	664
961	732
961	743
961	748
961	778
961	788
961	794
961	835
961	838
961	842
961	865
961	872
961	876
961	886
961	889
961	901
961	923
961	928
961	929
961	938
961	952
961	969
961	971
962	22
962	27
962	37
962	75
962	122
962	133
962	158
962	285
962	336
962	344
962	355
962	375
962	392
962	393
962	400
962	425
962	427
962	429
962	435
962	439
962	451
962	462
962	482
962	519
962	542
962	570
962	574
962	626
962	635
962	676
962	712
962	729
962	741
962	758
962	774
962	851
962	866
962	894
962	908
962	909
962	919
962	957
962	972
962	976
962	983
963	70
963	82
963	105
963	136
963	149
963	199
963	230
963	241
963	248
963	310
963	314
963	341
963	381
963	423
963	443
963	456
963	464
963	465
963	485
963	499
963	535
963	537
963	539
963	573
963	578
963	580
963	596
963	657
963	677
963	691
963	714
963	733
963	744
963	746
963	783
963	810
963	835
963	870
963	877
963	891
963	900
963	905
963	920
963	930
963	988
964	15
964	54
964	186
964	231
964	233
964	326
964	370
964	433
964	449
964	450
964	458
964	460
964	510
964	595
964	603
964	620
964	670
964	675
964	696
964	704
964	707
964	730
964	738
964	749
964	803
964	804
964	817
964	840
964	862
964	866
964	867
964	868
964	881
964	914
964	934
964	940
964	943
964	968
964	973
964	980
964	985
964	988
964	994
964	995
964	997
965	53
965	147
965	160
965	184
965	203
965	229
965	358
965	371
965	380
965	396
965	436
965	444
965	466
965	468
965	500
965	504
965	529
965	559
965	585
965	634
965	655
965	656
965	658
965	660
965	662
965	666
965	668
965	669
965	686
965	690
965	768
965	777
965	812
965	823
965	839
965	850
965	863
965	871
965	875
965	895
965	924
965	932
965	941
965	952
965	955
965	981
965	984
966	268
966	295
966	326
966	390
966	431
966	483
966	490
966	577
966	606
966	665
966	674
966	679
966	692
966	721
966	736
966	761
966	802
966	808
966	814
966	819
966	826
966	846
966	852
966	885
966	893
966	896
966	906
966	920
966	921
966	933
966	936
966	938
966	945
966	946
966	949
966	958
966	974
966	982
966	986
966	988
966	989
966	990
966	991
966	993
966	996
966	997
966	998
966	1000
967	17
967	31
967	58
967	60
967	96
967	137
967	175
967	190
967	200
967	247
967	279
967	289
967	318
967	325
967	349
967	368
967	374
967	404
967	415
967	471
967	477
967	492
967	522
967	556
967	582
967	615
967	683
967	700
967	762
967	792
967	805
967	807
967	809
967	811
967	816
967	854
967	883
967	884
967	887
967	888
967	894
967	902
967	907
967	916
967	937
967	943
967	953
967	988
967	998
968	1
968	6
968	286
968	413
968	450
968	454
968	472
968	568
968	583
968	608
968	620
968	642
968	643
968	672
968	675
968	688
968	735
968	749
968	775
968	779
968	804
968	806
968	817
968	830
968	834
968	838
968	840
968	847
968	858
968	862
968	864
968	867
968	881
968	892
968	914
968	928
968	934
968	935
968	939
968	940
968	941
968	964
968	973
968	976
968	980
968	985
968	988
968	994
968	995
968	996
968	997
969	13
969	113
969	132
969	146
969	195
969	201
969	222
969	226
969	241
969	243
969	265
969	300
969	309
969	337
969	340
969	363
969	409
969	412
969	484
969	494
969	591
969	610
969	617
969	633
969	636
969	640
969	664
969	743
969	748
969	788
969	790
969	794
969	799
969	805
969	813
969	835
969	838
969	857
969	865
969	872
969	876
969	886
969	901
969	923
969	929
969	952
969	955
969	961
969	971
969	983
969	995
969	998
970	20
970	62
970	93
970	127
970	145
970	164
970	177
970	235
970	365
970	372
970	410
970	465
970	473
970	486
970	489
970	508
970	525
970	551
970	568
970	587
970	598
970	618
970	622
970	629
970	637
970	659
970	682
970	684
970	703
970	711
970	720
970	745
970	750
970	767
970	785
970	787
970	816
970	825
970	848
970	859
970	860
970	897
970	899
970	903
970	912
970	942
970	944
970	951
970	954
970	956
970	975
970	977
970	985
971	4
971	38
971	40
971	63
971	99
971	100
971	121
971	139
971	180
971	226
971	262
971	282
971	287
971	294
971	321
971	330
971	340
971	385
971	460
971	492
971	494
971	517
971	584
971	610
971	612
971	633
971	636
971	664
971	732
971	740
971	743
971	748
971	788
971	790
971	799
971	813
971	822
971	835
971	838
971	857
971	865
971	886
971	889
971	901
971	922
971	923
971	928
971	929
971	952
971	961
971	969
971	974
971	988
971	989
972	22
972	27
972	29
972	75
972	118
972	122
972	133
972	158
972	173
972	224
972	240
972	285
972	293
972	296
972	322
972	327
972	336
972	344
972	355
972	375
972	392
972	400
972	425
972	427
972	429
972	435
972	451
972	462
972	471
972	482
972	542
972	558
972	570
972	585
972	626
972	635
972	676
972	706
972	712
972	729
972	741
972	749
972	758
972	774
972	849
972	851
972	866
972	894
972	908
972	909
972	919
972	957
972	962
972	978
973	71
973	79
973	202
973	350
973	407
973	433
973	490
973	491
973	495
973	506
973	597
973	605
973	623
973	670
973	672
973	675
973	688
973	695
973	696
973	706
973	719
973	730
973	738
973	739
973	806
973	817
973	830
973	834
973	840
973	858
973	862
973	864
973	867
973	881
973	892
973	914
973	919
973	933
973	934
973	935
973	936
973	939
973	940
973	960
973	964
973	968
973	976
973	980
973	985
973	988
973	991
973	994
973	995
973	997
974	7
974	21
974	65
974	97
974	159
974	161
974	227
974	251
974	268
974	315
974	324
974	453
974	479
974	515
974	520
974	547
974	552
974	555
974	613
974	647
974	674
974	681
974	687
974	698
974	721
974	723
974	771
974	776
974	795
974	801
974	814
974	819
974	846
974	852
974	855
974	893
974	906
974	910
974	920
974	921
974	933
974	936
974	938
974	946
974	955
974	958
974	966
974	971
974	982
974	989
974	991
974	993
974	996
974	998
974	1000
975	20
975	62
975	93
975	127
975	145
975	164
975	177
975	235
975	277
975	306
975	338
975	365
975	372
975	410
975	424
975	473
975	486
975	508
975	525
975	551
975	587
975	592
975	598
975	618
975	622
975	629
975	637
975	651
975	659
975	682
975	684
975	703
975	711
975	720
975	750
975	767
975	785
975	787
975	816
975	825
975	845
975	848
975	859
975	860
975	897
975	899
975	903
975	912
975	942
975	943
975	944
975	951
975	954
975	956
975	970
975	994
975	1000
976	6
976	15
976	72
976	79
976	103
976	186
976	272
976	383
976	398
976	447
976	510
976	545
976	583
976	590
976	601
976	603
976	605
976	608
976	620
976	623
976	643
976	675
976	695
976	719
976	730
976	738
976	749
976	754
976	775
976	803
976	804
976	806
976	831
976	834
976	840
976	847
976	858
976	862
976	864
976	867
976	868
976	881
976	892
976	914
976	917
976	934
976	935
976	939
976	940
976	962
976	968
976	973
976	980
976	985
976	988
976	994
976	995
976	997
977	98
977	150
977	213
977	283
977	313
977	319
977	328
977	351
977	384
977	386
977	418
977	457
977	493
977	511
977	519
977	531
977	546
977	548
977	550
977	554
977	567
977	602
977	609
977	614
977	632
977	639
977	649
977	663
977	697
977	710
977	716
977	726
977	745
977	765
977	770
977	773
977	784
977	814
977	821
977	829
977	833
977	856
977	873
977	878
977	882
977	895
977	910
977	913
977	915
977	917
977	922
977	931
977	950
977	960
977	970
977	978
977	983
977	989
978	19
978	36
978	45
978	57
978	61
978	107
978	267
978	290
978	320
978	328
978	364
978	407
978	421
978	422
978	513
978	514
978	534
978	543
978	545
978	548
978	554
978	581
978	609
978	632
978	639
978	646
978	653
978	697
978	699
978	701
978	709
978	710
978	716
978	726
978	742
978	753
978	765
978	784
978	798
978	821
978	832
978	833
978	841
978	847
978	856
978	873
978	878
978	882
978	890
978	895
978	910
978	915
978	960
978	972
978	977
978	983
978	986
978	998
979	10
979	39
979	49
979	81
979	126
979	131
979	155
979	169
979	284
979	292
979	297
979	301
979	315
979	345
979	357
979	402
979	441
979	446
979	497
979	503
979	507
979	532
979	553
979	557
979	560
979	569
979	577
979	630
979	644
979	661
979	694
979	708
979	718
979	724
979	756
979	782
979	786
979	793
979	802
979	815
979	818
979	824
979	827
979	853
979	874
979	879
979	880
979	890
979	898
979	904
979	911
979	918
979	919
979	925
979	926
979	927
979	947
979	948
979	959
979	983
979	987
979	992
979	999
980	6
980	110
980	208
980	263
980	272
980	302
980	303
980	353
980	366
980	370
980	447
980	448
980	454
980	458
980	472
980	495
980	502
980	509
980	549
980	595
980	601
980	603
980	604
980	605
980	608
980	643
980	688
980	695
980	696
980	704
980	707
980	730
980	738
980	739
980	749
980	754
980	799
980	800
980	804
980	830
980	840
980	847
980	857
980	858
980	862
980	864
980	868
980	874
980	914
980	934
980	935
980	939
980	940
980	946
980	964
980	968
980	973
980	976
980	985
980	988
980	995
980	997
980	1000
981	11
981	26
981	28
981	41
981	46
981	51
981	55
981	83
981	104
981	114
981	119
981	138
981	143
981	181
981	183
981	214
981	232
981	261
981	276
981	296
981	342
981	356
981	359
981	361
981	369
981	378
981	399
981	428
981	452
981	478
981	487
981	505
981	518
981	530
981	538
981	540
981	566
981	571
981	586
981	628
981	641
981	645
981	667
981	685
981	717
981	727
981	735
981	751
981	757
981	764
981	769
981	808
981	820
981	861
981	869
981	885
981	886
981	931
981	945
981	965
981	987
981	992
981	995
982	7
982	69
982	162
982	172
982	211
982	295
982	324
982	408
982	431
982	498
982	499
982	515
982	516
982	552
982	589
982	654
982	673
982	674
982	681
982	687
982	721
982	723
982	734
982	740
982	759
982	760
982	761
982	763
982	771
982	781
982	785
982	789
982	797
982	801
982	802
982	819
982	826
982	828
982	831
982	844
982	852
982	882
982	893
982	906
982	920
982	921
982	925
982	933
982	936
982	938
982	945
982	946
982	949
982	957
982	958
982	959
982	966
982	974
982	986
982	989
982	990
982	991
982	996
982	998
982	1000
983	8
983	19
983	61
983	84
983	92
983	94
983	112
983	129
983	218
983	254
983	308
983	320
983	364
983	366
983	376
983	426
983	463
983	493
983	511
983	543
983	545
983	588
983	600
983	602
983	614
983	652
983	663
983	679
983	699
983	705
983	709
983	713
983	725
983	726
983	728
983	731
983	745
983	753
983	770
983	772
983	773
983	780
983	791
983	798
983	821
983	829
983	832
983	833
983	836
983	841
983	855
983	873
983	878
983	895
983	908
983	910
983	917
983	926
983	954
983	960
983	962
983	969
983	977
983	978
983	979
984	16
984	50
984	53
984	106
984	111
984	144
984	167
984	174
984	178
984	229
984	244
984	259
984	270
984	335
984	371
984	380
984	396
984	405
984	436
984	437
984	444
984	466
984	468
984	500
984	501
984	504
984	528
984	556
984	572
984	594
984	616
984	621
984	627
984	634
984	650
984	655
984	656
984	658
984	660
984	662
984	666
984	668
984	669
984	678
984	686
984	690
984	746
984	768
984	777
984	812
984	823
984	839
984	850
984	853
984	863
984	871
984	916
984	924
984	941
984	952
984	955
984	965
984	994
984	995
984	1000
985	33
985	64
985	95
985	191
985	231
985	245
985	252
985	263
985	343
985	353
985	388
985	407
985	411
985	440
985	447
985	509
985	524
985	527
985	549
985	595
985	601
985	608
985	625
985	642
985	643
985	672
985	695
985	704
985	706
985	707
985	719
985	730
985	738
985	739
985	754
985	775
985	779
985	803
985	804
985	817
985	834
985	840
985	847
985	858
985	862
985	864
985	867
985	881
985	892
985	911
985	914
985	923
985	934
985	935
985	939
985	940
985	946
985	964
985	968
985	970
985	973
985	976
985	980
985	988
985	994
985	995
985	997
986	76
986	101
986	142
986	227
986	258
986	291
986	346
986	377
986	390
986	419
986	480
986	483
986	489
986	498
986	526
986	533
986	541
986	547
986	555
986	592
986	613
986	647
986	671
986	679
986	692
986	715
986	721
986	734
986	759
986	760
986	761
986	763
986	771
986	776
986	795
986	796
986	797
986	801
986	802
986	826
986	831
986	846
986	851
986	852
986	868
986	893
986	896
986	906
986	920
986	921
986	933
986	936
986	938
986	945
986	946
986	948
986	949
986	957
986	966
986	978
986	982
986	989
986	990
986	991
986	993
986	996
986	997
986	998
986	1000
987	30
987	34
987	39
987	47
987	66
987	108
987	130
987	135
987	169
987	193
987	207
987	221
987	238
987	239
987	280
987	284
987	298
987	305
987	311
987	334
987	339
987	345
987	402
987	420
987	441
987	446
987	479
987	523
987	532
987	536
987	557
987	560
987	562
987	611
987	630
987	648
987	661
987	674
987	680
987	702
987	718
987	724
987	736
987	756
987	771
987	782
987	786
987	793
987	815
987	818
987	824
987	827
987	853
987	868
987	874
987	879
987	880
987	898
987	904
987	911
987	918
987	925
987	927
987	942
987	947
987	948
987	951
987	959
987	979
987	981
987	992
987	999
988	15
988	44
988	71
988	95
988	154
988	165
988	202
988	205
988	233
988	266
988	278
988	299
988	307
988	332
988	333
988	370
988	388
988	398
988	411
988	413
988	448
988	458
988	491
988	495
988	502
988	527
988	568
988	575
988	581
988	583
988	603
988	604
988	605
988	623
988	625
988	672
988	688
988	706
988	730
988	738
988	739
988	754
988	779
988	803
988	806
988	830
988	840
988	847
988	848
988	862
988	863
988	864
988	867
988	868
988	881
988	892
988	914
988	939
988	940
988	963
988	964
988	966
988	967
988	968
988	971
988	973
988	976
988	980
988	985
988	994
988	995
988	997
989	48
989	86
989	91
989	116
989	162
989	192
989	242
989	246
989	251
989	288
989	294
989	316
989	317
989	382
989	390
989	414
989	416
989	431
989	445
989	488
989	526
989	533
989	541
989	577
989	589
989	613
989	647
989	692
989	715
989	721
989	723
989	736
989	740
989	759
989	761
989	763
989	771
989	776
989	789
989	802
989	814
989	819
989	826
989	831
989	837
989	844
989	846
989	893
989	896
989	906
989	915
989	920
989	933
989	936
989	938
989	945
989	946
989	949
989	958
989	960
989	966
989	971
989	974
989	977
989	982
989	986
989	990
989	991
989	992
989	993
989	995
989	996
989	998
989	1000
990	2
990	68
990	86
990	97
990	156
990	159
990	170
990	172
990	211
990	242
990	353
990	354
990	362
990	397
990	417
990	445
990	455
990	459
990	480
990	563
990	564
990	588
990	593
990	624
990	647
990	654
990	665
990	669
990	671
990	673
990	679
990	687
990	696
990	708
990	715
990	736
990	760
990	761
990	763
990	771
990	776
990	789
990	795
990	797
990	801
990	802
990	814
990	819
990	826
990	828
990	831
990	844
990	852
990	869
990	893
990	896
990	906
990	910
990	920
990	921
990	933
990	936
990	938
990	945
990	946
990	949
990	957
990	958
990	966
990	982
990	986
990	989
990	991
990	993
990	996
990	998
990	1000
991	7
991	32
991	33
991	65
991	115
991	116
991	141
991	156
991	192
991	253
991	317
991	354
991	367
991	377
991	397
991	416
991	419
991	453
991	488
991	490
991	491
991	541
991	548
991	555
991	563
991	576
991	592
991	593
991	609
991	613
991	647
991	665
991	674
991	681
991	687
991	692
991	698
991	723
991	734
991	736
991	760
991	771
991	781
991	789
991	795
991	796
991	797
991	801
991	819
991	828
991	831
991	846
991	852
991	893
991	896
991	906
991	920
991	921
991	930
991	933
991	936
991	938
991	941
991	945
991	946
991	958
991	966
991	973
991	974
991	982
991	986
991	989
991	990
991	993
991	996
991	998
991	1000
992	5
992	11
992	18
992	30
992	34
992	47
992	49
992	66
992	108
992	130
992	135
992	163
992	169
992	179
992	197
992	204
992	238
992	255
992	271
992	280
992	284
992	301
992	305
992	311
992	315
992	329
992	334
992	347
992	357
992	420
992	430
992	441
992	461
992	479
992	497
992	503
992	507
992	532
992	536
992	562
992	569
992	606
992	611
992	630
992	661
992	694
992	702
992	708
992	709
992	724
992	756
992	782
992	786
992	793
992	794
992	808
992	815
992	818
992	824
992	827
992	853
992	874
992	879
992	880
992	898
992	901
992	904
992	911
992	918
992	925
992	947
992	948
992	950
992	959
992	979
992	981
992	987
992	989
992	999
993	21
993	131
993	142
993	206
993	212
993	236
993	251
993	260
993	362
993	377
993	408
993	414
993	440
993	445
993	453
993	455
993	459
993	477
993	483
993	488
993	489
993	490
993	515
993	516
993	541
993	552
993	563
993	564
993	589
993	624
993	628
993	654
993	660
993	665
993	679
993	681
993	684
993	687
993	698
993	715
993	723
993	734
993	736
993	759
993	763
993	771
993	776
993	781
993	789
993	796
993	801
993	802
993	826
993	828
993	831
993	844
993	852
993	893
993	896
993	906
993	920
993	921
993	933
993	936
993	938
993	940
993	945
993	946
993	949
993	958
993	966
993	974
993	986
993	989
993	990
993	991
993	995
993	996
993	997
993	998
993	999
993	1000
994	71
994	72
994	79
994	148
994	171
994	205
994	266
994	272
994	286
994	299
994	300
994	302
994	304
994	307
994	332
994	350
994	370
994	388
994	395
994	433
994	448
994	449
994	450
994	474
994	496
994	500
994	509
994	510
994	527
994	536
994	581
994	583
994	595
994	597
994	604
994	605
994	608
994	620
994	642
994	670
994	675
994	685
994	686
994	693
994	706
994	707
994	719
994	749
994	754
994	775
994	779
994	800
994	803
994	804
994	806
994	817
994	830
994	834
994	840
994	847
994	858
994	862
994	864
994	868
994	881
994	892
994	905
994	914
994	934
994	935
994	939
994	940
994	955
994	964
994	968
994	973
994	975
994	976
994	984
994	985
994	988
994	995
994	997
995	41
995	64
995	140
995	154
995	165
995	183
995	202
995	205
995	208
995	245
995	286
995	302
995	307
995	323
995	383
995	411
995	447
995	448
995	449
995	472
995	491
995	506
995	509
995	510
995	524
995	527
995	549
995	581
995	590
995	595
995	597
995	601
995	604
995	608
995	620
995	642
995	643
995	670
995	675
995	688
995	693
995	695
995	696
995	704
995	706
995	719
995	730
995	738
995	739
995	754
995	775
995	779
995	800
995	804
995	806
995	830
995	834
995	840
995	847
995	858
995	867
995	868
995	878
995	881
995	892
995	914
995	934
995	935
995	939
995	940
995	964
995	968
995	969
995	973
995	976
995	980
995	981
995	984
995	985
995	988
995	989
995	993
995	994
995	997
996	2
996	68
996	85
996	91
996	141
996	152
996	211
996	212
996	236
996	246
996	250
996	253
996	316
996	317
996	324
996	362
996	382
996	390
996	397
996	416
996	417
996	440
996	453
996	455
996	489
996	490
996	498
996	516
996	520
996	535
996	552
996	560
996	564
996	592
996	593
996	654
996	665
996	671
996	673
996	674
996	687
996	705
996	715
996	722
996	723
996	736
996	740
996	759
996	760
996	761
996	763
996	771
996	776
996	789
996	795
996	796
996	797
996	814
996	826
996	828
996	852
996	893
996	906
996	920
996	921
996	925
996	933
996	936
996	938
996	946
996	949
996	954
996	958
996	960
996	966
996	968
996	974
996	982
996	986
996	989
996	990
996	991
996	993
996	998
996	1000
997	54
997	110
997	140
997	148
997	154
997	186
997	191
997	233
997	281
997	304
997	307
997	323
997	333
997	388
997	395
997	398
997	407
997	409
997	450
997	454
997	474
997	491
997	495
997	496
997	502
997	506
997	524
997	549
997	568
997	590
997	597
997	601
997	603
997	604
997	605
997	620
997	623
997	625
997	642
997	643
997	670
997	672
997	675
997	688
997	693
997	695
997	696
997	704
997	706
997	707
997	738
997	739
997	754
997	765
997	775
997	779
997	800
997	806
997	829
997	830
997	834
997	840
997	847
997	862
997	864
997	867
997	877
997	881
997	892
997	914
997	934
997	935
997	939
997	940
997	964
997	966
997	968
997	973
997	976
997	980
997	985
997	986
997	988
997	993
997	994
997	995
998	42
998	46
998	65
998	68
998	76
998	80
998	85
998	91
998	115
998	152
998	206
998	236
998	253
998	260
998	288
998	291
998	316
998	367
998	382
998	408
998	419
998	431
998	455
998	480
998	483
998	489
998	547
998	555
998	563
998	564
998	577
998	589
998	592
998	593
998	613
998	624
998	639
998	671
998	674
998	692
998	698
998	715
998	721
998	734
998	736
998	759
998	760
998	761
998	763
998	770
998	789
998	795
998	796
998	802
998	814
998	819
998	828
998	831
998	844
998	846
998	852
998	893
998	896
998	897
998	906
998	916
998	920
998	921
998	929
998	933
998	936
998	938
998	945
998	946
998	949
998	958
998	966
998	967
998	969
998	974
998	978
998	982
998	986
998	989
998	990
998	991
998	993
998	996
998	1000
999	9
999	10
999	18
999	25
999	39
999	47
999	52
999	109
999	126
999	135
999	155
999	163
999	179
999	197
999	204
999	207
999	215
999	221
999	238
999	255
999	269
999	271
999	275
999	292
999	298
999	311
999	318
999	329
999	334
999	339
999	345
999	347
999	350
999	357
999	391
999	401
999	420
999	430
999	446
999	459
999	461
999	479
999	497
999	503
999	507
999	523
999	532
999	536
999	553
999	560
999	562
999	569
999	575
999	606
999	625
999	630
999	644
999	661
999	680
999	694
999	708
999	718
999	724
999	729
999	756
999	782
999	786
999	815
999	818
999	824
999	827
999	840
999	853
999	874
999	879
999	880
999	897
999	898
999	904
999	911
999	918
999	923
999	925
999	927
999	947
999	948
999	959
999	979
999	987
999	992
999	993
1000	32
1000	33
1000	42
1000	48
1000	69
1000	76
1000	80
1000	152
1000	159
1000	161
1000	170
1000	246
1000	250
1000	257
1000	258
1000	288
1000	291
1000	295
1000	354
1000	362
1000	367
1000	377
1000	397
1000	414
1000	419
1000	440
1000	442
1000	451
1000	483
1000	488
1000	526
1000	533
1000	541
1000	563
1000	577
1000	589
1000	613
1000	624
1000	654
1000	671
1000	673
1000	679
1000	681
1000	687
1000	698
1000	715
1000	718
1000	721
1000	723
1000	736
1000	740
1000	754
1000	759
1000	760
1000	761
1000	781
1000	789
1000	795
1000	797
1000	801
1000	814
1000	819
1000	828
1000	831
1000	844
1000	852
1000	884
1000	889
1000	893
1000	896
1000	906
1000	920
1000	921
1000	933
1000	936
1000	938
1000	945
1000	949
1000	953
1000	958
1000	966
1000	974
1000	975
1000	980
1000	982
1000	984
1000	986
1000	989
1000	990
1000	991
1000	993
1000	996
1000	998
