1	284
1	907
1	998
2	520
2	795
2	936
3	264
3	934
3	946
4	828
4	987
4	990
5	362
5	379
5	996
6	119
6	957
6	999
7	875
7	901
7	978
8	161
8	938
8	964
9	601
9	982
9	997
10	654
10	912
10	922
11	649
11	921
11	996
12	428
12	784
12	979
13	221
13	307
13	928
14	982
14	990
14	995
15	470
15	832
15	922
16	814
16	817
16	928
17	720
17	919
17	991
18	990
18	995
18	998
19	738
19	850
19	899
20	723
20	949
20	963
21	113
21	945
21	974
22	943
22	982
22	986
23	257
23	374
23	970
24	985
24	989
24	999
25	505
25	691
25	925
26	976
26	981
26	996
27	769
27	940
27	980
28	946
28	962
28	998
29	937
29	949
29	960
30	581
30	937
30	952
31	772
31	880
31	966
32	866
32	915
32	994
33	967
33	979
33	991
34	838
34	960
34	963
35	352
35	938
35	988
36	778
36	920
36	945
37	910
37	991
37	993
38	849
38	946
38	985
39	419
39	886
39	953
40	460
40	937
40	939
41	789
41	893
41	1000
42	983
42	988
42	991
43	619
43	683
43	965
44	753
44	990
44	998
45	935
45	939
45	963
46	820
46	992
46	995
47	909
47	978
47	1000
48	336
48	964
48	983
49	946
49	989
49	999
50	493
50	647
50	863
51	545
51	844
51	987
52	171
52	900
52	960
53	414
53	965
53	993
54	61
54	663
54	981
55	942
55	989
55	999
56	245
56	882
56	919
57	639
57	950
57	976
58	874
58	884
58	932
59	644
59	939
59	960
60	819
60	962
60	999
61	54
61	986
61	992
62	911
62	959
62	987
63	562
63	894
63	988
64	652
64	898
64	987
65	132
65	737
65	995
66	775
66	921
66	976
67	625
67	794
67	898
68	118
68	886
68	998
69	250
69	464
69	920
70	970
70	985
70	991
71	722
71	781
71	801
72	728
72	899
72	942
73	867
73	967
73	993
74	937
74	952
74	983
75	953
75	978
75	1000
76	886
76	911
76	995
77	105
77	328
77	987
78	926
78	977
78	1000
79	784
79	986
79	997
80	724
80	951
80	962
81	580
81	984
81	999
82	634
82	984
82	999
83	813
83	978
83	1000
84	504
84	868
84	982
85	881
85	948
85	980
86	805
86	962
86	997
87	824
87	976
87	996
88	345
88	961
88	968
89	948
89	970
89	993
90	944
90	983
90	1000
91	743
91	949
91	952
92	927
92	995
92	998
93	626
93	809
93	935
94	376
94	978
94	1000
95	726
95	865
95	908
96	626
96	928
96	963
97	527
97	570
97	942
98	396
98	494
98	783
99	992
99	997
99	998
100	887
100	906
100	974
101	651
101	875
101	978
102	761
102	956
102	982
103	832
103	945
103	973
104	903
104	953
104	977
105	77
105	832
105	987
106	597
106	746
106	973
107	925
107	981
107	996
108	384
108	678
108	821
109	824
109	950
109	975
110	763
110	822
110	935
111	685
111	972
111	973
112	834
112	851
112	992
113	21
113	689
113	969
114	936
114	970
114	991
115	849
115	984
115	999
116	471
116	923
116	933
117	610
117	807
117	872
118	68
118	395
118	992
119	6
119	415
119	841
120	990
120	995
120	998
121	680
121	935
121	937
122	522
122	638
122	923
123	861
123	973
123	987
124	889
124	985
124	989
125	487
125	719
125	827
126	909
126	964
126	993
127	835
127	958
127	986
128	577
128	828
128	987
129	136
129	971
129	988
130	529
130	958
130	998
131	316
131	973
131	987
132	65
132	942
132	974
133	570
133	762
133	844
134	690
134	924
134	1000
135	308
135	986
135	994
136	129
136	200
136	967
137	768
137	912
137	953
138	847
138	930
138	964
139	784
139	995
139	997
140	873
140	990
140	997
141	877
141	892
141	933
142	410
142	948
142	993
143	872
143	973
143	987
144	994
144	995
144	997
145	358
145	979
145	993
146	774
146	966
146	969
147	752
147	961
147	994
148	764
148	960
148	963
149	906
149	985
149	999
150	189
150	950
150	996
151	841
151	956
151	968
152	383
152	979
152	993
153	856
153	920
153	987
154	275
154	342
154	760
155	968
155	986
155	992
156	870
156	917
156	993
157	623
157	874
157	884
158	701
158	957
158	964
159	553
159	954
159	989
160	705
160	788
160	973
161	8
161	898
161	987
162	621
162	858
162	996
163	861
163	973
163	998
164	859
164	983
164	991
165	499
165	982
165	998
166	786
166	901
166	913
167	979
167	983
167	988
168	633
168	957
168	992
169	602
169	831
169	842
170	982
170	992
170	998
171	52
171	937
171	989
172	656
172	717
172	967
173	597
173	972
173	987
174	879
174	990
174	994
175	555
175	822
175	902
176	412
176	962
176	997
177	329
177	638
177	973
178	486
178	735
178	959
179	351
179	971
179	1000
180	947
180	953
180	993
181	949
181	952
181	960
182	886
182	982
182	994
183	823
183	860
183	987
184	642
184	953
184	971
185	247
185	799
185	966
186	392
186	975
186	996
187	595
187	932
187	979
188	740
188	914
188	991
189	150
189	954
189	992
190	922
190	955
190	971
191	892
191	946
191	969
192	896
192	961
192	990
193	926
193	933
193	953
194	195
194	282
194	559
195	194
195	769
195	980
196	792
196	901
196	1000
197	862
197	943
197	958
198	844
198	945
198	972
199	339
199	843
199	978
200	136
200	970
200	993
201	968
201	986
201	997
202	585
202	835
202	993
203	339
203	994
203	998
204	684
204	817
204	985
205	357
205	921
205	996
206	758
206	981
206	996
207	931
207	969
207	999
208	976
208	981
208	996
209	871
209	904
209	997
210	888
210	903
210	924
211	565
211	983
211	991
212	931
212	982
212	997
213	289
213	743
213	891
214	262
214	971
214	1000
215	340
215	943
215	982
216	459
216	726
216	985
217	286
217	942
217	970
218	767
218	950
218	975
219	680
219	846
219	1000
220	786
220	863
220	969
221	13
221	807
221	974
222	893
222	977
222	1000
223	260
223	783
223	997
224	893
224	971
224	978
225	627
225	885
225	993
226	932
226	981
226	984
227	504
227	913
227	995
228	706
228	819
228	946
229	788
229	860
229	959
230	371
230	789
230	1000
231	511
231	980
231	983
232	706
232	839
232	985
233	711
233	890
233	920
234	350
234	934
234	974
235	710
235	946
235	957
236	885
236	991
236	993
237	742
237	762
237	999
238	842
238	964
238	969
239	551
239	991
239	993
240	922
240	945
240	987
241	797
241	971
241	977
242	467
242	979
242	989
243	432
243	622
243	957
244	902
244	913
244	978
245	56
245	980
245	993
246	678
246	919
246	967
247	185
247	974
247	989
248	465
248	743
248	960
249	897
249	971
249	1000
250	69
250	955
250	987
251	596
251	979
251	980
252	640
252	892
252	906
253	538
253	718
253	749
254	573
254	917
254	989
255	762
255	969
255	974
256	756
256	874
256	996
257	23
257	926
257	977
258	868
258	927
258	997
259	759
259	957
259	998
260	223
260	705
260	958
261	598
261	769
261	988
262	214
262	825
262	1000
263	758
263	941
263	996
264	3
264	929
264	973
265	380
265	756
265	819
266	894
266	964
266	991
267	704
267	986
267	989
268	608
268	895
268	931
269	873
269	937
269	952
270	976
270	990
270	996
271	944
271	980
271	983
272	865
272	900
272	949
273	701
273	707
273	999
274	694
274	916
274	1000
275	154
275	990
275	998
276	944
276	980
276	993
277	897
277	901
277	1000
278	347
278	543
278	972
279	868
279	968
279	995
280	732
280	977
280	1000
281	914
281	939
281	963
282	194
282	979
282	991
283	797
283	971
283	1000
284	1
284	688
284	862
285	638
285	848
285	890
286	217
286	849
286	866
287	883
287	950
287	969
288	559
288	853
288	905
289	213
289	440
289	755
289	975
290	805
290	832
290	962
290	998
291	594
291	627
291	948
291	975
292	624
292	838
292	975
292	996
293	968
293	982
293	986
293	994
294	900
294	908
294	935
294	949
295	943
295	968
295	986
295	990
296	718
296	886
296	962
296	992
297	703
297	845
297	923
297	999
298	778
298	812
298	929
298	999
299	882
299	967
299	970
299	988
300	521
300	792
300	971
300	977
301	674
301	968
301	992
301	998
302	703
302	809
302	892
302	985
303	944
303	964
303	979
303	988
304	598
304	720
304	909
304	993
305	579
305	957
305	986
305	995
306	778
306	972
306	973
306	987
307	13
307	611
307	923
307	969
308	135
308	757
308	765
308	990
309	554
309	982
309	990
309	994
310	352
310	818
310	944
310	991
311	781
311	890
311	928
311	999
312	833
312	917
312	967
312	993
313	665
313	844
313	945
313	959
314	905
314	983
314	991
314	993
315	362
315	599
315	989
315	999
316	131
316	598
316	837
316	973
317	932
317	981
317	996
317	1000
318	682
318	827
318	974
318	985
319	867
319	967
319	979
319	986
320	455
320	865
320	937
320	960
321	389
321	737
321	986
321	995
322	941
322	975
322	981
322	996
323	850
323	935
323	960
323	963
324	521
324	814
324	902
324	971
325	368
325	746
325	837
325	987
326	490
326	521
326	798
326	924
327	646
327	892
327	985
327	989
328	77
328	708
328	794
328	812
329	177
329	597
329	778
329	898
330	604
330	874
330	975
330	976
331	912
331	930
331	947
331	1000
332	969
332	984
332	985
332	997
333	604
333	940
333	976
333	981
334	826
334	936
334	983
334	991
335	769
335	881
335	964
335	983
336	48
336	941
336	976
336	996
337	591
337	822
337	900
337	999
338	666
338	891
338	981
338	996
339	199
339	203
339	804
339	962
340	215
340	910
340	951
340	990
341	676
341	968
341	997
341	998
342	154
342	648
342	972
342	987
343	834
343	922
343	955
343	972
344	935
344	944
344	960
344	963
345	88
345	990
345	992
345	995
346	891
346	921
346	932
346	996
347	278
347	430
347	951
347	972
348	728
348	920
348	973
348	987
349	885
349	909
349	919
349	980
350	234
350	848
350	969
350	974
351	179
351	971
351	978
351	1000
352	35
352	310
352	948
352	983
353	862
353	956
353	992
353	994
354	940
354	968
354	990
354	994
355	772
355	979
355	984
355	999
356	956
356	961
356	995
356	998
357	205
357	483
357	888
357	962
358	145
358	823
358	931
358	999
359	508
359	867
359	910
359	993
360	833
360	885
360	970
360	993
361	518
361	759
361	994
361	995
362	5
362	315
362	391
362	721
363	929
363	955
363	972
363	987
364	787
364	913
364	978
364	1000
365	587
365	794
365	860
365	996
366	657
366	959
366	962
366	973
367	789
367	933
367	978
367	1000
368	325
368	742
368	778
368	945
369	885
369	930
369	967
369	979
370	901
370	903
370	947
370	1000
371	230
371	451
371	792
371	947
372	717
372	962
372	990
372	995
373	796
373	932
373	981
373	996
374	23
374	773
374	980
374	991
375	621
375	878
375	936
375	983
376	94
376	792
376	953
376	978
377	570
377	753
377	923
377	985
378	899
378	932
378	976
378	996
379	5
379	775
379	941
379	975
380	265
380	670
380	966
380	989
381	689
381	875
381	984
381	999
382	615
382	851
382	863
382	985
383	152
383	671
383	827
383	935
384	108
384	932
384	976
384	981
385	712
385	925
385	976
385	996
386	907
386	952
386	960
386	963
387	926
387	961
387	971
387	1000
388	773
388	895
388	919
388	988
389	321
389	871
389	901
389	994
390	506
390	599
390	984
390	985
391	362
391	480
391	772
391	999
392	186
392	720
392	981
392	996
393	833
393	978
393	988
393	993
394	785
394	897
394	926
394	977
395	118
395	765
395	992
395	994
396	98
396	962
396	994
396	998
397	603
397	663
397	699
397	930
398	904
398	986
398	992
398	995
399	415
399	877
399	969
399	978
400	896
400	992
400	994
400	995
401	962
401	986
401	990
401	998
402	508
402	853
402	901
402	988
403	866
403	906
403	946
403	999
404	825
404	933
404	953
404	978
405	949
405	979
405	991
405	993
406	736
406	805
406	997
406	998
407	573
407	701
407	934
407	999
408	759
408	944
408	994
408	995
409	726
409	763
409	900
409	963
410	142
410	532
410	603
410	757
411	849
411	974
411	985
411	999
412	176
412	858
412	921
412	996
413	763
413	836
413	937
413	963
414	53
414	800
414	821
414	895
415	119
415	399
415	843
415	846
416	438
416	450
416	982
416	998
417	672
417	833
417	967
417	979
418	923
418	984
418	989
418	999
419	39
419	422
419	978
419	1000
420	873
420	908
420	935
420	968
421	697
421	707
421	884
421	950
422	419
422	875
422	903
422	1000
423	802
423	969
423	985
423	999
424	725
424	946
424	989
424	999
425	628
425	901
425	953
425	978
426	942
426	946
426	985
426	991
427	697
427	941
427	981
427	996
428	12
428	847
428	867
428	988
429	879
429	897
429	943
429	986
430	347
430	860
430	923
430	987
431	881
431	911
431	920
431	959
432	243
432	907
432	994
432	995
433	831
433	845
433	979
433	991
434	972
434	982
434	994
434	995
435	950
435	976
435	981
435	996
436	990
436	994
436	995
436	998
437	820
437	934
437	966
437	984
438	416
438	646
438	984
438	989
439	603
439	824
439	917
439	970
440	289
440	828
440	973
440	987
441	768
441	913
441	916
441	1000
442	624
442	690
442	797
442	1000
443	965
443	979
443	983
443	993
444	777
444	990
444	992
444	994
445	837
445	959
445	972
445	987
446	727
446	814
446	926
446	1000
447	528
447	561
447	959
447	987
448	695
448	966
448	974
448	984
449	945
449	972
449	973
449	990
450	416
450	956
450	995
450	997
451	371
451	674
451	871
451	998
452	866
452	942
452	946
452	999
453	491
453	951
453	971
453	1000
454	605
454	823
454	899
454	989
455	320
455	507
455	977
455	1000
456	918
456	975
456	984
456	996
457	676
457	886
457	951
457	997
458	974
458	984
458	989
458	998
459	216
459	695
459	957
459	969
460	40
460	591
460	658
460	895
461	889
461	988
461	994
461	997
462	816
462	965
462	979
462	983
463	730
463	905
463	937
463	991
464	69
464	711
464	911
464	955
464	987
465	248
465	912
465	933
465	977
465	1000
466	782
466	869
466	915
466	958
466	962
467	242
467	790
467	984
467	985
467	989
468	864
468	951
468	954
468	982
468	995
469	524
469	716
469	915
469	994
469	995
470	15
470	766
470	972
470	973
470	982
471	116
471	799
471	840
471	966
471	974
472	969
472	971
472	974
472	989
472	999
473	780
473	887
473	928
473	985
473	987
474	488
474	545
474	710
474	905
474	984
475	620
475	893
475	977
475	978
475	1000
476	686
476	850
476	899
476	989
476	999
477	514
477	813
477	897
477	950
477	1000
478	948
478	970
478	979
478	983
478	993
479	847
479	917
479	988
479	991
479	993
480	391
480	682
480	774
480	966
480	989
481	630
481	683
481	872
481	929
481	987
482	867
482	905
482	938
482	979
482	988
483	357
483	824
483	883
483	975
483	981
484	760
484	794
484	922
484	959
484	1000
485	835
485	936
485	967
485	970
485	991
486	178
486	779
486	922
486	929
486	973
487	125
487	534
487	644
487	763
487	939
488	474
488	638
488	710
488	839
488	984
489	943
489	968
489	982
489	992
489	994
490	326
490	741
490	930
490	947
490	978
491	453
491	912
491	933
491	971
491	1000
492	883
492	884
492	925
492	976
492	981
493	50
493	740
493	799
493	957
493	974
494	98
494	518
494	902
494	939
494	949
495	755
495	775
495	918
495	921
495	989
496	761
496	964
496	970
496	980
496	988
497	736
497	982
497	990
497	995
497	997
498	768
498	908
498	913
498	977
498	1000
499	165
499	907
499	982
499	986
499	998
500	940
500	954
500	994
500	997
500	998
501	744
501	889
501	907
501	964
501	998
502	717
502	919
502	965
502	980
502	983
503	903
503	916
503	977
503	980
503	1000
504	84
504	227
504	592
504	855
504	968
505	25
505	618
505	778
505	779
505	911
506	390
506	664
506	880
506	984
506	999
507	455
507	625
507	947
507	953
507	977
508	359
508	402
508	757
508	882
508	919
509	867
509	967
509	970
509	979
509	983
510	529
510	721
510	957
510	984
510	985
511	231
511	679
511	764
511	905
511	917
512	956
512	962
512	986
512	992
512	994
513	858
513	891
513	975
513	976
513	996
514	477
514	673
514	843
514	924
514	971
515	799
515	809
515	934
515	942
515	999
516	905
516	917
516	970
516	988
516	993
517	826
517	910
517	980
517	988
517	991
518	361
518	494
518	533
518	763
518	963
519	886
519	940
519	986
519	992
519	995
520	2
520	747
520	812
520	967
520	979
521	300
521	324
521	326
521	978
521	1000
522	122
522	928
522	966
522	968
522	999
523	930
523	948
523	979
523	988
523	993
524	469
524	748
524	904
524	994
524	995
525	683
525	837
525	856
525	987
525	1000
526	707
526	774
526	857
526	966
526	989
527	97
527	790
527	969
527	984
527	999
528	447
528	911
528	955
528	959
528	976
529	130
529	510
529	780
529	819
529	974
530	583
530	855
530	889
530	961
530	995
531	930
531	965
531	967
531	979
531	980
532	410
532	847
532	881
532	983
532	993
533	518
533	593
533	939
533	949
533	976
534	487
534	593
534	873
534	908
534	960
535	831
535	905
535	967
535	983
535	988
536	727
536	877
536	947
536	977
536	1000
537	743
537	815
537	939
537	963
537	988
538	253
538	904
538	927
538	982
538	994
539	612
539	818
539	831
539	936
539	988
540	863
540	890
540	934
540	966
540	974
541	818
541	894
541	965
541	980
541	993
542	615
542	754
542	955
542	972
542	973
543	278
543	832
543	898
543	920
543	972
544	880
544	899
544	928
544	941
544	985
545	51
545	474
545	931
545	957
545	984
546	855
546	986
546	992
546	997
546	998
547	768
547	916
547	977
547	978
547	981
548	857
548	986
548	992
548	994
548	997
549	918
549	932
549	975
549	981
549	996
550	636
550	817
550	940
550	990
550	992
551	239
551	836
551	910
551	991
551	993
552	775
552	884
552	918
552	921
552	996
553	159
553	599
553	702
553	772
553	890
554	309
554	718
554	956
554	997
554	1000
555	175
555	971
555	973
555	978
555	1000
556	888
556	918
556	932
556	976
556	996
557	809
557	817
557	892
557	989
557	999
558	664
558	966
558	969
558	984
558	999
559	194
559	288
559	613
559	894
559	964
560	626
560	723
560	937
560	949
560	963
561	447
561	616
561	728
561	972
561	987
562	63
562	633
562	854
562	956
562	992
563	710
563	727
563	897
563	971
563	1000
564	667
564	846
564	924
564	978
564	1000
565	211
565	882
565	964
565	970
565	991
566	928
566	934
566	966
566	985
566	999
567	708
567	839
567	896
567	997
567	998
568	830
568	865
568	935
568	937
568	963
569	876
569	943
569	975
569	976
569	996
570	97
570	133
570	377
570	702
570	942
570	969
571	634
571	739
571	877
571	897
571	912
571	977
572	846
572	903
572	926
572	977
572	980
572	1000
573	254
573	407
573	906
573	985
573	993
573	999
574	781
574	841
574	850
574	928
574	989
574	999
575	595
575	734
575	956
575	975
575	976
575	996
576	711
576	808
576	813
576	814
576	971
576	977
577	128
577	750
577	776
577	807
577	834
577	972
578	717
578	847
578	930
578	965
578	983
578	993
579	305
579	645
579	811
579	951
579	990
579	997
580	81
580	613
580	909
580	967
580	988
580	993
581	30
581	822
581	827
581	908
581	960
581	963
582	675
582	819
582	863
582	906
582	985
582	996
583	530
583	774
583	871
583	927
583	992
583	998
584	727
584	897
584	947
584	971
584	977
584	1000
585	202
585	940
585	954
585	982
585	995
585	998
586	847
586	919
586	938
586	948
586	988
586	991
587	365
587	618
587	746
587	872
587	922
587	955
588	630
588	794
588	872
588	911
588	972
588	987
589	816
589	846
589	924
589	977
589	978
589	1000
590	811
590	915
590	962
590	982
590	990
590	994
591	337
591	460
591	937
591	939
591	952
591	973
592	504
592	643
592	748
592	862
592	943
592	958
593	533
593	534
593	900
593	952
593	960
593	994
594	291
594	917
594	964
594	983
594	988
594	991
595	187
595	575
595	714
595	888
595	921
595	975
596	251
596	923
596	946
596	974
596	984
596	989
597	106
597	173
597	329
597	760
597	801
597	860
598	261
598	304
598	316
598	678
598	867
598	948
599	315
599	390
599	553
599	790
599	969
599	984
600	880
600	890
600	924
600	966
600	984
600	985
601	9
601	811
601	958
601	965
601	968
601	990
602	169
602	678
602	847
602	970
602	972
602	980
603	397
603	410
603	439
603	878
603	970
603	988
604	330
604	333
604	891
604	950
604	975
604	981
605	454
605	899
605	929
605	934
605	974
605	999
606	734
606	806
606	876
606	888
606	981
606	996
607	891
607	926
607	947
607	971
607	978
607	1000
608	268
608	903
608	974
608	984
608	989
608	999
609	746
609	788
609	801
609	837
609	929
609	987
610	117
610	745
610	922
610	945
610	959
610	973
611	307
611	771
611	900
611	908
611	935
611	960
612	539
612	870
612	885
612	938
612	965
612	985
613	559
613	580
613	782
613	803
613	988
613	991
614	748
614	882
614	968
614	986
614	995
614	997
615	382
615	542
615	790
615	928
615	989
615	999
616	561
616	870
616	914
616	944
616	965
616	970
617	747
617	789
617	917
617	965
617	983
617	991
618	505
618	587
618	760
618	770
618	959
618	973
619	43
619	821
619	842
619	936
619	944
619	983
620	475
620	825
620	924
620	961
620	978
620	1000
621	162
621	375
621	858
621	975
621	981
621	996
622	243
622	687
622	848
622	966
622	989
622	999
623	157
623	932
623	947
623	975
623	976
623	996
624	292
624	442
624	791
624	932
624	975
624	976
625	67
625	507
625	901
625	971
625	977
625	1000
626	93
626	96
626	560
626	830
626	908
626	986
627	225
627	291
627	668
627	895
627	910
627	938
628	425
628	843
628	897
628	977
628	987
628	1000
629	751
629	941
629	944
629	967
629	970
629	983
629	988
630	481
630	588
630	722
630	779
630	844
630	856
630	955
631	685
631	856
631	861
631	920
631	959
631	969
631	972
632	732
632	822
632	838
632	908
632	935
632	953
632	960
633	168
633	562
633	753
633	935
633	968
633	997
633	998
634	82
634	571
634	680
634	846
634	897
634	902
634	977
635	647
635	669
635	942
635	966
635	969
635	989
635	999
636	550
636	796
636	954
636	990
636	992
636	994
636	995
637	922
637	929
637	945
637	959
637	972
637	973
637	987
638	122
638	177
638	285
638	488
638	923
638	985
638	989
639	57
639	785
639	810
639	975
639	976
639	981
639	996
640	252
640	892
640	933
640	942
640	984
640	989
640	999
641	675
641	817
641	880
641	964
641	966
641	969
641	985
642	184
642	785
642	884
642	941
642	975
642	981
642	996
643	592
643	956
643	975
643	982
643	990
643	992
643	994
644	59
644	487
644	726
644	764
644	783
644	935
644	937
645	579
645	723
645	783
645	865
645	900
645	935
645	963
646	327
646	438
646	742
646	763
646	880
646	989
646	999
647	50
647	635
647	890
647	942
647	984
647	985
647	989
648	342
648	834
648	860
648	893
648	898
648	929
648	973
649	11
649	755
649	791
649	975
649	976
649	981
649	996
650	820
650	896
650	915
650	943
650	954
650	990
650	997
651	101
651	903
651	924
651	971
651	978
651	983
651	1000
652	64
652	927
652	961
652	962
652	986
652	992
652	995
653	854
653	883
653	884
653	925
653	950
653	975
653	976
654	10
654	692
654	737
654	788
654	861
654	955
654	972
655	707
655	866
655	880
655	887
655	966
655	984
655	999
656	172
656	893
656	912
656	933
656	971
656	977
656	1000
657	366
657	735
657	779
657	812
657	904
657	911
657	987
658	460
658	732
658	838
658	949
658	952
658	960
658	963
659	878
659	909
659	980
659	983
659	988
659	991
659	993
660	672
660	842
660	870
660	895
660	988
660	991
660	993
661	691
661	725
661	834
661	837
661	958
661	959
661	972
662	893
662	916
662	933
662	971
662	977
662	978
662	989
663	54
663	397
663	775
663	859
663	918
663	941
663	996
664	506
664	558
664	729
664	906
664	934
664	993
664	999
665	313
665	709
665	722
665	911
665	945
665	955
665	968
666	338
666	875
666	918
666	950
666	976
666	981
666	996
667	564
667	798
667	843
667	893
667	924
667	977
667	978
668	627
668	801
668	803
668	905
668	919
668	970
668	979
669	635
669	830
669	838
669	935
669	949
669	952
669	963
670	380
670	762
670	781
670	923
670	931
670	957
670	966
671	383
671	723
671	771
671	783
671	838
671	908
671	960
672	417
672	660
672	965
672	967
672	980
672	993
672	995
673	514
673	877
673	933
673	947
673	962
673	978
673	1000
674	301
674	451
674	857
674	956
674	990
674	992
674	997
675	582
675	641
675	803
675	934
675	966
675	974
675	999
676	341
676	457
676	852
676	864
676	907
676	995
676	997
677	721
677	866
677	928
677	934
677	956
677	969
677	999
678	108
678	246
678	598
678	602
678	878
678	936
678	991
679	511
679	751
679	917
679	936
679	976
679	988
679	991
680	121
680	219
680	634
680	875
680	912
680	953
680	971
681	821
681	964
681	965
681	967
681	988
681	991
681	993
682	318
682	480
682	818
682	866
682	890
682	985
682	989
683	43
683	481
683	525
683	725
683	778
683	779
683	872
683	972
684	204
684	760
684	772
684	781
684	942
684	969
684	974
684	999
685	111
685	631
685	856
685	920
685	929
685	938
685	955
685	973
686	476
686	761
686	836
686	951
686	982
686	990
686	997
686	998
687	622
687	786
687	892
687	919
687	931
687	957
687	984
687	985
688	284
688	782
688	871
688	949
688	954
688	958
688	986
688	997
689	113
689	381
689	703
689	946
689	966
689	984
689	985
689	989
690	134
690	442
690	797
690	913
690	957
690	977
690	978
690	1000
691	25
691	661
691	778
691	807
691	832
691	856
691	860
691	978
692	654
692	754
692	760
692	777
692	794
692	860
692	898
692	972
693	813
693	902
693	926
693	953
693	977
693	978
693	991
693	1000
694	274
694	806
694	859
694	888
694	941
694	976
694	981
694	996
695	448
695	459
695	799
695	923
695	929
695	969
695	989
695	999
696	889
696	922
696	968
696	982
696	992
696	994
696	997
696	998
697	421
697	427
697	888
697	925
697	941
697	950
697	975
697	976
698	791
698	891
698	939
698	941
698	950
698	975
698	976
698	996
699	397
699	720
699	818
699	911
699	930
699	965
699	967
699	993
700	723
700	726
700	732
700	915
700	937
700	939
700	949
700	963
701	158
701	273
701	407
701	802
701	869
701	934
701	942
701	984
702	553
702	570
702	770
702	841
702	850
702	928
702	969
702	989
703	297
703	302
703	689
703	731
703	802
703	899
703	906
703	969
704	267
704	942
704	958
704	966
704	974
704	984
704	989
704	999
705	160
705	260
705	725
705	779
705	911
705	920
705	929
705	955
706	228
706	232
706	790
706	823
706	853
706	887
706	923
706	974
707	273
707	421
707	526
707	655
707	839
707	931
707	974
707	989
708	328
708	567
708	731
708	748
708	840
708	904
708	986
708	997
709	665
709	760
709	807
709	837
709	861
709	959
709	973
709	987
710	235
710	474
710	488
710	563
710	799
710	817
710	974
710	989
711	233
711	464
711	576
711	754
711	828
711	922
711	955
711	973
712	385
712	859
712	876
712	950
712	975
712	981
712	982
712	996
713	785
713	859
713	874
713	883
713	950
713	970
713	981
713	996
714	595
714	883
714	918
714	939
714	941
714	950
714	981
714	996
715	808
715	843
715	913
715	947
715	953
715	977
715	978
715	984
716	469
716	850
716	886
716	927
716	961
716	990
716	992
716	994
717	172
717	372
717	502
717	578
717	910
717	964
717	967
717	970
718	253
718	296
718	554
718	784
718	862
718	985
718	992
718	994
719	125
719	838
719	935
719	939
719	949
719	960
719	963
719	968
720	17
720	304
720	392
720	699
720	821
720	980
720	988
720	991
721	362
721	510
721	677
721	850
721	957
721	969
721	983
721	999
722	71
722	630
722	665
722	728
722	769
722	834
722	959
722	973
723	20
723	560
723	645
723	671
723	700
723	822
723	960
723	998
724	80
724	752
724	881
724	962
724	986
724	992
724	995
724	998
725	424
725	661
725	683
725	705
725	746
725	788
725	945
725	972
725	973
726	95
726	216
726	409
726	644
726	700
726	865
726	873
726	949
726	952
727	446
727	536
727	563
727	584
727	897
727	912
727	926
727	971
727	1000
728	72
728	348
728	561
728	722
728	828
728	861
728	945
728	959
728	972
729	664
729	809
729	850
729	906
729	943
729	966
729	969
729	974
729	999
730	463
730	733
730	740
730	754
730	845
730	878
730	894
730	964
730	980
731	703
731	708
731	820
731	871
731	915
731	951
731	961
731	982
731	990
732	280
732	632
732	658
732	700
732	783
732	908
732	939
732	960
732	963
733	730
733	803
733	918
733	944
733	979
733	980
733	983
733	988
733	991
734	575
734	606
734	824
734	874
734	921
734	950
734	975
734	977
734	981
735	178
735	657
735	760
735	832
735	898
735	911
735	920
735	983
735	987
736	406
736	497
736	805
736	951
736	954
736	990
736	992
736	997
736	998
737	65
737	321
737	654
737	752
737	940
737	961
737	986
737	994
737	998
738	19
738	786
738	837
738	942
738	946
738	957
738	974
738	984
738	989
739	571
739	820
739	854
739	954
739	968
739	986
739	990
739	992
739	998
740	188
740	493
740	730
740	919
740	965
740	967
740	970
740	980
740	993
741	490
741	816
741	897
741	902
741	933
741	947
741	977
741	981
741	1000
742	237
742	368
742	646
742	781
742	849
742	928
742	985
742	989
742	999
743	91
743	213
743	248
743	537
743	865
743	935
743	949
743	952
743	963
744	501
744	793
744	821
744	868
744	961
744	962
744	992
744	995
744	997
745	610
745	825
745	893
745	913
745	924
745	933
745	971
745	978
745	1000
746	106
746	325
746	587
746	609
746	725
746	947
746	955
746	972
746	987
747	520
747	617
747	895
747	914
747	919
747	936
747	967
747	980
747	986
748	524
748	592
748	614
748	708
748	840
748	915
748	966
748	982
748	998
749	253
749	852
749	940
749	943
749	958
749	962
749	982
749	992
749	995
750	577
750	841
750	863
750	890
750	931
750	974
750	984
750	989
750	999
751	629
751	679
751	882
751	894
751	905
751	930
751	965
751	976
751	979
751	980
752	147
752	724
752	737
752	836
752	982
752	986
752	990
752	995
752	997
752	1000
753	44
753	377
753	633
753	805
753	889
753	927
753	943
753	992
753	997
753	998
754	542
754	692
754	711
754	730
754	860
754	920
754	922
754	972
754	973
754	987
755	289
755	495
755	649
755	876
755	888
755	921
755	925
755	930
755	976
755	996
756	256
756	265
756	876
756	883
756	884
756	925
756	975
756	976
756	981
756	996
757	308
757	410
757	508
757	835
757	867
757	894
757	909
757	930
757	970
757	980
758	206
758	263
758	932
758	941
758	950
758	963
758	975
758	976
758	981
758	996
759	259
759	361
759	408
759	951
759	961
759	986
759	992
759	994
759	998
759	999
760	154
760	484
760	597
760	618
760	684
760	692
760	709
760	735
760	920
760	955
761	102
761	496
761	686
761	805
761	879
761	896
761	951
761	982
761	997
761	998
762	133
762	237
762	255
762	670
762	839
762	923
762	957
762	969
762	974
762	983
763	110
763	409
763	413
763	487
763	518
763	646
763	908
763	935
763	952
763	963
764	148
764	511
764	644
764	771
764	830
764	873
764	939
764	952
764	960
764	963
765	308
765	395
765	863
765	940
765	951
765	954
765	961
765	986
765	995
765	997
766	470
766	770
766	847
766	872
766	929
766	945
766	955
766	972
766	973
766	987
767	218
767	791
767	796
767	824
767	925
767	938
767	975
767	976
767	981
767	996
768	137
768	441
768	498
768	547
768	900
768	916
768	953
768	977
768	978
768	1000
769	27
769	195
769	261
769	335
769	722
769	847
769	881
769	895
769	910
769	980
770	618
770	702
770	766
770	832
770	911
770	920
770	945
770	959
770	972
770	973
771	611
771	671
771	764
771	827
771	873
771	896
771	937
771	952
771	960
771	963
772	31
772	355
772	391
772	553
772	684
772	866
772	928
772	966
772	973
772	999
773	374
773	388
773	878
773	895
773	936
773	979
773	983
773	988
773	991
773	998
774	146
774	480
774	526
774	583
774	906
774	946
774	966
774	984
774	985
774	999
775	66
775	379
775	495
775	552
775	663
775	941
775	950
775	953
775	976
775	996
776	577
776	801
776	828
776	844
776	898
776	922
776	952
776	972
776	973
776	987
777	444
777	692
777	886
777	889
777	915
777	954
777	968
777	986
777	997
777	998
778	36
778	298
778	306
778	329
778	368
778	505
778	683
778	691
778	987
778	999
779	486
779	505
779	630
779	657
779	683
779	705
779	834
779	856
779	884
779	955
779	973
780	473
780	529
780	854
780	892
780	923
780	934
780	957
780	966
780	974
780	985
780	999
781	71
781	311
781	574
781	670
781	684
781	742
781	887
781	899
781	934
781	966
781	999
782	466
782	613
782	688
782	855
782	889
782	940
782	968
782	982
782	990
782	994
782	997
783	98
783	223
783	644
783	645
783	671
783	732
783	830
783	939
783	952
783	960
783	963
784	12
784	79
784	139
784	718
784	927
784	954
784	962
784	986
784	992
784	994
784	998
785	394
785	639
785	642
785	713
785	791
785	876
785	940
785	975
785	976
785	981
785	996
786	166
786	220
786	687
786	738
786	866
786	923
786	957
786	966
786	984
786	985
786	999
787	364
787	797
787	875
787	877
787	903
787	933
787	953
787	971
787	974
787	977
787	1000
788	160
788	229
788	609
788	654
788	725
788	812
788	885
788	929
788	959
788	972
788	987
789	41
789	230
789	367
789	617
789	813
789	901
789	902
789	912
789	933
789	978
789	1000
790	467
790	527
790	599
790	615
790	706
790	819
790	863
790	963
790	974
790	984
790	999
791	624
791	649
791	698
791	767
791	785
791	859
791	876
791	976
791	979
791	981
791	996
792	196
792	300
792	371
792	376
792	903
792	924
792	933
792	971
792	978
792	996
792	1000
793	744
793	869
793	907
793	951
793	965
793	968
793	982
793	990
793	994
793	995
793	998
794	67
794	328
794	365
794	484
794	588
794	692
794	861
794	910
794	911
794	922
794	945
795	2
795	820
795	840
795	889
795	904
795	940
795	962
795	982
795	994
795	995
795	997
796	373
796	636
796	767
796	884
796	891
796	918
796	941
796	950
796	976
796	981
796	996
797	241
797	283
797	442
797	690
797	787
797	816
797	926
797	933
797	971
797	988
797	1000
798	326
798	667
798	875
798	901
798	924
798	947
798	970
798	971
798	977
798	978
798	1000
799	185
799	471
799	493
799	515
799	695
799	710
799	823
799	887
799	931
799	957
799	985
799	998
800	414
800	865
800	881
800	895
800	914
800	938
800	948
800	964
800	965
800	983
800	988
800	991
801	71
801	597
801	609
801	668
801	776
801	812
801	862
801	898
801	922
801	929
801	955
801	959
802	423
802	701
802	703
802	809
802	841
802	849
802	928
802	931
802	985
802	987
802	989
802	999
803	613
803	668
803	675
803	733
803	842
803	895
803	914
803	938
803	979
803	983
803	988
803	991
804	339
804	811
804	855
804	886
804	904
804	915
804	917
804	958
804	994
804	995
804	997
804	998
805	86
805	290
805	406
805	736
805	753
805	761
805	857
805	956
805	961
805	982
805	990
805	995
806	606
806	694
806	858
806	884
806	918
806	921
806	925
806	953
806	975
806	976
806	981
806	996
807	117
807	221
807	577
807	691
807	709
807	837
807	860
807	898
807	955
807	959
807	972
807	973
808	576
808	715
808	875
808	903
808	912
808	923
808	933
808	947
808	953
808	977
808	978
808	1000
809	93
809	302
809	515
809	557
809	729
809	802
809	931
809	934
809	969
809	974
809	984
809	999
810	639
810	874
810	883
810	891
810	918
810	921
810	925
810	950
810	975
810	981
810	992
810	999
811	579
811	590
811	601
811	804
811	861
811	869
811	927
811	958
811	961
811	968
811	994
811	997
812	298
812	328
812	520
812	657
812	788
812	801
812	828
812	834
812	898
812	959
812	972
812	973
813	83
813	477
813	576
813	693
813	789
813	816
813	875
813	912
813	916
813	950
813	977
813	1000
814	16
814	324
814	446
814	576
814	843
814	877
814	893
814	897
814	902
814	926
814	947
814	971
815	537
815	873
815	879
815	900
815	908
815	935
815	937
815	939
815	949
815	952
815	960
815	963
816	462
816	589
816	741
816	797
816	813
816	875
816	893
816	916
816	953
816	967
816	978
816	1000
817	16
817	204
817	550
817	557
817	641
817	710
817	866
817	887
817	966
817	969
817	985
817	989
818	310
818	539
818	541
818	682
818	699
818	894
818	938
818	964
818	965
818	980
818	991
818	993
818	998
819	60
819	228
819	265
819	529
819	582
819	790
819	850
819	890
819	942
819	963
819	984
819	985
819	989
820	46
820	437
820	650
820	731
820	739
820	795
820	852
820	956
820	990
820	992
820	994
820	995
820	997
821	108
821	414
821	619
821	681
821	720
821	744
821	881
821	914
821	944
821	964
821	970
821	979
821	983
822	110
822	175
822	337
822	581
822	632
822	723
822	838
822	865
822	873
822	900
822	939
822	960
822	963
823	183
823	358
823	454
823	706
823	799
823	850
823	880
823	931
823	942
823	969
823	974
823	985
823	1000
824	87
824	109
824	439
824	483
824	734
824	767
824	883
824	888
824	918
824	932
824	941
824	981
824	996
825	262
825	404
825	620
825	745
825	846
825	903
825	926
825	936
825	947
825	971
825	977
825	995
825	1000
826	334
826	517
826	835
826	895
826	917
826	919
826	948
826	965
826	967
826	979
826	988
826	992
826	993
827	125
827	318
827	383
827	581
827	771
827	830
827	865
827	871
827	908
827	939
827	949
827	952
827	960
828	4
828	128
828	440
828	711
828	728
828	776
828	812
828	834
828	837
828	844
828	911
828	942
828	972
829	836
829	855
829	862
829	887
829	956
829	958
829	982
829	990
829	992
829	994
829	995
829	997
829	998
830	568
830	626
830	669
830	764
830	783
830	827
830	838
830	900
830	949
830	955
830	960
830	963
830	991
831	169
831	433
831	535
831	539
831	876
831	961
831	964
831	965
831	970
831	980
831	983
831	991
831	993
832	15
832	103
832	105
832	290
832	543
832	691
832	735
832	770
832	842
832	898
832	929
832	972
832	987
833	312
833	360
833	393
833	417
833	910
833	936
833	960
833	964
833	965
833	967
833	979
833	980
833	991
833	993
834	112
834	343
834	577
834	648
834	661
834	722
834	779
834	812
834	828
834	861
834	929
834	945
834	972
834	973
835	127
835	202
835	485
835	757
835	826
835	867
835	881
835	910
835	964
835	970
835	979
835	983
835	988
835	991
836	413
836	551
836	686
836	752
836	829
836	855
836	864
836	907
836	915
836	954
836	958
836	961
836	990
836	995
837	316
837	325
837	445
837	525
837	609
837	661
837	709
837	738
837	807
837	828
837	929
837	955
837	959
837	987
838	34
838	292
838	632
838	658
838	669
838	671
838	719
838	822
838	830
838	900
838	935
838	937
838	952
838	992
839	232
839	488
839	567
839	707
839	762
839	848
839	863
839	890
839	942
839	957
839	974
839	985
839	989
839	999
840	471
840	708
840	748
840	795
840	852
840	915
840	925
840	940
840	951
840	954
840	982
840	990
840	994
840	995
841	119
841	151
841	574
841	702
841	750
841	802
841	866
841	946
841	957
841	966
841	969
841	985
841	989
841	999
842	169
842	238
842	619
842	660
842	803
842	832
842	878
842	909
842	914
842	938
842	965
842	970
842	983
842	991
843	199
843	415
843	514
843	628
843	667
843	715
843	814
843	902
843	903
843	912
843	947
843	948
843	971
843	977
844	51
844	133
844	198
844	313
844	630
844	776
844	828
844	848
844	856
844	911
844	929
844	959
844	973
844	987
845	297
845	433
845	730
845	882
845	910
845	938
845	955
845	964
845	967
845	970
845	979
845	980
845	983
845	993
846	219
846	415
846	564
846	572
846	589
846	634
846	825
846	875
846	893
846	947
846	953
846	971
846	975
846	1000
847	138
847	428
847	479
847	532
847	578
847	586
847	602
847	766
847	769
847	944
847	964
847	965
847	970
847	980
848	285
848	350
848	622
848	839
848	844
848	890
848	892
848	899
848	923
848	928
848	957
848	969
848	984
848	989
848	999
849	38
849	115
849	286
849	411
849	742
849	802
849	870
849	906
849	928
849	934
849	957
849	974
849	984
849	989
849	999
850	19
850	323
850	476
850	574
850	702
850	716
850	721
850	729
850	819
850	823
850	957
850	969
850	974
850	984
850	985
851	112
851	382
851	864
851	879
851	904
851	927
851	940
851	958
851	961
851	986
851	987
851	992
851	995
851	997
851	998
852	676
852	749
852	820
852	840
852	857
852	864
852	915
852	943
852	968
852	980
852	982
852	992
852	994
852	997
852	998
853	288
853	402
853	706
853	894
853	895
853	909
853	914
853	930
853	944
853	948
853	964
853	967
853	980
853	988
853	993
854	562
854	653
854	739
854	780
854	862
854	871
854	927
854	943
854	951
854	982
854	990
854	992
854	995
854	997
854	998
855	504
855	530
855	546
855	782
855	804
855	829
855	836
855	886
855	940
855	966
855	986
855	990
855	995
855	997
855	998
856	153
856	525
856	630
856	631
856	685
856	691
856	779
856	844
856	872
856	929
856	945
856	972
856	973
856	987
856	996
857	526
857	548
857	674
857	805
857	852
857	896
857	906
857	956
857	961
857	986
857	992
857	994
857	995
857	997
857	998
858	162
858	412
858	513
858	621
858	806
858	883
858	884
858	887
858	925
858	932
858	950
858	975
858	976
858	981
858	996
859	164
859	663
859	694
859	712
859	713
859	791
859	874
859	876
859	888
859	921
859	925
859	975
859	976
859	981
859	996
860	183
860	229
860	365
860	430
860	597
860	648
860	691
860	692
860	754
860	807
860	959
860	967
860	972
860	973
860	987
861	123
861	163
861	631
861	654
861	709
861	728
861	794
861	811
861	834
861	898
861	929
861	945
861	946
861	959
861	973
861	987
862	197
862	284
862	353
862	592
862	718
862	801
862	829
862	854
862	864
862	961
862	968
862	987
862	992
862	994
862	997
862	998
863	50
863	220
863	382
863	540
863	582
863	750
863	765
863	790
863	839
863	925
863	928
863	957
863	969
863	984
863	985
863	989
864	468
864	676
864	836
864	851
864	852
864	862
864	897
864	907
864	954
864	956
864	982
864	992
864	994
864	997
864	998
864	1000
865	95
865	272
865	320
865	568
865	645
865	726
865	743
865	800
865	822
865	827
865	873
865	913
865	939
865	949
865	952
865	963
866	32
866	286
866	403
866	452
866	655
866	677
866	682
866	772
866	786
866	817
866	841
866	880
866	946
866	984
866	989
866	997
867	73
867	319
867	359
867	428
867	482
867	509
867	598
867	757
867	835
867	881
867	948
867	970
867	983
867	991
867	993
867	997
868	84
868	258
868	279
868	744
868	904
868	927
868	943
868	948
868	954
868	958
868	979
868	990
868	992
868	994
868	997
868	998
869	466
869	701
869	793
869	811
869	889
869	927
869	943
869	951
869	956
869	958
869	968
869	986
869	992
869	995
869	997
869	998
870	156
870	612
870	616
870	660
870	849
870	910
870	917
870	948
870	965
870	970
870	979
870	983
870	988
870	991
870	993
870	996
871	209
871	389
871	451
871	583
871	688
871	731
871	827
871	854
871	940
871	956
871	968
871	990
871	992
871	994
871	997
871	998
872	117
872	143
872	481
872	587
872	588
872	683
872	766
872	856
872	916
872	920
872	922
872	945
872	955
872	972
872	973
872	987
872	989
873	140
873	269
873	420
873	534
873	726
873	764
873	771
873	815
873	822
873	865
873	900
873	908
873	937
873	939
873	949
873	952
873	960
874	58
874	157
874	256
874	330
874	713
874	734
874	810
874	859
874	884
874	925
874	932
874	965
874	966
874	975
874	976
874	981
874	996
875	7
875	101
875	381
875	422
875	666
875	680
875	787
875	798
875	808
875	813
875	816
875	846
875	901
875	913
875	916
875	953
875	1000
876	569
876	606
876	712
876	755
876	756
876	785
876	791
876	831
876	859
876	891
876	925
876	932
876	941
876	975
876	976
876	981
876	996
877	141
877	399
877	536
877	571
877	673
877	787
877	814
877	893
877	902
877	916
877	924
877	926
877	947
877	955
877	965
877	978
877	1000
878	375
878	603
878	659
878	678
878	730
878	773
878	842
878	885
878	895
878	903
878	917
878	930
878	948
878	970
878	980
878	983
878	993
879	174
879	429
879	761
879	815
879	851
879	907
879	951
879	956
879	958
879	968
879	981
879	982
879	986
879	990
879	992
879	995
879	998
880	31
880	506
880	544
880	600
880	641
880	646
880	655
880	823
880	866
880	931
880	934
880	938
880	974
880	984
880	985
880	989
880	999
881	85
881	335
881	431
881	532
881	724
881	769
881	800
881	821
881	835
881	867
881	894
881	917
881	965
881	967
881	970
881	983
881	993
882	56
882	299
882	508
882	565
882	614
882	751
882	845
882	909
882	910
882	917
882	948
882	967
882	970
882	977
882	980
882	983
882	988
883	287
883	483
883	492
883	653
883	713
883	714
883	756
883	810
883	824
883	858
883	899
883	921
883	923
883	925
883	975
883	976
883	981
883	996
884	58
884	157
884	421
884	492
884	552
884	642
884	653
884	756
884	779
884	796
884	806
884	858
884	874
884	888
884	941
884	975
884	981
884	996
885	225
885	236
885	349
885	360
885	369
885	612
885	788
885	878
885	909
885	914
885	936
885	964
885	965
885	970
885	974
885	979
885	980
885	988
885	991
886	39
886	68
886	76
886	182
886	296
886	457
886	519
886	716
886	777
886	804
886	855
886	927
886	956
886	981
886	982
886	986
886	995
886	997
886	998
887	100
887	473
887	655
887	706
887	781
887	799
887	817
887	829
887	858
887	892
887	899
887	906
887	942
887	946
887	957
887	966
887	984
887	985
887	999
888	210
888	357
888	556
888	595
888	606
888	694
888	697
888	755
888	824
888	859
888	884
888	918
888	932
888	941
888	975
888	976
888	977
888	981
888	996
889	124
889	461
889	501
889	530
889	696
889	753
889	777
889	782
889	795
889	869
889	891
889	896
889	904
889	951
889	986
889	990
889	994
889	995
889	998
890	233
890	285
890	311
890	540
890	553
890	600
890	647
890	682
890	750
890	819
890	839
890	848
890	892
890	923
890	946
890	957
890	984
890	998
890	999
891	213
891	338
891	346
891	513
891	604
891	607
891	698
891	796
891	810
891	876
891	889
891	921
891	925
891	932
891	941
891	950
891	975
891	976
891	981
891	996
892	141
892	191
892	252
892	302
892	327
892	557
892	640
892	687
892	780
892	848
892	887
892	890
892	894
892	934
892	969
892	974
892	984
892	985
892	989
892	999
893	41
893	222
893	224
893	475
893	648
893	656
893	662
893	667
893	745
893	814
893	816
893	846
893	877
893	897
893	901
893	926
893	932
893	977
893	978
893	1000
894	63
894	266
894	541
894	559
894	730
894	751
894	757
894	818
894	853
894	881
894	892
894	905
894	930
894	944
894	964
894	970
894	979
894	983
894	993
894	994
895	268
895	388
895	414
895	460
895	627
895	660
895	747
895	769
895	773
895	800
895	803
895	826
895	853
895	878
895	917
895	964
895	979
895	988
895	991
895	993
896	192
896	400
896	567
896	650
896	761
896	771
896	857
896	889
896	927
896	936
896	940
896	958
896	961
896	968
896	982
896	986
896	990
896	992
896	995
896	997
896	998
897	249
897	277
897	394
897	429
897	477
897	563
897	571
897	584
897	628
897	634
897	727
897	741
897	814
897	864
897	893
897	902
897	913
897	933
897	947
897	971
897	1000
898	64
898	67
898	161
898	329
898	543
898	648
898	692
898	735
898	776
898	801
898	807
898	812
898	832
898	861
898	929
898	955
898	972
898	973
898	974
898	977
898	987
899	19
899	72
899	378
899	454
899	476
899	544
899	605
899	703
899	781
899	848
899	883
899	887
899	923
899	928
899	931
899	934
899	942
899	969
899	984
899	985
899	999
900	52
900	272
900	294
900	337
900	409
900	593
900	611
900	645
900	768
900	815
900	822
900	830
900	838
900	873
900	934
900	935
900	937
900	939
900	949
900	952
900	960
901	7
901	166
901	196
901	277
901	370
901	389
901	402
901	425
901	625
901	789
901	798
901	875
901	893
901	913
901	924
901	926
901	933
901	953
901	971
901	977
901	1000
902	175
902	244
902	324
902	494
902	634
902	693
902	741
902	789
902	814
902	843
902	877
902	897
902	912
902	913
902	916
902	953
902	971
902	977
902	978
902	985
902	1000
903	104
903	210
903	370
903	422
903	503
903	572
903	608
903	651
903	787
903	792
903	808
903	825
903	843
903	878
903	913
903	916
903	947
903	953
903	971
903	977
903	1000
904	209
904	398
904	524
904	538
904	657
904	708
904	795
904	804
904	851
904	868
904	889
904	915
904	943
904	956
904	961
904	969
904	986
904	990
904	994
904	995
904	998
905	288
905	314
905	463
905	474
905	482
905	511
905	516
905	535
905	668
905	751
905	894
905	930
905	964
905	965
905	967
905	970
905	979
905	980
905	983
905	988
905	993
905	995
906	100
906	149
906	252
906	403
906	573
906	582
906	664
906	703
906	729
906	774
906	849
906	857
906	887
906	929
906	931
906	934
906	946
906	957
906	969
906	984
906	985
906	999
907	1
907	386
907	432
907	499
907	501
907	676
907	793
907	836
907	864
907	879
907	926
907	951
907	961
907	962
907	968
907	974
907	982
907	986
907	990
907	992
907	995
907	998
908	95
908	294
908	420
908	498
908	534
908	581
908	611
908	626
908	632
908	671
908	732
908	763
908	815
908	827
908	873
908	939
908	943
908	949
908	952
908	960
908	963
908	992
909	47
909	126
909	304
909	349
909	580
909	659
909	757
909	842
909	853
909	882
909	885
909	914
909	936
909	938
909	958
909	979
909	980
909	983
909	988
909	991
909	993
909	994
910	37
910	340
910	359
910	517
910	551
910	627
910	717
910	769
910	794
910	833
910	835
910	845
910	870
910	882
910	919
910	930
910	936
910	967
910	970
910	980
910	988
910	991
910	993
911	62
911	76
911	431
911	464
911	505
911	528
911	588
911	657
911	665
911	699
911	705
911	735
911	770
911	794
911	828
911	844
911	920
911	945
911	955
911	959
911	972
911	973
911	987
912	10
912	137
912	331
912	465
912	491
912	571
912	656
912	680
912	727
912	789
912	808
912	813
912	843
912	902
912	916
912	924
912	933
912	937
912	953
912	977
912	978
912	992
912	1000
913	166
913	227
913	244
913	364
913	441
913	498
913	690
913	715
913	745
913	865
913	875
913	897
913	901
913	902
913	903
913	916
913	924
913	926
913	951
913	971
913	977
913	978
913	1000
914	188
914	281
914	616
914	747
914	800
914	803
914	821
914	842
914	853
914	885
914	909
914	936
914	938
914	948
914	965
914	970
914	979
914	980
914	982
914	983
914	988
914	991
914	993
915	32
915	466
915	469
915	590
915	650
915	700
915	731
915	748
915	777
915	804
915	836
915	840
915	852
915	904
915	927
915	954
915	958
915	962
915	968
915	986
915	988
915	992
915	997
916	274
916	441
916	503
916	547
916	662
916	768
916	813
916	816
916	872
916	875
916	877
916	902
916	903
916	912
916	913
916	924
916	931
916	953
916	971
916	977
916	978
916	984
916	1000
917	156
917	254
917	312
917	439
917	479
917	511
917	516
917	594
917	617
917	679
917	804
917	826
917	870
917	878
917	881
917	882
917	895
917	938
917	948
917	965
917	979
917	988
917	991
918	456
918	495
918	549
918	552
918	556
918	663
918	666
918	714
918	733
918	796
918	806
918	810
918	824
918	888
918	921
918	925
918	941
918	950
918	974
918	975
918	976
918	977
918	981
918	996
919	17
919	56
919	246
919	349
919	388
919	502
919	508
919	586
919	668
919	687
919	740
919	747
919	826
919	910
919	944
919	948
919	970
919	972
919	979
919	980
919	983
919	988
919	993
919	997
920	36
920	69
920	153
920	233
920	348
920	431
920	543
920	631
920	685
920	705
920	735
920	754
920	760
920	770
920	872
920	911
920	934
920	945
920	955
920	956
920	959
920	972
920	973
920	987
921	11
921	66
921	205
921	346
921	412
921	495
921	552
921	595
921	734
921	755
921	806
921	810
921	859
921	883
921	891
921	918
921	925
921	932
921	941
921	961
921	975
921	988
921	994
921	996
922	10
922	15
922	190
922	240
922	343
922	484
922	486
922	587
922	610
922	637
922	696
922	711
922	754
922	776
922	794
922	801
922	872
922	945
922	955
922	959
922	972
922	973
922	987
922	990
922	992
923	116
923	122
923	297
923	307
923	377
923	418
923	430
923	596
923	638
923	670
923	695
923	706
923	762
923	780
923	786
923	808
923	848
923	883
923	890
923	899
923	934
923	966
923	985
923	989
923	999
924	134
924	210
924	326
924	514
924	564
924	589
924	600
924	620
924	651
924	667
924	745
924	792
924	798
924	877
924	901
924	912
924	913
924	916
924	947
924	953
924	971
924	977
924	993
924	995
924	1000
925	25
925	107
925	385
925	492
925	653
925	697
925	755
925	756
925	767
925	806
925	810
925	840
925	858
925	859
925	863
925	874
925	876
925	883
925	891
925	918
925	921
925	975
925	976
925	981
925	996
926	78
926	193
926	257
926	387
926	394
926	446
926	572
926	607
926	693
926	727
926	797
926	814
926	825
926	877
926	893
926	901
926	907
926	913
926	933
926	947
926	967
926	971
926	977
926	978
926	1000
927	92
927	258
927	538
927	583
927	652
927	716
927	753
927	784
927	811
927	851
927	854
927	868
927	869
927	886
927	896
927	915
927	928
927	940
927	956
927	961
927	962
927	970
927	990
927	992
927	997
927	998
928	13
928	16
928	96
928	311
928	473
928	522
928	544
928	566
928	574
928	615
928	677
928	702
928	742
928	772
928	802
928	848
928	849
928	863
928	899
928	927
928	931
928	946
928	957
928	971
928	974
928	999
929	264
929	298
929	363
929	481
929	486
929	605
929	609
929	637
929	648
929	685
929	695
929	705
929	766
929	788
929	801
929	832
929	834
929	837
929	844
929	856
929	861
929	898
929	906
929	959
929	973
929	987
930	138
930	331
930	369
930	397
930	490
930	523
930	531
930	578
930	699
930	751
930	755
930	757
930	853
930	878
930	894
930	905
930	910
930	936
930	944
930	964
930	965
930	967
930	970
930	979
930	980
930	983
930	991
931	207
931	212
931	268
931	358
931	545
931	670
931	687
931	707
931	750
931	799
931	802
931	809
931	823
931	880
931	899
931	906
931	916
931	928
931	934
931	946
931	957
931	969
931	974
931	984
931	985
931	989
931	999
932	58
932	187
932	226
932	317
932	346
932	373
932	378
932	384
932	549
932	556
932	623
932	624
932	758
932	824
932	858
932	874
932	876
932	888
932	891
932	893
932	921
932	941
932	975
932	976
932	981
932	995
932	996
933	116
933	141
933	193
933	367
933	404
933	465
933	491
933	640
933	656
933	662
933	673
933	741
933	745
933	787
933	789
933	792
933	797
933	808
933	897
933	901
933	912
933	926
933	947
933	971
933	977
933	978
933	1000
934	3
934	234
934	407
934	437
934	515
934	540
934	566
934	605
934	664
934	675
934	677
934	701
934	780
934	781
934	809
934	849
934	880
934	892
934	899
934	900
934	906
934	920
934	923
934	931
934	974
934	984
934	987
934	989
935	45
935	93
935	110
935	121
935	294
935	323
935	344
935	383
935	420
935	568
935	611
935	632
935	633
935	644
935	645
935	669
935	719
935	743
935	763
935	815
935	838
935	900
935	937
935	939
935	949
935	952
935	963
935	981
936	2
936	114
936	334
936	375
936	485
936	539
936	619
936	678
936	679
936	747
936	773
936	825
936	833
936	885
936	896
936	909
936	910
936	914
936	930
936	944
936	964
936	979
936	980
936	983
936	988
936	990
936	991
936	993
937	29
937	30
937	40
937	74
937	121
937	171
937	269
937	320
937	413
937	463
937	560
937	568
937	591
937	644
937	700
937	771
937	815
937	838
937	873
937	900
937	912
937	935
937	939
937	949
937	952
937	960
937	963
937	999
938	8
938	35
938	482
938	586
938	612
938	627
938	685
938	767
938	800
938	803
938	818
938	842
938	845
938	880
938	909
938	914
938	917
938	944
938	948
938	964
938	965
938	967
938	979
938	980
938	983
938	988
938	991
938	993
939	40
939	45
939	59
939	281
939	487
939	494
939	533
939	537
939	591
939	698
939	700
939	714
939	719
939	732
939	764
939	783
939	815
939	822
939	827
939	865
939	873
939	900
939	908
939	935
939	937
939	949
939	950
939	963
940	27
940	333
940	354
940	500
940	519
940	550
940	585
940	737
940	749
940	765
940	782
940	785
940	795
940	840
940	851
940	855
940	871
940	896
940	927
940	954
940	958
940	968
940	982
940	986
940	990
940	994
940	995
940	997
941	263
941	322
941	336
941	379
941	427
941	544
941	629
941	642
941	663
941	694
941	697
941	698
941	714
941	758
941	775
941	796
941	824
941	876
941	884
941	888
941	891
941	918
941	921
941	932
941	950
941	975
941	976
941	985
941	996
942	55
942	72
942	97
942	132
942	217
942	426
942	452
942	515
942	570
942	635
942	640
942	647
942	684
942	701
942	704
942	738
942	819
942	823
942	828
942	839
942	887
942	899
942	954
942	957
942	974
942	985
942	989
942	991
942	999
943	22
943	197
943	215
943	295
943	429
943	489
943	569
943	592
943	650
943	729
943	749
943	753
943	852
943	854
943	868
943	869
943	904
943	908
943	951
943	954
943	958
943	961
943	962
943	986
943	990
943	994
943	995
943	997
943	998
944	90
944	271
944	276
944	303
944	310
944	344
944	408
944	616
944	619
944	629
944	733
944	821
944	847
944	853
944	894
944	919
944	930
944	936
944	938
944	945
944	964
944	965
944	967
944	970
944	979
944	980
944	983
944	988
944	991
944	993
945	21
945	36
945	103
945	198
945	240
945	313
945	368
945	449
945	610
945	637
945	665
945	725
945	728
945	766
945	770
945	794
945	834
945	856
945	861
945	872
945	911
945	920
945	922
945	944
945	955
945	959
945	972
945	973
945	987
945	997
946	3
946	28
946	38
946	49
946	191
946	228
946	235
946	403
946	424
946	426
946	452
946	596
946	689
946	738
946	774
946	841
946	861
946	866
946	887
946	890
946	906
946	928
946	931
946	957
946	966
946	969
946	974
946	978
946	985
946	999
947	180
947	331
947	370
947	371
947	490
947	507
947	536
947	584
947	607
947	623
947	673
947	715
947	741
947	746
947	798
947	808
947	814
947	825
947	843
947	846
947	877
947	897
947	903
947	924
947	926
947	933
947	971
947	978
947	993
947	1000
948	85
948	89
948	142
948	291
948	352
948	478
948	523
948	586
948	598
948	800
948	826
948	843
948	853
948	867
948	868
948	870
948	878
948	882
948	914
948	917
948	919
948	938
948	964
948	970
948	980
948	983
948	988
948	991
948	993
948	999
949	20
949	29
949	91
949	181
949	272
949	294
949	405
949	494
949	533
949	560
949	658
949	669
949	688
949	700
949	719
949	726
949	743
949	815
949	827
949	830
949	865
949	873
949	900
949	908
949	935
949	937
949	939
949	952
949	960
949	963
949	997
950	57
950	109
950	150
950	218
950	287
950	421
950	435
950	477
950	604
950	653
950	666
950	697
950	698
950	712
950	713
950	714
950	734
950	758
950	775
950	796
950	810
950	813
950	858
950	891
950	918
950	939
950	941
950	975
950	976
950	981
950	996
951	80
951	340
951	347
951	453
951	457
951	468
951	579
951	686
951	731
951	736
951	759
951	761
951	765
951	793
951	840
951	854
951	869
951	879
951	889
951	907
951	913
951	943
951	954
951	956
951	958
951	961
951	962
951	968
951	982
951	986
951	992
951	998
952	30
952	74
952	91
952	181
952	269
952	386
952	591
952	593
952	658
952	669
952	726
952	743
952	763
952	764
952	771
952	776
952	783
952	815
952	827
952	838
952	865
952	873
952	900
952	908
952	935
952	937
952	949
952	960
952	963
952	974
952	991
952	998
953	39
953	75
953	104
953	137
953	180
953	184
953	193
953	376
953	404
953	425
953	507
953	632
953	680
953	693
953	715
953	768
953	775
953	787
953	806
953	808
953	816
953	846
953	875
953	901
953	902
953	903
953	912
953	916
953	924
953	977
953	978
953	1000
954	159
954	189
954	468
954	500
954	585
954	636
954	650
954	688
954	736
954	739
954	765
954	777
954	784
954	836
954	840
954	864
954	868
954	915
954	940
954	942
954	943
954	951
954	956
954	961
954	962
954	976
954	986
954	990
954	992
954	994
954	995
954	997
954	998
955	190
955	250
955	343
955	363
955	464
955	528
955	542
955	587
955	630
955	654
955	665
955	685
955	705
955	711
955	746
955	760
955	766
955	779
955	801
955	807
955	830
955	837
955	845
955	872
955	877
955	898
955	911
955	920
955	922
955	945
955	959
955	972
955	973
955	987
956	102
956	151
956	353
956	356
956	450
956	512
956	554
956	562
956	575
956	643
956	674
956	677
956	805
956	820
956	829
956	857
956	864
956	869
956	871
956	879
956	886
956	904
956	920
956	927
956	951
956	954
956	958
956	961
956	962
956	968
956	986
956	990
956	997
956	998
957	6
957	158
957	168
957	235
957	243
957	259
957	305
957	459
957	493
957	510
957	545
957	670
957	687
957	690
957	721
957	738
957	762
957	780
957	786
957	799
957	839
957	841
957	848
957	849
957	850
957	863
957	887
957	890
957	906
957	928
957	931
957	942
957	946
957	966
957	984
957	999
958	127
958	130
958	197
958	260
958	466
958	592
958	601
958	661
958	688
958	704
958	749
958	804
958	811
958	829
958	836
958	851
958	868
958	869
958	879
958	896
958	909
958	915
958	940
958	943
958	951
958	956
958	961
958	968
958	982
958	986
958	990
958	992
958	994
958	995
958	997
958	998
959	62
959	178
959	229
959	313
959	366
959	431
959	445
959	447
959	484
959	528
959	610
959	618
959	631
959	637
959	661
959	709
959	722
959	728
959	770
959	788
959	801
959	807
959	812
959	837
959	844
959	860
959	861
959	911
959	920
959	922
959	929
959	945
959	955
959	966
959	972
959	984
959	987
959	988
959	995
960	29
960	34
960	52
960	59
960	148
960	181
960	248
960	320
960	323
960	344
960	386
960	534
960	581
960	593
960	611
960	632
960	658
960	671
960	719
960	723
960	732
960	764
960	771
960	783
960	815
960	822
960	827
960	830
960	833
960	873
960	900
960	908
960	937
960	949
960	952
960	963
960	993
960	995
960	997
961	88
961	147
961	192
961	356
961	387
961	530
961	620
961	652
961	716
961	731
961	737
961	744
961	759
961	765
961	805
961	811
961	831
961	836
961	851
961	857
961	862
961	896
961	904
961	907
961	921
961	927
961	943
961	951
961	954
961	956
961	958
961	962
961	968
961	982
961	986
961	990
961	994
961	995
961	997
961	998
962	28
962	60
962	80
962	86
962	176
962	290
962	296
962	339
962	357
962	366
962	372
962	396
962	401
962	466
962	512
962	590
962	652
962	673
962	724
962	744
962	749
962	784
962	795
962	907
962	915
962	927
962	943
962	951
962	954
962	956
962	961
962	968
962	982
962	986
962	990
962	992
962	994
962	995
962	997
962	998
963	20
963	34
963	45
963	96
963	148
963	281
963	323
963	344
963	386
963	409
963	413
963	518
963	537
963	560
963	568
963	581
963	645
963	658
963	669
963	700
963	719
963	732
963	743
963	758
963	763
963	764
963	771
963	783
963	790
963	815
963	819
963	822
963	830
963	865
963	908
963	935
963	937
963	939
963	949
963	952
963	960
963	994
964	8
964	48
964	126
964	138
964	158
964	238
964	266
964	303
964	335
964	496
964	501
964	559
964	565
964	594
964	641
964	681
964	717
964	730
964	800
964	818
964	821
964	831
964	833
964	835
964	845
964	847
964	853
964	885
964	894
964	895
964	905
964	930
964	936
964	938
964	944
964	948
964	965
964	967
964	979
964	983
964	988
964	991
964	996
965	43
965	53
965	443
965	462
965	502
965	531
965	541
965	578
965	601
965	612
965	616
965	617
965	672
965	681
965	699
965	740
965	751
965	793
965	800
965	818
965	826
965	831
965	833
965	842
965	847
965	870
965	874
965	877
965	881
965	885
965	905
965	914
965	917
965	930
965	938
965	944
965	964
965	967
965	979
965	980
965	988
965	991
965	993
966	31
966	146
966	185
966	380
966	437
966	448
966	471
966	480
966	522
966	526
966	540
966	558
966	566
966	600
966	622
966	635
966	641
966	655
966	670
966	675
966	689
966	704
966	729
966	748
966	772
966	774
966	780
966	781
966	786
966	817
966	841
966	855
966	874
966	887
966	923
966	946
966	957
966	959
966	969
966	974
966	985
966	989
966	996
966	999
967	33
967	73
967	136
967	172
967	246
967	299
967	312
967	319
967	369
967	417
967	485
967	509
967	520
967	531
967	535
967	580
967	629
967	672
967	681
967	699
967	717
967	740
967	747
967	816
967	826
967	833
967	845
967	853
967	860
967	881
967	882
967	905
967	910
967	926
967	930
967	938
967	944
967	964
967	965
967	970
967	979
967	980
967	988
967	991
967	993
967	997
968	88
968	151
968	155
968	201
968	279
968	293
968	295
968	301
968	341
968	354
968	420
968	489
968	504
968	522
968	601
968	614
968	633
968	665
968	696
968	719
968	739
968	777
968	782
968	793
968	811
968	852
968	862
968	869
968	871
968	879
968	896
968	907
968	915
968	940
968	951
968	956
968	958
968	961
968	962
968	982
968	986
968	990
968	992
968	994
968	995
968	997
968	998
969	113
969	146
969	191
969	207
969	220
969	238
969	255
969	287
969	307
969	332
969	350
969	399
969	423
969	459
969	472
969	527
969	558
969	570
969	599
969	631
969	635
969	641
969	677
969	684
969	695
969	702
969	703
969	721
969	729
969	762
969	809
969	817
969	823
969	841
969	848
969	850
969	863
969	892
969	899
969	904
969	906
969	931
969	946
969	966
969	974
969	984
969	985
969	989
969	999
970	23
970	70
970	89
970	114
970	200
970	217
970	299
970	360
970	439
970	478
970	485
970	496
970	509
970	516
970	565
970	602
970	603
970	616
970	629
970	668
970	713
970	717
970	740
970	757
970	798
970	821
970	831
970	835
970	842
970	845
970	847
970	867
970	870
970	878
970	881
970	882
970	885
970	894
970	905
970	910
970	914
970	919
970	927
970	930
970	944
970	948
970	967
970	979
970	983
970	988
970	1000
971	129
971	179
971	184
971	190
971	214
971	224
971	241
971	249
971	283
971	300
971	324
971	351
971	387
971	453
971	472
971	491
971	514
971	555
971	563
971	576
971	584
971	607
971	625
971	651
971	656
971	662
971	680
971	727
971	745
971	787
971	792
971	797
971	798
971	814
971	825
971	843
971	846
971	897
971	901
971	902
971	903
971	913
971	916
971	924
971	926
971	928
971	933
971	947
971	977
971	978
971	980
971	1000
972	111
972	173
972	198
972	278
972	306
972	342
972	343
972	347
972	363
972	434
972	445
972	449
972	470
972	542
972	543
972	561
972	577
972	588
972	602
972	631
972	637
972	654
972	661
972	683
972	692
972	725
972	728
972	746
972	754
972	766
972	770
972	776
972	788
972	807
972	812
972	828
972	832
972	834
972	856
972	860
972	872
972	898
972	911
972	919
972	920
972	922
972	945
972	955
972	959
972	975
972	980
972	987
973	103
973	106
973	111
973	123
973	131
973	143
973	160
973	163
973	177
973	264
973	306
973	316
973	348
973	366
973	440
973	449
973	470
973	486
973	542
973	555
973	591
973	610
973	618
973	637
973	648
973	685
973	709
973	711
973	722
973	725
973	754
973	766
973	770
973	772
973	776
973	779
973	807
973	812
973	834
973	844
973	856
973	860
973	861
973	872
973	898
973	911
973	920
973	922
973	929
973	945
973	955
973	987
973	993
973	994
974	21
974	100
974	132
974	221
974	234
974	247
974	255
974	318
974	350
974	411
974	448
974	458
974	471
974	472
974	493
974	529
974	540
974	596
974	605
974	608
974	675
974	684
974	704
974	706
974	707
974	710
974	729
974	738
974	750
974	762
974	780
974	787
974	790
974	809
974	823
974	839
974	849
974	850
974	880
974	885
974	892
974	898
974	907
974	918
974	928
974	931
974	934
974	942
974	946
974	952
974	966
974	969
974	984
974	985
974	989
974	999
975	109
975	186
975	218
975	289
975	291
975	292
975	322
975	330
975	379
975	456
975	483
975	513
975	549
975	569
975	575
975	595
975	604
975	621
975	623
975	624
975	639
975	642
975	643
975	649
975	653
975	697
975	698
975	712
975	734
975	756
975	758
975	767
975	785
975	806
975	810
975	846
975	858
975	859
975	874
975	876
975	883
975	884
975	888
975	891
975	918
975	921
975	925
975	932
975	941
975	950
975	972
975	976
975	977
975	981
975	996
975	999
976	26
976	57
976	66
976	87
976	208
976	270
976	330
976	333
976	336
976	378
976	384
976	385
976	435
976	492
976	513
976	528
976	533
976	556
976	569
976	575
976	623
976	624
976	639
976	649
976	653
976	666
976	679
976	694
976	697
976	698
976	751
976	755
976	756
976	758
976	767
976	775
976	785
976	791
976	796
976	806
976	858
976	859
976	874
976	876
976	883
976	888
976	891
976	918
976	925
976	932
976	941
976	950
976	954
976	975
976	981
976	989
976	996
977	78
977	104
977	222
977	241
977	257
977	280
977	300
977	394
977	455
977	465
977	475
977	498
977	503
977	507
977	536
977	547
977	571
977	572
977	576
977	584
977	589
977	625
977	628
977	634
977	656
977	662
977	667
977	690
977	693
977	715
977	734
977	741
977	768
977	787
977	798
977	808
977	813
977	825
977	843
977	882
977	888
977	893
977	898
977	901
977	902
977	903
977	912
977	913
977	916
977	918
977	924
977	926
977	933
977	953
977	971
977	975
977	1000
978	7
978	47
978	75
978	83
978	94
978	101
978	199
978	224
978	244
978	351
978	364
978	367
978	376
978	393
978	399
978	404
978	419
978	425
978	475
978	490
978	521
978	547
978	555
978	564
978	589
978	607
978	620
978	651
978	662
978	667
978	673
978	690
978	691
978	693
978	715
978	745
978	768
978	789
978	792
978	798
978	808
978	816
978	877
978	893
978	902
978	912
978	913
978	916
978	926
978	933
978	946
978	947
978	953
978	971
978	982
978	986
978	989
978	1000
979	12
979	33
979	145
979	152
979	167
979	187
979	242
979	251
979	282
979	303
979	319
979	355
979	369
979	405
979	417
979	433
979	443
979	462
979	478
979	482
979	509
979	520
979	523
979	531
979	668
979	733
979	751
979	773
979	791
979	803
979	821
979	826
979	833
979	835
979	845
979	868
979	870
979	885
979	894
979	895
979	905
979	909
979	914
979	917
979	919
979	930
979	936
979	938
979	944
979	964
979	965
979	967
979	970
979	980
979	988
979	991
979	993
979	999
980	27
980	85
980	195
980	231
980	245
980	251
980	271
980	276
980	349
980	374
980	496
980	502
980	503
980	517
980	531
980	541
980	572
980	602
980	659
980	672
980	720
980	730
980	733
980	740
980	747
980	751
980	757
980	769
980	818
980	831
980	833
980	845
980	847
980	852
980	853
980	878
980	882
980	885
980	905
980	909
980	910
980	914
980	919
980	930
980	936
980	938
980	944
980	948
980	965
980	967
980	971
980	972
980	979
980	983
980	986
980	988
980	991
980	993
981	26
981	54
981	107
981	206
981	208
981	226
981	317
981	322
981	333
981	338
981	373
981	384
981	392
981	427
981	435
981	483
981	492
981	547
981	549
981	604
981	606
981	621
981	639
981	642
981	649
981	666
981	694
981	712
981	713
981	714
981	734
981	741
981	756
981	758
981	767
981	785
981	791
981	796
981	806
981	810
981	824
981	858
981	859
981	874
981	876
981	879
981	883
981	884
981	886
981	888
981	891
981	918
981	925
981	932
981	935
981	950
981	975
981	976
981	996
982	9
982	14
982	22
982	84
982	102
982	165
982	170
982	182
982	212
982	215
982	293
982	309
982	416
982	434
982	468
982	470
982	489
982	497
982	499
982	538
982	585
982	590
982	643
982	686
982	696
982	712
982	731
982	748
982	749
982	752
982	761
982	782
982	793
982	795
982	805
982	829
982	840
982	852
982	854
982	864
982	879
982	886
982	896
982	907
982	914
982	940
982	951
982	958
982	961
982	962
982	968
982	978
982	984
982	986
982	990
982	994
982	995
982	996
982	997
982	998
983	42
983	48
983	74
983	90
983	164
983	167
983	211
983	231
983	271
983	314
983	334
983	335
983	352
983	375
983	443
983	462
983	478
983	502
983	509
983	532
983	535
983	578
983	594
983	617
983	619
983	629
983	651
983	659
983	721
983	733
983	735
983	762
983	773
983	800
983	803
983	821
983	831
983	835
983	842
983	845
983	867
983	870
983	878
983	881
983	882
983	894
983	905
983	909
983	914
983	919
983	930
983	936
983	938
983	944
983	948
983	964
983	970
983	980
983	985
983	988
983	991
983	992
983	993
984	81
984	82
984	115
984	226
984	332
984	355
984	381
984	390
984	418
984	437
984	438
984	448
984	456
984	458
984	467
984	474
984	488
984	506
984	510
984	527
984	545
984	558
984	596
984	599
984	600
984	608
984	640
984	647
984	655
984	687
984	689
984	701
984	704
984	715
984	738
984	750
984	774
984	786
984	790
984	809
984	819
984	848
984	849
984	850
984	863
984	866
984	880
984	887
984	890
984	892
984	899
984	906
984	916
984	931
984	934
984	957
984	959
984	969
984	974
984	982
984	985
984	989
984	999
985	24
985	38
985	70
985	124
985	149
985	204
985	216
985	232
985	302
985	318
985	327
985	332
985	377
985	382
985	390
985	411
985	423
985	426
985	467
985	473
985	510
985	544
985	566
985	573
985	582
985	600
985	612
985	638
985	641
985	647
985	682
985	687
985	689
985	718
985	742
985	774
985	780
985	786
985	799
985	802
985	817
985	819
985	823
985	839
985	841
985	850
985	863
985	880
985	887
985	892
985	899
985	902
985	906
985	923
985	931
985	941
985	942
985	946
985	966
985	969
985	974
985	983
985	984
985	999
986	22
986	61
986	79
986	127
986	135
986	155
986	201
986	267
986	293
986	295
986	305
986	319
986	321
986	398
986	401
986	429
986	499
986	512
986	519
986	546
986	548
986	614
986	626
986	652
986	688
986	708
986	724
986	737
986	739
986	747
986	752
986	759
986	765
986	777
986	784
986	851
986	855
986	857
986	869
986	879
986	886
986	889
986	896
986	904
986	907
986	915
986	940
986	943
986	951
986	954
986	956
986	958
986	961
986	962
986	968
986	978
986	980
986	982
986	990
986	992
986	994
986	995
986	997
986	998
987	4
987	51
987	62
987	64
987	77
987	105
987	123
987	128
987	131
987	143
987	153
987	161
987	173
987	183
987	240
987	250
987	306
987	325
987	342
987	348
987	363
987	430
987	440
987	445
987	447
987	464
987	473
987	481
987	525
987	561
987	588
987	609
987	628
987	637
987	657
987	709
987	735
987	746
987	754
987	766
987	776
987	778
987	788
987	802
987	832
987	837
987	844
987	851
987	856
987	860
987	861
987	862
987	872
987	898
987	911
987	920
987	922
987	929
987	934
987	945
987	955
987	959
987	972
987	973
987	994
988	35
988	42
988	63
988	129
988	167
988	261
988	299
988	303
988	388
988	393
988	402
988	428
988	461
988	479
988	482
988	496
988	516
988	517
988	523
988	535
988	537
988	539
988	580
988	586
988	594
988	603
988	613
988	629
988	659
988	660
988	679
988	681
988	720
988	733
988	773
988	797
988	800
988	803
988	826
988	835
988	853
988	870
988	882
988	885
988	895
988	905
988	909
988	910
988	914
988	915
988	917
988	919
988	921
988	936
988	938
988	944
988	948
988	959
988	964
988	965
988	967
988	970
988	979
988	980
988	983
988	991
988	993
988	998
989	24
989	49
989	55
989	124
989	159
989	171
989	242
989	247
989	254
989	267
989	315
989	327
989	380
989	418
989	424
989	438
989	454
989	458
989	467
989	472
989	476
989	480
989	495
989	526
989	557
989	574
989	596
989	608
989	615
989	622
989	635
989	638
989	640
989	646
989	647
989	662
989	682
989	689
989	695
989	702
989	704
989	707
989	710
989	738
989	742
989	750
989	802
989	817
989	819
989	839
989	841
989	848
989	849
989	863
989	866
989	872
989	880
989	892
989	923
989	931
989	934
989	942
989	966
989	969
989	974
989	976
989	978
989	984
989	995
989	999
990	4
990	14
990	18
990	44
990	120
990	140
990	174
990	192
990	270
990	275
990	295
990	308
990	309
990	340
990	345
990	354
990	372
990	401
990	436
990	444
990	449
990	497
990	550
990	579
990	590
990	601
990	636
990	643
990	650
990	674
990	686
990	716
990	731
990	736
990	739
990	752
990	782
990	793
990	805
990	820
990	829
990	836
990	840
990	854
990	855
990	868
990	871
990	879
990	889
990	896
990	904
990	907
990	922
990	927
990	936
990	940
990	943
990	954
990	956
990	958
990	961
990	962
990	968
990	982
990	986
990	991
990	992
990	994
990	995
990	997
990	998
990	999
991	17
991	33
991	37
991	42
991	70
991	114
991	164
991	188
991	211
991	236
991	239
991	266
991	282
991	310
991	314
991	334
991	374
991	405
991	426
991	433
991	463
991	479
991	485
991	517
991	551
991	565
991	586
991	594
991	613
991	617
991	659
991	660
991	678
991	679
991	681
991	693
991	720
991	733
991	773
991	800
991	803
991	818
991	830
991	831
991	833
991	835
991	842
991	867
991	870
991	885
991	895
991	909
991	910
991	914
991	917
991	930
991	936
991	938
991	942
991	944
991	948
991	952
991	964
991	965
991	967
991	979
991	980
991	983
991	988
991	990
991	993
991	994
992	46
992	61
992	99
992	112
992	118
992	155
992	168
992	170
992	189
992	296
992	301
992	345
992	353
992	395
992	398
992	400
992	444
992	489
992	512
992	519
992	546
992	548
992	550
992	562
992	583
992	636
992	643
992	652
992	674
992	696
992	716
992	718
992	724
992	736
992	739
992	744
992	749
992	753
992	759
992	784
992	810
992	820
992	826
992	829
992	838
992	851
992	852
992	854
992	857
992	862
992	864
992	868
992	869
992	871
992	879
992	896
992	907
992	908
992	912
992	915
992	922
992	927
992	951
992	954
992	958
992	962
992	968
992	983
992	986
992	990
992	994
992	995
992	998
993	37
993	53
993	73
993	89
993	126
993	142
993	145
993	152
993	156
993	180
993	200
993	202
993	225
993	236
993	239
993	245
993	276
993	304
993	312
993	314
993	359
993	360
993	393
993	405
993	443
993	478
993	479
993	516
993	523
993	532
993	541
993	551
993	573
993	578
993	580
993	659
993	660
993	664
993	672
993	681
993	699
993	740
993	818
993	826
993	831
993	833
993	845
993	853
993	867
993	870
993	878
993	881
993	894
993	895
993	905
993	909
993	910
993	914
993	919
993	924
993	936
993	938
993	944
993	947
993	948
993	960
993	965
993	967
993	973
993	979
993	980
993	983
993	988
993	991
994	32
994	135
994	144
994	147
994	174
994	182
994	203
994	293
994	309
994	353
994	354
994	361
994	389
994	395
994	396
994	400
994	408
994	432
994	434
994	436
994	444
994	461
994	469
994	489
994	500
994	512
994	524
994	538
994	548
994	590
994	593
994	636
994	643
994	696
994	716
994	718
994	737
994	759
994	782
994	784
994	793
994	795
994	804
994	811
994	820
994	829
994	840
994	852
994	857
994	862
994	864
994	868
994	871
994	889
994	894
994	904
994	909
994	921
994	940
994	943
994	954
994	958
994	961
994	962
994	963
994	968
994	973
994	982
994	986
994	987
994	990
994	991
994	992
994	995
994	997
994	998
995	14
995	18
995	46
995	65
995	76
995	92
995	120
995	139
995	144
995	227
995	279
995	305
995	321
995	345
995	356
995	361
995	372
995	398
995	400
995	408
995	432
995	434
995	436
995	450
995	468
995	469
995	497
995	519
995	524
995	530
995	585
995	614
995	636
995	652
995	672
995	676
995	724
995	744
995	749
995	752
995	765
995	793
995	795
995	804
995	805
995	820
995	825
995	829
995	836
995	840
995	851
995	854
995	855
995	857
995	869
995	879
995	886
995	889
995	896
995	904
995	905
995	907
995	924
995	932
995	940
995	943
995	954
995	958
995	959
995	960
995	961
995	962
995	968
995	982
995	986
995	989
995	990
995	992
995	994
995	997
995	998
996	5
996	11
996	26
996	87
996	107
996	150
996	162
996	186
996	205
996	206
996	208
996	256
996	263
996	270
996	292
996	317
996	322
996	336
996	338
996	346
996	365
996	373
996	378
996	385
996	392
996	412
996	427
996	435
996	456
996	513
996	549
996	552
996	556
996	569
996	575
996	582
996	606
996	621
996	623
996	639
996	642
996	649
996	663
996	666
996	694
996	698
996	712
996	713
996	714
996	755
996	756
996	758
996	767
996	775
996	785
996	791
996	792
996	796
996	806
996	824
996	856
996	858
996	859
996	870
996	874
996	876
996	883
996	884
996	888
996	891
996	918
996	921
996	925
996	932
996	941
996	950
996	964
996	966
996	975
996	976
996	981
996	982
997	9
997	79
997	86
997	99
997	139
997	140
997	144
997	176
997	201
997	209
997	212
997	223
997	258
997	332
997	341
997	406
997	450
997	457
997	461
997	497
997	500
997	546
997	548
997	554
997	567
997	579
997	614
997	633
997	650
997	674
997	676
997	686
997	688
997	696
997	708
997	736
997	744
997	752
997	753
997	761
997	765
997	777
997	782
997	795
997	804
997	811
997	820
997	829
997	851
997	852
997	854
997	855
997	857
997	862
997	864
997	866
997	867
997	868
997	869
997	871
997	886
997	896
997	915
997	919
997	927
997	940
997	943
997	945
997	949
997	954
997	956
997	958
997	960
997	961
997	962
997	967
997	968
997	982
997	986
997	990
997	994
997	995
997	998
997	1000
998	1
998	18
998	28
998	44
998	68
998	92
998	99
998	120
998	130
998	163
998	165
998	170
998	203
998	259
998	275
998	290
998	301
998	341
998	356
998	396
998	401
998	406
998	416
998	436
998	451
998	458
998	499
998	500
998	501
998	546
998	567
998	583
998	585
998	633
998	686
998	696
998	723
998	724
998	736
998	737
998	739
998	748
998	753
998	759
998	761
998	773
998	777
998	784
998	793
998	799
998	804
998	818
998	829
998	851
998	852
998	854
998	855
998	857
998	862
998	864
998	868
998	869
998	871
998	879
998	886
998	889
998	890
998	896
998	904
998	907
998	927
998	943
998	951
998	952
998	954
998	956
998	958
998	961
998	962
998	968
998	982
998	986
998	988
998	990
998	992
998	994
998	995
998	997
999	6
999	24
999	49
999	55
999	60
999	81
999	82
999	115
999	149
999	207
999	237
999	273
999	297
999	298
999	311
999	315
999	337
999	355
999	358
999	381
999	391
999	403
999	407
999	411
999	418
999	423
999	424
999	452
999	472
999	476
999	506
999	515
999	522
999	527
999	557
999	558
999	566
999	573
999	574
999	605
999	608
999	615
999	622
999	635
999	640
999	646
999	655
999	664
999	675
999	677
999	684
999	695
999	704
999	721
999	729
999	742
999	750
999	759
999	772
999	774
999	778
999	780
999	781
999	786
999	790
999	802
999	809
999	810
999	839
999	841
999	848
999	849
999	880
999	887
999	890
999	892
999	899
999	906
999	923
999	928
999	931
999	937
999	942
999	946
999	948
999	957
999	966
999	969
999	974
999	975
999	979
999	984
999	985
999	989
999	990
1000	41
1000	47
1000	75
1000	78
1000	83
1000	90
1000	94
1000	134
1000	179
1000	196
1000	214
1000	219
1000	222
1000	230
1000	249
1000	262
1000	274
1000	277
1000	280
1000	283
1000	317
1000	331
1000	351
1000	364
1000	367
1000	370
1000	387
1000	419
1000	422
1000	441
1000	442
1000	446
1000	453
1000	455
1000	465
1000	475
1000	477
1000	484
1000	491
1000	498
1000	503
1000	521
1000	525
1000	536
1000	554
1000	555
1000	563
1000	564
1000	572
1000	584
1000	589
1000	607
1000	620
1000	625
1000	628
1000	651
1000	656
1000	673
1000	690
1000	693
1000	727
1000	741
1000	745
1000	752
1000	768
1000	787
1000	789
1000	792
1000	797
1000	798
1000	808
1000	813
1000	816
1000	823
1000	825
1000	846
1000	864
1000	875
1000	877
1000	893
1000	897
1000	901
1000	902
1000	903
1000	912
1000	913
1000	916
1000	924
1000	926
1000	933
1000	947
1000	953
1000	970
1000	971
1000	977
1000	978
1000	997
