1	884
1	962
1	980
2	477
2	689
2	979
3	703
3	928
3	976
4	388
4	891
4	928
5	785
5	959
5	990
6	826
6	965
6	995
7	859
7	891
7	976
8	722
8	784
8	860
9	866
9	966
9	983
10	862
10	886
10	947
11	907
11	988
11	995
12	879
12	914
12	938
13	393
13	804
13	872
14	93
14	471
14	951
15	835
15	988
15	995
16	788
16	930
16	992
17	885
17	986
17	996
18	896
18	925
18	976
19	939
19	967
19	984
20	961
20	982
20	996
21	191
21	899
21	966
22	947
22	955
22	994
23	370
23	946
23	975
24	982
24	986
24	996
25	76
25	773
25	995
26	739
26	944
26	945
27	965
27	988
27	995
28	966
28	977
28	987
29	951
29	980
29	998
30	874
30	949
30	990
31	495
31	971
31	992
32	377
32	868
32	959
33	959
33	983
33	987
34	978
34	989
34	997
35	339
35	990
35	999
36	967
36	977
36	993
37	46
37	803
37	948
38	961
38	986
38	996
39	597
39	809
39	969
40	624
40	876
40	914
41	450
41	984
41	997
42	839
42	966
42	973
43	366
43	900
43	992
44	933
44	998
44	1000
45	526
45	719
45	972
46	37
46	988
46	995
47	596
47	831
47	976
48	895
48	930
48	992
49	460
49	551
49	832
50	915
50	979
50	985
51	493
51	924
51	975
52	979
52	990
52	999
53	304
53	977
53	987
54	933
54	939
54	985
55	173
55	524
55	969
56	948
56	986
56	996
57	773
57	797
57	998
58	891
58	986
58	996
59	912
59	955
59	993
60	70
60	579
60	842
61	897
61	964
61	984
62	873
62	924
62	992
63	314
63	866
63	944
64	764
64	924
64	992
65	818
65	931
65	941
66	404
66	883
66	969
67	889
67	983
67	997
68	480
68	964
68	989
69	240
69	947
69	994
70	60
70	991
70	999
71	866
71	878
71	945
72	617
72	829
72	980
73	839
73	988
73	995
74	380
74	990
74	1000
75	888
75	961
75	986
76	25
76	935
76	995
77	958
77	982
77	996
78	404
78	893
78	980
79	913
79	914
79	969
80	514
80	789
80	890
81	600
81	876
81	969
82	455
82	943
82	1000
83	982
83	986
83	996
84	821
84	921
84	995
85	440
85	895
85	999
86	858
86	986
86	996
87	635
87	642
87	989
88	929
88	941
88	976
89	753
89	798
89	989
90	456
90	913
90	938
91	964
91	967
91	997
92	584
92	869
92	977
93	14
93	670
93	998
94	902
94	903
94	930
95	813
95	836
95	990
96	798
96	993
96	997
97	215
97	928
97	941
98	797
98	910
98	990
99	164
99	973
99	1000
100	962
100	991
100	997
101	812
101	994
101	997
102	894
102	898
102	995
103	226
103	806
103	997
104	975
104	992
104	997
105	922
105	965
105	988
106	897
106	978
106	993
107	593
107	844
107	905
108	118
108	609
108	999
109	606
109	960
109	992
110	930
110	971
110	975
111	982
111	986
111	996
112	762
112	884
112	962
113	934
113	968
113	992
114	391
114	793
114	998
115	133
115	891
115	928
116	911
116	954
116	997
117	925
117	958
117	993
118	108
118	906
118	977
119	751
119	991
119	999
120	965
120	988
120	995
121	795
121	943
121	1000
122	857
122	984
122	997
123	872
123	941
123	954
124	576
124	971
124	975
125	942
125	977
125	981
126	941
126	954
126	976
127	607
127	993
127	994
128	503
128	769
128	995
129	965
129	988
129	995
130	990
130	991
130	1000
131	762
131	985
131	1000
132	312
132	963
132	993
133	115
133	931
133	976
134	439
134	988
134	995
135	853
135	983
135	987
136	771
136	910
136	979
137	310
137	392
137	962
138	904
138	931
138	954
139	962
139	964
139	980
140	795
140	915
140	953
141	911
141	955
141	993
142	234
142	836
142	999
143	260
143	573
143	671
144	985
144	991
144	999
145	957
145	970
145	975
146	302
146	473
146	969
147	254
147	712
147	980
148	532
148	808
148	991
149	621
149	905
149	969
150	202
150	674
150	838
151	761
151	927
151	998
152	895
152	993
152	1000
153	388
153	961
153	996
154	948
154	982
154	996
155	293
155	551
155	900
156	426
156	960
156	992
157	959
157	979
157	998
158	762
158	943
158	999
159	916
159	986
159	996
160	968
160	970
160	981
161	648
161	927
161	985
162	589
162	615
162	994
163	791
163	978
163	997
164	99
164	382
164	890
165	279
165	891
165	925
166	948
166	982
166	996
167	960
167	971
167	981
168	885
168	918
168	996
169	824
169	986
169	996
170	991
170	999
170	1000
171	939
171	993
171	997
172	747
172	966
172	987
173	55
173	670
173	969
174	839
174	965
174	995
175	793
175	979
175	991
176	846
176	988
176	995
177	898
177	965
177	988
178	870
178	923
178	989
179	898
179	988
179	995
180	816
180	885
180	996
181	395
181	729
181	933
182	358
182	959
182	990
183	882
183	982
183	996
184	972
184	997
184	999
185	980
185	982
185	985
186	943
186	998
186	1000
187	885
187	986
187	996
188	689
188	860
188	1000
189	823
189	948
189	996
190	978
190	984
190	997
191	21
191	320
191	966
192	832
192	843
192	876
193	831
193	925
193	931
194	867
194	956
194	987
195	526
195	832
195	938
196	872
196	941
196	976
197	614
197	951
197	991
198	367
198	899
198	987
199	975
199	981
199	992
200	698
200	924
200	971
201	917
201	988
201	995
202	150
202	342
202	776
203	841
203	963
203	967
204	878
204	909
204	974
205	944
205	956
205	973
206	214
206	534
206	987
207	881
207	916
207	961
208	832
208	844
208	876
209	680
209	840
209	891
210	458
210	824
210	933
211	500
211	961
211	996
212	261
212	511
212	969
213	894
213	988
213	995
214	206
214	796
214	909
215	97
215	925
215	941
216	345
216	951
216	1000
217	975
217	987
217	992
218	909
218	973
218	987
219	951
219	980
219	984
220	643
220	982
220	996
221	635
221	978
221	997
222	492
222	728
222	813
223	927
223	950
223	998
224	463
224	841
224	969
225	973
225	977
225	987
226	103
226	982
226	996
227	916
227	982
227	996
228	386
228	946
228	969
229	958
229	989
229	994
230	645
230	778
230	976
231	943
231	959
231	972
232	959
232	999
232	1000
233	939
233	985
233	997
234	142
234	597
234	883
235	923
235	955
235	993
236	826
236	908
236	996
237	668
237	980
237	1000
238	935
238	974
238	977
239	539
239	891
239	976
240	69
240	911
240	989
241	711
241	916
241	996
242	968
242	981
242	992
243	614
243	644
243	751
244	902
244	934
244	968
245	920
245	931
245	954
246	728
246	979
246	1000
247	493
247	536
247	824
248	660
248	918
248	986
249	944
249	945
249	987
250	806
250	964
250	984
251	953
251	985
251	999
252	980
252	990
252	991
253	866
253	942
253	956
254	147
254	998
254	999
255	956
255	966
255	983
256	379
256	974
256	983
257	637
257	957
257	992
258	491
258	959
258	990
259	460
259	941
259	969
260	143
260	843
260	969
261	212
261	809
261	969
262	978
262	994
262	997
263	896
263	929
263	976
264	750
264	922
264	979
265	741
265	900
265	960
266	277
266	545
266	786
267	845
267	943
267	991
268	831
268	954
268	976
269	680
269	773
269	990
270	917
270	988
270	995
271	979
271	985
271	1000
272	955
272	964
272	997
273	669
273	869
273	983
274	706
274	992
274	995
275	620
275	736
275	996
276	356
276	441
276	713
277	266
277	510
277	902
278	794
278	814
278	865
279	165
279	920
279	954
280	949
280	999
280	1000
281	447
281	989
281	997
282	910
282	920
282	928
283	522
283	871
283	922
284	908
284	982
284	996
285	567
285	888
285	905
286	906
286	990
286	1000
287	961
287	986
287	996
288	375
288	989
288	994
289	529
289	913
289	914
290	757
290	896
290	929
291	562
291	964
291	991
292	771
292	999
292	1000
293	155
293	913
293	938
294	759
294	988
294	995
295	498
295	803
295	928
296	934
296	970
296	992
297	802
297	972
297	998
298	487
298	752
298	919
299	542
299	836
299	969
300	898
300	950
300	998
301	924
301	971
301	981
302	146
302	864
302	993
303	550
303	971
303	975
304	53
304	385
304	977
305	641
305	648
305	950
306	734
306	888
306	982
307	549
307	836
307	985
308	684
308	903
308	970
308	975
309	920
309	929
309	954
309	976
310	137
310	591
310	948
310	962
311	976
311	984
311	993
311	994
312	132
312	541
312	944
312	983
313	442
313	568
313	832
313	879
314	63
314	509
314	937
314	955
315	416
315	880
315	922
315	972
316	685
316	952
316	993
316	994
317	859
317	925
317	954
317	976
318	894
318	921
318	935
318	988
319	518
319	519
319	905
319	975
320	191
320	942
320	974
320	983
321	581
321	929
321	941
321	954
322	777
322	848
322	974
322	977
323	916
323	961
323	982
323	996
324	892
324	918
324	982
324	996
325	636
325	642
325	733
325	966
326	755
326	808
326	985
326	998
327	917
327	921
327	935
327	995
328	418
328	589
328	930
328	971
329	691
329	954
329	977
329	987
330	527
330	881
330	922
330	950
331	945
331	956
331	974
331	991
332	595
332	933
332	951
332	974
333	683
333	768
333	792
333	994
334	457
334	635
334	869
334	993
335	842
335	863
335	925
335	954
336	947
336	952
336	967
336	989
337	505
337	553
337	893
337	905
338	565
338	778
338	893
338	938
339	35
339	428
339	936
339	990
340	967
340	984
340	993
340	997
341	910
341	943
341	972
341	985
342	202
342	754
342	876
342	919
343	779
343	941
343	954
343	976
344	630
344	779
344	859
344	920
345	216
345	860
345	998
345	999
346	880
346	979
346	998
346	999
347	745
347	864
347	911
347	978
348	491
348	513
348	980
348	999
349	916
349	948
349	961
349	996
350	546
350	565
350	567
350	938
351	613
351	982
351	986
351	996
352	948
352	961
352	986
352	996
353	884
353	920
353	928
353	976
354	797
354	979
354	980
354	989
355	475
355	736
355	988
355	995
356	276
356	978
356	993
356	997
357	834
357	968
357	971
357	975
358	182
358	924
358	960
358	981
359	780
359	815
359	956
359	987
360	724
360	877
360	920
360	976
361	479
361	791
361	910
361	972
362	984
362	989
362	993
362	997
363	476
363	963
363	993
363	997
364	753
364	967
364	978
364	984
365	735
365	789
365	848
365	942
366	43
366	971
366	975
366	995
367	198
367	858
367	869
367	956
368	530
368	821
368	927
368	991
369	967
369	982
369	984
369	994
370	23
370	555
370	970
370	975
371	835
371	965
371	988
371	995
372	509
372	739
372	974
372	986
373	818
373	946
373	968
373	992
374	619
374	823
374	881
374	982
375	288
375	906
375	940
375	998
376	949
376	951
376	972
376	985
377	32
377	926
377	951
377	979
378	656
378	926
378	952
378	993
379	256
379	869
379	983
379	985
380	74
380	728
380	744
380	998
381	908
381	982
381	986
381	996
382	164
382	430
382	808
382	844
383	956
383	968
383	981
383	992
384	514
384	866
384	937
384	983
385	304
385	387
385	943
385	990
386	228
386	532
386	547
386	832
387	385
387	933
387	934
387	999
388	4
388	153
388	986
388	996
389	716
389	883
389	946
389	971
390	911
390	963
390	964
390	984
391	114
391	609
391	836
391	953
392	137
392	942
392	945
392	966
393	13
393	937
393	983
393	987
394	949
394	980
394	991
394	1000
395	181
395	496
395	711
395	985
396	714
396	895
396	947
396	958
397	939
397	963
397	993
397	994
398	716
398	968
398	971
398	992
399	874
399	882
399	965
399	995
400	677
400	695
400	818
400	957
401	933
401	980
401	998
401	1000
402	848
402	863
402	896
402	931
403	598
403	671
403	876
403	998
404	66
404	78
404	844
404	883
405	742
405	827
405	992
405	996
406	948
406	969
406	986
406	996
407	905
407	913
407	919
407	969
408	692
408	989
408	990
408	991
409	940
409	950
409	991
409	998
410	940
410	943
410	949
410	950
411	862
411	985
411	993
411	997
412	882
412	921
412	988
412	995
413	864
413	870
413	955
413	984
414	912
414	978
414	993
414	994
415	746
415	875
415	882
415	995
416	315
416	621
416	913
416	969
417	868
417	985
417	999
417	1000
418	328
418	851
418	871
418	990
419	767
419	930
419	981
419	992
420	628
420	899
420	937
420	945
421	634
421	862
421	926
421	963
422	668
422	851
422	979
422	985
423	491
423	761
423	959
423	999
424	667
424	776
424	925
424	969
425	783
425	875
425	935
425	995
426	156
426	946
426	971
426	981
427	726
427	921
427	978
427	997
428	339
428	757
428	991
428	1000
429	870
429	958
429	994
429	997
430	382
430	801
430	879
430	938
431	832
431	838
431	913
431	969
432	751
432	884
432	949
432	985
433	479
433	922
433	950
433	1000
434	786
434	940
434	943
434	980
435	887
435	912
435	932
435	967
436	511
436	527
436	623
436	998
437	450
437	704
437	739
437	974
438	927
438	943
438	998
438	1000
439	134
439	892
439	921
439	995
440	85
440	686
440	901
440	955
441	276
441	635
441	984
441	989
442	313
442	446
442	743
442	843
443	937
443	944
443	983
443	987
444	685
444	952
444	984
444	994
445	769
445	822
445	929
445	976
446	442
446	529
446	645
446	809
447	281
447	939
447	984
447	999
448	725
448	998
448	999
448	1000
449	945
449	966
449	973
449	974
450	41
450	437
450	901
450	923
451	835
451	907
451	965
451	995
452	526
452	750
452	980
452	1000
453	680
453	750
453	999
453	1000
454	852
454	956
454	974
454	977
455	82
455	985
455	990
455	999
456	90
456	808
456	879
456	982
457	334
457	652
457	932
457	997
458	210
458	788
458	981
458	992
459	817
459	920
459	954
459	976
460	49
460	259
460	674
460	838
460	883
461	892
461	948
461	982
461	986
461	996
462	671
462	702
462	745
462	832
462	905
463	224
463	505
463	745
463	969
463	998
464	526
464	791
464	874
464	915
464	972
465	573
465	787
465	977
465	983
465	987
466	927
466	962
466	985
466	987
466	999
467	867
467	942
467	966
467	977
467	983
468	535
468	767
468	950
468	962
468	985
469	758
469	803
469	907
469	935
469	995
470	806
470	952
470	955
470	989
470	994
471	14
471	921
471	998
471	999
471	1000
472	768
472	817
472	923
472	955
472	963
473	146
473	663
473	778
473	938
473	969
474	909
474	937
474	973
474	977
474	987
475	355
475	935
475	988
475	990
475	995
476	363
476	963
476	978
476	989
476	993
477	2
477	618
477	740
477	936
477	943
478	738
478	815
478	856
478	942
478	973
479	361
479	433
479	951
479	953
479	980
480	68
480	733
480	973
480	983
480	987
481	681
481	924
481	946
481	960
481	971
482	906
482	910
482	936
482	972
482	1000
483	847
483	899
483	904
483	915
483	983
484	527
484	962
484	997
484	999
484	1000
485	597
485	778
485	914
485	952
485	969
486	950
486	955
486	964
486	978
486	997
487	298
487	505
487	645
487	883
487	969
488	509
488	899
488	945
488	974
488	987
489	570
489	947
489	958
489	984
489	997
490	831
490	920
490	929
490	941
490	954
491	258
491	348
491	423
491	517
491	895
492	222
492	775
492	791
492	802
492	1000
493	51
493	247
493	830
493	933
493	998
494	709
494	736
494	875
494	988
494	995
495	31
495	957
495	970
495	971
495	994
496	395
496	677
496	930
496	968
496	992
497	595
497	774
497	962
497	981
497	1000
498	295
498	925
498	929
498	954
498	957
499	698
499	900
499	956
499	981
499	992
500	211
500	767
500	951
500	953
500	990
501	633
501	955
501	963
501	967
501	978
502	689
502	858
502	961
502	986
502	996
503	128
503	644
503	965
503	988
503	995
504	684
504	968
504	970
504	975
504	981
505	337
505	463
505	487
505	879
505	938
506	638
506	755
506	762
506	929
506	999
507	691
507	899
507	983
507	987
507	992
508	790
508	835
508	887
508	988
508	995
509	314
509	372
509	488
509	966
509	973
510	277
510	934
510	946
510	975
510	981
511	212
511	436
511	808
511	914
511	919
512	932
512	947
512	958
512	978
512	997
513	348
513	626
513	771
513	979
513	989
514	80
514	384
514	937
514	977
514	985
515	850
515	961
515	982
515	986
515	996
516	796
516	947
516	963
516	967
516	989
517	491
517	780
517	966
517	974
517	983
518	319
518	946
518	968
518	992
518	996
519	319
519	764
519	957
519	970
519	992
520	642
520	945
520	956
520	973
520	977
521	809
521	883
521	913
521	914
521	918
522	283
522	927
522	979
522	999
522	1000
523	560
523	609
523	728
523	927
523	991
524	55
524	772
524	785
524	923
524	978
525	641
525	771
525	940
525	985
525	990
526	45
526	195
526	452
526	464
526	990
527	330
527	436
527	484
527	793
527	990
528	661
528	724
528	831
528	976
528	987
529	289
529	446
529	832
529	879
529	969
530	368
530	951
530	952
530	999
530	1000
531	823
531	916
531	982
531	986
531	996
532	148
532	386
532	752
532	932
532	938
533	746
533	747
533	921
533	988
533	995
534	206
534	738
534	890
534	977
534	987
535	468
535	950
535	951
535	990
535	998
536	247
536	829
536	884
536	915
536	993
537	881
537	982
537	986
537	990
537	996
538	862
538	926
538	955
538	993
538	994
539	239
539	723
539	840
539	925
539	954
540	703
540	889
540	937
540	977
540	987
541	312
541	796
541	828
541	966
541	977
542	299
542	546
542	838
542	844
542	969
543	649
543	781
543	958
543	963
543	994
544	937
544	942
544	973
544	977
544	996
545	266
545	725
545	936
545	979
545	998
546	350
546	542
546	554
546	876
546	893
547	386
547	569
547	754
547	778
547	893
548	782
548	965
548	972
548	988
548	995
549	307
549	605
549	797
549	951
549	962
550	303
550	926
550	964
550	967
550	989
551	49
551	155
551	675
551	883
551	919
552	717
552	788
552	924
552	946
552	970
553	337
553	621
553	740
553	809
553	969
554	546
554	828
554	950
554	991
554	998
555	370
555	813
555	915
555	927
555	953
556	837
556	961
556	982
556	986
556	996
557	625
557	862
557	923
557	952
557	991
558	570
558	947
558	955
558	967
558	997
559	817
559	872
559	920
559	928
559	931
560	523
560	830
560	890
560	927
560	1000
561	573
561	945
561	966
561	987
561	994
562	291
562	719
562	791
562	973
562	991
563	888
563	918
563	961
563	982
563	996
564	930
564	970
564	973
564	981
564	992
565	338
565	350
565	754
565	782
565	914
566	752
566	944
566	945
566	974
566	977
567	285
567	350
567	843
567	846
567	893
568	313
568	776
568	838
568	844
568	879
569	547
569	621
569	745
569	883
569	938
570	489
570	558
570	887
570	967
570	989
571	710
571	715
571	743
571	833
571	958
571	964
572	590
572	665
572	926
572	989
572	993
572	997
573	143
573	465
573	561
573	904
573	944
573	966
574	648
574	693
574	940
574	953
574	959
574	979
575	903
575	968
575	970
575	971
575	975
575	992
576	124
576	902
576	930
576	968
576	975
576	981
577	859
577	872
577	877
577	929
577	954
577	976
578	581
578	713
578	769
578	817
578	925
578	960
579	60
579	901
579	953
579	972
579	990
579	998
580	659
580	851
580	903
580	960
580	981
580	992
581	321
581	578
581	724
581	817
581	891
581	941
582	946
582	968
582	970
582	971
582	981
582	992
583	772
583	813
583	910
583	972
583	991
583	999
584	92
584	849
584	877
584	942
584	974
584	983
585	693
585	990
585	991
585	995
585	998
585	999
586	882
586	907
586	965
586	988
586	989
586	995
587	640
587	923
587	952
587	955
587	963
587	989
588	610
588	679
588	853
588	983
588	987
588	994
589	162
589	328
589	924
589	946
589	968
589	992
590	572
590	790
590	907
590	965
590	988
590	995
591	310
591	959
591	972
591	978
591	998
591	1000
592	804
592	829
592	896
592	929
592	931
592	976
593	107
593	772
593	816
593	926
593	978
593	984
594	878
594	909
594	942
594	966
594	973
594	987
595	332
595	497
595	884
595	953
595	959
595	991
596	47
596	857
596	920
596	931
596	954
596	976
597	39
597	234
597	485
597	761
597	841
597	938
598	403
598	754
598	862
598	893
598	919
598	969
599	811
599	814
599	866
599	944
599	974
599	987
600	81
600	718
600	783
600	965
600	988
600	995
601	817
601	925
601	928
601	931
601	954
601	976
602	647
602	678
602	814
602	881
602	892
602	996
603	855
603	857
603	896
603	920
603	925
603	941
604	653
604	766
604	768
604	894
604	917
604	995
605	549
605	790
605	962
605	972
605	980
605	999
606	109
606	912
606	926
606	939
606	964
606	997
607	127
607	950
607	964
607	967
607	989
607	994
608	697
608	873
608	932
608	952
608	955
608	994
609	108
609	391
609	523
609	979
609	990
609	1000
610	588
610	904
610	909
610	913
610	983
610	987
611	733
611	889
611	937
611	942
611	966
611	988
612	930
612	960
612	968
612	970
612	975
612	981
613	351
613	635
613	864
613	912
613	984
613	989
614	197
614	243
614	647
614	998
614	999
614	1000
615	162
615	633
615	912
615	949
615	993
615	994
616	934
616	947
616	960
616	968
616	981
616	992
617	72
617	685
617	812
617	958
617	978
617	997
618	477
618	823
618	962
618	990
618	998
618	1000
619	374
619	826
619	881
619	961
619	986
619	996
620	275
620	850
620	948
620	982
620	986
620	996
621	149
621	416
621	553
621	569
621	841
621	978
622	780
622	862
622	923
622	964
622	994
622	997
623	436
623	730
623	936
623	985
623	998
623	1000
624	40
624	671
624	700
624	841
624	883
624	969
625	557
625	887
625	923
625	932
625	963
625	997
626	513
626	884
626	950
626	990
626	999
626	1000
627	673
627	845
627	892
627	897
627	948
627	986
627	996
628	420
628	735
628	937
628	942
628	973
628	974
628	983
629	721
629	871
629	952
629	967
629	984
629	989
629	997
630	344
630	757
630	877
630	925
630	929
630	931
630	933
631	696
631	727
631	813
631	924
631	968
631	970
631	992
632	667
632	745
632	776
632	879
632	883
632	919
632	969
633	501
633	615
633	702
633	715
633	978
633	994
633	997
634	421
634	887
634	897
634	959
634	989
634	993
634	994
635	87
635	221
635	334
635	441
635	613
635	962
635	993
636	325
636	696
636	934
636	970
636	975
636	981
636	992
637	257
637	741
637	795
637	854
637	900
637	957
637	968
638	506
638	711
638	775
638	910
638	953
638	957
638	990
639	784
639	871
639	936
639	959
639	991
639	998
639	999
640	587
640	776
640	932
640	952
640	984
640	993
640	994
641	305
641	525
641	683
641	860
641	980
641	998
641	999
642	87
642	325
642	520
642	899
642	937
642	974
642	987
643	220
643	660
643	845
643	908
643	982
643	986
643	996
644	243
644	503
644	882
644	907
644	917
644	988
644	995
645	230
645	446
645	487
645	754
645	905
645	914
645	969
646	947
646	951
646	955
646	958
646	984
646	989
646	993
647	602
647	614
647	916
647	961
647	982
647	986
647	996
648	161
648	305
648	574
648	712
648	980
648	991
648	999
649	543
649	901
649	958
649	967
649	984
649	994
649	997
650	790
650	864
650	894
650	907
650	935
650	988
650	995
651	816
651	864
651	926
651	958
651	978
651	989
651	997
652	457
652	732
652	798
652	932
652	984
652	993
652	997
653	604
653	783
653	790
653	921
653	965
653	988
653	995
654	672
654	912
654	923
654	939
654	984
654	997
654	998
655	709
655	803
655	894
655	917
655	965
655	988
655	995
656	378
656	819
656	864
656	958
656	989
656	993
656	994
657	932
657	955
657	964
657	978
657	992
657	994
657	997
658	780
658	853
658	867
658	889
658	942
658	966
658	973
659	580
659	756
659	902
659	930
659	957
659	960
659	981
660	248
660	643
660	892
660	918
660	961
660	986
660	996
661	528
661	713
661	857
661	863
661	896
661	968
661	976
662	847
662	902
662	957
662	968
662	970
662	975
662	981
663	473
663	723
663	757
663	920
663	941
663	954
663	976
664	803
664	905
664	907
664	921
664	965
664	988
664	995
665	572
665	932
665	958
665	964
665	984
665	989
665	997
666	773
666	884
666	939
666	940
666	990
666	999
666	1000
667	424
667	632
667	801
667	841
667	876
667	938
667	970
668	237
668	422
668	732
668	884
668	949
668	979
668	985
668	991
669	273
669	867
669	904
669	937
669	944
669	956
669	974
669	987
670	93
670	173
670	791
670	824
670	949
670	972
670	979
670	998
671	143
671	403
671	462
671	624
671	905
671	938
671	946
671	969
672	654
672	690
672	746
672	785
672	870
672	939
672	964
672	978
673	627
673	858
673	918
673	931
673	961
673	982
673	986
673	996
674	150
674	460
674	754
674	844
674	913
674	919
674	938
674	951
675	551
675	708
675	900
675	946
675	957
675	971
675	981
675	992
676	823
676	845
676	888
676	908
676	916
676	948
676	986
676	996
677	400
677	496
677	930
677	934
677	957
677	960
677	961
677	971
678	602
678	850
678	874
678	908
678	948
678	961
678	982
678	996
679	588
679	814
679	869
679	904
679	945
679	973
679	987
679	991
680	209
680	269
680	453
680	906
680	962
680	990
680	998
680	999
681	481
681	695
681	714
681	946
681	957
681	960
681	971
681	981
682	870
682	899
682	901
682	939
682	947
682	978
682	993
682	997
683	333
683	641
683	926
683	964
683	967
683	984
683	993
683	997
684	308
684	504
684	856
684	873
684	934
684	971
684	981
684	992
685	316
685	444
685	617
685	964
685	974
685	989
685	994
685	997
686	440
686	855
686	952
686	955
686	984
686	991
686	994
686	997
687	698
687	897
687	930
687	946
687	960
687	968
687	975
687	992
688	816
688	879
688	955
688	963
688	967
688	984
688	989
688	997
689	2
689	188
689	502
689	949
689	962
689	980
689	985
689	999
690	672
690	822
690	834
690	864
690	911
690	926
690	958
690	994
691	329
691	507
691	694
691	814
691	848
691	945
691	966
691	971
692	408
692	904
692	949
692	972
692	991
692	998
692	999
692	1000
693	574
693	585
693	729
693	755
693	949
693	980
693	998
693	999
694	691
694	944
694	956
694	962
694	973
694	974
694	977
694	987
695	400
695	681
695	788
695	903
695	934
695	960
695	971
695	981
696	631
696	636
696	708
696	762
696	930
696	957
696	975
696	992
697	608
697	886
697	901
697	964
697	978
697	981
697	989
697	994
698	200
698	499
698	687
698	827
698	894
698	900
698	903
698	971
699	807
699	881
699	892
699	908
699	916
699	918
699	986
699	996
700	624
700	824
700	927
700	959
700	972
700	991
700	998
700	1000
701	720
701	960
701	964
701	968
701	970
701	971
701	981
701	992
702	462
702	633
702	886
702	952
702	967
702	984
702	989
702	994
703	3
703	540
703	733
703	760
703	852
703	956
703	973
703	977
704	437
704	712
704	794
704	847
704	942
704	973
704	977
704	983
705	777
705	895
705	940
705	963
705	990
705	991
705	998
705	1000
706	274
706	900
706	903
706	957
706	960
706	968
706	970
706	981
707	924
707	931
707	957
707	960
707	970
707	971
707	981
707	992
708	675
708	696
708	811
708	957
708	970
708	975
708	981
708	992
709	494
709	655
709	894
709	906
709	935
709	965
709	988
709	995
710	571
710	870
710	955
710	963
710	967
710	993
710	994
710	997
711	241
711	395
711	638
711	774
711	802
711	959
711	979
711	990
712	147
712	648
712	704
712	880
712	940
712	959
712	980
712	991
713	276
713	578
713	661
713	724
713	920
713	928
713	929
713	976
714	396
714	681
714	911
714	952
714	958
714	963
714	964
714	984
715	571
715	633
715	902
715	923
715	932
715	952
715	955
715	989
716	389
716	398
716	873
716	902
716	919
716	934
716	968
716	970
716	981
717	552
717	720
717	733
717	811
717	902
717	924
717	957
717	975
717	992
718	600
718	759
718	875
718	882
718	898
718	935
718	955
718	965
718	995
719	45
719	562
719	744
719	829
719	936
719	954
719	972
719	998
719	999
720	701
720	717
720	900
720	943
720	957
720	970
720	975
720	981
720	992
721	629
721	819
721	862
721	932
721	935
721	963
721	984
721	989
721	994
722	8
722	784
722	871
722	927
722	937
722	953
722	979
722	985
722	1000
723	539
723	663
723	859
723	891
723	915
723	928
723	941
723	954
723	976
724	360
724	528
724	581
724	713
724	804
724	843
724	891
724	896
724	976
725	448
725	545
725	860
725	871
725	922
725	933
725	943
725	959
725	1000
726	427
726	743
726	952
726	958
726	964
726	970
726	984
726	993
726	994
727	631
727	787
727	934
727	957
727	968
727	971
727	981
727	992
727	998
728	222
728	246
728	380
728	523
728	829
728	851
728	884
728	906
728	972
729	181
729	693
729	758
729	951
729	953
729	985
729	991
729	998
729	999
730	623
730	820
730	826
730	850
730	888
730	916
730	918
730	961
730	996
731	734
731	845
731	885
731	892
731	908
731	982
731	986
731	991
731	996
732	652
732	668
732	897
732	923
732	939
732	963
732	993
732	994
732	997
733	325
733	480
733	611
733	703
733	717
733	853
733	909
733	945
733	956
734	306
734	731
734	823
734	948
734	961
734	982
734	986
734	996
734	999
735	365
735	628
735	876
735	904
735	942
735	944
735	974
735	983
735	987
736	275
736	355
736	494
736	800
736	917
736	935
736	965
736	988
736	995
737	756
737	909
737	937
737	944
737	966
737	973
737	974
737	983
737	987
738	478
738	534
738	789
738	794
738	904
738	964
738	977
738	983
738	987
739	26
739	372
739	437
739	825
739	890
739	899
739	956
739	974
739	987
740	477
740	553
740	777
740	880
740	933
740	979
740	991
740	998
740	999
741	265
741	637
741	756
741	811
741	826
741	902
741	957
741	970
741	992
742	405
742	749
742	867
742	902
742	960
742	970
742	971
742	981
742	992
743	442
743	571
743	726
743	912
743	923
743	958
743	978
743	984
743	997
744	380
744	719
744	795
744	874
744	889
744	906
744	980
744	999
744	1000
745	347
745	462
745	463
745	569
745	632
745	876
745	893
745	938
745	969
746	415
746	533
746	672
746	781
746	894
746	898
746	935
746	988
746	995
747	172
747	533
747	782
747	800
747	821
747	839
747	846
747	965
747	988
747	995
748	758
748	781
748	846
748	898
748	921
748	935
748	965
748	977
748	988
748	995
749	742
749	902
749	934
749	944
749	960
749	968
749	971
749	975
749	981
749	992
750	264
750	452
750	453
750	828
750	924
750	979
750	980
750	991
750	999
750	1000
751	119
751	243
751	432
751	933
751	983
751	985
751	990
751	991
751	998
751	1000
752	298
752	532
752	566
752	841
752	844
752	879
752	883
752	893
752	905
752	913
753	89
753	364
753	812
753	887
753	897
753	901
753	911
753	969
753	978
753	994
754	342
754	547
754	565
754	598
754	645
754	674
754	801
754	841
754	893
754	975
755	326
755	506
755	693
755	907
755	927
755	940
755	949
755	985
755	991
755	1000
756	659
756	737
756	741
756	818
756	900
756	903
756	930
756	934
756	971
756	975
757	290
757	428
757	630
757	663
757	779
757	822
757	891
757	941
757	954
757	976
758	469
758	729
758	748
758	759
758	894
758	907
758	921
758	965
758	988
758	995
759	294
759	718
759	758
759	790
759	875
759	882
759	921
759	961
759	988
759	995
760	703
760	849
760	909
760	945
760	956
760	966
760	973
760	977
760	978
760	987
761	151
761	423
761	597
761	936
761	953
761	962
761	972
761	979
761	991
761	1000
762	112
762	131
762	158
762	506
762	696
762	765
762	795
762	940
762	943
762	1000
763	867
763	889
763	899
763	942
763	945
763	962
763	966
763	973
763	983
763	987
764	64
764	519
764	924
764	946
764	957
764	968
764	970
764	971
764	975
764	995
765	762
765	860
765	871
765	906
765	940
765	949
765	962
765	977
765	998
765	999
766	604
766	800
766	835
766	875
766	882
766	894
766	898
766	917
766	943
766	988
767	419
767	468
767	500
767	775
767	871
767	895
767	940
767	980
767	991
767	999
768	333
768	472
768	604
768	816
768	901
768	912
768	926
768	967
768	993
768	997
769	128
769	445
769	578
769	896
769	920
769	925
769	929
769	931
769	954
769	976
770	805
770	881
770	885
770	916
770	948
770	961
770	966
770	982
770	986
770	996
771	136
771	292
771	513
771	525
771	795
771	906
771	950
771	961
771	998
771	1000
772	524
772	583
772	593
772	792
772	798
772	947
772	978
772	989
772	993
772	994
773	25
773	57
773	269
773	666
773	936
773	949
773	962
773	972
773	980
773	998
774	497
774	711
774	900
774	915
774	936
774	959
774	979
774	990
774	998
774	999
775	492
775	638
775	767
775	898
775	933
775	980
775	985
775	990
775	999
775	1000
776	202
776	424
776	568
776	632
776	640
776	801
776	913
776	914
776	919
776	969
777	322
777	705
777	740
777	786
777	950
777	959
777	980
777	985
777	991
777	999
778	230
778	338
778	473
778	485
778	547
778	808
778	843
778	883
778	913
778	969
778	1000
779	343
779	344
779	757
779	792
779	859
779	872
779	928
779	931
779	941
779	954
779	976
780	359
780	517
780	622
780	658
780	789
780	869
780	878
780	890
780	904
780	974
780	977
781	543
781	746
781	748
781	783
781	894
781	898
781	907
781	935
781	965
781	988
781	995
782	548
782	565
782	747
782	821
782	882
782	907
782	917
782	935
782	965
782	988
782	995
783	425
783	600
783	653
783	781
783	800
783	875
783	907
783	921
783	937
783	988
783	995
784	8
784	639
784	722
784	828
784	851
784	923
784	936
784	990
784	998
784	999
784	1000
785	5
785	524
785	672
785	855
785	952
785	963
785	967
785	978
785	993
785	994
785	997
786	266
786	434
786	777
786	874
786	910
786	953
786	980
786	985
786	988
786	991
786	1000
787	465
787	727
787	930
787	934
787	946
787	960
787	968
787	970
787	971
787	981
787	992
788	16
788	458
788	552
788	695
788	809
788	946
788	968
788	970
788	975
788	981
788	992
789	80
789	365
789	738
789	780
789	945
789	953
789	956
789	966
789	977
789	983
789	984
790	508
790	590
790	605
790	650
790	653
790	759
790	898
790	917
790	935
790	988
790	995
791	163
791	361
791	464
791	492
791	562
791	670
791	933
791	951
791	998
791	999
791	1000
792	333
792	772
792	779
792	806
792	886
792	897
792	952
792	955
792	984
792	993
792	994
793	114
793	175
793	527
793	830
793	880
793	906
793	951
793	966
793	985
793	990
793	1000
794	278
794	704
794	738
794	814
794	842
794	937
794	945
794	966
794	977
794	983
794	987
795	121
795	140
795	637
795	744
795	762
795	771
795	951
795	953
795	980
795	998
795	1000
796	214
796	516
796	541
796	850
796	866
796	944
796	966
796	973
796	977
796	983
796	987
797	57
797	98
797	354
797	549
797	919
797	933
797	940
797	959
797	962
797	998
797	999
798	89
798	96
798	652
798	772
798	887
798	939
798	958
798	963
798	978
798	993
798	1000
799	899
799	932
799	947
799	952
799	958
799	964
799	978
799	989
799	993
799	994
799	997
800	736
800	747
800	766
800	783
800	835
800	875
800	917
800	921
800	965
800	980
800	988
800	995
801	430
801	667
801	754
801	776
801	852
801	876
801	883
801	893
801	905
801	919
801	938
801	999
802	297
802	492
802	711
802	828
802	861
802	922
802	927
802	949
802	961
802	962
802	990
802	998
803	37
803	295
803	469
803	655
803	664
803	839
803	846
803	898
803	935
803	965
803	988
803	995
804	13
804	592
804	724
804	817
804	857
804	863
804	925
804	928
804	931
804	941
804	976
804	998
805	770
805	807
805	825
805	830
805	837
805	845
805	858
805	892
805	918
805	961
805	982
805	996
806	103
806	250
806	470
806	792
806	886
806	932
806	939
806	964
806	974
806	989
806	994
806	997
807	699
807	805
807	820
807	850
807	866
807	888
807	916
807	918
807	948
807	982
807	986
807	996
808	148
808	326
808	382
808	456
808	511
808	778
808	809
808	820
808	838
808	879
808	883
808	919
809	39
809	261
809	446
809	521
809	553
809	788
809	808
809	843
809	879
809	905
809	938
809	969
810	886
810	912
810	923
810	939
810	947
810	958
810	964
810	978
810	989
810	994
810	997
810	1000
811	599
811	708
811	717
811	741
811	873
811	924
811	934
811	957
811	960
811	975
811	981
811	992
812	101
812	617
812	753
812	862
812	887
812	926
812	928
812	964
812	978
812	984
812	993
812	997
813	95
813	222
813	555
813	583
813	631
813	950
813	953
813	959
813	985
813	991
813	998
813	999
814	278
814	599
814	602
814	679
814	691
814	794
814	865
814	944
814	974
814	977
814	983
814	987
815	359
815	478
815	849
815	889
815	942
815	944
815	945
815	956
815	966
815	977
815	979
815	983
816	180
816	593
816	651
816	688
816	768
816	887
816	955
816	963
816	978
816	989
816	993
816	997
817	459
817	472
817	559
817	578
817	581
817	601
817	804
817	822
817	863
817	920
817	928
817	954
818	65
818	373
818	400
818	756
818	930
818	957
818	960
818	968
818	970
818	971
818	975
818	981
819	656
819	721
819	855
819	887
819	926
819	932
819	952
819	953
819	963
819	967
819	989
819	997
820	730
820	807
820	808
820	837
820	858
820	885
820	918
820	948
820	961
820	982
820	986
820	996
821	84
821	368
821	747
821	782
821	839
821	846
821	875
821	921
821	935
821	965
821	988
821	995
822	445
822	690
822	757
822	817
822	863
822	872
822	877
822	896
822	925
822	929
822	931
822	941
822	976
823	189
823	374
823	531
823	618
823	676
823	734
823	837
823	881
823	918
823	948
823	961
823	986
823	996
824	169
824	210
824	247
824	670
824	700
824	842
824	851
824	880
824	895
824	936
824	950
824	979
824	998
825	739
825	805
825	858
825	881
825	888
825	892
825	902
825	908
825	948
825	961
825	982
825	986
825	996
826	6
826	236
826	619
826	730
826	741
826	858
826	888
826	892
826	918
826	948
826	982
826	986
826	996
827	405
827	698
827	854
827	873
827	934
827	946
827	960
827	968
827	970
827	971
827	975
827	983
827	992
828	541
828	554
828	750
828	784
828	802
828	910
828	915
828	936
828	953
828	985
828	990
828	999
828	1000
829	72
829	536
829	592
829	719
829	728
829	906
829	943
829	951
829	959
829	962
829	972
829	979
829	999
830	493
830	560
830	793
830	805
830	871
830	933
830	943
830	959
830	972
830	979
830	985
830	991
830	1000
831	47
831	193
831	268
831	490
831	528
831	840
831	859
831	896
831	920
831	925
831	931
831	954
831	976
832	49
832	192
832	195
832	208
832	313
832	386
832	431
832	462
832	529
832	905
832	914
832	969
832	975
833	571
833	901
833	911
833	923
833	927
833	939
833	952
833	963
833	984
833	989
833	993
833	994
833	997
834	357
834	690
834	855
834	887
834	908
834	926
834	939
834	947
834	978
834	989
834	993
834	994
834	997
835	15
835	371
835	451
835	508
835	766
835	800
835	894
835	898
835	917
835	921
835	963
835	965
835	988
835	995
836	95
836	142
836	299
836	307
836	391
836	910
836	922
836	932
836	949
836	972
836	991
836	998
836	999
836	1000
837	556
837	805
837	820
837	823
837	845
837	858
837	876
837	916
837	918
837	948
837	961
837	982
837	986
837	996
838	150
838	431
838	460
838	542
838	568
838	808
838	841
838	843
838	905
838	913
838	914
838	919
838	969
838	975
839	42
839	73
839	174
839	747
839	803
839	821
839	846
839	875
839	898
839	907
839	917
839	935
839	988
839	995
840	209
840	539
840	831
840	863
840	877
840	896
840	897
840	920
840	928
840	929
840	933
840	941
840	954
840	976
841	203
841	224
841	597
841	621
841	624
841	667
841	752
841	754
841	838
841	905
841	913
841	914
841	919
841	938
842	60
842	335
842	794
842	824
842	880
842	933
842	951
842	962
842	980
842	985
842	990
842	991
842	998
842	1000
843	192
843	260
843	442
843	567
843	724
843	778
843	809
843	838
843	876
843	893
843	905
843	914
843	919
843	969
844	107
844	208
844	382
844	404
844	542
844	568
844	674
844	752
844	870
844	876
844	905
844	914
844	919
844	938
845	267
845	627
845	643
845	676
845	731
845	805
845	837
845	892
845	908
845	948
845	961
845	982
845	986
845	996
846	176
846	567
846	747
846	748
846	803
846	821
846	839
846	882
846	898
846	907
846	935
846	965
846	988
846	995
847	483
847	662
847	704
847	852
847	853
847	856
847	889
847	942
847	956
847	973
847	974
847	977
847	983
847	987
848	322
848	365
848	402
848	691
848	853
848	878
848	945
848	956
848	966
848	973
848	974
848	977
848	983
848	987
849	584
849	760
849	815
849	853
849	865
849	869
849	890
849	916
849	937
849	956
849	967
849	973
849	977
849	987
850	515
850	620
850	678
850	730
850	796
850	807
850	885
850	892
850	908
850	918
850	961
850	982
850	986
850	996
851	418
851	422
851	580
851	728
851	784
851	824
851	895
851	901
851	906
851	943
851	972
851	985
851	990
851	999
852	454
852	703
852	801
852	847
852	856
852	869
852	909
852	942
852	944
852	956
852	973
852	974
852	977
852	987
853	135
853	588
853	658
853	733
853	847
853	848
853	849
853	869
853	904
853	913
853	966
853	974
853	977
853	983
853	987
854	637
854	827
854	900
854	903
854	924
854	934
854	946
854	960
854	968
854	970
854	975
854	981
854	992
854	993
854	998
855	603
855	686
855	785
855	819
855	834
855	870
855	886
855	887
855	956
855	958
855	964
855	967
855	989
855	994
855	997
856	478
856	684
856	847
856	852
856	878
856	889
856	904
856	937
856	939
856	942
856	956
856	966
856	973
856	974
856	983
857	122
857	596
857	603
857	661
857	804
857	863
857	891
857	896
857	925
857	929
857	931
857	941
857	954
857	976
857	993
858	86
858	367
858	502
858	673
858	805
858	820
858	825
858	826
858	837
858	885
858	892
858	948
858	982
858	986
858	996
859	7
859	317
859	344
859	577
859	723
859	779
859	831
859	872
859	877
859	888
859	929
859	931
859	941
859	954
859	976
860	8
860	188
860	345
860	641
860	725
860	765
860	915
860	922
860	962
860	972
860	973
860	979
860	980
860	985
860	998
861	802
861	880
861	915
861	927
861	933
861	940
861	949
861	950
861	956
861	980
861	990
861	991
861	998
861	999
861	1000
862	10
862	411
862	421
862	538
862	557
862	598
862	622
862	721
862	812
862	932
862	939
862	967
862	989
862	993
862	994
863	335
863	402
863	661
863	804
863	817
863	822
863	840
863	857
863	891
863	920
863	928
863	929
863	931
863	936
863	954
863	976
864	302
864	347
864	413
864	613
864	650
864	651
864	656
864	690
864	897
864	939
864	943
864	958
864	984
864	993
864	994
864	997
865	278
865	814
865	849
865	867
865	878
865	890
865	904
865	909
865	937
865	942
865	944
865	973
865	974
865	983
865	987
865	997
866	9
866	63
866	71
866	253
866	384
866	599
866	796
866	807
866	890
866	899
866	945
866	954
866	956
866	973
866	974
866	983
867	194
867	467
867	658
867	669
867	742
867	763
867	865
867	899
867	904
867	909
867	944
867	956
867	966
867	973
867	974
867	977
868	32
868	417
868	878
868	922
868	933
868	936
868	950
868	959
868	972
868	980
868	985
868	987
868	990
868	991
868	998
868	999
868	1000
869	92
869	273
869	334
869	367
869	379
869	679
869	780
869	849
869	852
869	853
869	937
869	942
869	945
869	951
869	974
869	983
869	987
870	178
870	413
870	429
870	672
870	682
870	710
870	844
870	855
870	911
870	926
870	947
870	952
870	967
870	984
870	989
870	993
870	997
871	283
871	418
871	629
871	639
871	722
871	725
871	765
871	767
871	830
871	949
871	951
871	953
871	959
871	980
871	990
871	999
871	1000
872	13
872	123
872	196
872	559
872	577
872	779
872	822
872	859
872	877
872	925
872	928
872	929
872	931
872	954
872	975
872	976
872	979
873	62
873	608
873	684
873	716
873	811
873	827
873	900
873	902
873	924
873	946
873	960
873	968
873	970
873	971
873	975
873	981
873	992
874	30
874	399
874	464
874	678
874	744
874	786
874	880
874	933
874	940
874	950
874	962
874	972
874	979
874	985
874	990
874	991
874	999
875	415
875	425
875	494
875	718
875	759
875	766
875	783
875	800
875	821
875	839
875	894
875	917
875	921
875	965
875	980
875	988
875	994
875	995
876	40
876	81
876	192
876	208
876	342
876	403
876	546
876	667
876	735
876	745
876	801
876	837
876	843
876	844
876	914
876	919
876	938
876	969
877	360
877	577
877	584
877	630
877	822
877	840
877	859
877	872
877	891
877	896
877	920
877	925
877	928
877	929
877	931
877	934
877	954
877	976
878	71
878	204
878	594
878	780
878	848
878	856
878	865
878	868
878	889
878	899
878	904
878	937
878	944
878	956
878	974
878	977
878	983
878	987
879	12
879	313
879	430
879	456
879	505
879	529
879	568
879	632
879	688
879	752
879	808
879	809
879	883
879	893
879	913
879	914
879	938
879	957
880	315
880	346
880	712
880	740
880	793
880	824
880	842
880	861
880	874
880	883
880	915
880	918
880	953
880	962
880	979
880	991
880	999
880	1000
881	207
881	330
881	374
881	537
881	602
881	619
881	699
881	770
881	823
881	825
881	888
881	908
881	916
881	948
881	961
881	982
881	986
881	990
881	996
882	183
882	399
882	412
882	415
882	586
882	644
882	718
882	759
882	766
882	782
882	846
882	894
882	898
882	917
882	935
882	944
882	965
882	988
882	995
883	66
883	234
883	389
883	404
883	460
883	487
883	521
883	551
883	569
883	624
883	632
883	752
883	778
883	801
883	808
883	879
883	880
883	914
883	919
884	1
884	112
884	353
884	432
884	536
884	595
884	626
884	666
884	668
884	728
884	922
884	950
884	962
884	985
884	987
884	990
884	991
884	999
884	1000
885	17
885	168
885	180
885	187
885	731
885	770
885	820
885	850
885	858
885	888
885	892
885	908
885	916
885	948
885	957
885	961
885	982
885	986
885	991
885	996
886	10
886	697
886	702
886	792
886	806
886	810
886	855
886	911
886	912
886	939
886	947
886	963
886	964
886	967
886	979
886	984
886	989
886	993
886	994
886	1000
887	435
887	508
887	570
887	625
887	634
887	753
887	798
887	812
887	816
887	819
887	834
887	855
887	939
887	945
887	947
887	958
887	967
887	978
887	994
887	997
888	75
888	285
888	306
888	563
888	676
888	730
888	807
888	825
888	826
888	859
888	881
888	885
888	892
888	908
888	916
888	918
888	948
888	982
888	986
888	996
889	67
889	540
889	611
889	658
889	744
889	763
889	815
889	847
889	856
889	878
889	899
889	904
889	909
889	944
889	945
889	956
889	973
889	977
889	983
889	995
890	80
890	164
890	534
890	560
890	739
890	780
890	849
890	865
890	866
890	899
890	904
890	909
890	937
890	945
890	956
890	966
890	973
890	983
890	987
890	995
891	4
891	7
891	58
891	115
891	165
891	209
891	239
891	581
891	723
891	724
891	757
891	857
891	863
891	877
891	925
891	928
891	929
891	931
891	941
891	947
891	954
892	324
892	439
892	461
892	602
892	627
892	660
892	699
892	731
892	805
892	825
892	826
892	845
892	850
892	858
892	885
892	888
892	948
892	965
892	982
892	986
892	996
893	78
893	337
893	338
893	546
893	547
893	567
893	598
893	745
893	752
893	754
893	801
893	843
893	879
893	905
893	913
893	914
893	919
893	922
893	930
893	938
893	969
894	102
894	213
894	318
894	604
894	650
894	655
894	698
894	709
894	746
894	758
894	766
894	781
894	835
894	875
894	882
894	921
894	935
894	960
894	965
894	988
894	995
895	48
895	85
895	152
895	396
895	491
895	705
895	767
895	824
895	851
895	922
895	938
895	940
895	951
895	959
895	962
895	972
895	980
895	985
895	990
895	999
895	1000
896	18
896	263
896	290
896	402
896	592
896	603
896	661
896	724
896	769
896	822
896	831
896	840
896	857
896	877
896	920
896	925
896	926
896	929
896	941
896	976
896	985
897	61
897	106
897	627
897	634
897	687
897	732
897	753
897	792
897	840
897	864
897	901
897	923
897	926
897	932
897	939
897	947
897	952
897	978
897	984
897	993
897	997
898	102
898	177
898	179
898	300
898	718
898	746
898	748
898	766
898	775
898	781
898	790
898	803
898	835
898	839
898	846
898	882
898	907
898	917
898	935
898	965
898	988
898	995
899	21
899	198
899	420
899	483
899	488
899	507
899	642
899	682
899	739
899	763
899	799
899	866
899	867
899	878
899	889
899	890
899	944
899	956
899	966
899	973
899	983
899	987
900	43
900	155
900	265
900	499
900	637
900	675
900	698
900	706
900	720
900	756
900	774
900	854
900	873
900	924
900	946
900	957
900	960
900	968
900	970
900	975
900	988
900	992
901	440
901	450
901	579
901	649
901	682
901	697
901	753
901	768
901	833
901	851
901	897
901	912
901	923
901	926
901	958
901	967
901	978
901	984
901	989
901	993
901	994
901	997
902	94
902	244
902	277
902	576
902	659
902	662
902	715
902	716
902	717
902	741
902	742
902	749
902	825
902	873
902	930
902	946
902	957
902	960
902	968
902	970
902	971
902	975
902	992
903	94
903	308
903	575
903	580
903	695
903	698
903	706
903	756
903	854
903	911
903	924
903	930
903	934
903	946
903	957
903	960
903	968
903	970
903	972
903	975
903	980
903	981
903	992
904	138
904	483
904	573
904	610
904	669
904	679
904	692
904	735
904	738
904	780
904	853
904	856
904	865
904	867
904	878
904	889
904	890
904	909
904	931
904	937
904	956
904	974
904	977
905	107
905	149
905	285
905	319
905	337
905	407
905	462
905	645
905	664
905	671
905	752
905	801
905	809
905	832
905	838
905	841
905	843
905	844
905	893
905	913
905	919
905	938
905	969
906	118
906	286
906	375
906	482
906	680
906	709
906	728
906	744
906	765
906	771
906	793
906	829
906	851
906	909
906	922
906	936
906	959
906	972
906	979
906	985
906	991
906	995
906	998
907	11
907	451
907	469
907	586
907	590
907	644
907	650
907	664
907	755
907	758
907	781
907	782
907	783
907	839
907	846
907	898
907	917
907	921
907	935
907	965
907	988
907	995
907	1000
908	236
908	284
908	381
908	643
908	676
908	678
908	699
908	731
908	825
908	834
908	845
908	850
908	881
908	885
908	888
908	916
908	918
908	948
908	961
908	982
908	983
908	986
908	996
909	204
909	214
909	218
909	474
909	594
909	610
909	733
909	737
909	760
909	852
909	865
909	867
909	889
909	890
909	904
909	906
909	942
909	949
909	966
909	973
909	974
909	983
909	987
909	989
910	98
910	136
910	282
910	341
910	361
910	482
910	583
910	638
910	786
910	828
910	836
910	915
910	922
910	927
910	940
910	943
910	949
910	959
910	962
910	972
910	978
910	991
910	998
910	1000
911	116
911	141
911	240
911	347
911	390
911	690
911	714
911	753
911	833
911	870
911	886
911	903
911	947
911	955
911	963
911	964
911	967
911	968
911	978
911	986
911	989
911	993
911	994
911	997
912	59
912	414
912	435
912	606
912	613
912	615
912	654
912	743
912	768
912	810
912	886
912	901
912	923
912	924
912	926
912	932
912	944
912	963
912	964
912	967
912	989
912	993
912	994
912	997
913	79
913	90
913	289
913	293
913	407
913	416
913	431
913	521
913	610
913	674
913	752
913	776
913	778
913	838
913	841
913	853
913	879
913	893
913	905
913	914
913	919
913	938
913	969
913	987
914	12
914	40
914	79
914	289
914	485
914	511
914	521
914	565
914	645
914	776
914	832
914	838
914	841
914	843
914	844
914	876
914	879
914	883
914	893
914	913
914	919
914	938
914	969
914	970
914	996
915	50
915	140
915	464
915	483
915	536
915	555
915	723
915	774
915	828
915	860
915	861
915	880
915	910
915	927
915	936
915	953
915	959
915	979
915	980
915	981
915	985
915	990
915	991
915	998
915	1000
916	159
916	207
916	227
916	241
916	323
916	349
916	531
916	647
916	676
916	699
916	730
916	770
916	807
916	837
916	849
916	881
916	885
916	888
916	908
916	929
916	944
916	961
916	982
916	986
916	996
917	201
917	270
917	327
917	604
917	644
917	655
917	736
917	766
917	782
917	790
917	800
917	835
917	839
917	875
917	882
917	898
917	907
917	921
917	935
917	936
917	965
917	988
917	990
917	995
917	999
918	168
918	248
918	324
918	521
918	563
918	660
918	673
918	699
918	730
918	805
918	807
918	820
918	823
918	826
918	837
918	850
918	880
918	888
918	908
918	948
918	961
918	980
918	982
918	986
918	996
919	298
919	342
919	407
919	511
919	551
919	598
919	632
919	674
919	716
919	776
919	797
919	801
919	808
919	838
919	841
919	843
919	844
919	876
919	883
919	893
919	905
919	913
919	914
919	938
919	966
919	969
920	245
920	279
920	282
920	309
920	344
920	353
920	360
920	459
920	490
920	559
920	596
920	603
920	663
920	713
920	769
920	817
920	831
920	840
920	863
920	877
920	896
920	936
920	941
920	954
920	976
920	984
921	84
921	318
921	327
921	412
921	427
921	439
921	471
921	533
921	653
921	664
921	748
921	758
921	759
921	783
921	800
921	821
921	835
921	875
921	894
921	907
921	917
921	935
921	946
921	965
921	988
921	995
922	105
922	264
922	283
922	315
922	330
922	433
922	725
922	802
922	836
922	860
922	868
922	884
922	893
922	895
922	906
922	910
922	927
922	940
922	949
922	950
922	953
922	959
922	971
922	972
922	990
922	998
922	999
923	178
923	235
923	450
923	472
923	524
923	557
923	587
923	622
923	625
923	654
923	715
923	732
923	743
923	784
923	810
923	833
923	897
923	901
923	912
923	926
923	963
923	967
923	971
923	978
923	984
923	989
923	994
923	997
924	51
924	62
924	64
924	200
924	301
924	358
924	481
924	552
924	589
924	631
924	707
924	717
924	750
924	764
924	811
924	854
924	873
924	900
924	903
924	912
924	930
924	934
924	949
924	957
924	960
924	970
924	981
924	992
925	18
925	117
925	165
925	193
925	215
925	317
925	335
925	424
925	498
925	539
925	578
925	601
925	603
925	630
925	769
925	804
925	822
925	831
925	857
925	872
925	877
925	891
925	896
925	928
925	929
925	931
925	941
925	976
926	377
926	378
926	421
926	538
926	550
926	572
926	593
926	606
926	651
926	683
926	690
926	768
926	812
926	819
926	834
926	870
926	896
926	897
926	901
926	912
926	923
926	941
926	978
926	984
926	989
926	993
926	994
926	997
927	151
927	161
927	223
927	368
927	438
927	466
927	522
927	523
927	555
927	560
927	700
927	722
927	755
927	802
927	833
927	861
927	910
927	915
927	922
927	943
927	951
927	980
927	990
927	991
927	997
927	998
927	999
927	1000
928	3
928	4
928	97
928	115
928	282
928	295
928	353
928	559
928	601
928	713
928	723
928	779
928	804
928	812
928	817
928	840
928	863
928	872
928	877
928	891
928	925
928	929
928	931
928	941
928	954
928	960
928	976
928	978
929	88
929	263
929	290
929	309
929	321
929	445
929	490
929	498
929	506
929	577
929	592
929	630
929	713
929	769
929	822
929	840
929	857
929	859
929	863
929	872
929	877
929	891
929	896
929	916
929	925
929	928
929	931
929	941
929	976
929	996
930	16
930	48
930	94
930	110
930	328
930	419
930	496
930	564
930	576
930	612
930	659
930	677
930	687
930	696
930	756
930	787
930	818
930	893
930	902
930	903
930	924
930	934
930	946
930	957
930	960
930	970
930	971
930	981
930	988
930	990
931	65
931	133
931	138
931	193
931	245
931	402
931	559
931	592
931	596
931	601
931	630
931	673
931	707
931	769
931	779
931	804
931	822
931	831
931	857
931	859
931	863
931	872
931	877
931	891
931	904
931	925
931	928
931	929
931	941
931	976
932	435
932	457
932	512
932	532
932	608
932	625
932	640
932	652
932	657
932	665
932	715
932	721
932	799
932	806
932	819
932	836
932	862
932	897
932	912
932	939
932	947
932	955
932	958
932	963
932	967
932	972
932	984
932	993
932	994
932	997
933	44
933	54
933	181
933	210
933	332
933	387
933	401
933	493
933	630
933	725
933	740
933	751
933	775
933	791
933	797
933	830
933	840
933	842
933	861
933	868
933	874
933	940
933	950
933	951
933	968
933	972
933	979
933	990
933	991
933	998
933	999
934	113
934	244
934	296
934	387
934	510
934	616
934	636
934	677
934	684
934	695
934	716
934	727
934	749
934	756
934	787
934	811
934	827
934	854
934	877
934	903
934	924
934	930
934	946
934	957
934	960
934	967
934	970
934	971
934	975
934	981
934	992
935	76
935	238
935	318
935	327
935	425
935	469
935	475
935	650
935	709
935	718
935	721
935	736
935	746
935	748
935	781
935	782
935	790
935	803
935	821
935	839
935	846
935	882
935	894
935	898
935	907
935	917
935	921
935	965
935	988
935	992
935	995
936	339
936	477
936	482
936	545
936	623
936	639
936	719
936	761
936	773
936	774
936	784
936	824
936	828
936	863
936	868
936	906
936	915
936	917
936	920
936	940
936	949
936	953
936	962
936	972
936	979
936	985
936	990
936	991
936	998
936	999
936	1000
937	314
937	384
937	393
937	420
937	443
937	474
937	514
937	540
937	544
937	611
937	628
937	642
937	669
937	722
937	737
937	783
937	794
937	849
937	856
937	865
937	869
937	878
937	890
937	904
937	942
937	944
937	956
937	973
937	977
937	983
937	987
937	998
938	12
938	90
938	195
938	293
938	338
938	350
938	430
938	473
938	505
938	532
938	569
938	597
938	667
938	671
938	674
938	745
938	801
938	809
938	841
938	844
938	876
938	879
938	893
938	895
938	905
938	913
938	914
938	919
938	967
938	969
938	977
938	979
939	19
939	54
939	171
939	233
939	397
939	447
939	606
939	654
939	666
939	672
939	682
939	732
939	798
939	806
939	810
939	833
939	834
939	856
939	862
939	864
939	886
939	887
939	897
939	932
939	947
939	952
939	963
939	967
939	978
939	984
939	989
939	993
939	994
940	375
940	409
940	410
940	434
940	525
940	574
940	666
940	705
940	712
940	755
940	762
940	765
940	767
940	797
940	861
940	874
940	895
940	910
940	922
940	933
940	936
940	943
940	950
940	951
940	953
940	979
940	980
940	982
940	985
940	991
940	992
940	995
940	1000
941	65
941	88
941	97
941	123
941	126
941	196
941	215
941	259
941	321
941	343
941	490
941	581
941	603
941	663
941	723
941	757
941	779
941	804
941	822
941	840
941	857
941	859
941	891
941	896
941	920
941	925
941	926
941	928
941	929
941	931
941	954
941	969
941	976
941	997
942	125
942	253
942	320
942	365
942	392
942	467
942	478
942	544
942	584
942	594
942	611
942	628
942	658
942	704
942	735
942	763
942	815
942	847
942	852
942	856
942	865
942	869
942	909
942	937
942	944
942	950
942	956
942	966
942	967
942	973
942	974
942	977
942	983
942	999
943	82
943	121
943	158
943	186
943	231
943	267
943	341
943	385
943	410
943	434
943	438
943	477
943	720
943	725
943	762
943	766
943	829
943	830
943	851
943	864
943	910
943	927
943	940
943	949
943	950
943	951
943	962
943	972
943	979
943	985
943	990
943	998
943	999
943	1000
944	26
944	63
944	205
944	249
944	312
944	443
944	566
944	573
944	599
944	669
944	694
944	735
944	737
944	749
944	796
944	814
944	815
944	852
944	865
944	867
944	878
944	882
944	889
944	899
944	912
944	916
944	937
944	942
944	956
944	966
944	973
944	974
944	977
944	987
945	26
945	71
945	249
945	331
945	392
945	420
945	449
945	488
945	520
945	561
945	566
945	679
945	691
945	733
945	760
945	763
945	789
945	794
945	815
945	848
945	866
945	869
945	887
945	889
945	890
945	956
945	966
945	968
945	973
945	974
945	977
945	983
945	987
945	989
946	23
946	228
946	373
946	389
946	426
946	481
946	510
946	518
946	552
946	582
946	589
946	671
946	675
946	681
946	687
946	764
946	787
946	788
946	827
946	854
946	873
946	900
946	902
946	903
946	921
946	930
946	934
946	953
946	957
946	960
946	968
946	970
946	971
946	975
946	981
946	992
947	10
947	22
947	69
947	336
947	396
947	489
947	512
947	516
947	558
947	616
947	646
947	682
947	772
947	799
947	810
947	834
947	870
947	886
947	887
947	891
947	897
947	911
947	932
947	939
947	952
947	955
947	958
947	963
947	964
947	967
947	974
947	978
947	984
947	993
947	994
947	997
948	37
948	56
948	154
948	166
948	189
948	310
948	349
948	352
948	406
948	461
948	620
948	627
948	676
948	678
948	734
948	770
948	807
948	820
948	823
948	825
948	826
948	837
948	845
948	858
948	881
948	885
948	888
948	892
948	908
948	918
948	951
948	961
948	982
948	986
948	993
948	996
949	30
949	280
949	376
949	394
949	410
949	432
949	615
949	668
949	670
949	689
949	692
949	693
949	755
949	765
949	773
949	802
949	836
949	861
949	871
949	909
949	910
949	922
949	924
949	936
949	943
949	950
949	951
949	953
949	962
949	979
949	980
949	985
949	991
949	992
949	998
949	999
949	1000
950	223
950	300
950	305
950	330
950	409
950	410
950	433
950	468
950	486
950	535
950	554
950	607
950	626
950	771
950	777
950	813
950	824
950	861
950	868
950	874
950	884
950	922
950	933
950	940
950	942
950	943
950	949
950	951
950	953
950	959
950	972
950	979
950	980
950	990
950	998
950	999
950	1000
951	14
951	29
951	197
951	216
951	219
951	332
951	376
951	377
951	479
951	500
951	530
951	535
951	549
951	646
951	674
951	729
951	791
951	793
951	795
951	829
951	842
951	869
951	871
951	895
951	927
951	933
951	940
951	943
951	948
951	949
951	950
951	979
951	980
951	985
951	990
951	998
951	999
951	1000
952	316
952	336
952	378
952	444
952	470
952	485
952	530
952	557
952	587
952	608
952	629
952	640
952	686
952	702
952	714
952	715
952	726
952	785
952	792
952	799
952	819
952	833
952	870
952	897
952	939
952	947
952	955
952	958
952	963
952	964
952	967
952	973
952	981
952	984
952	989
952	993
952	994
952	997
953	140
953	251
953	391
953	479
953	500
953	555
953	574
953	579
953	595
953	638
953	722
953	729
953	761
953	786
953	789
953	795
953	813
953	819
953	828
953	871
953	880
953	915
953	922
953	936
953	940
953	946
953	949
953	950
953	958
953	959
953	962
953	972
953	979
953	980
953	985
953	990
953	998
953	999
953	1000
954	116
954	123
954	126
954	138
954	245
954	268
954	279
954	309
954	317
954	321
954	329
954	335
954	343
954	459
954	490
954	498
954	539
954	577
954	596
954	601
954	663
954	719
954	723
954	757
954	769
954	779
954	817
954	831
954	840
954	857
954	859
954	863
954	866
954	872
954	877
954	891
954	920
954	928
954	941
954	976
955	22
955	59
955	141
955	235
955	272
955	314
955	413
955	440
955	470
955	472
955	486
955	501
955	538
955	558
955	587
955	608
955	646
955	657
955	686
955	688
955	710
955	715
955	718
955	792
955	816
955	911
955	932
955	947
955	952
955	958
955	963
955	964
955	967
955	970
955	978
955	984
955	989
955	992
955	993
955	994
955	997
956	194
956	205
956	253
956	255
956	331
956	359
956	367
956	383
956	454
956	499
956	520
956	669
956	694
956	703
956	733
956	739
956	760
956	789
956	815
956	847
956	848
956	849
956	852
956	855
956	856
956	861
956	866
956	867
956	878
956	889
956	890
956	899
956	904
956	937
956	942
956	944
956	945
956	966
956	973
956	974
956	977
957	145
957	257
957	400
957	495
957	498
957	519
957	637
957	638
957	659
957	662
957	675
957	677
957	681
957	696
957	706
957	707
957	708
957	717
957	720
957	727
957	741
957	764
957	811
957	818
957	879
957	885
957	900
957	902
957	903
957	924
957	930
957	934
957	946
957	958
957	960
957	968
957	970
957	971
957	975
957	981
957	992
958	77
958	117
958	229
958	396
958	429
958	489
958	512
958	543
958	571
958	617
958	646
958	649
958	651
958	656
958	665
958	690
958	714
958	726
958	743
958	798
958	799
958	810
958	855
958	864
958	887
958	901
958	932
958	947
958	952
958	953
958	955
958	957
958	963
958	964
958	978
958	984
958	989
958	993
958	994
958	997
958	999
959	5
959	32
959	33
959	157
959	182
959	231
959	232
959	258
959	423
959	574
959	591
959	595
959	634
959	639
959	700
959	711
959	712
959	725
959	774
959	777
959	797
959	813
959	829
959	830
959	868
959	871
959	895
959	906
959	910
959	915
959	922
959	950
959	953
959	971
959	972
959	975
959	979
959	980
959	985
959	991
959	998
959	999
960	109
960	156
960	167
960	265
960	358
960	481
960	578
960	580
960	612
960	616
960	659
960	677
960	681
960	687
960	695
960	701
960	706
960	707
960	742
960	749
960	787
960	811
960	818
960	827
960	854
960	873
960	894
960	900
960	902
960	903
960	924
960	928
960	930
960	934
960	946
960	957
960	964
960	968
960	970
960	971
960	975
960	992
961	20
961	38
961	75
961	153
961	207
961	211
961	287
961	323
961	349
961	352
961	502
961	515
961	556
961	563
961	619
961	647
961	660
961	673
961	677
961	678
961	730
961	734
961	759
961	770
961	771
961	802
961	805
961	820
961	823
961	825
961	837
961	845
961	850
961	881
961	885
961	908
961	916
961	918
961	948
961	982
961	986
961	996
962	1
962	100
962	112
962	137
962	139
962	310
962	466
962	468
962	484
962	497
962	549
962	605
962	618
962	635
962	680
962	689
962	694
962	761
962	763
962	765
962	773
962	797
962	802
962	829
962	842
962	860
962	874
962	880
962	884
962	895
962	910
962	936
962	943
962	949
962	953
962	979
962	980
962	985
962	991
962	993
962	994
962	998
962	999
962	1000
963	132
963	203
963	363
963	390
963	397
963	421
963	472
963	476
963	501
963	516
963	543
963	587
963	625
963	688
963	705
963	710
963	714
963	721
963	732
963	785
963	798
963	816
963	819
963	833
963	835
963	886
963	911
963	912
963	923
963	932
963	939
963	947
963	952
963	955
963	958
963	964
963	965
963	967
963	978
963	984
963	986
963	989
963	993
963	994
963	997
964	61
964	68
964	91
964	139
964	250
964	272
964	291
964	390
964	486
964	550
964	571
964	606
964	607
964	622
964	657
964	665
964	672
964	683
964	685
964	697
964	701
964	714
964	726
964	738
964	799
964	806
964	810
964	812
964	855
964	886
964	911
964	912
964	947
964	952
964	955
964	958
964	960
964	963
964	967
964	978
964	984
964	989
964	993
964	994
964	997
965	6
965	27
965	105
965	120
965	129
965	174
965	177
965	371
965	399
965	451
965	503
965	548
965	586
965	590
965	600
965	653
965	655
965	664
965	709
965	718
965	736
965	747
965	748
965	758
965	781
965	782
965	800
965	803
965	821
965	835
965	846
965	875
965	882
965	892
965	894
965	898
965	907
965	917
965	921
965	935
965	963
965	983
965	988
965	995
965	996
965	998
966	9
966	21
966	28
966	42
966	172
966	191
966	255
966	325
966	392
966	449
966	467
966	509
966	517
966	541
966	561
966	573
966	594
966	611
966	658
966	691
966	737
966	760
966	763
966	770
966	789
966	793
966	794
966	796
966	815
966	848
966	853
966	856
966	867
966	890
966	899
966	909
966	919
966	942
966	944
966	945
966	956
966	973
966	974
966	977
966	983
966	987
966	997
967	19
967	36
967	91
967	203
967	336
967	340
967	364
967	369
967	435
967	501
967	516
967	550
967	558
967	570
967	607
967	629
967	649
967	683
967	688
967	702
967	710
967	768
967	785
967	819
967	849
967	855
967	862
967	870
967	886
967	887
967	901
967	911
967	912
967	923
967	932
967	934
967	938
967	939
967	942
967	947
967	952
967	955
967	963
967	964
967	989
967	991
967	993
967	997
968	113
968	160
968	242
968	244
968	357
968	373
968	383
968	398
968	496
968	504
968	518
968	575
968	576
968	582
968	589
968	612
968	616
968	631
968	637
968	661
968	662
968	687
968	701
968	706
968	716
968	727
968	749
968	764
968	787
968	788
968	818
968	827
968	854
968	873
968	900
968	902
968	903
968	911
968	933
968	945
968	946
968	957
968	960
968	970
968	971
968	973
968	975
968	981
968	992
969	39
969	55
969	66
969	79
969	81
969	146
969	149
969	173
969	212
969	224
969	228
969	259
969	260
969	261
969	299
969	406
969	407
969	416
969	424
969	431
969	463
969	473
969	485
969	487
969	529
969	542
969	553
969	598
969	624
969	632
969	645
969	671
969	745
969	753
969	776
969	778
969	809
969	832
969	838
969	843
969	876
969	893
969	905
969	913
969	914
969	919
969	938
969	941
969	989
969	994
970	145
970	160
970	296
970	308
970	370
970	495
970	504
970	519
970	552
970	564
970	575
970	582
970	612
970	631
970	636
970	662
970	667
970	701
970	706
970	707
970	708
970	716
970	720
970	726
970	741
970	742
970	764
970	787
970	788
970	818
970	827
970	854
970	873
970	900
970	902
970	903
970	914
970	924
970	930
970	934
970	946
970	955
970	957
970	960
970	968
970	971
970	975
970	981
970	992
970	999
971	31
971	110
971	124
971	167
971	200
971	301
971	303
971	328
971	357
971	366
971	389
971	398
971	426
971	481
971	495
971	575
971	582
971	675
971	677
971	681
971	684
971	691
971	695
971	698
971	701
971	707
971	727
971	742
971	749
971	756
971	764
971	787
971	818
971	827
971	873
971	902
971	922
971	923
971	930
971	934
971	946
971	957
971	959
971	960
971	968
971	970
971	972
971	975
971	981
971	992
972	45
972	184
972	231
972	297
972	315
972	341
972	361
972	376
972	464
972	482
972	548
972	579
972	583
972	591
972	605
972	670
972	692
972	700
972	719
972	728
972	761
972	773
972	829
972	830
972	836
972	851
972	860
972	868
972	874
972	895
972	903
972	906
972	910
972	922
972	932
972	933
972	936
972	943
972	950
972	953
972	959
972	971
972	979
972	980
972	982
972	985
972	990
972	991
972	998
972	1000
973	42
973	99
973	205
973	218
973	225
973	449
973	474
973	478
973	480
973	509
973	520
973	544
973	562
973	564
973	594
973	628
973	658
973	679
973	694
973	703
973	704
973	737
973	760
973	763
973	796
973	847
973	848
973	849
973	852
973	856
973	860
973	865
973	866
973	867
973	889
973	890
973	899
973	909
973	937
973	942
973	944
973	945
973	952
973	956
973	966
973	968
973	974
973	977
973	983
973	987
974	204
974	238
974	256
974	320
974	322
974	331
974	332
974	372
974	437
974	449
974	454
974	488
974	517
974	566
974	584
974	599
974	628
974	642
974	669
974	685
974	694
974	735
974	737
974	739
974	780
974	806
974	814
974	847
974	848
974	852
974	853
974	856
974	865
974	866
974	867
974	869
974	878
974	904
974	909
974	942
974	944
974	945
974	947
974	956
974	966
974	973
974	977
974	983
974	987
974	994
975	23
975	51
975	104
975	110
975	124
975	145
975	199
975	217
975	303
975	308
975	319
975	357
975	366
975	370
975	504
975	510
975	575
975	576
975	612
975	636
975	662
975	687
975	696
975	708
975	717
975	720
975	749
975	754
975	756
975	764
975	788
975	811
975	818
975	827
975	832
975	838
975	854
975	872
975	873
975	900
975	902
975	903
975	934
975	946
975	957
975	959
975	960
975	968
975	970
975	971
975	981
975	992
976	3
976	7
976	18
976	47
976	88
976	126
976	133
976	196
976	230
976	239
976	263
976	268
976	309
976	311
976	317
976	343
976	353
976	360
976	445
976	459
976	528
976	577
976	592
976	596
976	601
976	661
976	663
976	713
976	723
976	724
976	757
976	769
976	779
976	804
976	822
976	831
976	840
976	857
976	859
976	863
976	872
976	877
976	896
976	920
976	925
976	928
976	929
976	931
976	941
976	954
976	980
976	984
976	1000
977	28
977	36
977	53
977	92
977	118
977	125
977	225
977	238
977	304
977	322
977	329
977	454
977	465
977	467
977	474
977	514
977	520
977	534
977	540
977	541
977	544
977	566
977	694
977	703
977	704
977	738
977	748
977	760
977	765
977	780
977	789
977	794
977	796
977	814
977	815
977	847
977	848
977	849
977	852
977	853
977	867
977	878
977	889
977	904
977	937
977	938
977	942
977	944
977	945
977	956
977	966
977	973
977	974
977	983
977	987
978	34
978	106
978	163
978	190
978	221
978	262
978	347
978	356
978	364
978	414
978	427
978	476
978	486
978	501
978	512
978	524
978	591
978	593
978	617
978	621
978	633
978	651
978	657
978	672
978	682
978	697
978	743
978	753
978	760
978	772
978	785
978	798
978	799
978	810
978	812
978	816
978	834
978	887
978	897
978	901
978	910
978	911
978	923
978	926
978	928
978	939
978	947
978	955
978	958
978	963
978	964
978	984
978	989
978	993
978	994
978	997
978	1000
979	2
979	50
979	52
979	136
979	157
979	175
979	246
979	264
979	271
979	346
979	354
979	377
979	422
979	513
979	522
979	545
979	574
979	609
979	668
979	670
979	711
979	722
979	740
979	750
979	761
979	774
979	815
979	824
979	829
979	830
979	860
979	872
979	874
979	880
979	886
979	906
979	915
979	933
979	936
979	938
979	940
979	943
979	949
979	950
979	951
979	953
979	959
979	962
979	972
979	980
979	986
979	990
979	991
979	996
979	998
979	999
979	1000
980	1
980	29
980	72
980	78
980	139
980	147
980	185
980	219
980	237
980	252
980	348
980	354
980	394
980	401
980	434
980	452
980	479
980	605
980	641
980	648
980	689
980	693
980	712
980	744
980	750
980	767
980	773
980	775
980	777
980	786
980	795
980	800
980	842
980	860
980	861
980	868
980	871
980	875
980	895
980	903
980	915
980	918
980	927
980	940
980	949
980	950
980	951
980	953
980	959
980	962
980	972
980	976
980	979
980	985
980	990
980	991
980	998
980	999
981	125
981	160
981	167
981	199
981	242
981	301
981	358
981	383
981	419
981	426
981	458
981	497
981	499
981	504
981	510
981	564
981	576
981	580
981	582
981	612
981	616
981	636
981	659
981	662
981	675
981	681
981	684
981	695
981	697
981	701
981	706
981	707
981	708
981	716
981	720
981	727
981	742
981	749
981	787
981	788
981	811
981	818
981	854
981	873
981	903
981	915
981	924
981	930
981	934
981	946
981	952
981	957
981	968
981	970
981	971
981	975
981	992
981	999
982	20
982	24
982	77
982	83
982	111
982	154
982	166
982	183
982	185
982	220
982	226
982	227
982	284
982	306
982	323
982	324
982	351
982	369
982	374
982	381
982	456
982	461
982	515
982	531
982	537
982	556
982	563
982	620
982	643
982	647
982	673
982	678
982	731
982	734
982	770
982	805
982	807
982	820
982	825
982	826
982	837
982	845
982	850
982	858
982	881
982	885
982	888
982	892
982	908
982	916
982	918
982	940
982	948
982	961
982	972
982	986
982	993
982	996
983	9
983	33
983	67
983	135
983	255
983	256
983	273
983	312
983	320
983	379
983	384
983	393
983	443
983	465
983	467
983	480
983	483
983	507
983	517
983	584
983	588
983	610
983	628
983	704
983	735
983	737
983	738
983	751
983	763
983	789
983	794
983	796
983	814
983	815
983	827
983	847
983	848
983	853
983	856
983	865
983	866
983	869
983	878
983	889
983	890
983	899
983	908
983	909
983	937
983	942
983	945
983	965
983	966
983	973
983	974
983	977
983	984
983	986
983	987
984	19
984	41
984	61
984	122
984	190
984	219
984	250
984	311
984	340
984	362
984	364
984	369
984	390
984	413
984	441
984	444
984	447
984	489
984	593
984	613
984	629
984	640
984	646
984	649
984	652
984	654
984	665
984	683
984	686
984	688
984	702
984	714
984	721
984	726
984	743
984	789
984	792
984	812
984	833
984	864
984	870
984	886
984	897
984	901
984	920
984	923
984	926
984	932
984	939
984	947
984	952
984	955
984	958
984	963
984	964
984	976
984	978
984	983
984	989
984	993
984	994
984	996
985	50
985	54
985	131
985	144
985	161
985	185
985	233
985	251
985	271
985	307
985	326
985	341
985	376
985	379
985	395
985	411
985	417
985	422
985	432
985	455
985	466
985	468
985	514
985	525
985	623
985	668
985	689
985	722
985	729
985	751
985	755
985	775
985	777
985	786
985	793
985	813
985	828
985	830
985	842
985	851
985	860
985	868
985	874
985	884
985	895
985	896
985	906
985	915
985	936
985	940
985	943
985	949
985	951
985	953
985	959
985	962
985	972
985	980
985	986
985	990
985	991
985	998
985	999
985	1000
986	17
986	24
986	38
986	56
986	58
986	75
986	83
986	86
986	111
986	159
986	169
986	187
986	248
986	287
986	351
986	352
986	372
986	381
986	388
986	406
986	461
986	502
986	515
986	531
986	537
986	556
986	619
986	620
986	627
986	643
986	647
986	660
986	673
986	676
986	699
986	731
986	734
986	770
986	807
986	820
986	823
986	825
986	826
986	837
986	845
986	850
986	858
986	881
986	885
986	888
986	892
986	908
986	911
986	916
986	918
986	948
986	961
986	963
986	979
986	982
986	983
986	985
986	990
986	996
987	28
987	33
987	53
987	135
987	172
987	194
987	198
987	206
987	217
987	218
987	225
987	249
987	329
987	359
987	393
987	443
987	465
987	466
987	474
987	480
987	488
987	507
987	528
987	534
987	540
987	561
987	588
987	594
987	599
987	610
987	642
987	669
987	679
987	694
987	735
987	737
987	738
987	739
987	760
987	763
987	794
987	796
987	814
987	847
987	848
987	849
987	852
987	853
987	865
987	868
987	869
987	878
987	884
987	890
987	899
987	909
987	913
987	937
987	944
987	945
987	966
987	973
987	974
987	977
987	983
987	999
988	11
988	15
988	27
988	46
988	73
988	105
988	120
988	129
988	134
988	176
988	177
988	179
988	201
988	213
988	270
988	294
988	318
988	355
988	371
988	412
988	475
988	494
988	503
988	508
988	533
988	548
988	586
988	590
988	600
988	611
988	644
988	650
988	653
988	655
988	664
988	709
988	736
988	746
988	747
988	748
988	758
988	759
988	766
988	781
988	782
988	783
988	786
988	790
988	800
988	803
988	821
988	835
988	839
988	846
988	875
988	882
988	894
988	898
988	900
988	907
988	917
988	921
988	930
988	935
988	965
988	992
988	995
988	996
988	1000
989	34
989	68
989	87
989	89
989	178
989	229
989	240
989	281
989	288
989	336
989	354
989	362
989	408
989	441
989	470
989	476
989	513
989	516
989	550
989	570
989	572
989	586
989	587
989	607
989	613
989	629
989	634
989	646
989	651
989	656
989	665
989	685
989	688
989	697
989	702
989	715
989	721
989	772
989	799
989	806
989	810
989	816
989	819
989	833
989	834
989	855
989	862
989	870
989	886
989	901
989	909
989	911
989	912
989	923
989	926
989	939
989	945
989	952
989	955
989	958
989	963
989	964
989	967
989	969
989	978
989	984
989	993
989	994
989	997
990	5
990	30
990	35
990	52
990	74
990	95
990	98
990	130
990	182
990	252
990	258
990	269
990	286
990	339
990	385
990	408
990	418
990	455
990	475
990	500
990	525
990	526
990	527
990	535
990	537
990	579
990	585
990	609
990	618
990	626
990	638
990	666
990	680
990	705
990	711
990	751
990	774
990	775
990	784
990	793
990	802
990	828
990	842
990	851
990	861
990	868
990	871
990	874
990	881
990	884
990	895
990	915
990	917
990	922
990	927
990	930
990	933
990	936
990	943
990	950
990	951
990	953
990	972
990	979
990	980
990	985
990	986
990	993
990	998
990	999
990	1000
991	70
991	100
991	119
991	130
991	144
991	148
991	170
991	175
991	197
991	252
991	267
991	291
991	331
991	368
991	394
991	408
991	409
991	428
991	523
991	554
991	557
991	562
991	583
991	585
991	595
991	639
991	648
991	668
991	679
991	686
991	692
991	700
991	705
991	712
991	729
991	731
991	740
991	750
991	751
991	755
991	761
991	767
991	777
991	786
991	813
991	830
991	836
991	842
991	861
991	868
991	874
991	880
991	884
991	885
991	906
991	910
991	915
991	927
991	933
991	936
991	940
991	949
991	959
991	962
991	967
991	972
991	979
991	980
991	985
991	998
991	999
991	1000
992	16
992	31
992	43
992	48
992	62
992	64
992	104
992	109
992	113
992	156
992	199
992	217
992	242
992	257
992	274
992	296
992	373
992	383
992	398
992	405
992	419
992	458
992	496
992	499
992	507
992	518
992	519
992	564
992	575
992	580
992	582
992	589
992	616
992	631
992	636
992	657
992	675
992	684
992	687
992	696
992	701
992	707
992	708
992	717
992	720
992	727
992	741
992	742
992	749
992	787
992	788
992	811
992	827
992	854
992	873
992	900
992	902
992	903
992	924
992	934
992	935
992	940
992	946
992	949
992	955
992	957
992	960
992	968
992	970
992	971
992	975
992	981
992	988
993	36
993	59
993	96
993	106
993	117
993	127
993	132
993	141
993	152
993	171
993	235
993	302
993	311
993	316
993	334
993	340
993	356
993	362
993	363
993	378
993	397
993	411
993	414
993	476
993	536
993	538
993	572
993	615
993	634
993	635
993	640
993	646
993	652
993	656
993	682
993	683
993	710
993	726
993	732
993	768
993	772
993	785
993	792
993	798
993	799
993	812
993	816
993	833
993	834
993	854
993	857
993	862
993	864
993	870
993	886
993	897
993	901
993	911
993	912
993	926
993	932
993	939
993	947
993	948
993	952
993	955
993	958
993	962
993	963
993	964
993	967
993	978
993	982
993	984
993	989
993	990
993	994
993	997
994	22
994	69
994	101
994	127
994	162
994	229
994	262
994	288
994	311
994	316
994	333
994	369
994	397
994	414
994	429
994	444
994	470
994	495
994	538
994	543
994	561
994	588
994	607
994	608
994	615
994	622
994	633
994	634
994	640
994	649
994	656
994	657
994	685
994	686
994	690
994	697
994	702
994	710
994	721
994	726
994	732
994	753
994	772
994	785
994	792
994	799
994	806
994	810
994	833
994	834
994	855
994	862
994	864
994	875
994	886
994	887
994	901
994	911
994	912
994	923
994	926
994	932
994	939
994	947
994	952
994	955
994	958
994	962
994	963
994	964
994	969
994	974
994	978
994	984
994	989
994	993
994	997
994	998
995	6
995	11
995	15
995	25
995	27
995	46
995	73
995	76
995	84
995	102
995	120
995	128
995	129
995	134
995	174
995	176
995	179
995	201
995	213
995	270
995	274
995	294
995	327
995	355
995	366
995	371
995	399
995	412
995	415
995	425
995	439
995	451
995	469
995	475
995	494
995	503
995	508
995	533
995	548
995	585
995	586
995	590
995	600
995	604
995	644
995	650
995	653
995	655
995	664
995	709
995	718
995	736
995	746
995	747
995	748
995	758
995	759
995	764
995	781
995	782
995	783
995	790
995	800
995	803
995	821
995	835
995	839
995	846
995	875
995	882
995	889
995	890
995	894
995	898
995	906
995	907
995	917
995	921
995	935
995	940
995	965
995	988
996	17
996	20
996	24
996	38
996	56
996	58
996	77
996	83
996	86
996	111
996	153
996	154
996	159
996	166
996	168
996	169
996	180
996	183
996	187
996	189
996	211
996	220
996	226
996	227
996	236
996	241
996	275
996	284
996	287
996	323
996	324
996	349
996	351
996	352
996	381
996	388
996	405
996	406
996	461
996	502
996	515
996	518
996	531
996	537
996	544
996	556
996	563
996	602
996	619
996	620
996	627
996	643
996	647
996	660
996	673
996	676
996	678
996	699
996	730
996	731
996	734
996	770
996	805
996	807
996	820
996	823
996	825
996	826
996	837
996	845
996	850
996	858
996	881
996	885
996	888
996	892
996	908
996	914
996	916
996	918
996	929
996	948
996	961
996	965
996	979
996	982
996	984
996	986
996	988
997	34
997	41
997	67
997	91
997	96
997	100
997	101
997	103
997	104
997	116
997	122
997	163
997	171
997	184
997	190
997	221
997	233
997	262
997	272
997	281
997	340
997	356
997	362
997	363
997	411
997	427
997	429
997	457
997	484
997	486
997	489
997	512
997	558
997	572
997	606
997	617
997	622
997	625
997	629
997	633
997	649
997	651
997	652
997	654
997	657
997	665
997	682
997	683
997	685
997	686
997	688
997	710
997	732
997	743
997	768
997	785
997	799
997	806
997	810
997	812
997	816
997	819
997	833
997	834
997	855
997	864
997	865
997	870
997	887
997	897
997	901
997	911
997	912
997	923
997	926
997	927
997	932
997	941
997	947
997	952
997	955
997	958
997	963
997	964
997	966
997	967
997	978
997	989
997	993
997	994
998	29
998	44
998	57
998	93
998	114
998	151
998	157
998	186
998	223
998	254
998	297
998	300
998	326
998	345
998	346
998	375
998	380
998	401
998	403
998	409
998	436
998	438
998	448
998	463
998	471
998	493
998	535
998	545
998	554
998	579
998	585
998	591
998	614
998	618
998	623
998	639
998	641
998	654
998	670
998	680
998	692
998	693
998	700
998	705
998	719
998	727
998	729
998	740
998	751
998	765
998	771
998	773
998	774
998	784
998	791
998	795
998	797
998	802
998	804
998	813
998	824
998	836
998	842
998	854
998	860
998	861
998	868
998	906
998	910
998	915
998	922
998	927
998	933
998	936
998	937
998	943
998	949
998	950
998	951
998	953
998	959
998	962
998	965
998	972
998	979
998	980
998	985
998	990
998	991
998	994
998	999
998	1000
999	35
999	52
999	70
999	85
999	108
999	119
999	142
999	144
999	158
999	170
999	184
999	232
999	251
999	254
999	280
999	292
999	345
999	346
999	348
999	387
999	417
999	423
999	447
999	448
999	453
999	455
999	466
999	471
999	484
999	506
999	522
999	530
999	583
999	585
999	605
999	614
999	626
999	639
999	641
999	648
999	666
999	680
999	689
999	692
999	693
999	719
999	729
999	734
999	740
999	744
999	750
999	765
999	767
999	774
999	775
999	777
999	784
999	791
999	797
999	801
999	813
999	828
999	829
999	836
999	851
999	861
999	868
999	871
999	874
999	880
999	884
999	895
999	917
999	922
999	927
999	933
999	936
999	942
999	943
999	949
999	950
999	951
999	953
999	958
999	959
999	962
999	970
999	979
999	980
999	981
999	985
999	987
999	990
999	991
999	998
999	1000
1000	44
1000	74
1000	82
1000	99
1000	121
1000	130
1000	131
1000	152
1000	170
1000	186
1000	188
1000	216
1000	232
1000	237
1000	246
1000	271
1000	280
1000	286
1000	292
1000	394
1000	401
1000	417
1000	428
1000	433
1000	438
1000	448
1000	452
1000	453
1000	471
1000	482
1000	484
1000	492
1000	497
1000	522
1000	530
1000	560
1000	591
1000	609
1000	614
1000	618
1000	623
1000	626
1000	666
1000	692
1000	700
1000	705
1000	722
1000	725
1000	744
1000	750
1000	751
1000	755
1000	761
1000	762
1000	771
1000	775
1000	778
1000	784
1000	786
1000	791
1000	793
1000	795
1000	798
1000	810
1000	828
1000	830
1000	836
1000	842
1000	861
1000	868
1000	871
1000	880
1000	884
1000	886
1000	895
1000	907
1000	910
1000	915
1000	927
1000	936
1000	940
1000	943
1000	949
1000	950
1000	951
1000	953
1000	962
1000	972
1000	976
1000	978
1000	979
1000	985
1000	988
1000	990
1000	991
1000	998
1000	999
