1	955
1	986
1	999
2	567
2	981
2	998
3	816
3	826
3	971
4	729
4	962
4	979
5	926
5	941
5	942
6	705
6	933
6	948
7	423
7	500
7	868
8	870
8	871
8	973
9	740
9	783
9	786
10	825
10	909
10	985
11	965
11	967
11	997
12	523
12	781
12	975
13	833
13	857
13	878
14	78
14	973
14	982
15	112
15	342
15	988
16	957
16	977
16	999
17	849
17	871
17	950
18	905
18	920
18	998
19	200
19	752
19	937
20	892
20	975
20	979
21	504
21	993
21	999
22	675
22	800
22	979
23	942
23	977
23	993
24	666
24	824
24	884
25	658
25	912
25	972
26	400
26	908
26	994
27	778
27	960
27	997
28	380
28	961
28	997
29	816
29	928
29	999
30	764
30	994
30	998
31	707
31	943
31	978
32	497
32	553
32	968
33	960
33	967
33	984
34	674
34	911
34	997
35	820
35	873
35	987
36	750
36	972
36	1000
37	917
37	980
37	999
38	110
38	130
38	710
39	814
39	906
39	986
40	902
40	958
40	968
41	189
41	952
41	999
42	771
42	873
42	990
43	209
43	416
43	982
44	750
44	838
44	970
45	808
45	895
45	969
46	518
46	703
46	985
47	789
47	902
47	935
48	959
48	980
48	999
49	994
49	995
49	998
50	659
50	763
50	771
51	401
51	461
51	823
52	602
52	789
52	979
53	981
53	983
53	995
54	932
54	981
54	998
55	757
55	973
55	979
56	528
56	942
56	959
57	761
57	881
57	935
58	887
58	892
58	982
59	131
59	691
59	868
60	533
60	860
60	922
61	907
61	959
61	999
62	917
62	935
62	953
63	717
63	943
63	991
64	199
64	843
64	997
65	984
65	995
65	997
66	431
66	992
66	994
67	356
67	741
67	979
68	146
68	842
68	998
69	670
69	972
69	1000
70	679
70	961
70	994
71	743
71	931
71	997
72	833
72	890
72	1000
73	544
73	699
73	790
74	755
74	961
74	989
75	836
75	983
75	991
76	599
76	909
76	978
77	925
77	946
77	1000
78	14
78	927
78	975
79	613
79	834
79	990
80	886
80	905
80	981
81	931
81	967
81	974
82	913
82	956
82	997
83	684
83	734
83	862
84	811
84	918
84	923
85	860
85	977
85	999
86	284
86	960
86	997
87	457
87	955
87	986
88	627
88	871
88	950
89	858
89	966
89	971
90	310
90	895
90	945
91	127
91	898
91	909
92	333
92	942
92	976
93	962
93	968
93	979
94	917
94	959
94	976
95	222
95	271
95	958
96	192
96	571
96	909
97	393
97	994
97	995
98	965
98	967
98	997
99	883
99	960
99	974
100	932
100	951
100	961
101	951
101	983
101	998
102	862
102	894
102	935
103	929
103	965
103	984
104	836
104	868
104	978
105	653
105	961
105	983
106	624
106	960
106	997
107	875
107	992
107	998
108	932
108	959
108	994
109	861
109	991
109	995
110	38
110	803
110	939
111	756
111	953
111	986
112	15
112	613
112	872
113	621
113	811
113	988
114	916
114	939
114	948
115	324
115	865
115	989
116	941
116	955
116	976
117	672
117	983
117	998
118	541
118	986
118	999
119	152
119	774
119	969
120	940
120	986
120	993
121	694
121	808
121	996
122	983
122	992
122	994
123	270
123	994
123	998
124	879
124	957
124	981
125	572
125	958
125	964
126	922
126	976
126	993
127	91
127	427
127	985
128	977
128	980
128	999
129	885
129	976
129	999
130	38
130	812
130	973
131	59
131	958
131	1000
132	994
132	995
132	998
133	695
133	951
133	998
134	767
134	823
134	945
135	961
135	994
135	998
136	720
136	869
136	935
137	501
137	907
137	954
138	919
138	967
138	997
139	994
139	995
139	998
140	459
140	897
140	945
141	736
141	968
141	982
142	388
142	534
142	996
143	251
143	963
143	987
144	941
144	976
144	999
145	803
145	963
145	983
146	68
146	896
146	998
147	663
147	934
147	986
148	925
148	933
148	980
149	946
149	951
149	991
150	532
150	840
150	950
151	951
151	994
151	998
152	119
152	969
152	971
153	758
153	945
153	990
154	637
154	908
154	992
155	774
155	811
155	897
156	231
156	974
156	997
157	574
157	713
157	979
158	515
158	986
158	989
159	873
159	950
159	966
160	619
160	983
160	992
161	748
161	989
161	1000
162	778
162	974
162	997
163	657
163	757
163	900
164	603
164	673
164	995
165	920
165	948
165	985
166	796
166	975
166	982
167	220
167	405
167	741
168	881
168	925
168	998
169	635
169	945
169	987
170	558
170	646
170	954
171	737
171	967
171	997
172	750
172	964
172	985
173	855
173	906
173	993
174	824
174	960
174	997
175	415
175	880
175	936
176	461
176	803
176	863
177	407
177	762
177	878
178	744
178	981
178	998
179	934
179	994
179	998
180	968
180	984
180	997
181	967
181	984
181	997
182	315
182	870
182	973
183	515
183	943
183	989
184	856
184	895
184	963
185	745
185	898
185	989
186	726
186	748
186	865
187	565
187	885
187	980
188	501
188	976
188	993
189	41
189	835
189	986
190	878
190	967
190	997
191	966
191	987
191	988
192	96
192	343
192	857
193	485
193	773
193	972
194	351
194	541
194	980
195	456
195	873
195	987
196	438
196	922
196	957
197	363
197	981
197	995
198	417
198	857
198	989
199	64
199	370
199	982
200	19
200	947
200	949
201	381
201	838
201	985
202	831
202	965
202	974
203	464
203	494
203	983
204	347
204	915
204	982
205	746
205	866
205	977
206	876
206	889
206	988
207	888
207	971
207	988
208	748
208	795
208	832
209	43
209	734
209	776
210	780
210	942
210	999
211	991
211	992
211	1000
212	860
212	947
212	993
213	612
213	989
213	1000
214	602
214	901
214	968
215	959
215	965
215	999
216	991
216	994
216	998
217	942
217	959
217	993
218	572
218	593
218	945
219	873
219	987
219	996
220	167
220	783
220	973
221	617
221	837
221	990
222	95
222	952
222	976
223	851
223	984
223	997
224	592
224	730
224	973
225	956
225	984
225	997
226	805
226	849
226	895
227	247
227	499
227	993
228	433
228	612
228	973
229	450
229	457
229	999
230	802
230	855
230	981
231	156
231	372
231	921
232	558
232	642
232	804
233	974
233	984
233	997
234	926
234	947
234	986
235	855
235	992
235	998
236	365
236	713
236	927
237	448
237	698
237	978
238	644
238	924
238	970
239	302
239	737
239	950
240	389
240	942
240	957
241	522
241	673
241	991
242	873
242	971
242	990
243	942
243	976
243	977
244	994
244	995
244	998
245	707
245	913
245	1000
246	258
246	652
246	996
247	227
247	952
247	976
248	702
248	739
248	949
249	547
249	925
249	998
250	991
250	994
250	998
251	143
251	988
251	996
252	966
252	984
252	997
253	970
253	972
253	985
254	285
254	970
254	978
255	884
255	995
255	998
256	821
256	971
256	988
257	904
257	987
257	996
258	246
258	796
258	939
259	875
259	991
259	994
260	914
260	965
260	997
261	522
261	911
261	997
262	928
262	941
262	999
263	602
263	892
263	982
264	272
264	776
264	998
265	930
265	956
265	967
266	609
266	980
266	999
267	670
267	748
267	943
268	349
268	844
268	1000
269	914
269	967
269	997
270	123
270	983
270	995
271	95
271	698
271	1000
272	264
272	772
272	935
273	872
273	912
273	985
274	904
274	908
274	981
275	869
275	948
275	984
276	785
276	975
276	979
277	338
277	592
277	983
278	571
278	821
278	888
279	470
279	914
279	997
280	639
280	705
280	890
281	754
281	957
281	980
282	704
282	888
282	987
283	658
283	930
283	997
284	86
284	800
284	954
285	254
285	616
285	909
286	928
286	953
286	999
287	792
287	865
287	887
288	919
288	974
288	984
289	959
289	993
289	999
290	599
290	868
290	1000
291	900
291	960
291	984
292	817
292	878
292	943
293	914
293	921
293	984
293	997
294	347
294	716
294	975
294	982
295	535
295	837
295	894
295	915
296	965
296	967
296	984
296	997
297	756
297	953
297	976
297	993
298	790
298	828
298	970
298	989
299	378
299	403
299	943
299	958
300	480
300	880
300	978
300	994
301	917
301	976
301	993
301	999
302	239
302	502
302	872
302	963
303	801
303	846
303	901
303	936
304	466
304	487
304	964
304	978
305	364
305	583
305	978
305	1000
306	819
306	992
306	994
306	995
307	471
307	535
307	729
307	968
308	633
308	739
308	745
308	887
309	831
309	910
309	947
309	993
310	90
310	392
310	430
310	990
311	332
311	953
311	994
311	995
312	926
312	955
312	986
312	993
313	830
313	888
313	966
313	987
314	524
314	945
314	987
314	996
315	182
315	791
315	916
315	993
316	341
316	719
316	936
316	1000
317	643
317	956
317	965
317	984
318	771
318	828
318	972
318	1000
319	835
319	879
319	942
319	993
320	600
320	953
320	980
320	999
321	889
321	897
321	945
321	987
322	435
322	874
322	946
322	994
323	669
323	700
323	940
323	947
324	115
324	615
324	707
324	792
325	356
325	463
325	858
325	946
326	366
326	429
326	736
326	975
327	750
327	917
327	928
327	999
328	760
328	976
328	993
328	999
329	364
329	702
329	806
329	964
330	791
330	892
330	894
330	969
331	924
331	931
331	984
331	997
332	311
332	981
332	992
332	994
333	92
333	874
333	884
333	983
334	532
334	876
334	950
334	990
335	705
335	916
335	938
335	975
336	808
336	873
336	923
336	990
337	847
337	861
337	932
337	994
338	277
338	933
338	981
338	983
339	438
339	810
339	822
339	999
340	556
340	676
340	985
340	1000
341	316
341	378
341	454
341	747
342	15
342	478
342	889
342	895
343	192
343	806
343	943
343	972
344	450
344	764
344	798
344	936
345	461
345	586
345	963
345	996
346	569
346	812
346	859
346	895
347	204
347	294
347	729
347	934
348	441
348	868
348	949
348	964
349	268
349	846
349	920
349	996
350	913
350	974
350	984
350	997
351	194
351	976
351	986
351	999
352	569
352	725
352	873
352	904
353	926
353	941
353	977
353	980
354	370
354	935
354	968
354	975
355	465
355	577
355	958
355	989
356	67
356	325
356	376
356	948
357	487
357	691
357	809
357	896
358	836
358	905
358	946
358	991
359	648
359	692
359	950
359	999
360	958
360	971
360	985
360	1000
361	591
361	811
361	888
361	969
362	666
362	961
362	992
362	998
363	197
363	408
363	680
363	994
364	305
364	329
364	964
364	989
365	236
365	781
365	894
365	939
366	326
366	387
366	710
366	713
367	413
367	910
367	957
367	999
368	669
368	947
368	980
368	986
369	543
369	838
369	970
369	1000
370	199
370	354
370	829
370	976
371	885
371	977
371	993
371	999
372	231
372	668
372	792
372	978
373	824
373	974
373	984
373	997
374	409
374	859
374	950
374	988
375	735
375	922
375	986
375	999
376	356
376	611
376	680
376	954
377	715
377	735
377	959
377	999
378	299
378	341
378	552
378	721
379	714
379	860
379	872
379	952
380	28
380	644
380	946
380	992
381	201
381	570
381	806
381	1000
382	933
382	983
382	995
382	998
383	590
383	883
383	930
383	965
384	536
384	959
384	983
384	995
385	486
385	826
385	990
385	996
386	740
386	927
386	979
386	982
387	366
387	571
387	830
387	867
388	142
388	537
388	575
388	987
389	240
389	955
389	959
389	977
390	514
390	905
390	991
390	995
391	512
391	764
391	828
391	936
392	310
392	652
392	971
392	990
393	97
393	933
393	981
393	994
394	725
394	895
394	990
394	996
395	488
395	668
395	815
395	949
396	659
396	668
396	978
396	985
397	479
397	893
397	964
397	992
398	517
398	840
398	937
398	996
399	882
399	921
399	956
399	997
400	26
400	695
400	918
400	998
401	51
401	733
401	774
401	996
402	566
402	596
402	696
402	731
403	299
403	878
403	890
403	989
404	844
404	857
404	909
404	944
405	167
405	516
405	813
405	886
406	515
406	918
406	986
406	999
407	177
407	846
407	944
407	989
408	363
408	835
408	977
408	986
409	374
409	565
409	629
409	867
410	940
410	947
410	993
410	999
411	476
411	949
411	974
411	978
412	431
412	927
412	962
412	973
413	367
413	955
413	986
413	999
414	501
414	952
414	980
414	985
415	175
415	633
415	970
415	972
416	43
416	581
416	786
416	975
417	198
417	924
417	949
417	978
418	938
418	968
418	975
418	979
419	611
419	789
419	899
419	954
420	576
420	991
420	994
420	998
421	492
421	543
421	985
421	1000
422	819
422	961
422	992
422	998
423	7
423	907
423	958
423	985
424	696
424	822
424	941
424	976
425	563
425	944
425	977
425	999
426	439
426	614
426	883
426	921
427	127
427	577
427	798
427	944
428	654
428	941
428	957
428	993
429	326
429	938
429	968
429	990
430	310
430	580
430	590
430	966
431	66
431	412
431	991
431	994
432	570
432	948
432	968
432	975
433	228
433	845
433	958
433	1000
434	699
434	854
434	880
434	926
435	322
435	862
435	995
435	998
436	947
436	980
436	986
436	999
437	911
437	967
437	984
437	997
438	196
438	339
438	542
438	760
439	426
439	925
439	991
439	992
440	846
440	865
440	958
440	964
441	348
441	880
441	944
441	964
442	694
442	808
442	840
442	903
443	765
443	797
443	965
443	974
444	524
444	840
444	971
444	973
444	996
445	554
445	842
445	932
445	981
445	992
446	797
446	929
446	967
446	984
446	997
447	557
447	799
447	973
447	982
447	985
448	237
448	890
448	958
448	985
448	989
449	799
449	902
449	939
449	948
449	970
450	229
450	344
450	690
450	898
450	1000
451	568
451	588
451	966
451	990
451	996
452	836
452	981
452	992
452	994
452	998
453	569
453	732
453	944
453	985
453	1000
454	341
454	750
454	841
454	936
454	1000
455	782
455	839
455	915
455	934
455	938
456	195
456	516
456	595
456	820
456	988
457	87
457	229
457	780
457	957
457	999
458	586
458	749
458	981
458	992
458	998
459	140
459	767
459	903
459	987
459	996
460	676
460	896
460	951
460	992
460	995
461	51
461	176
461	345
461	963
461	996
462	773
462	944
462	949
462	970
462	985
463	325
463	785
463	939
463	954
463	979
464	203
464	874
464	946
464	991
464	994
465	355
465	498
465	638
465	786
465	935
466	304
466	559
466	579
466	608
466	909
467	556
467	678
467	762
467	924
467	949
468	623
468	951
468	991
468	994
468	995
469	605
469	656
469	888
469	895
469	996
470	279
470	701
470	940
470	965
470	997
471	307
471	881
471	939
471	968
471	979
472	798
472	943
472	970
472	978
472	1000
473	639
473	868
473	887
473	901
473	989
474	808
474	873
474	946
474	969
474	987
475	478
475	588
475	731
475	987
475	990
476	411
476	727
476	770
476	827
476	943
477	946
477	961
477	994
477	995
477	998
478	342
478	475
478	534
478	923
478	963
479	397
479	957
479	981
479	983
479	998
480	300
480	559
480	809
480	817
480	1000
481	539
481	981
481	983
481	992
481	994
482	942
482	952
482	955
482	993
482	999
483	815
483	970
483	978
483	985
483	989
484	806
484	853
484	900
484	965
484	997
485	193
485	518
485	551
485	936
485	970
486	385
486	618
486	811
486	923
486	937
487	304
487	357
487	827
487	964
487	978
488	395
488	612
488	721
488	924
488	975
489	555
489	918
489	925
489	992
489	994
490	848
490	952
490	977
490	980
490	986
491	794
491	875
491	953
491	976
491	993
492	421
492	761
492	800
492	899
492	975
493	632
493	939
493	959
493	993
493	999
494	203
494	667
494	983
494	995
494	998
495	886
495	991
495	992
495	995
495	999
496	871
496	937
496	966
496	987
496	996
497	32
497	574
497	881
497	894
497	899
498	465
498	561
498	641
498	741
498	982
499	227
499	926
499	941
499	978
499	999
500	7
500	759
500	795
500	825
500	912
501	137
501	188
501	414
501	697
501	715
502	302
502	863
502	876
502	888
502	971
503	660
503	851
503	853
503	931
503	974
504	21
504	718
504	906
504	907
504	977
505	933
505	946
505	961
505	991
505	992
506	589
506	663
506	721
506	848
506	922
507	919
507	921
507	929
507	956
507	984
508	961
508	980
508	981
508	992
508	998
509	653
509	829
509	870
509	916
509	975
510	690
510	845
510	887
510	947
510	1000
511	677
511	825
511	972
511	989
511	1000
512	391
512	699
512	817
512	857
512	970
513	983
513	991
513	992
513	994
513	998
514	390
514	587
514	876
514	969
514	996
515	158
515	183
515	406
515	917
515	986
516	405
516	456
516	793
516	995
516	998
517	398
517	722
517	803
517	937
517	987
518	46
518	485
518	890
518	980
518	1000
519	969
519	971
519	987
519	990
519	998
520	768
520	788
520	844
520	991
520	995
521	646
521	799
521	894
521	948
521	962
522	241
522	261
522	614
522	851
522	997
523	12
523	657
523	681
523	716
523	772
524	314
524	444
524	821
524	877
524	966
525	693
525	904
525	966
525	988
525	996
526	913
526	921
526	931
526	956
526	960
527	678
527	874
527	893
527	995
527	998
528	56
528	907
528	986
528	993
528	999
529	562
529	873
529	981
529	983
529	995
530	936
530	959
530	980
530	993
530	999
531	864
531	923
531	963
531	971
531	996
532	150
532	334
532	642
532	758
532	859
533	60
533	600
533	952
533	980
533	993
534	142
534	478
534	923
534	945
534	996
535	295
535	307
535	662
535	973
535	982
536	384
536	819
536	983
536	994
536	998
537	388
537	704
537	969
537	982
537	988
538	778
538	900
538	949
538	956
538	997
539	481
539	842
539	858
539	991
539	994
540	684
540	900
540	911
540	919
540	930
541	118
541	194
541	780
541	879
541	941
542	438
542	879
542	976
542	986
542	993
543	369
543	421
543	763
543	832
543	987
544	73
544	736
544	869
544	894
544	915
545	738
545	870
545	899
545	926
545	927
545	973
546	587
546	623
546	627
546	971
546	987
546	996
547	249
547	874
547	946
547	961
547	992
547	994
548	802
548	896
548	908
548	932
548	981
548	983
549	887
549	944
549	964
549	970
549	978
549	1000
550	710
550	791
550	860
550	899
550	962
550	982
551	485
551	773
551	806
551	924
551	958
551	1000
552	378
552	801
552	958
552	970
552	977
552	1000
553	32
553	680
553	933
553	991
553	992
553	995
554	445
554	733
554	925
554	932
554	992
554	998
555	489
555	713
555	741
555	781
555	916
555	979
556	340
556	467
556	815
556	867
556	920
556	978
557	447
557	641
557	791
557	927
557	935
557	982
558	170
558	232
558	934
558	948
558	954
558	975
559	466
559	480
559	620
559	751
559	807
559	970
560	914
560	919
560	930
560	965
560	967
560	974
561	498
561	787
561	881
561	935
561	968
561	979
562	529
562	591
562	886
562	918
562	920
562	991
563	425
563	866
563	917
563	926
563	959
563	993
564	605
564	895
564	963
564	966
564	988
564	990
565	187
565	409
565	618
565	904
565	971
565	996
566	402
566	689
566	856
566	950
566	987
566	996
567	2
567	608
567	813
567	961
567	992
567	998
568	451
568	808
568	904
568	924
568	990
568	996
569	346
569	352
569	453
569	864
569	987
569	988
570	381
570	432
570	752
570	815
570	989
570	1000
571	96
571	278
571	387
571	595
571	988
571	996
572	125
572	218
572	826
572	856
572	937
572	988
573	850
573	853
573	930
573	965
573	967
573	997
574	157
574	497
574	647
574	671
574	935
574	979
575	388
575	900
575	919
575	974
575	984
575	997
576	420
576	813
576	886
576	914
576	995
576	998
577	355
577	427
577	868
577	912
577	944
577	952
578	940
578	977
578	980
578	992
578	993
578	999
579	466
579	762
579	809
579	880
579	958
579	1000
580	430
580	811
580	863
580	889
580	971
580	990
581	416
581	959
581	968
581	975
581	979
581	982
582	645
582	897
582	987
582	990
582	996
582	1000
583	305
583	727
583	773
583	857
583	924
583	964
584	740
584	765
584	921
584	956
584	965
584	997
585	644
585	699
585	753
585	901
585	943
585	1000
586	345
586	458
586	991
586	992
586	995
586	998
587	514
587	546
587	708
587	923
587	969
587	988
588	451
588	475
588	694
588	825
588	950
588	987
589	506
589	758
589	928
589	940
589	942
589	986
590	383
590	430
590	929
590	931
590	960
590	997
591	361
591	562
591	749
591	802
591	951
591	983
592	224
592	277
592	902
592	927
592	938
592	973
593	218
593	635
593	876
593	923
593	987
593	996
594	601
594	688
594	886
594	940
594	942
594	955
595	456
595	571
595	677
595	969
595	988
595	990
596	402
596	623
596	631
596	859
596	966
596	969
597	807
597	837
597	971
597	988
597	990
597	996
598	655
598	726
598	850
598	901
598	944
598	961
599	76
599	290
599	943
599	964
599	985
599	1000
600	320
600	533
600	866
600	947
600	955
600	990
601	594
601	631
601	885
601	940
601	953
601	999
602	52
602	214
602	263
602	638
602	892
602	894
603	164
603	697
603	819
603	884
603	991
603	995
604	782
604	787
604	862
604	938
604	962
604	979
605	469
605	564
605	631
605	746
605	840
605	895
606	911
606	930
606	960
606	965
606	984
606	997
607	848
607	866
607	947
607	976
607	977
607	982
608	466
608	567
608	908
608	932
608	992
608	998
609	266
609	866
609	912
609	928
609	977
609	999
610	645
610	758
610	805
610	904
610	966
610	996
611	376
611	419
611	653
611	734
611	804
611	956
612	213
612	228
612	488
612	655
612	901
612	1000
613	79
613	112
613	791
613	876
613	971
613	996
614	426
614	522
614	682
614	883
614	914
614	974
615	324
615	748
615	807
615	817
615	912
615	985
616	285
616	719
616	957
616	964
616	985
616	1000
617	221
617	811
617	820
617	837
617	968
617	988
618	486
618	565
618	937
618	963
618	987
618	996
619	160
619	918
619	925
619	992
619	994
619	995
620	559
620	627
620	721
620	865
620	924
620	1000
621	113
621	772
621	863
621	871
621	988
621	996
622	803
622	856
622	963
622	977
622	988
622	996
623	468
623	546
623	596
623	820
623	963
623	987
624	106
624	674
624	956
624	965
624	984
624	997
625	665
625	842
625	951
625	992
625	994
625	995
626	762
626	790
626	795
626	798
626	949
626	970
627	88
627	546
627	620
627	903
627	966
627	996
628	726
628	728
628	885
628	941
628	957
628	986
628	993
629	409
629	665
629	950
629	963
629	969
629	990
629	996
630	633
630	707
630	753
630	795
630	887
630	936
630	985
631	596
631	601
631	605
631	826
631	895
631	950
631	990
632	493
632	663
632	687
632	930
632	986
632	993
632	999
633	308
633	415
633	630
633	880
633	956
633	978
633	985
634	697
634	755
634	933
634	951
634	991
634	995
634	998
635	169
635	593
635	830
635	877
635	939
635	971
635	987
636	646
636	653
636	772
636	916
636	954
636	972
636	982
637	154
637	896
637	932
637	961
637	972
637	981
637	998
638	465
638	602
638	641
638	916
638	962
638	975
638	995
639	280
639	473
639	833
639	844
639	857
639	865
639	970
640	695
640	847
640	918
640	983
640	994
640	995
640	998
641	498
641	557
641	638
641	734
641	741
641	968
641	989
642	232
642	532
642	786
642	892
642	927
642	938
642	973
643	317
643	699
643	850
643	958
643	972
643	978
643	989
644	238
644	380
644	585
644	890
644	901
644	949
644	989
645	582
645	610
645	816
645	819
645	937
645	950
645	996
646	170
646	521
646	636
646	684
646	787
646	894
646	975
647	574
647	808
647	903
647	937
647	987
647	988
647	990
648	359
648	784
648	917
648	953
648	959
648	993
648	999
649	690
649	711
649	771
649	794
649	801
649	845
649	887
650	749
650	861
650	905
650	918
650	983
650	991
650	995
651	882
651	892
651	930
651	931
651	956
651	967
651	997
652	246
652	392
652	923
652	937
652	963
652	966
652	990
653	105
653	509
653	611
653	636
653	757
653	935
653	979
654	428
654	926
654	976
654	977
654	980
654	986
654	999
655	598
655	612
655	690
655	887
655	901
655	972
655	989
656	469
656	885
656	888
656	897
656	987
656	988
656	990
657	163
657	523
657	804
657	858
657	882
657	894
657	975
658	25
658	283
658	814
658	956
658	960
658	967
658	997
659	50
659	396
659	676
659	833
659	901
659	906
659	920
660	503
660	911
660	929
660	930
660	931
660	974
660	997
661	836
661	905
661	912
661	981
661	992
661	994
661	995
662	535
662	710
662	772
662	777
662	881
662	934
662	973
663	147
663	506
663	632
663	775
663	977
663	986
663	993
664	768
664	842
664	862
664	908
664	983
664	991
664	994
665	625
665	629
665	871
665	945
665	966
665	969
665	996
666	24
666	362
666	749
666	842
666	975
666	992
666	995
667	494
667	796
667	915
667	935
667	948
667	973
667	975
668	372
668	395
668	396
668	691
668	841
668	859
668	909
669	323
669	368
669	784
669	977
669	980
669	993
669	999
670	69
670	267
670	745
670	912
670	985
670	989
670	1000
671	574
671	902
671	938
671	954
671	975
671	979
671	991
672	117
672	673
672	847
672	991
672	992
672	995
672	997
673	164
673	241
673	672
673	773
673	981
673	991
673	994
674	34
674	624
674	913
674	960
674	963
674	967
674	984
674	997
675	22
675	789
675	829
675	915
675	934
675	962
675	973
675	979
676	340
676	460
676	659
676	773
676	898
676	944
676	949
676	989
677	511
677	595
677	943
677	972
677	978
677	985
677	989
677	1000
678	467
678	527
678	832
678	887
678	943
678	985
678	989
678	1000
679	70
679	686
679	861
679	884
679	981
679	983
679	992
679	998
680	363
680	376
680	553
680	793
680	886
680	893
680	983
680	991
681	523
681	740
681	915
681	927
681	934
681	939
681	954
681	973
682	614
682	911
682	914
682	929
682	941
682	960
682	974
682	997
683	907
683	910
683	917
683	928
683	958
683	959
683	976
683	999
684	83
684	540
684	646
684	775
684	899
684	962
684	968
684	982
685	718
685	885
685	926
685	952
685	957
685	993
685	999
685	1000
686	679
686	769
686	855
686	905
686	925
686	933
686	981
686	995
687	632
687	756
687	874
687	910
687	952
687	957
687	976
687	993
688	594
688	742
688	942
688	955
688	957
688	980
688	986
688	999
689	566
689	704
689	813
689	821
689	889
689	963
689	988
689	990
690	450
690	510
690	649
690	655
690	949
690	981
690	989
690	1000
691	59
691	357
691	668
691	807
691	833
691	890
691	932
691	989
692	359
692	835
692	848
692	928
692	930
692	953
692	993
692	999
693	525
693	712
693	729
693	805
693	840
693	889
693	963
693	969
694	121
694	442
694	588
694	725
694	808
694	863
694	987
694	988
695	133
695	400
695	640
695	893
695	946
695	963
695	992
695	998
696	402
696	424
696	715
696	794
696	910
696	926
696	976
696	980
697	501
697	603
697	634
697	717
697	874
697	951
697	991
697	995
698	237
698	271
698	711
698	713
698	739
698	920
698	964
698	972
699	73
699	434
699	512
699	585
699	643
699	827
699	924
699	943
700	323
700	906
700	940
700	947
700	952
700	953
700	955
700	999
701	470
701	834
701	900
701	918
701	919
701	967
701	974
701	997
702	248
702	329
702	770
702	771
702	790
702	798
702	838
702	852
703	46
703	911
703	913
703	914
703	930
703	960
703	984
703	997
704	282
704	537
704	689
704	769
704	864
704	955
704	988
704	996
705	6
705	280
705	335
705	716
705	916
705	934
705	948
705	973
706	735
706	756
706	766
706	822
706	977
706	987
706	993
706	999
707	31
707	245
707	324
707	630
707	726
707	878
707	943
707	965
708	587
708	723
708	856
708	904
708	969
708	971
708	988
708	990
709	942
709	947
709	953
709	957
709	959
709	976
709	993
709	999
710	38
710	366
710	550
710	662
710	927
710	934
710	954
710	957
711	649
711	698
711	798
711	818
711	827
711	832
711	924
711	1000
712	693
712	808
712	823
712	950
712	974
712	987
712	988
712	996
713	157
713	236
713	366
713	555
713	698
713	870
713	962
713	982
714	379
714	941
714	955
714	959
714	980
714	986
714	993
714	999
715	377
715	501
715	696
715	762
715	917
715	955
715	959
715	986
715	993
716	294
716	523
716	705
716	781
716	804
716	935
716	938
716	962
716	982
717	63
717	697
717	875
717	915
717	932
717	991
717	992
717	995
717	998
718	504
718	685
718	728
718	879
718	947
718	952
718	986
718	993
718	999
719	316
719	616
719	809
719	817
719	833
719	855
719	912
719	972
719	1000
720	136
720	734
720	759
720	761
720	799
720	892
720	899
720	939
720	982
721	378
721	488
721	506
721	620
721	944
721	964
721	972
721	985
721	989
722	517
722	725
722	743
722	826
722	859
722	867
722	897
722	962
722	988
723	708
723	778
723	882
723	900
723	929
723	960
723	967
723	974
723	997
724	778
724	885
724	919
724	931
724	956
724	960
724	965
724	984
724	997
725	352
725	394
725	694
725	722
725	856
725	945
725	963
725	966
725	987
726	186
726	598
726	628
726	707
726	739
726	901
726	920
726	978
726	989
727	476
727	583
727	739
727	747
727	771
727	944
727	958
727	970
727	988
728	628
728	718
728	866
728	910
728	926
728	940
728	959
728	980
728	999
729	4
729	307
729	347
729	693
729	789
729	891
729	939
729	979
729	982
730	224
730	796
730	812
730	862
730	915
730	938
730	960
730	968
730	982
731	402
731	475
731	823
731	869
731	873
731	966
731	987
731	990
731	996
732	453
732	762
732	825
732	841
732	857
732	878
732	985
732	993
732	1000
733	401
733	554
733	884
733	933
733	961
733	991
733	994
733	995
733	998
734	83
734	209
734	611
734	641
734	720
734	818
734	892
734	968
734	982
735	375
735	377
735	706
735	736
735	784
735	860
735	910
735	986
735	999
736	141
736	326
736	544
736	735
736	839
736	869
736	939
736	962
736	979
737	171
737	239
737	821
737	826
737	856
737	904
737	950
737	969
737	971
738	545
738	783
738	899
738	935
738	954
738	962
738	975
738	982
738	998
739	248
739	308
739	698
739	726
739	727
739	752
739	979
739	989
739	1000
740	9
740	386
740	584
740	681
740	786
740	839
740	858
740	894
740	968
741	67
741	167
741	498
741	555
741	641
741	783
741	914
741	973
741	982
742	688
742	753
742	846
742	868
742	880
742	972
742	978
742	985
742	1000
743	71
743	722
743	774
743	837
743	849
743	877
743	889
743	963
743	987
744	178
744	886
744	908
744	933
744	971
744	991
744	992
744	995
744	998
745	185
745	308
745	670
745	759
745	833
745	898
745	920
745	921
745	989
746	205
746	605
746	906
746	907
746	940
746	955
746	957
746	977
746	986
746	999
747	341
747	727
747	841
747	856
747	878
747	970
747	972
747	985
747	989
747	1000
748	161
748	186
748	208
748	267
748	615
748	833
748	880
748	887
748	901
748	965
749	458
749	591
749	650
749	666
749	847
749	966
749	991
749	992
749	995
749	998
750	36
750	44
750	172
750	327
750	454
750	890
750	936
750	949
750	985
750	1000
751	559
751	790
751	825
751	898
751	912
751	958
751	970
751	978
751	988
751	1000
752	19
752	570
752	739
752	878
752	943
752	972
752	977
752	985
752	989
752	1000
753	585
753	630
753	742
753	832
753	901
753	943
753	961
753	970
753	972
753	1000
754	281
754	866
754	910
754	938
754	940
754	952
754	976
754	980
754	993
754	999
755	74
755	634
755	802
755	893
755	918
755	961
755	973
755	991
755	992
755	998
756	111
756	297
756	687
756	706
756	784
756	796
756	952
756	953
756	957
756	999
757	55
757	163
757	653
757	786
757	812
757	916
757	927
757	954
757	968
757	985
758	153
758	532
758	589
758	610
758	820
758	837
758	859
758	864
758	888
758	990
759	500
759	720
759	745
759	815
759	845
759	880
759	964
759	972
759	978
759	1000
760	328
760	438
760	871
760	906
760	922
760	940
760	955
760	976
760	977
760	999
761	57
761	492
761	720
761	776
761	777
761	781
761	782
761	862
761	942
761	954
762	177
762	467
762	579
762	626
762	715
762	732
762	763
762	898
762	944
762	972
763	50
763	543
763	762
763	792
763	798
763	800
763	854
763	964
763	970
763	989
764	30
764	344
764	391
764	770
764	795
764	841
764	909
764	920
764	964
764	970
765	443
765	584
765	814
765	900
765	922
765	929
765	967
765	974
765	984
765	997
766	706
766	885
766	907
766	922
766	925
766	926
766	947
766	953
766	957
766	976
767	134
767	459
767	856
767	872
767	923
767	945
767	987
767	990
767	996
767	1000
768	520
768	664
768	802
768	932
768	961
768	981
768	983
768	992
768	997
768	998
769	686
769	704
769	816
769	849
769	897
769	945
769	963
769	969
769	971
769	987
770	476
770	702
770	764
770	777
770	852
770	901
770	958
770	972
770	978
770	1000
771	42
771	50
771	318
771	649
771	702
771	727
771	845
771	936
771	949
771	970
771	978
772	272
772	523
772	621
772	636
772	662
772	902
772	939
772	968
772	973
772	979
772	982
773	193
773	462
773	551
773	583
773	673
773	676
773	806
773	817
773	832
773	917
773	1000
774	119
774	155
774	401
774	743
774	808
774	837
774	890
774	897
774	945
774	988
774	990
775	663
775	684
775	791
775	812
775	839
775	843
775	899
775	938
775	964
775	979
775	982
776	209
776	264
776	761
776	785
776	800
776	839
776	902
776	954
776	962
776	975
776	986
777	662
777	761
777	770
777	856
777	891
777	927
777	934
777	938
777	954
777	968
777	979
778	27
778	162
778	538
778	723
778	724
778	925
778	956
778	960
778	967
778	984
778	997
779	851
779	883
779	893
779	914
779	929
779	951
779	956
779	960
779	974
779	984
779	997
780	210
780	457
780	541
780	895
780	953
780	957
780	959
780	976
780	980
780	986
780	993
781	12
781	365
781	555
781	716
781	761
781	906
781	938
781	939
781	954
781	975
781	982
782	455
782	604
782	761
782	785
782	838
782	902
782	915
782	938
782	954
782	962
782	975
783	9
783	220
783	738
783	741
783	829
783	839
783	870
783	891
783	899
783	951
783	962
784	648
784	669
784	735
784	756
784	907
784	936
784	940
784	952
784	959
784	977
784	980
785	276
785	463
785	776
785	782
785	804
785	829
785	891
785	916
785	948
785	966
785	979
786	9
786	416
786	465
786	642
786	740
786	757
786	868
786	869
786	899
786	962
786	982
787	561
787	604
787	646
787	800
787	869
787	880
787	891
787	915
787	962
787	973
787	1000
788	520
788	855
788	893
788	908
788	933
788	981
788	986
788	991
788	994
788	995
788	998
789	47
789	52
789	419
789	675
789	729
789	839
789	891
789	915
789	954
789	976
789	982
790	73
790	298
790	626
790	702
790	751
790	844
790	920
790	944
790	985
790	988
790	1000
791	315
791	330
791	550
791	557
791	613
791	775
791	881
791	915
791	927
791	973
791	979
792	287
792	324
792	372
792	763
792	828
792	868
792	946
792	949
792	958
792	978
792	989
793	516
793	680
793	798
793	893
793	933
793	961
793	981
793	992
793	994
793	995
793	998
794	491
794	649
794	696
794	835
794	926
794	928
794	941
794	977
794	980
794	986
794	993
795	208
795	500
795	626
795	630
795	764
795	818
795	912
795	923
795	924
795	958
795	972
796	166
796	258
796	667
796	730
796	756
796	800
796	862
796	870
796	939
796	968
796	982
797	443
797	446
797	822
797	883
797	919
797	929
797	930
797	960
797	974
797	984
797	997
798	344
798	427
798	472
798	626
798	702
798	711
798	763
798	793
798	949
798	989
798	1000
799	447
799	449
799	521
799	720
799	800
799	804
799	870
799	892
799	939
799	959
799	973
800	22
800	284
800	492
800	763
800	776
800	787
800	796
800	799
800	839
800	948
800	962
801	303
801	552
801	649
801	850
801	912
801	924
801	936
801	944
801	964
801	985
801	987
802	230
802	548
802	591
802	755
802	768
802	864
802	884
802	946
802	991
802	992
802	995
802	998
803	110
803	145
803	176
803	517
803	622
803	823
803	867
803	877
803	969
803	971
803	987
803	996
804	232
804	611
804	657
804	716
804	785
804	799
804	894
804	915
804	948
804	954
804	982
804	1000
805	226
805	610
805	693
805	820
805	864
805	877
805	897
805	916
805	923
805	969
805	990
805	996
806	329
806	343
806	381
806	484
806	551
806	773
806	828
806	841
806	854
806	936
806	985
806	989
807	559
807	597
807	615
807	691
807	825
807	844
807	912
807	944
807	949
807	953
807	989
807	1000
808	45
808	121
808	336
808	442
808	474
808	568
808	647
808	694
808	712
808	774
808	909
808	966
809	357
809	480
809	579
809	719
809	828
809	912
809	922
809	936
809	949
809	958
809	998
809	1000
810	339
810	835
810	860
810	922
810	929
810	942
810	947
810	952
810	955
810	963
810	977
810	993
811	84
811	113
811	155
811	361
811	486
811	580
811	617
811	903
811	910
811	966
811	987
811	990
812	130
812	346
812	730
812	757
812	775
812	934
812	939
812	948
812	962
812	965
812	975
812	982
813	405
813	567
813	576
813	689
813	861
813	925
813	933
813	946
813	951
813	961
813	994
813	995
814	39
814	658
814	765
814	834
814	853
814	882
814	911
814	931
814	960
814	965
814	974
814	997
815	395
815	483
815	556
815	570
815	759
815	844
815	901
815	909
815	964
815	978
815	985
815	994
816	3
816	29
816	645
816	769
816	849
816	903
816	923
816	969
816	971
816	987
816	988
816	990
817	292
817	480
817	512
817	615
817	719
817	773
817	949
817	954
817	978
817	983
817	985
817	1000
818	711
818	734
818	795
818	838
818	854
818	890
818	924
818	943
818	949
818	977
818	985
818	989
819	306
819	422
819	536
819	603
819	645
819	842
819	918
819	951
819	981
819	983
819	991
819	994
820	35
820	456
820	617
820	623
820	758
820	805
820	903
820	904
820	908
820	950
820	990
820	996
821	256
821	278
821	524
821	689
821	737
821	889
821	937
821	966
821	967
821	988
821	990
821	996
822	339
822	424
822	706
822	797
822	907
822	922
822	940
822	947
822	953
822	976
822	980
822	986
823	51
823	134
823	712
823	731
823	803
823	872
823	903
823	950
823	966
823	969
823	988
823	991
823	996
824	24
824	174
824	373
824	865
824	883
824	913
824	921
824	930
824	965
824	967
824	974
824	984
824	997
825	10
825	500
825	511
825	588
825	732
825	751
825	807
825	833
825	850
825	890
825	944
825	949
825	978
826	3
826	385
826	572
826	631
826	722
826	737
826	863
826	876
826	937
826	986
826	987
826	988
826	990
827	476
827	487
827	699
827	711
827	854
827	913
827	920
827	924
827	958
827	970
827	971
827	972
827	985
828	298
828	318
828	391
828	792
828	806
828	809
828	852
828	901
828	949
828	970
828	985
828	989
828	992
829	370
829	509
829	675
829	783
829	785
829	899
829	934
829	935
829	938
829	962
829	977
829	979
829	982
830	313
830	387
830	635
830	849
830	877
830	892
830	904
830	937
830	950
830	963
830	966
830	969
830	988
831	202
831	309
831	883
831	900
831	913
831	919
831	931
831	956
831	965
831	967
831	974
831	984
831	997
832	208
832	543
832	678
832	711
832	753
832	773
832	846
832	852
832	880
832	920
832	936
832	945
832	1000
833	13
833	72
833	639
833	659
833	691
833	719
833	745
833	748
833	825
833	894
833	920
833	972
833	989
834	79
834	701
834	814
834	900
834	911
834	913
834	930
834	956
834	960
834	965
834	967
834	974
834	997
835	189
835	319
835	408
835	692
835	794
835	810
835	879
835	907
835	957
835	976
835	977
835	980
835	986
835	993
836	75
836	104
836	358
836	452
836	661
836	855
836	896
836	946
836	951
836	961
836	991
836	994
836	995
836	998
837	221
837	295
837	597
837	617
837	743
837	758
837	774
837	856
837	864
837	872
837	877
837	963
837	969
837	996
838	44
838	201
838	369
838	702
838	782
838	818
838	890
838	909
838	920
838	932
838	949
838	970
838	985
838	1000
839	455
839	736
839	740
839	775
839	776
839	783
839	789
839	800
839	892
839	927
839	948
839	962
839	968
839	995
840	150
840	398
840	442
840	444
840	605
840	693
840	863
840	867
840	872
840	910
840	945
840	987
840	988
840	990
841	454
841	668
841	732
841	747
841	764
841	806
841	850
841	950
841	964
841	972
841	978
841	985
841	989
841	1000
842	68
842	445
842	539
842	625
842	664
842	666
842	819
842	933
842	951
842	955
842	991
842	994
842	995
842	998
843	64
843	775
843	858
843	881
843	891
843	892
843	893
843	927
843	934
843	938
843	948
843	954
843	973
843	991
844	268
844	404
844	520
844	639
844	790
844	807
844	815
844	854
844	880
844	890
844	909
844	978
844	989
844	993
845	433
845	510
845	649
845	759
845	771
845	852
845	861
845	868
845	898
845	936
845	943
845	958
845	978
845	1000
846	303
846	349
846	407
846	440
846	742
846	832
846	857
846	865
846	887
846	958
846	964
846	978
846	993
846	1000
847	337
847	640
847	672
847	749
847	874
847	875
847	932
847	952
847	981
847	983
847	991
847	992
847	995
847	998
848	490
848	506
848	607
848	692
848	896
848	906
848	910
848	926
848	947
848	952
848	953
848	986
848	993
848	999
849	17
849	226
849	743
849	769
849	816
849	830
849	871
849	876
849	889
849	937
849	941
849	968
849	988
849	990
850	573
850	598
850	643
850	801
850	825
850	841
850	852
850	878
850	890
850	936
850	943
850	958
850	972
850	1000
851	223
851	503
851	522
851	779
851	882
851	929
851	930
851	931
851	965
851	967
851	969
851	974
851	984
851	992
851	997
852	702
852	770
852	828
852	832
852	845
852	850
852	904
852	909
852	920
852	944
852	964
852	972
852	978
852	989
852	1000
853	484
853	503
853	573
853	814
853	876
853	900
853	914
853	919
853	921
853	931
853	956
853	965
853	967
853	974
853	997
854	434
854	763
854	806
854	818
854	827
854	844
854	901
854	927
854	944
854	948
854	972
854	978
854	985
854	989
854	1000
855	173
855	230
855	235
855	686
855	719
855	788
855	836
855	893
855	925
855	932
855	946
855	992
855	994
855	995
855	998
856	184
856	566
856	572
856	622
856	708
856	725
856	737
856	747
856	767
856	777
856	837
856	903
856	950
856	963
856	988
857	13
857	192
857	198
857	404
857	512
857	583
857	639
857	732
857	846
857	890
857	944
857	970
857	978
857	989
857	996
858	89
858	325
858	539
858	657
858	740
858	843
858	862
858	891
858	916
858	934
858	948
858	968
858	973
858	975
858	982
859	346
859	374
859	532
859	596
859	668
859	722
859	758
859	872
859	877
859	923
859	972
859	987
859	988
859	990
859	996
860	60
860	85
860	212
860	379
860	550
860	735
860	810
860	879
860	910
860	926
860	952
860	957
860	976
860	977
860	980
860	999
861	109
861	337
861	650
861	679
861	813
861	845
861	875
861	905
861	932
861	946
861	951
861	981
861	983
861	992
861	995
861	998
862	83
862	102
862	435
862	604
862	664
862	730
862	761
862	796
862	858
862	881
862	891
862	915
862	948
862	962
862	975
862	982
863	176
863	502
863	580
863	621
863	694
863	826
863	840
863	889
863	895
863	937
863	945
863	963
863	969
863	988
863	996
863	997
864	531
864	569
864	704
864	758
864	802
864	805
864	837
864	876
864	903
864	945
864	950
864	966
864	969
864	971
864	987
864	988
865	115
865	186
865	287
865	440
865	620
865	639
865	824
865	846
865	887
865	944
865	949
865	964
865	985
865	987
865	989
865	1000
866	205
866	563
866	600
866	607
866	609
866	728
866	754
866	879
866	906
866	910
866	940
866	975
866	976
866	977
866	980
866	999
867	387
867	409
867	556
867	722
867	803
867	840
867	873
867	895
867	936
867	950
867	963
867	969
867	971
867	988
867	990
867	996
868	7
868	59
868	104
868	290
868	348
868	473
868	577
868	742
868	786
868	792
868	845
868	920
868	936
868	949
868	990
868	1000
869	136
869	275
869	544
869	731
869	736
869	786
869	787
869	881
869	891
869	915
869	916
869	939
869	962
869	968
869	973
869	979
869	980
870	8
870	182
870	509
870	545
870	713
870	783
870	796
870	799
870	879
870	894
870	899
870	915
870	968
870	973
870	975
870	979
870	991
871	8
871	17
871	88
871	496
871	621
871	665
871	760
871	849
871	876
871	937
871	945
871	966
871	969
871	971
871	988
871	990
871	996
872	112
872	273
872	302
872	379
872	767
872	823
872	837
872	840
872	859
872	888
872	897
872	903
872	966
872	969
872	987
872	988
872	996
873	35
873	42
873	159
873	195
873	219
873	242
873	336
873	352
873	474
873	529
873	731
873	867
873	963
873	971
873	990
873	994
873	996
874	322
874	333
874	464
874	527
874	547
874	687
874	697
874	847
874	887
874	905
874	981
874	983
874	991
874	992
874	994
874	995
874	998
875	107
875	259
875	491
875	717
875	847
875	861
875	905
875	918
875	932
875	933
875	961
875	981
875	983
875	986
875	991
875	995
875	998
876	206
876	334
876	502
876	514
876	593
876	613
876	826
876	849
876	853
876	864
876	871
876	877
876	889
876	911
876	971
876	987
876	990
876	996
877	524
877	635
877	743
877	803
877	805
877	830
877	837
877	859
877	876
877	904
877	924
877	950
877	963
877	969
877	970
877	988
877	990
877	996
878	13
878	177
878	190
878	292
878	403
878	707
878	732
878	747
878	752
878	850
878	936
878	943
878	949
878	964
878	970
878	984
878	989
878	1000
879	124
879	319
879	541
879	542
879	718
879	835
879	860
879	866
879	870
879	917
879	941
879	947
879	953
879	976
879	980
879	985
879	986
879	993
880	175
880	300
880	434
880	441
880	579
880	633
880	742
880	748
880	759
880	787
880	832
880	844
880	898
880	920
880	931
880	936
880	985
880	989
881	57
881	168
881	471
881	497
881	561
881	662
881	791
881	843
881	862
881	869
881	902
881	916
881	938
881	939
881	973
881	975
881	979
881	982
882	399
882	651
882	657
882	723
882	814
882	851
882	913
882	914
882	919
882	921
882	930
882	931
882	956
882	960
882	965
882	974
882	984
882	997
883	99
883	383
883	426
883	614
883	779
883	797
883	824
883	831
883	911
883	913
883	914
883	919
883	921
883	929
883	960
883	974
883	979
883	997
884	24
884	255
884	333
884	603
884	679
884	733
884	802
884	896
884	908
884	918
884	925
884	933
884	961
884	983
884	993
884	994
884	995
884	998
885	129
885	187
885	371
885	601
885	628
885	656
885	685
885	724
885	766
885	917
885	922
885	926
885	942
885	953
885	955
885	957
885	977
885	980
885	986
886	80
886	405
886	495
886	562
886	576
886	594
886	680
886	744
886	893
886	896
886	951
886	961
886	981
886	983
886	987
886	991
886	994
886	995
886	998
887	58
887	287
887	308
887	473
887	510
887	549
887	630
887	649
887	655
887	678
887	748
887	846
887	865
887	874
887	924
887	943
887	972
887	989
887	1000
888	207
888	278
888	282
888	313
888	361
888	469
888	502
888	656
888	758
888	872
888	904
888	923
888	966
888	971
888	988
888	990
888	995
888	996
888	1000
889	206
889	321
889	342
889	580
889	689
889	693
889	743
889	821
889	849
889	863
889	876
889	932
889	937
889	966
889	976
889	987
889	988
889	990
889	996
890	72
890	280
890	403
890	448
890	518
890	644
890	691
890	750
890	774
890	818
890	825
890	838
890	844
890	850
890	857
890	912
890	916
890	970
890	1000
891	729
891	777
891	783
891	785
891	787
891	789
891	843
891	858
891	862
891	869
891	892
891	938
891	939
891	948
891	954
891	973
891	979
891	985
891	994
892	20
892	58
892	263
892	330
892	602
892	642
892	651
892	720
892	734
892	799
892	830
892	839
892	843
892	891
892	934
892	962
892	968
892	973
892	975
892	979
893	397
893	527
893	680
893	695
893	755
893	779
893	788
893	793
893	843
893	855
893	886
893	918
893	925
893	946
893	961
893	981
893	983
893	994
893	995
893	998
894	102
894	295
894	330
894	365
894	497
894	521
894	544
894	602
894	646
894	657
894	740
894	804
894	833
894	870
894	902
894	939
894	948
894	973
894	979
894	998
895	45
895	90
895	184
895	226
895	342
895	346
895	394
895	469
895	564
895	605
895	631
895	780
895	863
895	867
895	903
895	937
895	966
895	969
895	971
895	996
895	999
896	146
896	357
896	460
896	548
896	637
896	836
896	848
896	884
896	886
896	905
896	932
896	946
896	951
896	961
896	981
896	983
896	991
896	992
896	994
896	995
896	998
897	140
897	155
897	321
897	582
897	656
897	722
897	769
897	774
897	805
897	872
897	937
897	950
897	963
897	966
897	969
897	971
897	988
897	990
897	993
897	996
897	999
898	91
898	185
898	450
898	676
898	745
898	751
898	762
898	845
898	880
898	901
898	909
898	912
898	933
898	936
898	943
898	958
898	964
898	972
898	978
898	981
898	989
899	419
899	492
899	497
899	545
899	550
899	684
899	720
899	738
899	775
899	783
899	786
899	829
899	870
899	902
899	931
899	934
899	938
899	968
899	975
899	982
899	991
900	163
900	291
900	484
900	538
900	540
900	575
900	701
900	723
900	765
900	831
900	834
900	853
900	913
900	921
900	956
900	960
900	965
900	967
900	979
900	984
900	997
901	214
901	303
901	473
901	585
901	598
901	612
901	644
901	655
901	659
901	726
901	748
901	753
901	770
901	815
901	828
901	854
901	898
901	919
901	944
901	970
901	1000
902	40
902	47
902	449
902	592
902	671
902	772
902	776
902	782
902	881
902	894
902	899
902	916
902	927
902	934
902	948
902	954
902	968
902	973
902	976
902	979
902	994
903	442
903	459
903	627
903	647
903	811
903	816
903	820
903	823
903	856
903	864
903	872
903	895
903	950
903	963
903	969
903	971
903	988
903	990
903	995
903	996
903	1000
904	257
904	274
904	352
904	525
904	565
904	568
904	610
904	708
904	737
904	820
904	830
904	852
904	877
904	888
904	937
904	945
904	950
904	966
904	969
904	971
904	990
904	996
905	18
905	80
905	358
905	390
905	650
905	661
905	686
905	861
905	874
905	875
905	896
905	908
905	925
905	932
905	951
905	960
905	981
905	992
905	994
905	995
905	997
905	998
906	39
906	173
906	504
906	659
906	700
906	746
906	760
906	781
906	848
906	866
906	910
906	926
906	940
906	941
906	942
906	957
906	959
906	976
906	977
906	980
906	993
906	999
907	61
907	137
907	423
907	504
907	528
907	683
907	746
907	766
907	784
907	822
907	835
907	928
907	940
907	941
907	945
907	952
907	955
907	957
907	976
907	986
907	993
907	999
908	26
908	154
908	274
908	548
908	608
908	664
908	744
908	788
908	820
908	884
908	905
908	918
908	951
908	972
908	981
908	983
908	991
908	992
908	994
908	995
908	998
908	1000
909	10
909	76
909	91
909	96
909	285
909	404
909	466
909	668
909	764
909	808
909	815
909	838
909	844
909	852
909	898
909	943
909	958
909	964
909	978
909	985
909	992
909	1000
910	309
910	367
910	683
910	687
910	696
910	728
910	735
910	754
910	811
910	840
910	848
910	860
910	866
910	906
910	952
910	955
910	957
910	959
910	977
910	980
910	993
910	999
911	34
911	261
911	437
911	540
911	606
911	660
911	682
911	703
911	814
911	834
911	876
911	883
911	913
911	914
911	921
911	929
911	956
911	960
911	967
911	974
911	984
911	994
911	997
912	25
912	273
912	500
912	577
912	609
912	615
912	661
912	670
912	719
912	751
912	795
912	801
912	807
912	809
912	890
912	898
912	949
912	957
912	958
912	970
912	978
912	985
912	1000
913	82
913	245
913	350
913	526
913	674
913	703
913	824
913	827
913	831
913	834
913	882
913	883
913	900
913	911
913	929
913	930
913	956
913	960
913	967
913	974
913	984
913	997
913	999
914	260
914	269
914	279
914	293
914	560
914	576
914	614
914	682
914	703
914	741
914	779
914	853
914	882
914	883
914	911
914	919
914	921
914	931
914	960
914	965
914	974
914	984
914	997
915	204
915	295
915	455
915	544
915	667
915	675
915	681
915	717
915	730
915	782
915	787
915	789
915	791
915	804
915	862
915	869
915	870
915	927
915	931
915	935
915	939
915	951
915	973
915	979
916	114
916	315
916	335
916	509
916	555
916	636
916	638
916	705
916	757
916	785
916	805
916	858
916	869
916	881
916	890
916	902
916	927
916	935
916	939
916	948
916	968
916	973
916	979
916	982
917	37
917	62
917	94
917	301
917	327
917	515
917	563
917	648
917	683
917	715
917	773
917	879
917	885
917	922
917	926
917	928
917	940
917	942
917	953
917	955
917	959
917	966
917	976
917	977
917	986
918	84
918	400
918	406
918	489
918	562
918	619
918	640
918	650
918	701
918	755
918	819
918	875
918	884
918	893
918	908
918	925
918	933
918	946
918	961
918	981
918	983
918	991
918	992
918	994
918	995
919	138
919	288
919	507
919	540
919	560
919	575
919	701
919	724
919	797
919	831
919	853
919	882
919	883
919	901
919	914
919	921
919	929
919	930
919	960
919	965
919	967
919	974
919	984
919	996
919	997
920	18
920	165
920	349
920	556
920	562
920	659
920	698
920	726
920	745
920	764
920	790
920	827
920	832
920	833
920	838
920	852
920	868
920	880
920	924
920	958
920	972
920	978
920	985
920	989
920	1000
921	231
921	293
921	399
921	426
921	507
921	526
921	584
921	745
921	824
921	853
921	882
921	883
921	900
921	911
921	914
921	919
921	929
921	931
921	956
921	965
921	967
921	974
921	981
921	984
921	997
922	60
922	126
922	196
922	375
922	506
922	760
922	765
922	766
922	809
922	810
922	822
922	885
922	917
922	926
922	941
922	942
922	952
922	953
922	957
922	976
922	980
922	986
922	993
922	998
922	999
923	84
923	336
923	478
923	486
923	531
923	534
923	587
923	593
923	652
923	767
923	795
923	805
923	816
923	859
923	888
923	937
923	945
923	950
923	963
923	966
923	971
923	982
923	987
923	990
923	995
923	996
924	238
924	331
924	417
924	467
924	488
924	551
924	568
924	583
924	620
924	699
924	711
924	795
924	801
924	818
924	827
924	877
924	887
924	920
924	936
924	944
924	958
924	964
924	972
924	978
924	985
924	1000
925	77
925	148
925	168
925	249
925	439
925	489
925	554
925	619
925	686
925	766
925	778
925	813
925	855
925	884
925	893
925	905
925	918
925	932
925	933
925	946
925	951
925	981
925	991
925	994
925	995
925	998
926	5
926	234
926	312
926	353
926	434
926	499
926	545
926	563
926	654
926	685
926	696
926	728
926	766
926	794
926	848
926	860
926	885
926	906
926	917
926	922
926	942
926	947
926	953
926	955
926	957
926	980
927	78
927	236
927	386
927	412
927	545
927	557
927	592
927	642
927	681
927	710
927	757
927	777
927	791
927	839
927	843
927	854
927	902
927	915
927	916
927	934
927	935
927	943
927	962
927	968
927	975
927	998
928	29
928	262
928	286
928	327
928	589
928	609
928	683
928	692
928	794
928	907
928	917
928	941
928	942
928	947
928	952
928	953
928	957
928	959
928	976
928	977
928	980
928	986
928	989
928	993
928	995
928	999
929	103
929	446
929	507
929	590
929	660
929	682
929	723
929	765
929	779
929	797
929	810
929	851
929	883
929	911
929	913
929	919
929	921
929	931
929	939
929	956
929	960
929	967
929	974
929	982
929	984
929	997
930	265
930	283
930	383
930	540
930	560
930	573
930	606
930	632
930	651
930	660
930	692
930	703
930	797
930	824
930	834
930	851
930	882
930	913
930	919
930	931
930	956
930	960
930	965
930	967
930	974
930	984
930	997
931	71
931	81
931	331
931	503
931	526
931	590
931	651
931	660
931	724
931	814
931	831
931	851
931	853
931	880
931	882
931	899
931	914
931	915
931	921
931	929
931	930
931	956
931	960
931	965
931	967
931	974
931	997
932	54
932	100
932	108
932	337
932	445
932	548
932	554
932	608
932	637
932	691
932	717
932	768
932	838
932	847
932	855
932	861
932	875
932	889
932	896
932	905
932	925
932	946
932	961
932	981
932	983
932	991
932	992
933	6
933	148
933	338
933	382
933	393
933	505
933	553
933	634
933	686
933	733
933	744
933	788
933	793
933	813
933	842
933	875
933	884
933	898
933	918
933	925
933	951
933	983
933	990
933	991
933	994
933	995
933	998
934	147
934	179
934	347
934	455
934	558
934	662
934	675
934	681
934	705
934	710
934	777
934	812
934	829
934	843
934	858
934	892
934	899
934	902
934	927
934	948
934	962
934	968
934	973
934	975
934	979
934	982
934	996
935	47
935	57
935	62
935	102
935	136
935	272
935	354
935	465
935	557
935	561
935	574
935	653
935	667
935	716
935	738
935	829
935	915
935	916
935	927
935	948
935	954
935	962
935	975
935	979
935	982
935	992
935	998
936	175
936	303
936	316
936	344
936	391
936	454
936	485
936	530
936	630
936	750
936	771
936	784
936	801
936	806
936	809
936	832
936	845
936	850
936	867
936	868
936	878
936	880
936	898
936	924
936	964
936	972
936	989
936	1000
937	19
937	398
937	486
937	496
937	517
937	572
937	618
937	645
937	647
937	652
937	821
937	826
937	830
937	849
937	863
937	871
937	889
937	895
937	897
937	904
937	923
937	945
937	950
937	969
937	970
937	971
937	987
937	990
937	996
938	335
938	418
938	429
938	455
938	592
938	604
938	642
938	671
938	716
938	730
938	754
938	775
938	777
938	781
938	782
938	829
938	843
938	881
938	891
938	899
938	939
938	948
938	949
938	954
938	962
938	968
938	969
938	975
938	982
939	110
939	114
939	258
939	365
939	449
939	463
939	471
939	493
939	635
939	681
939	720
939	729
939	736
939	772
939	781
939	796
939	799
939	812
939	869
939	881
939	891
939	894
939	915
939	916
939	929
939	938
939	954
939	973
939	975
940	120
940	323
940	410
940	470
940	578
940	589
940	594
940	601
940	700
940	728
940	746
940	754
940	760
940	784
940	822
940	866
940	906
940	907
940	917
940	941
940	944
940	952
940	955
940	957
940	976
940	977
940	980
940	993
940	999
941	5
941	116
941	144
941	262
941	353
941	424
941	428
941	499
941	541
941	628
941	682
941	714
941	794
941	849
941	879
941	906
941	907
941	922
941	928
941	940
941	947
941	953
941	955
941	976
941	977
941	980
941	986
941	989
941	993
941	999
942	5
942	23
942	56
942	92
942	210
942	217
942	240
942	243
942	319
942	482
942	589
942	594
942	688
942	709
942	761
942	810
942	885
942	906
942	917
942	922
942	926
942	928
942	953
942	955
942	957
942	968
942	977
942	989
942	993
942	999
943	31
943	63
943	183
943	267
943	292
943	299
943	343
943	472
943	476
943	585
943	599
943	677
943	678
943	699
943	707
943	752
943	753
943	818
943	845
943	850
943	878
943	887
943	898
943	909
943	927
943	962
943	964
943	970
943	989
943	1000
944	404
944	407
944	425
944	427
944	441
944	453
944	462
944	549
944	577
944	598
944	676
944	721
944	727
944	762
944	790
944	801
944	807
944	825
944	852
944	854
944	857
944	865
944	901
944	924
944	940
944	949
944	956
944	970
944	978
944	985
944	1000
945	90
945	134
945	140
945	153
945	169
945	218
945	314
945	321
945	534
945	665
945	725
945	767
945	769
945	774
945	832
945	840
945	863
945	864
945	871
945	904
945	907
945	923
945	937
945	950
945	954
945	963
945	966
945	987
945	988
945	990
945	996
946	77
946	149
946	322
946	325
946	358
946	380
946	464
946	474
946	477
946	505
946	547
946	695
946	792
946	802
946	813
946	836
946	855
946	861
946	893
946	896
946	918
946	925
946	932
946	951
946	961
946	981
946	991
946	992
946	994
946	995
946	998
947	200
947	212
947	234
947	309
947	323
947	368
947	410
947	436
947	510
947	600
947	607
947	700
947	709
947	718
947	766
947	810
947	822
947	848
947	879
947	926
947	928
947	941
947	957
947	959
947	976
947	977
947	980
947	981
947	986
947	993
947	999
948	6
948	114
948	165
948	275
948	356
948	432
948	449
948	521
948	558
948	667
948	705
948	785
948	800
948	804
948	812
948	839
948	843
948	854
948	858
948	862
948	891
948	894
948	902
948	916
948	934
948	935
948	938
948	968
948	975
948	979
948	991
948	997
949	200
949	248
949	348
949	395
949	411
949	417
949	462
949	467
949	538
949	626
949	644
949	676
949	690
949	750
949	771
949	792
949	798
949	807
949	809
949	817
949	818
949	825
949	828
949	838
949	865
949	868
949	878
949	912
949	938
949	944
949	972
949	983
949	1000
950	17
950	88
950	150
950	159
950	239
950	334
950	359
950	374
950	566
950	588
950	629
950	631
950	645
950	712
950	737
950	820
950	823
950	830
950	841
950	856
950	864
950	867
950	877
950	897
950	903
950	904
950	923
950	937
950	945
950	969
950	978
950	988
950	990
951	100
951	101
951	133
951	149
951	151
951	460
951	468
951	591
951	625
951	634
951	697
951	779
951	783
951	813
951	819
951	836
951	842
951	861
951	886
951	896
951	905
951	908
951	915
951	925
951	933
951	946
951	961
951	981
951	983
951	991
951	992
951	994
951	998
952	41
952	222
952	247
952	379
952	414
952	482
952	490
952	533
952	577
952	685
952	687
952	700
952	718
952	754
952	756
952	784
952	810
952	847
952	848
952	860
952	907
952	910
952	922
952	928
952	940
952	953
952	959
952	964
952	976
952	977
952	980
952	993
952	999
953	62
953	111
953	286
953	297
953	311
953	320
953	491
953	601
953	648
953	692
953	700
953	709
953	756
953	766
953	780
953	807
953	822
953	848
953	879
953	885
953	917
953	922
953	926
953	928
953	941
953	942
953	952
953	955
953	959
953	960
953	974
953	993
953	999
954	137
954	170
954	284
954	376
954	419
954	463
954	558
954	636
954	671
954	681
954	710
954	738
954	757
954	761
954	776
954	777
954	781
954	782
954	789
954	804
954	817
954	843
954	891
954	902
954	935
954	938
954	939
954	945
954	962
954	973
954	975
954	979
954	982
954	992
955	1
955	87
955	116
955	312
955	389
955	413
955	482
955	594
955	600
955	688
955	700
955	704
955	714
955	715
955	746
955	760
955	810
955	842
955	885
955	907
955	910
955	917
955	926
955	940
955	941
955	942
955	953
955	959
955	977
955	980
955	986
955	993
955	996
955	999
956	82
956	225
956	265
956	317
956	399
956	507
956	526
956	538
956	584
956	611
956	624
956	633
956	651
956	658
956	724
956	778
956	779
956	831
956	834
956	853
956	882
956	900
956	911
956	913
956	921
956	929
956	930
956	931
956	944
956	961
956	965
956	974
956	984
956	997
957	16
957	124
957	196
957	240
957	281
957	367
957	428
957	457
957	479
957	616
957	628
957	685
957	687
957	688
957	709
957	710
957	746
957	756
957	766
957	780
957	835
957	860
957	885
957	906
957	907
957	910
957	912
957	922
957	926
957	928
957	940
957	942
957	947
957	959
957	977
957	986
958	40
958	95
958	125
958	131
958	299
958	355
958	360
958	423
958	433
958	440
958	448
958	551
958	552
958	579
958	643
958	683
958	727
958	751
958	770
958	792
958	795
958	809
958	827
958	845
958	846
958	850
958	898
958	909
958	912
958	920
958	924
958	964
958	967
958	970
958	972
958	978
958	988
959	48
959	56
959	61
959	94
959	108
959	215
959	217
959	289
959	377
959	384
959	389
959	493
959	530
959	563
959	581
959	648
959	683
959	709
959	714
959	715
959	728
959	780
959	784
959	799
959	906
959	910
959	917
959	928
959	947
959	952
959	953
959	955
959	957
959	976
959	977
959	986
959	993
959	999
960	27
960	33
960	86
960	99
960	106
960	174
960	291
960	526
960	590
960	606
960	658
960	674
960	682
960	703
960	723
960	724
960	730
960	778
960	779
960	797
960	814
960	834
960	882
960	883
960	900
960	905
960	911
960	913
960	914
960	919
960	929
960	930
960	931
960	953
960	965
960	974
960	975
960	984
960	997
961	28
961	70
961	74
961	100
961	105
961	135
961	362
961	422
961	477
961	505
961	508
961	547
961	567
961	598
961	637
961	733
961	753
961	755
961	768
961	793
961	813
961	836
961	875
961	884
961	886
961	893
961	896
961	918
961	932
961	946
961	951
961	956
961	981
961	983
961	991
961	992
961	994
961	995
961	998
962	4
962	93
962	412
962	521
962	550
962	604
962	638
962	675
962	684
962	713
962	716
962	722
962	736
962	738
962	776
962	782
962	783
962	786
962	787
962	800
962	812
962	829
962	839
962	862
962	869
962	892
962	927
962	934
962	935
962	938
962	943
962	954
962	968
962	973
962	975
962	979
962	982
962	986
962	990
963	143
963	145
963	184
963	302
963	345
963	461
963	478
963	531
963	564
963	618
963	622
963	623
963	629
963	652
963	674
963	689
963	693
963	695
963	725
963	743
963	769
963	810
963	830
963	837
963	856
963	863
963	867
963	873
963	877
963	897
963	903
963	923
963	945
963	966
963	969
963	971
963	987
963	988
963	996
963	999
964	125
964	172
964	304
964	329
964	348
964	364
964	397
964	440
964	441
964	487
964	549
964	583
964	599
964	616
964	698
964	721
964	759
964	763
964	764
964	775
964	801
964	815
964	841
964	846
964	852
964	865
964	878
964	898
964	909
964	924
964	936
964	943
964	952
964	958
964	970
964	972
964	985
964	989
964	994
964	1000
965	11
965	98
965	103
965	202
965	215
965	260
965	296
965	317
965	383
965	443
965	470
965	484
965	560
965	573
965	584
965	606
965	624
965	707
965	724
965	748
965	812
965	814
965	824
965	831
965	834
965	851
965	853
965	882
965	900
965	914
965	919
965	921
965	930
965	931
965	956
965	960
965	967
965	974
965	984
965	997
966	89
966	159
966	191
966	252
966	313
966	430
966	451
966	496
966	524
966	525
966	564
966	596
966	610
966	627
966	652
966	665
966	725
966	731
966	749
966	785
966	808
966	811
966	821
966	823
966	830
966	864
966	871
966	872
966	888
966	889
966	895
966	897
966	904
966	917
966	923
966	945
966	963
966	971
966	987
966	996
967	11
967	33
967	81
967	98
967	138
967	171
967	181
967	190
967	265
967	269
967	296
967	437
967	446
967	560
967	573
967	651
967	658
967	674
967	701
967	723
967	765
967	778
967	821
967	824
967	831
967	834
967	851
967	853
967	900
967	911
967	913
967	919
967	921
967	929
967	930
967	931
967	958
967	965
967	974
967	978
967	984
967	997
967	999
968	32
968	40
968	93
968	141
968	180
968	214
968	307
968	354
968	418
968	429
968	432
968	471
968	561
968	581
968	617
968	641
968	684
968	730
968	734
968	740
968	757
968	772
968	777
968	796
968	839
968	849
968	858
968	869
968	870
968	892
968	899
968	902
968	916
968	927
968	934
968	938
968	942
968	948
968	962
968	973
968	975
968	979
968	982
969	45
969	119
969	152
969	330
969	361
969	474
969	514
969	519
969	537
969	587
969	595
969	596
969	629
969	665
969	693
969	708
969	737
969	769
969	803
969	805
969	816
969	823
969	830
969	837
969	851
969	863
969	864
969	867
969	871
969	872
969	877
969	895
969	897
969	903
969	904
969	937
969	938
969	950
969	963
969	971
969	977
969	988
969	990
969	996
970	44
970	238
970	253
970	254
970	298
970	369
970	415
970	449
970	462
970	472
970	483
970	485
970	512
970	549
970	552
970	559
970	626
970	639
970	727
970	747
970	751
970	753
970	763
970	764
970	771
970	827
970	828
970	838
970	857
970	877
970	878
970	890
970	901
970	912
970	937
970	943
970	944
970	958
970	964
970	972
970	984
970	985
970	989
970	1000
971	3
971	89
971	152
971	207
971	242
971	256
971	360
971	392
971	444
971	502
971	519
971	531
971	546
971	565
971	580
971	597
971	613
971	635
971	708
971	737
971	744
971	769
971	803
971	816
971	827
971	864
971	867
971	871
971	873
971	876
971	888
971	895
971	897
971	903
971	904
971	923
971	937
971	963
971	966
971	969
971	986
971	987
971	988
971	990
971	996
971	999
972	25
972	36
972	69
972	193
972	253
972	318
972	343
972	415
972	511
972	636
972	637
972	643
972	655
972	677
972	698
972	719
972	721
972	742
972	747
972	752
972	753
972	759
972	762
972	770
972	795
972	827
972	833
972	841
972	850
972	852
972	854
972	859
972	887
972	898
972	908
972	920
972	924
972	936
972	949
972	958
972	964
972	970
972	978
972	979
972	985
972	989
972	1000
973	8
973	14
973	55
973	130
973	182
973	220
973	224
973	228
973	412
973	444
973	447
973	535
973	545
973	592
973	642
973	662
973	667
973	675
973	681
973	705
973	741
973	755
973	772
973	787
973	791
973	799
973	843
973	858
973	869
973	870
973	881
973	891
973	892
973	894
973	902
973	915
973	916
973	934
973	939
973	954
973	962
973	968
973	975
973	979
973	982
973	988
973	997
974	81
974	99
974	156
974	162
974	202
974	233
974	288
974	350
974	373
974	411
974	443
974	503
974	560
974	575
974	614
974	660
974	682
974	701
974	712
974	723
974	765
974	779
974	797
974	814
974	824
974	831
974	834
974	851
974	853
974	882
974	883
974	911
974	913
974	914
974	919
974	921
974	929
974	930
974	931
974	953
974	956
974	960
974	965
974	967
974	976
974	983
974	984
974	997
975	12
975	20
975	78
975	166
975	276
975	294
975	326
975	335
975	354
975	416
975	418
975	432
975	488
975	492
975	509
975	558
975	581
975	638
975	646
975	657
975	666
975	667
975	671
975	738
975	776
975	781
975	782
975	812
975	858
975	862
975	866
975	870
975	881
975	892
975	899
975	927
975	934
975	935
975	938
975	939
975	948
975	954
975	960
975	962
975	968
975	973
975	979
975	982
975	990
976	92
976	94
976	116
976	126
976	129
976	144
976	188
976	222
976	243
976	247
976	297
976	301
976	328
976	351
976	370
976	424
976	491
976	542
976	607
976	654
976	683
976	687
976	696
976	709
976	754
976	760
976	766
976	780
976	789
976	822
976	835
976	860
976	866
976	879
976	889
976	902
976	906
976	907
976	917
976	922
976	928
976	940
976	941
976	947
976	952
976	959
976	974
976	977
976	980
976	986
976	993
977	16
977	23
977	85
977	128
977	205
977	243
977	353
977	371
977	389
977	408
977	425
977	490
977	504
977	552
977	578
977	607
977	609
977	622
977	654
977	663
977	669
977	706
977	746
977	752
977	760
977	784
977	794
977	810
977	818
977	829
977	835
977	860
977	866
977	885
977	906
977	910
977	917
977	928
977	940
977	941
977	942
977	947
977	952
977	955
977	957
977	959
977	969
977	976
977	980
977	986
977	999
978	31
978	76
978	104
978	237
978	254
978	300
978	304
978	305
978	372
978	396
978	411
978	417
978	472
978	483
978	487
978	499
978	549
978	556
978	633
978	643
978	677
978	726
978	742
978	751
978	759
978	770
978	771
978	792
978	815
978	817
978	825
978	841
978	844
978	845
978	846
978	852
978	854
978	857
978	898
978	909
978	912
978	920
978	924
978	944
978	950
978	958
978	967
978	972
978	989
978	995
978	996
978	1000
979	4
979	20
979	22
979	52
979	55
979	67
979	93
979	157
979	276
979	386
979	418
979	463
979	471
979	555
979	561
979	574
979	581
979	604
979	653
979	671
979	675
979	729
979	736
979	739
979	772
979	775
979	777
979	785
979	791
979	829
979	869
979	870
979	881
979	883
979	891
979	892
979	894
979	900
979	902
979	915
979	916
979	934
979	935
979	948
979	954
979	962
979	968
979	972
979	973
979	975
979	993
979	999
980	37
980	48
980	128
980	148
980	187
980	194
980	266
980	281
980	320
980	353
980	368
980	414
980	436
980	490
980	508
980	518
980	530
980	533
980	578
980	654
980	669
980	688
980	696
980	714
980	728
980	754
980	780
980	784
980	794
980	822
980	835
980	860
980	866
980	869
980	879
980	885
980	906
980	910
980	922
980	926
980	928
980	940
980	941
980	947
980	952
980	955
980	976
980	977
980	982
980	986
980	993
980	999
981	2
981	53
981	54
981	80
981	124
981	178
981	197
981	230
981	274
981	332
981	338
981	393
981	445
981	452
981	458
981	479
981	481
981	508
981	529
981	548
981	637
981	661
981	673
981	679
981	686
981	690
981	768
981	788
981	793
981	819
981	847
981	861
981	874
981	875
981	886
981	893
981	896
981	898
981	905
981	908
981	918
981	921
981	925
981	932
981	946
981	947
981	951
981	961
981	983
981	991
981	992
981	994
981	995
982	14
982	43
982	58
982	141
982	166
982	199
982	204
982	263
982	294
982	386
982	447
982	498
982	535
982	537
982	550
982	557
982	581
982	607
982	636
982	684
982	713
982	716
982	720
982	729
982	730
982	734
982	738
982	741
982	772
982	775
982	781
982	786
982	789
982	796
982	804
982	812
982	829
982	858
982	862
982	881
982	899
982	916
982	923
982	929
982	934
982	935
982	938
982	954
982	962
982	968
982	973
982	975
982	980
983	53
983	75
983	101
983	105
983	117
983	122
983	145
983	160
983	203
983	270
983	277
983	333
983	338
983	382
983	384
983	479
983	481
983	494
983	513
983	529
983	536
983	548
983	591
983	640
983	650
983	664
983	679
983	680
983	768
983	817
983	819
983	847
983	861
983	874
983	875
983	884
983	886
983	893
983	896
983	908
983	918
983	932
983	933
983	949
983	951
983	961
983	974
983	981
983	991
983	992
983	994
983	995
983	998
983	999
984	33
984	65
984	103
984	180
984	181
984	223
984	225
984	233
984	252
984	275
984	288
984	291
984	293
984	296
984	317
984	331
984	350
984	373
984	437
984	446
984	507
984	575
984	606
984	624
984	674
984	703
984	724
984	765
984	778
984	779
984	797
984	824
984	831
984	851
984	878
984	882
984	900
984	911
984	913
984	914
984	919
984	921
984	929
984	930
984	956
984	960
984	965
984	967
984	970
984	974
984	990
984	993
984	996
984	997
985	10
985	46
985	127
985	165
985	172
985	201
985	253
985	273
985	340
985	360
985	396
985	414
985	421
985	423
985	447
985	448
985	453
985	462
985	483
985	599
985	615
985	616
985	630
985	633
985	670
985	677
985	678
985	721
985	732
985	742
985	747
985	750
985	752
985	757
985	790
985	801
985	806
985	815
985	817
985	818
985	827
985	828
985	838
985	841
985	854
985	865
985	879
985	880
985	891
985	909
985	912
985	920
985	924
985	944
985	964
985	970
985	972
985	999
985	1000
986	1
986	39
986	87
986	111
986	118
986	120
986	147
986	158
986	189
986	234
986	312
986	351
986	368
986	375
986	406
986	408
986	413
986	436
986	490
986	515
986	528
986	542
986	589
986	628
986	632
986	654
986	663
986	688
986	714
986	715
986	718
986	735
986	746
986	776
986	780
986	788
986	794
986	822
986	826
986	835
986	848
986	875
986	879
986	885
986	907
986	917
986	922
986	928
986	941
986	947
986	955
986	957
986	959
986	962
986	971
986	976
986	977
986	980
986	993
986	999
987	35
987	143
987	169
987	191
987	195
987	219
987	257
987	282
987	313
987	314
987	321
987	388
987	459
987	474
987	475
987	496
987	517
987	519
987	543
987	546
987	566
987	569
987	582
987	588
987	593
987	618
987	623
987	635
987	647
987	656
987	694
987	706
987	712
987	725
987	731
987	743
987	767
987	769
987	801
987	803
987	811
987	816
987	826
987	840
987	859
987	864
987	865
987	872
987	876
987	886
987	889
987	923
987	937
987	945
987	963
987	966
987	971
987	990
987	991
987	996
988	15
988	113
988	191
988	206
988	207
988	251
988	256
988	374
988	456
988	525
988	537
988	564
988	569
988	571
988	572
988	587
988	595
988	597
988	617
988	621
988	622
988	647
988	656
988	689
988	694
988	704
988	708
988	712
988	722
988	727
988	751
988	774
988	790
988	816
988	821
988	823
988	826
988	830
988	840
988	849
988	856
988	859
988	863
988	864
988	867
988	871
988	872
988	877
988	888
988	889
988	897
988	903
988	945
988	950
988	958
988	963
988	969
988	971
988	973
988	990
988	994
988	996
989	74
989	115
989	158
989	161
989	183
989	185
989	198
989	213
989	298
989	355
989	364
989	403
989	407
989	448
989	473
989	483
989	511
989	570
989	641
989	643
989	644
989	655
989	670
989	676
989	677
989	678
989	690
989	691
989	721
989	726
989	739
989	745
989	747
989	752
989	763
989	792
989	798
989	806
989	807
989	818
989	828
989	833
989	841
989	844
989	852
989	854
989	857
989	865
989	878
989	880
989	887
989	898
989	920
989	928
989	936
989	941
989	942
989	943
989	964
989	970
989	972
989	978
989	1000
990	42
990	79
990	153
990	221
990	242
990	310
990	334
990	336
990	385
990	392
990	394
990	429
990	451
990	475
990	519
990	564
990	568
990	580
990	582
990	595
990	597
990	600
990	629
990	631
990	647
990	652
990	656
990	689
990	708
990	731
990	758
990	767
990	774
990	805
990	811
990	816
990	820
990	821
990	826
990	840
990	849
990	859
990	867
990	868
990	871
990	873
990	876
990	877
990	888
990	889
990	897
990	903
990	904
990	923
990	933
990	937
990	945
990	950
990	962
990	969
990	971
990	975
990	984
990	987
990	988
990	996
991	63
991	75
991	109
991	149
991	211
991	216
991	241
991	250
991	259
991	358
991	390
991	420
991	431
991	439
991	464
991	468
991	495
991	505
991	513
991	520
991	539
991	553
991	562
991	586
991	603
991	634
991	650
991	664
991	671
991	672
991	673
991	680
991	697
991	717
991	733
991	744
991	749
991	755
991	788
991	802
991	819
991	823
991	836
991	842
991	843
991	847
991	870
991	874
991	875
991	886
991	896
991	899
991	908
991	918
991	925
991	932
991	933
991	946
991	948
991	951
991	961
991	981
991	983
991	987
991	992
991	994
991	995
991	998
992	66
992	107
992	122
992	154
992	160
992	211
992	235
992	306
992	332
992	362
992	380
992	397
992	422
992	439
992	445
992	452
992	458
992	460
992	481
992	489
992	495
992	505
992	508
992	513
992	547
992	553
992	554
992	567
992	578
992	586
992	608
992	619
992	625
992	661
992	666
992	672
992	679
992	695
992	717
992	744
992	749
992	755
992	768
992	793
992	802
992	828
992	847
992	851
992	855
992	861
992	874
992	896
992	905
992	908
992	909
992	918
992	932
992	935
992	946
992	951
992	954
992	961
992	981
992	983
992	991
992	994
992	995
992	997
992	998
993	21
993	23
993	120
993	126
993	173
993	188
993	212
993	217
993	227
993	289
993	297
993	301
993	309
993	312
993	315
993	319
993	328
993	371
993	410
993	428
993	482
993	491
993	493
993	528
993	530
993	533
993	542
993	563
993	578
993	628
993	632
993	648
993	663
993	669
993	685
993	687
993	692
993	706
993	709
993	714
993	715
993	718
993	732
993	754
993	780
993	794
993	810
993	835
993	844
993	846
993	848
993	879
993	884
993	897
993	906
993	907
993	910
993	922
993	928
993	940
993	941
993	942
993	947
993	952
993	953
993	955
993	959
993	976
993	979
993	980
993	984
993	986
993	999
994	26
994	30
994	49
994	66
994	70
994	97
994	108
994	122
994	123
994	132
994	135
994	139
994	151
994	179
994	216
994	244
994	250
994	259
994	300
994	306
994	311
994	322
994	332
994	337
994	363
994	393
994	420
994	431
994	452
994	464
994	468
994	477
994	481
994	489
994	513
994	536
994	539
994	547
994	619
994	625
994	640
994	661
994	664
994	673
994	733
994	788
994	793
994	813
994	815
994	819
994	836
994	842
994	855
994	873
994	874
994	884
994	886
994	891
994	893
994	896
994	902
994	905
994	908
994	911
994	918
994	925
994	933
994	946
994	951
994	961
994	964
994	981
994	983
994	988
994	991
994	992
994	995
994	998
995	49
995	53
995	65
995	97
995	109
995	132
995	139
995	164
995	197
995	244
995	255
995	270
995	306
995	311
995	382
995	384
995	390
995	435
995	460
995	468
995	477
995	494
995	495
995	516
995	520
995	527
995	529
995	553
995	576
995	586
995	603
995	619
995	625
995	634
995	638
995	640
995	650
995	661
995	666
995	672
995	686
995	697
995	717
995	733
995	744
995	749
995	788
995	793
995	802
995	813
995	836
995	839
995	842
995	847
995	855
995	861
995	874
995	875
995	884
995	886
995	888
995	893
995	896
995	903
995	905
995	908
995	918
995	923
995	925
995	928
995	933
995	946
995	961
995	978
995	981
995	983
995	991
995	992
995	994
995	998
996	121
996	142
996	219
996	246
996	251
996	257
996	314
996	345
996	349
996	385
996	394
996	398
996	401
996	444
996	451
996	459
996	461
996	469
996	496
996	514
996	525
996	531
996	534
996	546
996	565
996	566
996	568
996	571
996	582
996	593
996	597
996	610
996	613
996	618
996	621
996	622
996	627
996	629
996	645
996	665
996	704
996	712
996	731
996	767
996	803
996	805
996	820
996	821
996	823
996	837
996	857
996	859
996	863
996	867
996	871
996	872
996	873
996	876
996	877
996	888
996	889
996	895
996	897
996	903
996	904
996	919
996	923
996	934
996	937
996	945
996	955
996	963
996	966
996	969
996	971
996	978
996	984
996	987
996	988
996	990
996	998
997	11
997	27
997	28
997	34
997	64
997	65
997	71
997	82
997	86
997	98
997	106
997	138
997	156
997	162
997	171
997	174
997	180
997	181
997	190
997	223
997	225
997	233
997	252
997	260
997	261
997	269
997	279
997	283
997	293
997	296
997	331
997	350
997	373
997	399
997	437
997	446
997	470
997	484
997	522
997	538
997	573
997	575
997	584
997	590
997	606
997	624
997	651
997	658
997	660
997	672
997	674
997	682
997	701
997	703
997	723
997	724
997	765
997	768
997	778
997	779
997	797
997	814
997	824
997	831
997	834
997	851
997	853
997	863
997	882
997	883
997	900
997	905
997	911
997	913
997	914
997	919
997	921
997	929
997	930
997	931
997	948
997	956
997	960
997	965
997	967
997	973
997	974
997	984
997	992
998	2
998	18
998	30
998	49
998	54
998	68
998	101
998	107
998	117
998	123
998	132
998	133
998	135
998	139
998	146
998	151
998	168
998	178
998	179
998	216
998	235
998	244
998	249
998	250
998	255
998	264
998	362
998	382
998	400
998	420
998	422
998	435
998	452
998	458
998	477
998	479
998	494
998	508
998	513
998	516
998	519
998	527
998	536
998	554
998	567
998	576
998	586
998	608
998	634
998	637
998	640
998	679
998	695
998	717
998	733
998	738
998	744
998	749
998	755
998	768
998	788
998	793
998	802
998	809
998	836
998	842
998	847
998	855
998	861
998	874
998	875
998	884
998	886
998	893
998	894
998	896
998	905
998	908
998	922
998	925
998	927
998	933
998	935
998	946
998	951
998	961
998	983
998	991
998	992
998	994
998	995
998	996
999	1
999	16
999	21
999	29
999	37
999	41
999	48
999	61
999	85
999	118
999	128
999	129
999	144
999	210
999	215
999	229
999	262
999	266
999	286
999	289
999	301
999	320
999	327
999	328
999	339
999	351
999	359
999	367
999	371
999	375
999	377
999	406
999	410
999	413
999	425
999	436
999	457
999	482
999	493
999	495
999	499
999	528
999	530
999	578
999	601
999	609
999	632
999	648
999	654
999	669
999	683
999	685
999	688
999	692
999	700
999	706
999	709
999	714
999	718
999	728
999	735
999	746
999	754
999	756
999	760
999	848
999	860
999	866
999	895
999	897
999	906
999	907
999	910
999	913
999	922
999	928
999	940
999	941
999	942
999	947
999	952
999	953
999	955
999	959
999	963
999	967
999	971
999	977
999	979
999	980
999	983
999	985
999	986
999	993
1000	36
1000	69
1000	72
1000	77
1000	131
1000	161
1000	211
1000	213
1000	245
1000	268
1000	271
1000	290
1000	305
1000	316
1000	318
1000	340
1000	360
1000	369
1000	381
1000	421
1000	433
1000	450
1000	453
1000	454
1000	472
1000	480
1000	510
1000	511
1000	518
1000	549
1000	551
1000	552
1000	570
1000	579
1000	582
1000	585
1000	599
1000	612
1000	616
1000	620
1000	670
1000	677
1000	678
1000	685
1000	690
1000	711
1000	719
1000	732
1000	739
1000	742
1000	747
1000	750
1000	751
1000	752
1000	753
1000	759
1000	767
1000	770
1000	773
1000	787
1000	790
1000	798
1000	804
1000	807
1000	809
1000	817
1000	832
1000	838
1000	841
1000	845
1000	846
1000	850
1000	852
1000	854
1000	865
1000	868
1000	878
1000	887
1000	888
1000	890
1000	901
1000	903
1000	908
1000	909
1000	912
1000	920
1000	924
1000	936
1000	943
1000	944
1000	949
1000	964
1000	970
1000	972
1000	978
1000	985
1000	989
