1	238
1	798
1	896
2	749
2	900
2	962
3	958
3	984
3	988
4	908
4	983
4	985
5	285
5	960
5	997
6	549
6	757
6	995
7	279
7	777
7	979
8	367
8	933
8	970
9	989
9	990
9	998
10	372
10	713
10	905
11	887
11	888
11	997
12	531
12	986
12	994
13	431
13	951
13	964
14	868
14	902
14	972
15	907
15	927
15	959
16	801
16	946
16	995
17	196
17	524
17	892
18	770
18	963
18	979
19	665
19	993
19	1000
20	336
20	826
20	987
21	651
21	888
21	889
22	227
22	952
22	976
23	689
23	975
23	995
24	882
24	911
24	930
25	892
25	932
25	963
26	989
26	992
26	998
27	958
27	984
27	988
28	982
28	989
28	998
29	980
29	984
29	988
30	240
30	335
30	783
31	958
31	984
31	988
32	986
32	993
32	1000
33	596
33	995
33	997
34	278
34	643
34	962
35	863
35	987
35	994
36	955
36	967
36	1000
37	392
37	455
37	947
38	681
38	803
38	927
39	434
39	892
39	969
40	977
40	992
40	998
41	860
41	902
41	995
42	817
42	872
42	974
43	833
43	882
43	911
44	964
44	981
44	996
45	561
45	900
45	997
46	989
46	990
46	992
47	982
47	992
47	998
48	528
48	962
48	995
49	962
49	976
49	997
50	865
50	942
50	987
51	833
51	966
51	978
52	687
52	701
52	856
53	966
53	985
53	991
54	990
54	992
54	998
55	178
55	911
55	932
56	659
56	967
56	969
57	474
57	671
57	710
58	910
58	943
58	979
59	636
59	947
59	953
60	864
60	891
60	945
61	172
61	990
61	998
62	973
62	986
62	1000
63	741
63	946
63	962
64	916
64	966
64	972
65	682
65	820
65	975
66	326
66	893
66	976
67	893
67	897
67	994
68	586
68	896
68	909
69	990
69	992
69	998
70	945
70	989
70	999
71	586
71	856
71	905
72	192
72	660
72	963
73	358
73	779
73	951
74	107
74	986
74	994
75	986
75	993
75	999
76	982
76	990
76	998
77	180
77	859
77	963
78	453
78	570
78	626
79	954
79	984
79	988
80	966
80	972
80	985
81	555
81	588
81	995
82	971
82	984
82	993
83	500
83	674
83	997
84	982
84	990
84	992
85	897
85	948
85	994
86	562
86	935
86	994
87	989
87	992
87	998
88	989
88	992
88	998
89	810
89	913
89	991
90	686
90	899
90	979
91	706
91	968
91	994
92	966
92	968
92	991
93	966
93	970
93	978
94	982
94	990
94	998
95	869
95	941
95	995
96	587
96	787
96	997
97	843
97	901
97	924
98	854
98	921
98	979
99	933
99	970
99	972
100	489
100	921
100	979
101	901
101	984
101	988
102	889
102	924
102	974
103	186
103	930
103	932
104	741
104	866
104	911
105	568
105	789
105	971
106	550
106	833
106	963
107	74
107	166
107	846
108	996
108	999
108	1000
109	854
109	927
109	961
110	342
110	907
110	927
111	993
111	999
111	1000
112	316
112	873
112	974
113	868
113	980
113	988
114	508
114	924
114	974
115	968
115	983
115	991
116	351
116	987
116	994
117	615
117	796
117	897
118	903
118	984
118	988
119	842
119	922
119	987
120	953
120	959
120	979
121	932
121	984
121	988
122	642
122	924
122	974
123	948
123	987
123	994
124	887
124	976
124	994
125	953
125	986
125	995
126	946
126	947
126	995
127	972
127	983
127	991
128	990
128	992
128	998
129	817
129	938
129	974
130	937
130	978
130	991
131	889
131	938
131	974
132	980
132	984
132	988
133	839
133	856
133	951
134	754
134	851
134	861
135	787
135	960
135	995
136	989
136	998
136	1000
137	654
137	802
137	988
138	945
138	955
138	982
139	787
139	971
139	975
140	717
140	798
140	967
141	966
141	987
141	991
142	772
142	987
142	994
143	176
143	467
143	948
144	727
144	987
144	994
145	769
145	907
145	943
146	649
146	952
146	994
147	829
147	981
147	999
148	314
148	672
148	911
149	724
149	820
149	992
150	986
150	993
150	996
151	847
151	910
151	961
152	202
152	697
152	959
153	869
153	941
153	997
154	917
154	944
154	967
155	244
155	749
155	995
156	976
156	987
156	994
157	988
157	996
157	1000
158	621
158	802
158	980
159	750
159	880
159	997
160	202
160	989
160	998
161	844
161	975
161	997
162	980
162	984
162	988
163	969
163	986
163	993
164	369
164	919
164	991
165	649
165	973
165	996
166	107
166	987
166	994
167	883
167	993
167	996
168	697
168	769
168	845
169	972
169	990
169	991
170	827
170	895
170	985
171	238
171	695
171	736
172	61
172	867
172	980
173	709
173	961
173	997
174	968
174	993
174	999
175	595
175	975
175	995
176	143
176	987
176	994
177	287
177	799
177	932
178	55
178	932
178	963
179	828
179	895
179	976
180	77
180	444
180	570
181	708
181	872
181	873
182	928
182	966
182	983
183	684
183	930
183	932
184	799
184	911
184	930
185	903
185	954
185	988
186	103
186	466
186	882
187	464
187	888
187	974
188	955
188	996
188	999
189	709
189	975
189	998
190	822
190	999
190	1000
191	916
191	992
191	998
192	72
192	930
192	947
193	981
193	986
193	996
194	870
194	895
194	946
195	972
195	978
195	991
196	17
196	882
196	932
197	953
197	960
197	997
198	938
198	995
198	997
199	973
199	986
199	999
200	993
200	999
200	1000
201	449
201	976
201	994
202	152
202	160
202	961
203	630
203	743
203	987
204	375
204	574
204	833
205	755
205	993
205	1000
206	675
206	696
206	811
207	959
207	961
207	979
208	676
208	747
208	953
209	913
209	917
209	985
210	796
210	987
210	994
211	791
211	984
211	988
212	941
212	986
212	996
213	930
213	932
213	982
214	788
214	960
214	995
215	893
215	935
215	994
216	967
216	996
216	1000
217	845
217	927
217	998
218	986
218	993
218	999
219	453
219	866
219	963
220	850
220	887
220	997
221	818
221	946
221	995
222	954
222	980
222	988
223	377
223	464
223	974
224	901
224	924
224	974
225	527
225	980
225	988
226	319
226	750
226	960
227	22
227	922
227	952
228	989
228	992
228	998
229	888
229	938
229	974
230	796
230	952
230	976
231	357
231	768
231	799
232	960
232	975
232	995
233	709
233	788
233	995
234	585
234	826
234	978
235	966
235	985
235	991
236	877
236	959
236	979
237	993
237	996
237	1000
238	1
238	171
238	964
239	757
239	955
239	969
240	30
240	590
240	963
241	921
241	955
241	959
242	683
242	987
242	994
243	681
243	961
243	979
244	155
244	605
244	997
245	980
245	984
245	988
246	955
246	973
246	993
247	737
247	894
247	960
248	819
248	899
248	979
249	942
249	987
249	994
250	959
250	971
250	1000
251	273
251	769
251	927
252	482
252	866
252	911
253	839
253	902
253	964
254	989
254	990
254	992
255	852
255	968
255	983
256	511
256	876
256	986
257	371
257	862
257	951
258	982
258	992
258	998
259	473
259	547
259	994
260	926
260	970
260	991
261	945
261	967
261	1000
262	755
262	993
262	996
263	946
263	960
263	995
264	977
264	990
264	998
265	940
265	945
265	993
266	892
266	908
266	963
267	843
267	904
267	974
268	566
268	917
268	999
269	587
269	820
269	947
270	971
270	973
270	999
271	691
271	842
271	987
272	447
272	922
272	987
273	251
273	845
273	921
274	373
274	688
274	974
275	868
275	937
275	975
276	937
276	970
276	991
277	962
277	995
277	997
278	34
278	870
278	899
279	7
279	458
279	847
280	595
280	830
280	975
281	990
281	992
281	998
282	651
282	924
282	938
283	901
283	936
283	994
284	769
284	927
284	961
285	5
285	875
285	997
286	796
286	816
286	999
287	177
287	895
287	963
288	481
288	984
288	988
288	996
289	754
289	945
289	993
289	996
290	914
290	968
290	972
290	978
291	989
291	990
291	992
291	998
292	308
292	914
292	939
292	991
293	802
293	814
293	984
293	988
294	969
294	993
294	999
294	1000
295	487
295	879
295	951
295	964
296	595
296	691
296	995
296	997
297	707
297	981
297	999
297	1000
298	581
298	885
298	928
298	959
299	589
299	823
299	995
299	997
300	986
300	993
300	996
300	999
301	792
301	896
301	953
301	960
302	969
302	986
302	996
302	1000
303	894
303	983
303	995
303	997
304	373
304	380
304	943
304	979
305	918
305	967
305	969
305	973
306	977
306	989
306	992
306	998
307	934
307	978
307	985
307	991
308	292
308	996
308	999
308	1000
309	826
309	966
309	985
309	991
310	609
310	971
310	993
310	996
311	827
311	967
311	969
311	1000
312	914
312	923
312	966
312	968
313	854
313	899
313	959
313	979
314	148
314	815
314	892
314	963
315	982
315	990
315	992
315	998
316	112
316	843
316	938
316	974
317	914
317	968
317	978
317	991
318	469
318	574
318	930
318	932
319	226
319	713
319	905
319	964
320	947
320	960
320	962
320	997
321	698
321	989
321	992
321	998
322	844
322	950
322	976
322	987
323	469
323	799
323	882
323	963
324	754
324	936
324	952
324	994
325	933
325	967
325	973
325	1000
326	66
326	447
326	895
326	936
327	678
327	889
327	924
327	974
328	364
328	969
328	996
328	1000
329	507
329	520
329	850
329	860
330	544
330	860
330	900
330	946
331	828
331	924
331	950
331	976
332	516
332	726
332	798
332	896
333	431
333	793
333	804
333	868
334	579
334	666
334	973
334	1000
335	30
335	911
335	930
335	963
336	20
336	754
336	976
336	994
337	690
337	948
337	987
337	994
338	859
338	892
338	930
338	963
339	989
339	990
339	992
339	998
340	612
340	657
340	940
340	995
341	594
341	844
341	851
341	987
342	110
342	885
342	961
342	1000
343	798
343	856
343	868
343	879
344	875
344	900
344	941
344	953
345	671
345	726
345	896
345	964
346	603
346	958
346	980
346	988
347	399
347	657
347	946
347	997
348	600
348	942
348	976
348	994
349	989
349	990
349	992
349	998
350	712
350	849
350	953
350	985
351	116
351	816
351	935
351	987
352	962
352	990
352	992
352	998
353	864
353	893
353	948
353	994
354	922
354	950
354	987
354	994
355	398
355	406
355	522
355	735
356	955
356	993
356	996
356	999
357	231
357	730
357	856
357	963
358	73
358	813
358	951
358	964
359	982
359	990
359	992
359	998
360	947
360	948
360	987
360	994
361	688
361	729
361	924
361	974
362	513
362	723
362	895
362	948
363	405
363	947
363	960
363	995
364	328
364	989
364	992
364	998
365	674
365	750
365	820
365	995
366	756
366	939
366	983
366	991
367	8
367	622
367	975
367	995
368	940
368	981
368	986
368	996
369	164
369	908
369	928
369	991
370	521
370	773
370	901
370	974
371	257
371	905
371	951
371	964
372	10
372	902
372	905
372	951
373	274
373	304
373	581
373	943
374	951
374	990
374	992
374	998
375	204
375	913
375	978
375	991
376	538
376	809
376	985
376	991
377	223
377	910
377	959
377	979
378	843
378	863
378	936
378	950
379	834
379	916
379	965
379	978
380	304
380	778
380	787
380	961
381	520
381	952
381	976
381	994
382	945
382	971
382	993
382	1000
383	908
383	967
383	969
383	993
384	891
384	993
384	996
384	1000
385	461
385	794
385	941
385	995
386	611
386	924
386	938
386	974
387	868
387	902
387	951
387	963
388	535
388	687
388	862
388	964
389	439
389	779
389	792
389	964
390	938
390	943
390	961
390	979
391	818
391	900
391	995
391	997
392	37
392	720
392	737
392	997
393	968
393	978
393	983
393	985
394	647
394	815
394	859
394	882
395	917
395	945
395	993
395	996
396	718
396	922
396	948
396	952
397	749
397	889
397	963
397	974
398	355
398	702
398	886
398	964
399	347
399	761
399	962
399	977
400	689
400	867
400	912
400	980
401	898
401	958
401	980
401	988
402	771
402	960
402	975
402	997
403	636
403	845
403	959
403	979
404	971
404	981
404	999
404	1000
405	363
405	544
405	746
405	926
406	355
406	886
406	902
406	961
407	459
407	977
407	989
407	990
408	982
408	989
408	992
408	998
409	982
409	989
409	990
409	992
410	712
410	915
410	972
410	985
411	884
411	887
411	986
411	993
412	584
412	683
412	718
412	965
413	508
413	827
413	880
413	997
414	891
414	952
414	982
414	994
415	940
415	990
415	992
415	998
416	982
416	989
416	992
416	998
417	741
417	860
417	940
417	947
418	661
418	821
418	969
418	997
419	751
419	976
419	987
419	994
420	562
420	864
420	935
420	950
421	533
421	983
421	985
421	991
422	923
422	966
422	985
422	991
423	854
423	990
423	992
423	998
424	844
424	922
424	987
424	994
425	892
425	911
425	932
425	967
426	498
426	975
426	995
426	997
427	435
427	967
427	996
427	999
428	638
428	923
428	978
428	991
429	851
429	863
429	935
429	987
430	929
430	940
430	971
430	991
431	13
431	333
431	879
431	951
432	891
432	936
432	976
432	994
433	934
433	966
433	968
433	991
434	39
434	791
434	833
434	963
435	427
435	479
435	976
435	994
436	848
436	911
436	932
436	963
437	836
437	877
437	961
437	985
438	516
438	713
438	868
438	896
439	389
439	717
439	875
439	896
440	939
440	966
440	970
440	991
441	973
441	993
441	996
441	999
442	741
442	861
442	958
442	960
443	910
443	943
443	961
443	979
444	180
444	783
444	848
444	911
444	963
445	531
445	607
445	976
445	987
445	994
446	816
446	848
446	945
446	967
446	996
447	272
447	326
447	542
447	615
447	893
448	494
448	610
448	860
448	962
448	997
449	201
449	563
449	842
449	922
449	976
450	508
450	676
450	762
450	960
450	997
451	771
451	954
451	980
451	984
451	988
452	836
452	954
452	980
452	984
452	988
453	78
453	219
453	590
453	930
453	963
454	696
454	848
454	947
454	975
454	997
455	37
455	629
455	861
455	995
455	997
456	963
456	982
456	990
456	992
456	998
457	860
457	977
457	990
457	992
457	998
458	279
458	921
458	927
458	943
458	979
459	407
459	646
459	933
459	937
459	968
460	694
460	907
460	927
460	959
460	979
461	385
461	900
461	946
461	947
461	953
462	592
462	898
462	954
462	980
462	984
463	651
463	843
463	872
463	873
463	911
464	187
464	223
464	943
464	961
464	979
465	620
465	874
465	888
465	974
465	983
466	186
466	882
466	930
466	932
466	963
467	143
467	607
467	723
467	842
467	976
468	982
468	989
468	990
468	992
468	998
469	318
469	323
469	859
469	866
469	932
470	782
470	913
470	916
470	970
470	991
471	826
471	928
471	968
471	970
471	991
472	569
472	748
472	830
472	880
472	953
473	259
473	978
473	983
473	985
473	991
474	57
474	660
474	859
474	892
474	963
475	927
475	931
475	943
475	961
475	979
476	525
476	888
476	901
476	924
476	974
477	857
477	876
477	996
477	999
477	1000
478	955
478	978
478	986
478	993
478	996
479	435
479	606
479	827
479	922
479	936
480	584
480	864
480	950
480	976
480	987
481	288
481	958
481	980
481	984
481	988
482	252
482	590
482	652
482	848
482	911
483	982
483	989
483	990
483	992
483	998
484	841
484	982
484	989
484	992
484	998
485	682
485	736
485	830
485	902
485	964
486	491
486	838
486	981
486	993
486	1000
487	295
487	730
487	783
487	930
487	963
488	845
488	989
488	990
488	992
488	998
489	100
489	838
489	973
489	996
489	1000
490	847
490	927
490	943
490	959
490	979
491	486
491	981
491	986
491	993
491	999
492	982
492	989
492	990
492	992
492	998
493	916
493	928
493	968
493	983
493	991
494	448
494	761
494	765
494	894
494	946
495	918
495	973
495	986
495	994
495	999
496	896
496	967
496	986
496	999
496	1000
497	731
497	887
497	953
497	997
497	1000
498	426
498	903
498	980
498	984
498	988
499	930
499	954
499	958
499	980
499	988
500	83
500	786
500	823
500	909
500	988
501	884
501	934
501	937
501	939
501	972
502	628
502	770
502	885
502	921
502	943
503	845
503	943
503	959
503	961
503	979
504	556
504	728
504	920
504	984
504	988
505	540
505	677
505	847
505	987
505	994
506	917
506	967
506	996
506	999
506	1000
507	329
507	548
507	610
507	872
507	974
508	114
508	413
508	450
508	887
508	995
509	942
509	989
509	990
509	992
509	998
510	713
510	785
510	868
510	951
510	964
511	256
511	539
511	895
511	936
511	994
512	638
512	966
512	968
512	972
512	983
513	362
513	796
513	936
513	976
513	987
514	709
514	861
514	880
514	995
514	997
515	883
515	989
515	990
515	992
515	998
516	332
516	438
516	673
516	862
516	964
517	767
517	970
517	985
517	987
517	991
518	971
518	993
518	996
518	999
518	1000
519	934
519	954
519	980
519	984
519	988
520	329
520	381
520	744
520	900
520	995
521	370
521	703
521	708
521	938
521	974
522	355
522	702
522	862
522	905
522	951
523	919
523	968
523	972
523	983
523	997
524	17
524	989
524	990
524	992
524	998
525	476
525	846
525	922
525	948
525	952
526	707
526	912
526	954
526	958
526	984
527	225
527	989
527	990
527	992
527	998
528	48
528	548
528	744
528	975
528	995
529	918
529	969
529	971
529	973
529	999
530	919
530	966
530	983
530	985
530	991
531	12
531	445
531	546
531	950
531	994
532	876
532	968
532	972
532	978
532	991
533	421
533	646
533	939
533	968
533	985
534	750
534	770
534	962
534	975
534	997
535	388
535	726
535	868
535	951
535	964
536	663
536	737
536	953
536	961
536	997
537	746
537	811
537	941
537	960
537	962
538	376
538	878
538	919
538	985
538	997
539	511
539	540
539	935
539	942
539	994
540	505
540	539
540	844
540	942
540	994
541	799
541	866
541	882
541	911
541	930
542	447
542	884
542	993
542	999
542	1000
543	954
543	958
543	980
543	984
543	988
544	330
544	405
544	720
544	821
544	995
545	816
545	971
545	981
545	996
545	1000
546	531
546	718
546	935
546	987
546	994
547	259
547	572
547	690
547	864
547	994
548	507
548	528
548	611
548	888
548	901
549	6
549	955
549	981
549	986
549	999
550	106
550	848
550	892
550	932
550	963
551	572
551	683
551	828
551	987
551	994
552	989
552	990
552	991
552	992
552	998
553	686
553	819
553	921
553	959
553	979
554	688
554	993
554	996
554	999
554	1000
555	81
555	647
555	892
555	932
555	963
556	504
556	828
556	954
556	980
556	988
557	667
557	808
557	874
557	964
557	974
558	920
558	958
558	971
558	984
558	988
559	652
559	773
559	774
559	969
559	993
560	977
560	989
560	990
560	992
560	993
560	998
561	45
561	830
561	947
561	975
561	976
561	997
562	86
562	420
562	952
562	976
562	987
562	994
563	449
563	722
563	893
563	936
563	987
563	994
564	977
564	982
564	989
564	990
564	992
564	998
565	798
565	933
565	970
565	978
565	985
565	991
566	268
566	909
566	940
566	996
566	999
566	1000
567	912
567	920
567	958
567	964
567	980
567	988
568	105
568	876
568	955
568	973
568	986
568	999
569	472
569	750
569	792
569	870
569	953
569	997
570	78
570	180
570	590
570	730
570	882
570	963
571	604
571	650
571	737
571	818
571	892
571	953
572	547
572	551
572	751
572	893
572	952
572	987
573	660
573	731
573	869
573	875
573	953
573	997
574	204
574	318
574	799
574	848
574	932
574	966
575	835
575	872
575	889
575	924
575	938
575	974
576	793
576	967
576	996
576	998
576	999
576	1000
577	922
577	982
577	989
577	990
577	992
577	998
578	861
578	937
578	970
578	972
578	983
578	985
579	334
579	982
579	989
579	990
579	992
579	998
580	626
580	783
580	806
580	833
580	882
580	892
581	298
581	373
581	819
581	910
581	927
581	935
582	758
582	846
582	895
582	897
582	987
582	994
583	877
583	885
583	907
583	910
583	921
583	979
584	412
584	480
584	864
584	942
584	976
584	995
585	234
585	797
585	970
585	983
585	985
585	991
586	68
586	71
586	711
586	886
586	905
586	951
587	96
587	269
587	661
587	741
587	968
587	997
588	81
588	710
588	771
588	821
588	975
588	997
589	299
589	744
589	762
589	801
589	811
589	962
590	240
590	453
590	482
590	570
590	892
590	963
591	672
591	967
591	973
591	993
591	996
591	1000
592	462
592	597
592	916
592	928
592	933
592	978
593	977
593	982
593	989
593	990
593	992
593	998
594	341
594	926
594	970
594	978
594	983
594	985
595	175
595	280
595	296
595	746
595	875
595	997
596	33
596	706
596	827
596	842
596	936
596	976
597	592
597	908
597	919
597	934
597	937
597	939
598	710
598	717
598	735
598	804
598	964
598	997
599	690
599	912
599	920
599	980
599	984
599	988
600	348
600	827
600	950
600	976
600	987
600	994
601	977
601	982
601	989
601	990
601	992
601	998
602	659
602	895
602	935
602	936
602	950
602	952
603	346
603	934
603	978
603	983
603	985
603	991
604	571
604	811
604	821
604	900
604	953
604	995
605	244
605	850
605	953
605	960
605	962
605	997
606	479
606	982
606	989
606	990
606	992
606	998
607	445
607	467
607	751
607	936
607	942
607	948
608	840
608	917
608	986
608	993
608	996
608	999
609	310
609	706
609	884
609	945
609	993
609	999
610	448
610	507
610	873
610	874
610	889
610	974
611	386
611	548
611	808
611	874
611	938
611	974
612	340
612	628
612	870
612	946
612	947
612	997
613	664
613	722
613	948
613	950
613	959
613	987
614	873
614	901
614	924
614	929
614	938
614	974
615	117
615	447
615	742
615	851
615	935
615	942
616	858
616	885
616	927
616	943
616	959
616	961
617	636
617	811
617	821
617	946
617	966
617	997
618	767
618	839
618	886
618	902
618	905
618	964
619	829
619	837
619	993
619	996
619	999
619	1000
620	465
620	843
620	888
620	901
620	938
620	974
621	158
621	814
621	909
621	958
621	980
621	988
622	367
622	676
622	875
622	946
622	975
622	997
623	923
623	926
623	968
623	972
623	978
623	983
624	795
624	903
624	920
624	958
624	980
624	988
625	835
625	911
625	969
625	993
625	996
625	999
625	1000
626	78
626	580
626	647
626	799
626	848
626	911
626	932
627	716
627	914
627	926
627	928
627	933
627	978
627	988
628	502
628	612
628	877
628	885
628	907
628	959
628	979
629	455
629	788
629	894
629	947
629	962
629	995
629	997
630	203
630	778
630	803
630	907
630	959
630	961
630	979
631	879
631	977
631	982
631	989
631	990
631	992
631	998
632	697
632	770
632	785
632	927
632	961
632	973
632	979
633	680
633	939
633	966
633	970
633	983
633	985
633	991
634	955
634	956
634	971
634	981
634	986
634	999
634	1000
635	820
635	857
635	955
635	969
635	996
635	999
635	1000
636	59
636	403
636	617
636	771
636	787
636	870
636	995
637	843
637	977
637	982
637	989
637	990
637	992
637	998
638	428
638	512
638	834
638	931
638	970
638	972
638	985
639	774
639	828
639	865
639	891
639	897
639	935
639	994
640	884
640	969
640	981
640	986
640	996
640	999
640	1000
641	740
641	903
641	909
641	920
641	946
641	984
641	988
642	122
642	734
642	914
642	970
642	972
642	985
642	991
643	34
643	894
643	924
643	941
643	975
643	995
643	997
644	966
644	967
644	971
644	973
644	986
644	999
644	1000
645	919
645	934
645	970
645	972
645	978
645	985
645	991
646	459
646	533
646	914
646	933
646	939
646	966
646	972
647	394
647	555
647	626
647	764
647	859
647	932
647	963
648	729
648	843
648	872
648	873
648	889
648	938
648	974
649	146
649	165
649	929
649	981
649	986
649	993
649	999
650	571
650	766
650	860
650	870
650	953
650	962
650	995
651	21
651	282
651	463
651	678
651	739
651	873
651	974
652	482
652	559
652	698
652	929
652	993
652	999
652	1000
653	677
653	864
653	897
653	948
653	950
653	952
653	987
654	137
654	861
654	875
654	941
654	962
654	975
654	997
655	675
655	740
655	745
655	795
655	958
655	984
655	988
656	784
656	794
656	806
656	903
656	958
656	980
656	988
657	340
657	347
657	749
657	880
657	939
657	960
657	995
658	734
658	812
658	923
658	968
658	983
658	991
658	999
659	56
659	602
659	929
659	971
659	973
659	999
659	1000
660	72
660	474
660	573
660	783
660	815
660	892
660	963
661	418
661	587
661	741
661	900
661	960
661	975
661	995
662	750
662	917
662	969
662	981
662	993
662	996
662	1000
663	536
663	850
663	929
663	953
663	975
663	995
663	997
664	613
664	779
664	846
664	895
664	976
664	987
664	994
665	19
665	835
665	981
665	993
665	996
665	998
665	1000
666	334
666	883
666	981
666	986
666	993
666	996
666	999
667	557
667	873
667	901
667	924
667	938
667	974
667	1000
668	867
668	952
668	954
668	958
668	980
668	984
668	988
669	918
669	966
669	981
669	993
669	996
669	999
669	1000
670	779
670	864
670	865
670	922
670	942
670	976
670	994
671	57
671	345
671	687
671	851
671	879
671	951
671	964
672	148
672	591
672	764
672	882
672	911
672	930
672	963
673	516
673	768
673	929
673	981
673	986
673	993
673	996
673	1000
674	83
674	365
674	709
674	946
674	950
674	975
674	995
674	997
675	206
675	655
675	898
675	954
675	958
675	980
675	984
675	988
676	208
676	450
676	622
676	724
676	750
676	875
676	946
676	995
677	505
677	653
677	706
677	751
677	796
677	935
677	950
677	994
678	327
678	651
678	708
678	873
678	901
678	938
678	974
678	989
679	914
679	955
679	970
679	972
679	978
679	983
679	985
679	991
680	633
680	763
680	908
680	933
680	934
680	972
680	985
680	991
681	38
681	243
681	836
681	910
681	921
681	961
681	979
681	998
682	65
682	485
682	701
682	704
682	798
682	831
682	839
682	964
683	242
683	412
683	551
683	727
683	846
683	897
683	948
683	987
684	183
684	729
684	739
684	808
684	843
684	924
684	938
684	974
685	868
685	965
685	977
685	982
685	989
685	990
685	992
685	998
686	90
686	553
686	803
686	899
686	921
686	943
686	961
686	979
687	52
687	388
687	671
687	711
687	831
687	856
687	879
687	951
688	274
688	361
688	554
688	874
688	889
688	924
688	938
688	974
689	23
689	400
689	818
689	821
689	860
689	861
689	869
689	941
690	337
690	547
690	599
690	832
690	851
690	863
690	935
690	950
691	271
691	296
691	731
691	801
691	861
691	975
691	995
691	997
692	852
692	878
692	933
692	966
692	968
692	983
692	987
692	991
693	812
693	852
693	935
693	939
693	970
693	978
693	983
693	985
694	460
694	803
694	885
694	899
694	910
694	921
694	959
694	979
695	171
695	713
695	804
695	856
695	885
695	896
695	905
695	964
696	206
696	454
696	933
696	941
696	947
696	960
696	995
696	997
697	152
697	168
697	632
697	836
697	877
697	959
697	961
697	979
698	321
698	652
698	945
698	969
698	971
698	981
698	999
698	1000
699	965
699	977
699	982
699	989
699	990
699	992
699	994
699	998
700	769
700	770
700	845
700	885
700	927
700	943
700	959
700	979
701	52
701	682
701	712
701	717
701	726
701	862
701	896
701	964
702	398
702	522
702	704
702	711
702	726
702	886
702	896
702	964
703	521
703	732
703	878
703	916
703	968
703	972
703	983
703	991
704	682
704	702
704	713
704	779
704	831
704	879
704	951
704	964
705	809
705	908
705	916
705	928
705	939
705	972
705	978
705	985
706	91
706	596
706	609
706	677
706	863
706	976
706	987
706	994
707	297
707	526
707	786
707	867
707	898
707	980
707	984
707	988
708	181
708	521
708	678
708	739
708	874
708	888
708	889
708	901
708	974
709	173
709	189
709	233
709	514
709	674
709	746
709	975
709	995
709	997
710	57
710	588
710	598
710	831
710	856
710	862
710	868
710	902
710	951
711	586
711	687
711	702
711	779
711	839
711	868
711	905
711	964
711	996
712	350
712	410
712	701
712	934
712	939
712	968
712	970
712	972
712	985
713	10
713	319
713	438
713	510
713	695
713	704
713	839
713	896
713	902
714	956
714	957
714	965
714	977
714	982
714	989
714	990
714	992
714	998
715	956
715	957
715	965
715	977
715	982
715	989
715	990
715	992
715	998
716	627
716	933
716	968
716	970
716	972
716	983
716	985
716	991
716	1000
717	140
717	439
717	598
717	701
717	831
717	886
717	905
717	951
717	964
718	396
718	412
718	546
718	751
718	828
718	942
718	950
718	954
718	994
719	728
719	745
719	805
719	867
719	930
719	958
719	980
719	984
719	988
720	392
720	544
720	818
720	863
720	960
720	962
720	975
720	995
720	997
721	840
721	884
721	917
721	969
721	986
721	989
721	993
721	999
721	1000
722	563
722	613
722	796
722	865
722	942
722	976
722	986
722	987
722	994
723	362
723	467
723	743
723	758
723	884
723	948
723	950
723	976
723	994
724	149
724	676
724	861
724	880
724	946
724	947
724	962
724	995
724	999
725	956
725	965
725	977
725	982
725	989
725	990
725	992
725	994
725	998
726	332
726	345
726	535
726	701
726	702
726	862
726	867
726	902
726	964
727	144
727	683
727	832
727	842
727	893
727	895
727	922
727	942
727	993
728	504
728	719
728	814
728	909
728	920
728	958
728	973
728	980
728	988
729	361
729	648
729	684
729	872
729	873
729	874
729	888
729	901
729	974
730	357
730	487
730	570
730	833
730	866
730	892
730	930
730	963
730	982
731	497
731	573
731	691
731	792
731	875
731	887
731	941
731	962
731	997
732	703
732	834
732	872
732	878
732	933
732	978
732	983
732	985
732	991
733	754
733	800
733	846
733	948
733	950
733	952
733	976
733	977
733	994
734	642
734	658
734	914
734	923
734	934
734	966
734	970
734	985
734	991
735	355
735	598
735	839
735	868
735	888
735	896
735	905
735	951
735	964
736	171
736	485
736	798
736	856
736	868
736	886
736	902
736	905
736	951
737	247
737	392
737	536
737	571
737	761
737	941
737	947
737	975
737	999
738	795
738	805
738	823
738	920
738	958
738	980
738	984
738	985
738	988
739	651
739	684
739	708
739	817
739	872
739	873
739	938
739	974
739	976
740	641
740	655
740	898
740	909
740	954
740	958
740	980
740	984
740	988
741	63
741	104
741	417
741	442
741	587
741	661
741	820
741	880
741	995
742	615
742	913
742	933
742	939
742	966
742	972
742	983
742	985
742	991
743	203
743	723
743	800
743	897
743	922
743	950
743	962
743	976
743	987
744	520
744	528
744	589
744	788
744	926
744	953
744	960
744	975
744	995
745	655
745	719
745	772
745	775
745	898
745	954
745	958
745	980
745	984
745	988
746	405
746	537
746	595
746	709
746	751
746	792
746	875
746	941
746	995
746	997
747	208
747	860
747	900
747	941
747	947
747	953
747	962
747	995
747	997
747	999
748	472
748	798
748	890
748	969
748	971
748	981
748	986
748	993
748	999
748	1000
749	2
749	155
749	397
749	657
749	762
749	869
749	946
749	947
749	995
749	997
750	159
750	226
750	365
750	534
750	569
750	662
750	676
750	880
750	941
750	975
751	419
751	572
751	607
751	677
751	718
751	746
751	800
751	936
751	948
751	976
752	837
752	956
752	957
752	965
752	977
752	982
752	989
752	990
752	992
752	998
753	776
753	790
753	898
753	903
753	912
753	954
753	958
753	980
753	984
753	988
754	134
754	289
754	324
754	336
754	733
754	832
754	846
754	893
754	952
754	994
755	205
755	262
755	816
755	883
755	906
755	929
755	969
755	973
755	993
755	996
756	366
756	940
756	955
756	973
756	981
756	986
756	993
756	996
756	999
756	1000
757	6
757	239
757	792
757	830
757	880
757	941
757	946
757	953
757	975
757	995
758	582
758	723
758	863
758	865
758	922
758	942
758	976
758	987
758	994
758	998
759	810
759	849
759	914
759	937
759	966
759	970
759	974
759	978
759	983
759	991
760	842
760	864
760	891
760	933
760	936
760	942
760	950
760	952
760	976
760	987
761	399
761	494
761	737
761	771
761	819
761	887
761	953
761	960
761	995
761	997
762	450
762	589
762	749
762	870
762	887
762	960
762	975
762	980
762	995
762	997
763	680
763	890
763	917
763	955
763	967
763	981
763	986
763	993
763	996
763	1000
764	647
764	672
764	784
764	799
764	815
764	833
764	848
764	911
764	930
764	932
765	494
765	956
765	957
765	965
765	977
765	982
765	989
765	990
765	992
765	998
766	650
766	777
766	847
766	858
766	899
766	907
766	910
766	921
766	927
766	979
767	517
767	618
767	913
767	914
767	928
767	966
767	970
767	972
767	983
767	991
768	231
768	673
768	876
768	940
768	967
768	969
768	971
768	986
768	996
768	999
769	145
769	168
769	251
769	284
769	700
769	836
769	959
769	961
769	970
769	979
770	18
770	502
770	534
770	632
770	700
770	778
770	819
770	877
770	961
770	979
771	402
771	451
771	588
771	636
771	761
771	811
771	900
771	946
771	995
771	997
772	142
772	745
772	814
772	823
772	867
772	954
772	958
772	980
772	984
772	988
773	370
773	559
773	774
773	884
773	929
773	967
773	971
773	973
773	981
773	986
773	996
774	559
774	639
774	773
774	780
774	929
774	973
774	986
774	993
774	996
774	999
774	1000
775	745
775	793
775	876
775	929
775	940
775	945
775	967
775	981
775	993
775	996
775	999
776	753
776	949
776	956
776	957
776	965
776	977
776	982
776	989
776	990
776	992
776	998
777	7
777	766
777	797
777	854
777	858
777	885
777	899
777	907
777	961
777	972
777	979
778	380
778	630
778	770
778	854
778	858
778	877
778	921
778	943
778	959
778	971
778	979
779	73
779	389
779	664
779	670
779	704
779	711
779	804
779	862
779	879
779	886
779	964
780	774
780	799
780	890
780	940
780	945
780	971
780	981
780	986
780	996
780	999
780	1000
781	846
781	929
781	945
781	967
781	971
781	973
781	981
781	986
781	993
781	999
781	1000
782	470
782	816
782	883
782	945
782	967
782	973
782	986
782	993
782	996
782	999
782	1000
783	30
783	444
783	487
783	580
783	660
783	795
783	833
783	866
783	882
783	930
783	963
784	656
784	764
784	867
784	898
784	912
784	920
784	954
784	958
784	980
784	984
784	988
785	510
785	632
785	819
785	847
785	854
785	877
785	921
785	943
785	959
785	961
785	979
786	500
786	707
786	802
786	810
786	909
786	912
786	920
786	948
786	958
786	984
786	988
787	96
787	135
787	139
787	380
787	636
787	869
787	880
787	946
787	947
787	975
787	995
788	214
788	233
788	629
788	744
788	818
788	869
788	946
788	947
788	954
788	975
788	997
789	105
789	822
789	885
789	918
789	969
789	971
789	973
789	986
789	993
789	996
789	1000
790	753
790	795
790	803
790	805
790	903
790	909
790	912
790	920
790	980
790	984
790	988
791	211
791	434
791	805
791	903
791	909
791	912
791	954
791	980
791	984
791	988
791	994
792	301
792	389
792	569
792	731
792	746
792	757
792	801
792	869
792	960
792	995
792	997
793	333
793	576
793	775
793	884
793	969
793	971
793	973
793	981
793	993
793	996
793	1000
794	385
794	656
794	805
794	903
794	909
794	912
794	920
794	938
794	958
794	980
794	984
794	988
795	624
795	655
795	738
795	783
795	790
795	903
795	909
795	944
795	954
795	958
795	980
795	988
796	117
796	210
796	230
796	286
796	513
796	677
796	722
796	865
796	922
796	952
796	976
796	987
797	585
797	777
797	949
797	956
797	957
797	965
797	977
797	982
797	989
797	990
797	992
797	998
798	1
798	140
798	332
798	343
798	565
798	682
798	736
798	748
798	879
798	886
798	896
798	964
799	177
799	184
799	231
799	323
799	541
799	574
799	626
799	764
799	780
799	859
799	930
799	963
800	733
800	743
800	751
800	802
800	891
800	895
800	897
800	936
800	948
800	976
800	987
800	994
801	16
801	589
801	691
801	792
801	850
801	860
801	870
801	900
801	960
801	962
801	985
801	995
802	137
802	158
802	293
802	786
802	800
802	806
802	912
802	920
802	954
802	980
802	984
802	988
803	38
803	630
803	686
803	694
803	790
803	836
803	854
803	877
803	907
803	943
803	959
803	961
804	333
804	598
804	695
804	779
804	831
804	839
804	886
804	896
804	905
804	944
804	951
804	964
805	719
805	738
805	790
805	791
805	794
805	806
805	898
805	909
805	953
805	954
805	984
805	988
806	580
806	656
806	802
806	805
806	898
806	903
806	909
806	912
806	954
806	980
806	984
806	988
807	898
807	944
807	949
807	956
807	957
807	965
807	977
807	982
807	989
807	990
807	992
807	998
808	557
808	611
808	684
808	817
808	873
808	874
808	888
808	901
808	924
808	925
808	938
808	974
809	376
809	705
809	824
809	923
809	928
809	933
809	937
809	968
809	972
809	983
809	985
809	991
810	89
810	759
810	786
810	849
810	913
810	916
810	923
810	966
810	970
810	972
810	974
810	983
810	991
811	206
811	537
811	589
811	604
811	617
811	771
811	874
811	887
811	941
811	962
811	975
811	995
811	997
812	658
812	693
812	826
812	907
812	919
812	926
812	934
812	937
812	968
812	978
812	983
812	985
812	991
813	358
813	899
813	944
813	949
813	956
813	957
813	965
813	977
813	982
813	989
813	990
813	992
813	998
814	293
814	621
814	728
814	772
814	867
814	903
814	912
814	920
814	954
814	958
814	977
814	984
814	988
815	314
815	394
815	660
815	764
815	833
815	848
815	859
815	866
815	882
815	892
815	930
815	949
815	963
816	286
816	351
816	446
816	545
816	755
816	782
816	838
816	929
816	945
816	971
816	993
816	996
816	1000
817	42
817	129
817	739
817	808
817	830
817	843
817	872
817	873
817	874
817	888
817	889
817	938
817	974
818	221
818	391
818	571
818	689
818	720
818	788
818	860
818	875
818	946
818	947
818	990
818	995
818	997
819	248
819	553
819	581
819	761
819	770
819	785
819	854
819	899
819	907
819	921
819	943
819	961
819	979
820	65
820	149
820	269
820	365
820	635
820	741
820	870
820	894
820	941
820	953
820	962
820	995
820	997
821	418
821	544
821	588
821	604
821	617
821	689
821	850
821	947
821	960
821	962
821	975
821	995
821	996
822	190
822	789
822	955
822	957
822	967
822	969
822	971
822	981
822	986
822	993
822	996
822	999
822	1000
823	299
823	500
823	738
823	772
823	867
823	909
823	912
823	920
823	954
823	958
823	980
823	984
823	988
824	809
824	840
824	890
824	929
824	940
824	945
824	955
824	971
824	973
824	986
824	993
824	996
824	999
824	1000
825	913
825	925
825	931
825	944
825	949
825	956
825	957
825	965
825	977
825	982
825	989
825	990
825	992
825	998
826	20
826	234
826	309
826	471
826	812
826	852
826	908
826	923
826	926
826	968
826	978
826	983
826	985
826	991
827	170
827	311
827	413
827	479
827	596
827	600
827	828
827	846
827	891
827	897
827	935
827	942
827	948
827	994
828	179
828	331
828	551
828	556
828	639
828	718
828	827
828	851
828	863
828	865
828	935
828	976
828	987
828	994
829	147
829	619
829	883
829	917
829	967
829	969
829	971
829	973
829	985
829	986
829	993
829	996
829	999
829	1000
830	280
830	472
830	485
830	561
830	757
830	817
830	861
830	894
830	941
830	946
830	953
830	960
830	975
830	997
831	682
831	687
831	704
831	710
831	717
831	804
831	839
831	856
831	886
831	902
831	905
831	912
831	951
831	964
832	690
832	727
832	754
832	836
832	851
832	864
832	880
832	935
832	936
832	942
832	948
832	950
832	987
832	994
833	43
833	51
833	106
833	204
833	434
833	580
833	730
833	764
833	783
833	815
833	930
833	932
833	963
833	964
834	379
834	638
834	732
834	853
834	913
834	914
834	928
834	934
834	939
834	968
834	970
834	978
834	983
834	991
835	575
835	625
835	665
835	838
835	910
835	940
835	967
835	969
835	973
835	981
835	993
835	996
835	999
835	1000
836	437
836	452
836	681
836	697
836	769
836	803
836	832
836	877
836	899
836	907
836	943
836	959
836	961
836	979
837	619
837	752
837	857
837	876
837	879
837	918
837	955
837	969
837	971
837	973
837	993
837	996
837	999
837	1000
838	486
838	489
838	816
838	835
838	866
838	940
838	945
838	948
838	969
838	971
838	981
838	993
838	999
838	1000
839	133
839	253
839	618
839	682
839	711
839	713
839	735
839	804
839	831
839	879
839	902
839	951
839	964
839	984
840	608
840	721
840	824
840	914
840	917
840	940
840	969
840	973
840	981
840	986
840	993
840	996
840	999
840	1000
841	484
841	883
841	929
841	940
841	955
841	967
841	969
841	971
841	973
841	981
841	983
841	986
841	996
841	999
841	1000
842	119
842	271
842	449
842	467
842	596
842	727
842	760
842	844
842	851
842	864
842	939
842	948
842	952
842	987
842	994
843	97
843	267
843	316
843	378
843	463
843	620
843	637
843	648
843	684
843	817
843	874
843	901
843	924
843	938
843	974
844	161
844	322
844	341
844	424
844	540
844	842
844	846
844	863
844	895
844	936
844	942
844	949
844	950
844	987
844	994
845	168
845	217
845	273
845	403
845	488
845	503
845	700
845	847
845	854
845	858
845	885
845	907
845	910
845	959
845	979
846	107
846	525
846	582
846	664
846	683
846	733
846	754
846	781
846	827
846	844
846	891
846	952
846	981
846	987
846	994
847	151
847	279
847	490
847	505
847	766
847	785
847	845
847	858
847	899
847	910
847	921
847	927
847	943
847	959
847	961
848	436
848	444
848	446
848	454
848	482
848	550
848	574
848	626
848	764
848	815
848	866
848	892
848	930
848	932
848	963
849	350
849	759
849	810
849	852
849	919
849	926
849	934
849	937
849	939
849	968
849	972
849	973
849	983
849	985
849	991
850	220
850	329
850	605
850	663
850	801
850	821
850	869
850	887
850	894
850	900
850	941
850	952
850	989
850	995
850	997
851	134
851	341
851	429
851	615
851	671
851	690
851	828
851	832
851	842
851	891
851	948
851	950
851	962
851	987
851	994
852	255
852	692
852	693
852	826
852	849
852	865
852	916
852	923
852	933
852	934
852	970
852	972
852	978
852	983
852	985
852	991
853	834
853	906
853	915
853	925
853	931
853	944
853	949
853	956
853	957
853	965
853	977
853	982
853	989
853	990
853	992
853	998
854	98
854	109
854	313
854	423
854	777
854	778
854	785
854	803
854	819
854	845
854	899
854	921
854	956
854	959
854	961
854	979
855	906
855	915
855	920
855	925
855	931
855	944
855	949
855	956
855	957
855	965
855	977
855	982
855	989
855	990
855	992
855	998
856	52
856	71
856	133
856	343
856	357
856	687
856	695
856	710
856	736
856	831
856	879
856	896
856	902
856	912
856	951
856	964
857	477
857	635
857	837
857	867
857	876
857	920
857	945
857	967
857	969
857	971
857	973
857	981
857	986
857	996
857	999
857	1000
858	616
858	766
858	777
858	778
858	845
858	847
858	877
858	899
858	907
858	910
858	943
858	959
858	961
858	971
858	976
858	979
859	77
859	338
859	394
859	469
859	474
859	647
859	799
859	815
859	866
859	882
859	911
859	930
859	932
859	963
859	979
859	991
860	41
860	329
860	330
860	417
860	448
860	457
860	650
860	689
860	747
860	801
860	818
860	869
860	883
860	953
860	962
860	995
860	997
861	134
861	442
861	455
861	514
861	578
861	654
861	689
861	691
861	724
861	830
861	875
861	894
861	941
861	960
861	962
861	975
861	997
862	257
862	388
862	516
862	522
862	701
862	710
862	726
862	779
862	872
862	879
862	886
862	896
862	902
862	905
862	951
862	964
862	984
863	35
863	378
863	429
863	690
863	706
863	720
863	758
863	828
863	844
863	906
863	936
863	942
863	948
863	950
863	952
863	987
863	994
864	60
864	353
864	420
864	480
864	547
864	584
864	653
864	670
864	760
864	832
864	842
864	865
864	922
864	948
864	985
864	987
864	994
865	50
865	639
865	670
865	722
865	758
865	796
865	828
865	852
865	864
865	891
865	897
865	922
865	935
865	950
865	952
865	972
865	987
866	104
866	219
866	252
866	469
866	541
866	730
866	783
866	815
866	838
866	848
866	859
866	882
866	892
866	911
866	926
866	930
866	932
867	172
867	400
867	668
867	707
867	719
867	726
867	772
867	784
867	814
867	823
867	857
867	912
867	954
867	958
867	980
867	984
867	988
868	14
868	113
868	275
868	333
868	343
868	387
868	438
868	510
868	535
868	685
868	710
868	711
868	735
868	736
868	879
868	902
868	951
868	964
869	95
869	153
869	573
869	689
869	749
869	787
869	788
869	792
869	850
869	860
869	870
869	953
869	954
869	960
869	975
869	992
869	995
869	997
870	194
870	278
870	569
870	612
870	636
870	650
870	762
870	801
870	820
870	869
870	875
870	941
870	943
870	946
870	960
870	962
870	993
870	997
871	881
871	904
871	906
871	915
871	925
871	931
871	944
871	949
871	956
871	957
871	965
871	977
871	982
871	989
871	990
871	992
871	996
871	998
872	42
872	181
872	463
872	507
872	575
872	648
872	729
872	732
872	739
872	817
872	862
872	873
872	874
872	888
872	889
872	924
872	938
872	974
873	112
873	181
873	463
873	610
873	614
873	648
873	651
873	667
873	678
873	729
873	739
873	808
873	817
873	872
873	874
873	901
873	938
873	970
873	974
874	465
874	557
874	610
874	611
874	688
874	708
874	729
874	808
874	811
874	817
874	843
874	872
874	873
874	888
874	889
874	901
874	924
874	938
874	974
875	285
875	344
875	439
875	573
875	595
875	622
875	654
875	676
875	731
875	746
875	818
875	861
875	870
875	894
875	945
875	962
875	975
875	995
875	997
876	256
876	477
876	532
876	568
876	768
876	775
876	837
876	857
876	890
876	915
876	918
876	940
876	971
876	973
876	981
876	986
876	993
876	996
876	999
877	236
877	437
877	583
877	628
877	697
877	770
877	778
877	785
877	803
877	836
877	858
877	885
877	907
877	910
877	932
877	943
877	959
877	961
877	983
878	538
878	692
878	703
878	732
878	913
878	916
878	919
878	923
878	926
878	934
878	939
878	968
878	970
878	972
878	978
878	983
878	985
878	989
878	991
879	295
879	343
879	431
879	631
879	671
879	687
879	704
879	779
879	798
879	837
879	839
879	856
879	862
879	868
879	896
879	902
879	905
879	951
879	964
880	159
880	413
880	472
880	514
880	657
880	724
880	741
880	750
880	757
880	787
880	832
880	887
880	900
880	947
880	962
880	975
880	992
880	995
880	997
881	871
881	904
881	906
881	915
881	925
881	931
881	944
881	949
881	956
881	957
881	965
881	977
881	982
881	989
881	990
881	992
881	998
881	999
881	1000
882	24
882	43
882	186
882	196
882	323
882	394
882	466
882	541
882	570
882	580
882	672
882	783
882	815
882	859
882	866
882	892
882	963
882	989
882	996
883	167
883	515
883	666
883	755
883	782
883	829
883	841
883	860
883	890
883	918
883	929
883	955
883	969
883	973
883	981
883	986
883	996
883	999
883	1000
884	411
884	501
884	542
884	609
884	640
884	721
884	723
884	773
884	793
884	890
884	918
884	967
884	971
884	973
884	981
884	986
884	993
884	996
884	999
885	298
885	342
885	502
885	583
885	616
885	628
885	694
885	695
885	700
885	777
885	789
885	845
885	877
885	899
885	910
885	921
885	943
885	959
885	961
886	398
886	406
886	586
886	618
886	702
886	717
886	736
886	779
886	798
886	804
886	831
886	862
886	896
886	902
886	905
886	918
886	951
886	964
886	965
887	11
887	124
887	220
887	411
887	497
887	508
887	731
887	761
887	762
887	811
887	850
887	880
887	894
887	947
887	960
887	962
887	975
887	995
887	997
888	11
888	21
888	187
888	229
888	465
888	476
888	548
888	620
888	708
888	729
888	735
888	808
888	817
888	872
888	874
888	889
888	901
888	924
888	938
888	974
889	21
889	102
889	131
889	327
889	397
889	575
889	610
889	648
889	688
889	708
889	817
889	872
889	874
889	888
889	890
889	901
889	924
889	938
889	974
889	994
890	748
890	763
890	780
890	824
890	876
890	883
890	884
890	889
890	905
890	918
890	955
890	969
890	971
890	973
890	981
890	986
890	993
890	996
890	999
890	1000
891	60
891	384
891	414
891	432
891	639
891	760
891	800
891	827
891	846
891	851
891	865
891	893
891	897
891	935
891	936
891	942
891	952
891	973
891	987
891	994
892	17
892	25
892	39
892	266
892	314
892	338
892	425
892	474
892	550
892	555
892	571
892	580
892	590
892	660
892	730
892	815
892	848
892	866
892	882
892	983
893	66
893	67
893	215
893	353
893	447
893	563
893	572
893	727
893	754
893	891
893	895
893	900
893	927
893	935
893	936
893	942
893	952
893	976
893	987
893	994
894	247
894	303
894	494
894	629
894	643
894	820
894	830
894	850
894	861
894	875
894	887
894	947
894	953
894	960
894	962
894	975
894	978
894	993
894	995
894	997
895	170
895	179
895	194
895	287
895	326
895	362
895	511
895	582
895	602
895	664
895	727
895	800
895	844
895	893
895	897
895	935
895	942
895	950
895	976
895	987
895	994
896	1
896	68
896	301
896	332
896	345
896	438
896	439
896	496
896	695
896	701
896	702
896	713
896	735
896	798
896	804
896	856
896	862
896	879
896	886
896	951
896	964
897	67
897	85
897	117
897	582
897	639
897	653
897	683
897	743
897	800
897	827
897	865
897	891
897	895
897	946
897	948
897	950
897	952
897	976
897	987
897	994
897	995
898	401
898	462
898	675
898	707
898	740
898	745
898	753
898	784
898	805
898	806
898	807
898	903
898	909
898	912
898	920
898	954
898	958
898	959
898	980
898	984
898	988
899	90
899	248
899	278
899	313
899	686
899	694
899	766
899	777
899	813
899	819
899	836
899	847
899	854
899	858
899	885
899	907
899	910
899	927
899	943
899	959
899	961
900	2
900	45
900	330
900	344
900	391
900	461
900	520
900	604
900	661
900	747
900	771
900	801
900	850
900	880
900	893
900	941
900	960
900	975
900	991
900	995
900	997
901	97
901	101
901	224
901	283
901	370
901	476
901	548
901	614
901	620
901	667
901	678
901	708
901	729
901	808
901	843
901	873
901	874
901	888
901	889
901	938
901	974
902	14
902	41
902	253
902	372
902	387
902	406
902	485
902	618
902	710
902	713
902	726
902	736
902	831
902	839
902	856
902	862
902	868
902	879
902	886
902	951
902	964
902	990
903	118
903	185
903	498
903	624
903	641
903	656
903	753
903	790
903	791
903	794
903	795
903	806
903	814
903	898
903	909
903	918
903	920
903	954
903	958
903	984
903	988
903	997
904	267
904	871
904	881
904	906
904	915
904	925
904	928
904	931
904	944
904	949
904	956
904	957
904	965
904	977
904	982
904	989
904	990
904	992
904	998
905	10
905	71
905	319
905	371
905	372
905	522
905	586
905	618
905	695
905	711
905	717
905	735
905	736
905	804
905	831
905	862
905	879
905	886
905	890
905	951
905	958
905	964
906	755
906	853
906	855
906	863
906	871
906	881
906	904
906	915
906	925
906	931
906	944
906	949
906	956
906	957
906	965
906	977
906	982
906	989
906	990
906	992
906	998
907	15
907	110
907	145
907	460
907	583
907	628
907	630
907	766
907	777
907	803
907	812
907	819
907	836
907	845
907	858
907	877
907	899
907	910
907	921
907	927
907	959
907	975
907	979
908	4
908	266
908	369
908	383
908	597
908	680
908	705
908	826
908	913
908	916
908	919
908	923
908	926
908	928
908	933
908	937
908	968
908	970
908	972
908	978
908	983
908	985
908	991
909	68
909	500
909	566
909	621
909	641
909	728
909	740
909	786
909	790
909	791
909	794
909	795
909	805
909	806
909	823
909	898
909	903
909	912
909	920
909	954
909	958
909	984
909	988
910	58
910	151
910	377
910	443
910	581
910	583
910	681
910	694
910	766
910	835
910	845
910	847
910	858
910	877
910	885
910	899
910	907
910	917
910	927
910	943
910	959
910	961
910	979
911	24
911	43
911	55
911	104
911	148
911	184
911	252
911	335
911	425
911	436
911	444
911	463
911	482
911	541
911	625
911	626
911	672
911	764
911	859
911	866
911	930
911	932
911	963
911	981
912	400
912	526
912	567
912	599
912	753
912	784
912	786
912	790
912	791
912	794
912	802
912	806
912	814
912	823
912	831
912	856
912	867
912	898
912	909
912	920
912	958
912	980
912	984
912	988
913	89
913	209
913	375
913	470
913	742
913	767
913	810
913	825
913	834
913	878
913	908
913	926
913	928
913	933
913	937
913	939
913	959
913	966
913	968
913	970
913	978
913	983
913	985
913	991
914	290
914	292
914	312
914	317
914	627
914	642
914	646
914	679
914	734
914	759
914	767
914	834
914	840
914	926
914	928
914	934
914	937
914	960
914	966
914	968
914	972
914	983
914	985
914	991
915	410
915	853
915	855
915	871
915	876
915	881
915	904
915	906
915	925
915	931
915	944
915	949
915	956
915	957
915	965
915	977
915	982
915	989
915	990
915	992
915	998
916	64
916	191
916	379
916	470
916	493
916	592
916	703
916	705
916	810
916	852
916	878
916	908
916	919
916	926
916	928
916	932
916	934
916	937
916	966
916	968
916	970
916	972
916	978
916	983
916	991
917	154
917	209
917	268
917	395
917	506
917	608
917	662
917	721
917	763
917	829
917	840
917	910
917	918
917	924
917	945
917	955
917	967
917	971
917	973
917	981
917	986
917	993
917	996
917	999
917	1000
918	305
918	495
918	529
918	669
918	789
918	837
918	876
918	883
918	884
918	886
918	890
918	903
918	917
918	929
918	940
918	955
918	967
918	971
918	973
918	981
918	986
918	993
918	996
918	999
918	1000
919	164
919	523
919	530
919	538
919	597
919	645
919	812
919	849
919	878
919	908
919	916
919	923
919	926
919	928
919	933
919	937
919	952
919	968
919	970
919	972
919	978
919	983
919	985
919	991
919	992
920	504
920	558
920	567
920	599
920	624
920	641
920	728
920	738
920	784
920	786
920	790
920	794
920	802
920	814
920	823
920	855
920	857
920	898
920	903
920	909
920	912
920	954
920	980
920	984
920	988
920	993
921	98
921	100
921	241
921	273
921	458
921	502
921	553
921	583
921	681
921	686
921	694
921	766
921	778
921	785
921	819
921	847
921	854
921	885
921	907
921	927
921	943
921	957
921	961
921	979
921	983
921	987
922	119
922	227
922	272
922	354
922	396
922	424
922	449
922	479
922	525
922	577
922	670
922	727
922	743
922	758
922	796
922	864
922	865
922	935
922	936
922	939
922	942
922	950
922	952
922	976
922	989
922	994
923	312
923	422
923	428
923	623
923	658
923	734
923	809
923	810
923	826
923	852
923	878
923	908
923	919
923	928
923	934
923	937
923	939
923	966
923	968
923	970
923	972
923	973
923	978
923	985
923	991
923	994
924	97
924	102
924	114
924	122
924	224
924	282
924	327
924	331
924	361
924	386
924	476
924	575
924	614
924	643
924	667
924	684
924	688
924	808
924	843
924	872
924	874
924	888
924	889
924	917
924	938
924	974
925	808
925	825
925	853
925	855
925	871
925	881
925	904
925	906
925	915
925	931
925	944
925	949
925	956
925	957
925	965
925	977
925	982
925	989
925	990
925	992
925	993
925	994
925	998
926	260
926	405
926	594
926	623
926	627
926	744
926	812
926	826
926	849
926	866
926	878
926	908
926	913
926	914
926	916
926	919
926	928
926	933
926	937
926	939
926	966
926	968
926	970
926	978
926	983
926	985
926	991
927	15
927	38
927	109
927	110
927	217
927	251
927	284
927	458
927	460
927	475
927	490
927	581
927	616
927	632
927	700
927	766
927	847
927	893
927	899
927	907
927	910
927	921
927	959
927	961
927	979
927	980
927	996
928	182
928	298
928	369
928	471
928	493
928	592
928	627
928	705
928	767
928	809
928	834
928	904
928	908
928	913
928	914
928	916
928	919
928	923
928	926
928	929
928	937
928	939
928	966
928	972
928	978
928	983
928	985
928	991
929	430
929	614
929	649
929	652
929	659
929	663
929	673
929	755
929	773
929	774
929	775
929	781
929	816
929	824
929	841
929	883
929	918
929	928
929	940
929	945
929	955
929	969
929	971
929	973
929	981
929	986
929	993
929	999
929	1000
930	24
930	103
930	183
930	184
930	192
930	213
930	318
930	335
930	338
930	453
930	466
930	487
930	499
930	541
930	672
930	719
930	730
930	764
930	783
930	799
930	815
930	833
930	848
930	859
930	866
930	911
930	932
930	963
930	967
931	475
931	638
931	825
931	853
931	855
931	871
931	881
931	904
931	906
931	915
931	925
931	944
931	949
931	956
931	957
931	965
931	977
931	982
931	989
931	990
931	992
931	994
931	998
932	25
932	55
932	103
932	121
932	177
932	178
932	183
932	196
932	213
932	318
932	425
932	436
932	466
932	469
932	550
932	555
932	574
932	626
932	647
932	764
932	833
932	848
932	859
932	866
932	877
932	911
932	916
932	930
932	963
933	8
933	99
933	325
933	459
933	565
933	592
933	627
933	646
933	680
933	692
933	696
933	716
933	732
933	742
933	760
933	809
933	852
933	908
933	913
933	919
933	926
933	937
933	966
933	968
933	970
933	972
933	978
933	983
933	985
933	991
934	307
934	433
934	501
934	519
934	597
934	603
934	645
934	680
934	712
934	734
934	812
934	834
934	849
934	852
934	878
934	914
934	916
934	923
934	937
934	939
934	966
934	968
934	970
934	972
934	976
934	978
934	983
934	985
934	991
934	996
935	86
935	215
935	351
935	420
935	429
935	539
935	546
935	581
935	602
935	615
935	639
935	677
935	690
935	693
935	827
935	828
935	832
935	865
935	891
935	893
935	895
935	922
935	936
935	942
935	948
935	950
935	976
935	987
935	994
935	995
936	283
936	324
936	326
936	378
936	432
936	479
936	511
936	513
936	563
936	596
936	602
936	607
936	751
936	760
936	800
936	832
936	844
936	863
936	891
936	893
936	922
936	935
936	947
936	948
936	952
936	976
936	987
936	994
936	995
936	996
937	130
937	275
937	276
937	459
937	501
937	578
937	597
937	759
937	809
937	812
937	849
937	908
937	913
937	914
937	916
937	919
937	923
937	926
937	928
937	933
937	934
937	939
937	940
937	966
937	970
937	978
937	983
937	985
937	991
937	993
938	129
938	131
938	198
938	229
938	282
938	316
938	386
938	390
938	521
938	575
938	611
938	614
938	620
938	648
938	667
938	678
938	684
938	688
938	739
938	794
938	808
938	817
938	843
938	872
938	873
938	874
938	888
938	889
938	901
938	924
938	974
939	292
939	366
939	440
939	501
939	533
939	597
939	633
939	646
939	657
939	693
939	705
939	712
939	742
939	834
939	842
939	849
939	878
939	913
939	922
939	923
939	926
939	928
939	934
939	937
939	966
939	968
939	970
939	972
939	978
939	983
939	991
940	265
940	340
940	368
940	415
940	417
940	430
940	566
940	756
940	768
940	775
940	780
940	824
940	835
940	838
940	840
940	841
940	876
940	918
940	929
940	937
940	945
940	955
940	967
940	969
940	971
940	981
940	986
940	993
940	996
940	999
940	1000
941	95
941	153
941	212
941	344
941	385
941	537
941	643
941	654
941	689
941	696
941	731
941	737
941	746
941	747
941	750
941	757
941	811
941	820
941	830
941	850
941	861
941	870
941	900
941	946
941	960
941	962
941	970
941	975
941	979
941	995
941	997
942	50
942	249
942	348
942	509
942	539
942	540
942	584
942	607
942	615
942	670
942	718
942	722
942	727
942	758
942	760
942	827
942	832
942	844
942	863
942	891
942	893
942	895
942	922
942	935
942	950
942	952
942	971
942	976
942	987
942	989
942	994
943	58
943	145
943	304
943	373
943	390
943	443
943	458
943	464
943	475
943	490
943	502
943	503
943	616
943	686
943	700
943	778
943	785
943	803
943	819
943	836
943	847
943	858
943	870
943	877
943	885
943	899
943	910
943	921
943	959
943	961
943	970
943	998
944	154
944	795
944	804
944	807
944	813
944	825
944	853
944	855
944	871
944	881
944	904
944	906
944	915
944	925
944	931
944	949
944	956
944	957
944	965
944	977
944	982
944	989
944	990
944	992
944	998
945	60
945	70
945	138
945	261
945	265
945	289
945	382
945	395
945	446
945	609
945	698
945	775
945	780
945	781
945	782
945	816
945	824
945	838
945	857
945	875
945	917
945	929
945	940
945	955
945	967
945	969
945	971
945	977
945	981
945	993
945	996
945	999
945	1000
946	16
946	63
946	126
946	194
946	221
946	263
946	330
946	347
946	461
946	494
946	612
946	617
946	622
946	641
946	674
946	676
946	724
946	749
946	757
946	771
946	787
946	788
946	818
946	830
946	870
946	897
946	941
946	953
946	960
946	962
946	995
946	997
946	999
947	37
947	59
947	126
947	192
947	269
947	320
947	360
947	363
947	417
947	454
947	461
947	561
947	612
947	629
947	696
947	724
947	737
947	747
947	749
947	787
947	788
947	818
947	821
947	880
947	887
947	894
947	936
947	953
947	962
947	969
947	975
947	995
947	997
948	85
948	123
948	143
948	337
948	353
948	360
948	362
948	396
948	525
948	607
948	613
948	653
948	683
948	723
948	733
948	751
948	786
948	800
948	827
948	832
948	838
948	842
948	851
948	863
948	864
948	897
948	935
948	936
948	950
948	952
948	968
948	976
948	987
948	994
949	776
949	797
949	807
949	813
949	815
949	825
949	844
949	853
949	855
949	871
949	881
949	904
949	906
949	915
949	925
949	931
949	944
949	956
949	957
949	965
949	977
949	980
949	982
949	987
949	989
949	990
949	992
949	998
950	322
950	331
950	354
950	378
950	420
950	480
950	531
950	600
950	602
950	613
950	653
950	674
950	677
950	690
950	718
950	723
950	733
950	743
950	760
950	832
950	844
950	851
950	863
950	865
950	895
950	897
950	922
950	935
950	942
950	948
950	952
950	955
950	976
950	987
950	994
950	999
951	13
951	73
951	133
951	257
951	295
951	358
951	371
951	372
951	374
951	387
951	431
951	510
951	522
951	535
951	586
951	671
951	687
951	704
951	710
951	717
951	735
951	736
951	804
951	831
951	839
951	856
951	862
951	868
951	879
951	886
951	896
951	902
951	905
951	969
951	991
951	999
952	22
952	146
952	227
952	230
952	324
952	381
952	396
952	414
952	525
952	562
952	572
952	602
952	653
952	668
952	733
952	754
952	760
952	796
952	842
952	846
952	850
952	863
952	865
952	891
952	893
952	897
952	919
952	922
952	936
952	942
952	948
952	950
952	976
952	987
952	993
952	994
953	59
953	120
953	125
953	197
953	208
953	301
953	344
953	350
953	461
953	472
953	497
953	536
953	569
953	571
953	573
953	604
953	605
953	650
953	663
953	744
953	747
953	757
953	761
953	805
953	820
953	830
953	860
953	869
953	894
953	946
953	947
953	960
953	962
953	974
953	975
953	995
953	997
954	79
954	185
954	222
954	451
954	452
954	462
954	499
954	519
954	526
954	543
954	556
954	668
954	675
954	718
954	740
954	745
954	753
954	772
954	784
954	788
954	791
954	795
954	802
954	805
954	806
954	814
954	823
954	867
954	869
954	898
954	903
954	909
954	920
954	958
954	980
954	984
954	988
954	998
955	36
955	138
955	188
955	239
955	241
955	246
955	356
955	478
955	549
955	568
955	634
955	635
955	679
955	756
955	763
955	822
955	824
955	837
955	841
955	883
955	890
955	917
955	918
955	929
955	940
955	945
955	950
955	967
955	969
955	971
955	973
955	981
955	986
955	992
955	993
955	996
955	999
955	1000
956	634
956	714
956	715
956	725
956	752
956	765
956	776
956	797
956	807
956	813
956	825
956	853
956	854
956	855
956	871
956	881
956	904
956	906
956	915
956	925
956	931
956	944
956	949
956	957
956	965
956	977
956	982
956	989
956	990
956	992
956	995
956	998
956	1000
957	714
957	715
957	752
957	765
957	776
957	797
957	807
957	813
957	822
957	825
957	853
957	855
957	871
957	881
957	904
957	906
957	915
957	921
957	925
957	931
957	944
957	949
957	956
957	965
957	972
957	977
957	978
957	982
957	989
957	990
957	992
957	998
958	3
958	27
958	31
958	346
958	401
958	442
958	481
958	499
958	526
958	543
958	558
958	567
958	621
958	624
958	655
958	656
958	668
958	675
958	719
958	728
958	738
958	740
958	745
958	753
958	772
958	784
958	786
958	794
958	795
958	814
958	823
958	867
958	898
958	903
958	905
958	909
958	912
958	954
958	979
958	980
958	984
958	988
959	15
959	120
959	152
959	207
959	236
959	241
959	250
959	298
959	313
959	377
959	403
959	460
959	490
959	503
959	553
959	613
959	616
959	628
959	630
959	694
959	697
959	700
959	769
959	778
959	785
959	803
959	836
959	845
959	847
959	854
959	858
959	877
959	885
959	898
959	899
959	907
959	910
959	913
959	927
959	943
959	961
959	979
960	5
960	135
960	197
960	214
960	226
960	232
960	247
960	263
960	301
960	320
960	363
960	402
960	442
960	450
960	537
960	605
960	657
960	661
960	696
960	720
960	744
960	761
960	762
960	792
960	801
960	821
960	830
960	861
960	869
960	870
960	887
960	894
960	900
960	914
960	941
960	946
960	953
960	962
960	967
960	968
960	984
960	995
961	109
961	151
961	173
961	202
961	207
961	243
961	284
961	342
961	380
961	390
961	406
961	437
961	443
961	464
961	475
961	503
961	536
961	616
961	630
961	632
961	681
961	686
961	697
961	769
961	770
961	777
961	785
961	803
961	819
961	836
961	847
961	854
961	858
961	877
961	885
961	899
961	910
961	921
961	927
961	943
961	959
961	979
961	992
962	2
962	34
962	48
962	49
962	63
962	277
962	320
962	352
962	399
962	448
962	534
962	537
962	589
962	605
962	629
962	650
962	654
962	720
962	724
962	731
962	743
962	747
962	801
962	811
962	820
962	821
962	851
962	860
962	861
962	870
962	875
962	880
962	887
962	894
962	941
962	946
962	947
962	953
962	960
962	965
962	975
962	995
962	997
963	18
963	25
963	72
963	77
963	106
963	178
963	219
963	240
963	266
963	287
963	314
963	323
963	335
963	338
963	357
963	387
963	397
963	434
963	436
963	444
963	453
963	456
963	466
963	474
963	487
963	550
963	555
963	570
963	590
963	647
963	660
963	672
963	730
963	783
963	799
963	815
963	833
963	848
963	859
963	882
963	911
963	930
963	932
963	969
964	13
964	44
964	238
964	253
964	295
964	319
964	345
964	358
964	371
964	388
964	389
964	398
964	485
964	510
964	516
964	535
964	557
964	567
964	598
964	618
964	671
964	682
964	695
964	701
964	702
964	704
964	711
964	717
964	726
964	735
964	779
964	798
964	804
964	831
964	833
964	839
964	856
964	862
964	868
964	879
964	886
964	896
964	902
964	905
964	990
965	379
965	412
965	685
965	699
965	714
965	715
965	725
965	752
965	765
965	776
965	797
965	807
965	813
965	825
965	853
965	855
965	871
965	881
965	886
965	904
965	906
965	915
965	925
965	931
965	944
965	949
965	956
965	957
965	962
965	977
965	982
965	989
965	990
965	992
965	998
966	51
966	53
966	64
966	80
966	92
966	93
966	141
966	182
966	235
966	309
966	312
966	422
966	433
966	440
966	512
966	530
966	574
966	617
966	633
966	644
966	646
966	669
966	692
966	734
966	742
966	759
966	767
966	810
966	913
966	914
966	916
966	923
966	926
966	928
966	933
966	934
966	937
966	939
966	968
966	970
966	972
966	978
966	981
966	983
966	985
966	991
967	36
967	56
967	140
967	154
967	216
967	261
967	305
967	311
967	325
967	383
967	425
967	427
967	446
967	496
967	506
967	576
967	591
967	644
967	763
967	768
967	773
967	775
967	781
967	782
967	822
967	829
967	835
967	841
967	857
967	884
967	917
967	918
967	930
967	940
967	945
967	955
967	960
967	969
967	971
967	973
967	975
967	981
967	986
967	993
967	996
967	999
967	1000
968	91
968	92
968	115
968	174
968	255
968	290
968	312
968	317
968	393
968	433
968	459
968	471
968	493
968	512
968	523
968	532
968	533
968	587
968	623
968	658
968	692
968	703
968	712
968	716
968	809
968	812
968	826
968	834
968	849
968	878
968	908
968	913
968	914
968	916
968	919
968	923
968	926
968	933
968	934
968	939
968	948
968	960
968	966
968	970
968	972
968	978
968	983
968	985
968	991
969	39
969	56
969	163
969	239
969	294
969	302
969	305
969	311
969	328
969	383
969	418
969	529
969	559
969	625
969	635
969	640
969	662
969	698
969	721
969	748
969	755
969	768
969	789
969	793
969	822
969	829
969	835
969	837
969	838
969	840
969	841
969	857
969	883
969	890
969	929
969	940
969	945
969	947
969	951
969	955
969	963
969	967
969	971
969	973
969	981
969	986
969	993
969	996
969	999
969	1000
970	8
970	93
970	99
970	260
970	276
970	440
970	470
970	471
970	517
970	565
970	578
970	585
970	594
970	633
970	638
970	642
970	645
970	679
970	693
970	712
970	716
970	734
970	759
970	767
970	769
970	810
970	834
970	852
970	873
970	878
970	908
970	913
970	916
970	919
970	923
970	926
970	933
970	934
970	937
970	939
970	941
970	943
970	966
970	968
970	972
970	978
970	981
970	983
970	985
970	991
971	82
971	105
971	139
971	250
971	270
971	310
971	382
971	404
971	430
971	518
971	529
971	545
971	558
971	634
971	644
971	659
971	698
971	748
971	768
971	773
971	778
971	780
971	781
971	789
971	793
971	816
971	822
971	824
971	829
971	837
971	838
971	841
971	857
971	858
971	876
971	884
971	890
971	917
971	918
971	929
971	940
971	942
971	945
971	955
971	967
971	969
971	981
971	986
971	993
971	996
971	999
971	1000
972	14
972	64
972	80
972	99
972	127
972	169
972	195
972	290
972	410
972	501
972	512
972	523
972	532
972	578
972	623
972	638
972	642
972	645
972	646
972	679
972	680
972	703
972	705
972	712
972	716
972	742
972	767
972	777
972	809
972	810
972	849
972	852
972	865
972	878
972	908
972	914
972	916
972	919
972	923
972	928
972	933
972	934
972	939
972	957
972	966
972	968
972	970
972	978
972	983
972	985
972	987
972	991
973	62
973	165
973	199
973	246
973	270
973	305
973	325
973	334
973	441
973	489
973	495
973	529
973	568
973	591
973	632
973	644
973	659
973	728
973	755
973	756
973	773
973	774
973	781
973	782
973	789
973	793
973	824
973	829
973	835
973	837
973	840
973	841
973	849
973	857
973	876
973	883
973	884
973	890
973	891
973	917
973	918
973	923
973	929
973	955
973	967
973	969
973	975
973	981
973	986
973	993
973	996
973	999
973	1000
974	42
974	102
974	112
974	114
974	122
974	129
974	131
974	187
974	223
974	224
974	229
974	267
974	274
974	316
974	327
974	361
974	370
974	386
974	397
974	465
974	476
974	507
974	521
974	557
974	575
974	610
974	611
974	614
974	620
974	648
974	651
974	667
974	678
974	684
974	688
974	708
974	729
974	739
974	759
974	808
974	810
974	817
974	843
974	872
974	873
974	874
974	888
974	889
974	901
974	924
974	938
974	953
974	986
975	23
975	65
975	139
975	161
975	175
975	189
975	232
975	275
975	280
975	367
975	402
975	426
975	454
975	528
975	534
975	561
975	588
975	622
975	643
975	654
975	661
975	663
975	674
975	691
975	709
975	720
975	737
975	744
975	750
975	757
975	762
975	787
975	788
975	811
975	821
975	830
975	861
975	869
975	875
975	880
975	887
975	894
975	900
975	907
975	941
975	947
975	953
975	962
975	967
975	973
975	988
975	995
975	997
976	22
976	49
976	66
976	124
976	156
976	179
976	201
976	230
976	322
976	331
976	336
976	348
976	381
976	419
976	432
976	435
976	445
976	449
976	467
976	480
976	513
976	561
976	562
976	584
976	596
976	600
976	664
976	670
976	706
976	722
976	723
976	733
976	739
976	743
976	751
976	758
976	760
976	796
976	800
976	828
976	858
976	893
976	895
976	897
976	922
976	934
976	935
976	936
976	942
976	948
976	950
976	952
976	987
976	994
977	40
977	264
977	306
977	399
977	407
977	457
977	560
977	564
977	593
977	601
977	631
977	637
977	685
977	699
977	714
977	715
977	725
977	733
977	752
977	765
977	776
977	797
977	807
977	813
977	814
977	825
977	853
977	855
977	871
977	881
977	904
977	906
977	915
977	925
977	931
977	944
977	945
977	949
977	956
977	957
977	965
977	982
977	989
977	990
977	992
977	997
977	998
978	51
978	93
978	130
978	195
978	234
978	290
978	307
978	317
978	375
978	379
978	393
978	428
978	473
978	478
978	532
978	565
978	592
978	594
978	603
978	623
978	627
978	645
978	679
978	693
978	705
978	732
978	759
978	812
978	826
978	834
978	852
978	878
978	894
978	908
978	913
978	916
978	919
978	923
978	926
978	928
978	933
978	934
978	937
978	939
978	957
978	966
978	968
978	970
978	972
978	983
978	985
978	991
978	992
978	995
979	7
979	18
979	58
979	90
979	98
979	100
979	120
979	207
979	236
979	243
979	248
979	304
979	313
979	377
979	390
979	403
979	443
979	458
979	460
979	464
979	475
979	490
979	503
979	553
979	583
979	628
979	630
979	632
979	681
979	686
979	694
979	697
979	700
979	766
979	769
979	770
979	777
979	778
979	785
979	819
979	836
979	845
979	854
979	858
979	859
979	907
979	910
979	921
979	927
979	941
979	958
979	959
979	961
979	982
979	983
980	29
980	113
980	132
980	158
980	162
980	172
980	222
980	225
980	245
980	346
980	400
980	401
980	451
980	452
980	462
980	481
980	498
980	499
980	519
980	543
980	556
980	567
980	599
980	621
980	624
980	656
980	668
980	675
980	707
980	719
980	728
980	738
980	740
980	745
980	753
980	762
980	772
980	784
980	790
980	791
980	794
980	795
980	802
980	806
980	823
980	867
980	898
980	912
980	920
980	927
980	949
980	954
980	958
980	984
980	985
980	988
980	990
981	44
981	147
981	193
981	297
981	368
981	404
981	486
981	491
981	545
981	549
981	634
981	640
981	649
981	662
981	665
981	666
981	669
981	673
981	698
981	748
981	756
981	763
981	773
981	775
981	780
981	781
981	793
981	822
981	835
981	838
981	840
981	841
981	846
981	857
981	876
981	883
981	884
981	890
981	911
981	917
981	918
981	929
981	940
981	945
981	955
981	966
981	967
981	969
981	970
981	971
981	973
981	986
981	990
981	993
981	996
981	999
981	1000
982	28
982	47
982	76
982	84
982	94
982	138
982	213
982	258
982	315
982	359
982	408
982	409
982	414
982	416
982	456
982	468
982	483
982	484
982	492
982	564
982	577
982	579
982	593
982	601
982	606
982	631
982	637
982	685
982	699
982	714
982	715
982	725
982	730
982	752
982	765
982	776
982	797
982	807
982	813
982	825
982	853
982	855
982	871
982	881
982	904
982	906
982	915
982	925
982	931
982	944
982	949
982	956
982	957
982	965
982	977
982	979
982	984
982	989
982	990
982	992
982	998
983	4
983	115
983	127
983	182
983	255
983	303
983	366
983	393
983	421
983	465
983	473
983	493
983	512
983	523
983	530
983	578
983	585
983	594
983	603
983	623
983	633
983	658
983	679
983	692
983	693
983	703
983	716
983	732
983	742
983	759
983	767
983	809
983	810
983	812
983	826
983	834
983	841
983	849
983	852
983	877
983	878
983	892
983	908
983	913
983	914
983	916
983	919
983	921
983	926
983	928
983	933
983	934
983	937
983	939
983	966
983	968
983	970
983	972
983	978
983	979
983	985
983	991
984	3
984	27
984	29
984	31
984	79
984	82
984	101
984	118
984	121
984	132
984	162
984	211
984	245
984	288
984	293
984	451
984	452
984	462
984	481
984	498
984	504
984	519
984	526
984	543
984	558
984	599
984	641
984	655
984	668
984	675
984	707
984	719
984	738
984	740
984	745
984	753
984	772
984	784
984	786
984	790
984	791
984	794
984	802
984	805
984	806
984	814
984	823
984	839
984	862
984	867
984	898
984	903
984	909
984	912
984	920
984	954
984	958
984	960
984	980
984	982
984	988
984	995
984	1000
985	4
985	53
985	80
985	170
985	209
985	235
985	307
985	309
985	350
985	376
985	393
985	410
985	421
985	422
985	437
985	473
985	517
985	530
985	533
985	538
985	565
985	578
985	585
985	594
985	603
985	633
985	638
985	642
985	645
985	679
985	680
985	693
985	705
985	712
985	716
985	732
985	734
985	738
985	742
985	801
985	809
985	812
985	826
985	829
985	849
985	852
985	864
985	878
985	908
985	913
985	914
985	919
985	923
985	926
985	928
985	933
985	934
985	937
985	966
985	968
985	970
985	972
985	978
985	980
985	983
985	991
986	12
986	32
986	62
986	74
986	75
986	125
986	150
986	163
986	193
986	199
986	212
986	218
986	256
986	300
986	302
986	368
986	411
986	478
986	491
986	495
986	496
986	549
986	568
986	608
986	634
986	640
986	644
986	649
986	666
986	673
986	721
986	722
986	748
986	756
986	763
986	768
986	773
986	774
986	780
986	781
986	782
986	789
986	822
986	824
986	829
986	840
986	841
986	857
986	876
986	883
986	884
986	890
986	917
986	918
986	929
986	940
986	955
986	967
986	969
986	971
986	973
986	974
986	981
986	990
986	991
986	993
986	996
986	999
986	1000
987	20
987	35
987	50
987	116
987	119
987	123
987	141
987	142
987	144
987	156
987	166
987	176
987	203
987	210
987	242
987	249
987	271
987	272
987	322
987	337
987	341
987	351
987	354
987	360
987	419
987	424
987	429
987	445
987	480
987	505
987	513
987	517
987	546
987	551
987	562
987	563
987	572
987	582
987	600
987	613
987	653
987	664
987	683
987	692
987	706
987	722
987	743
987	758
987	760
987	796
987	800
987	828
987	832
987	842
987	844
987	846
987	851
987	863
987	864
987	865
987	891
987	893
987	895
987	897
987	921
987	935
987	936
987	942
987	948
987	949
987	950
987	952
987	972
987	976
987	988
987	992
987	994
988	3
988	27
988	29
988	31
988	79
988	101
988	113
988	118
988	121
988	132
988	137
988	157
988	162
988	185
988	211
988	222
988	225
988	245
988	288
988	293
988	346
988	401
988	451
988	452
988	481
988	498
988	499
988	500
988	504
988	519
988	543
988	556
988	558
988	567
988	599
988	621
988	624
988	627
988	641
988	655
988	656
988	668
988	675
988	707
988	719
988	728
988	738
988	740
988	745
988	753
988	772
988	784
988	786
988	790
988	791
988	794
988	795
988	802
988	805
988	806
988	814
988	823
988	867
988	898
988	903
988	909
988	912
988	920
988	954
988	958
988	975
988	980
988	984
988	987
988	991
988	995
988	996
988	1000
989	9
989	26
989	28
989	46
989	70
989	87
989	88
989	136
989	160
989	228
989	254
989	291
989	306
989	321
989	339
989	349
989	364
989	407
989	408
989	409
989	416
989	468
989	483
989	484
989	488
989	492
989	509
989	515
989	524
989	527
989	552
989	560
989	564
989	577
989	579
989	593
989	601
989	606
989	631
989	637
989	678
989	685
989	699
989	714
989	715
989	721
989	725
989	752
989	765
989	776
989	797
989	807
989	813
989	825
989	850
989	853
989	855
989	871
989	878
989	881
989	882
989	904
989	906
989	915
989	922
989	925
989	931
989	942
989	944
989	949
989	956
989	957
989	965
989	977
989	982
989	990
989	992
989	998
990	9
990	46
990	54
990	61
990	69
990	76
990	84
990	94
990	128
990	169
990	254
990	264
990	281
990	291
990	315
990	339
990	349
990	352
990	359
990	374
990	407
990	409
990	415
990	423
990	456
990	457
990	468
990	483
990	488
990	492
990	509
990	515
990	524
990	527
990	552
990	560
990	564
990	577
990	579
990	593
990	601
990	606
990	631
990	637
990	685
990	699
990	714
990	715
990	725
990	752
990	765
990	776
990	797
990	807
990	813
990	818
990	825
990	853
990	855
990	871
990	881
990	902
990	904
990	906
990	915
990	925
990	931
990	944
990	949
990	956
990	957
990	964
990	965
990	977
990	980
990	981
990	982
990	986
990	989
990	992
990	993
990	998
991	53
991	89
991	92
991	115
991	127
991	130
991	141
991	164
991	169
991	195
991	235
991	260
991	276
991	292
991	307
991	309
991	317
991	366
991	369
991	375
991	376
991	421
991	422
991	428
991	430
991	433
991	440
991	470
991	471
991	473
991	493
991	517
991	530
991	532
991	552
991	565
991	585
991	603
991	633
991	642
991	645
991	658
991	679
991	680
991	692
991	703
991	716
991	732
991	734
991	742
991	759
991	767
991	809
991	810
991	812
991	826
991	834
991	849
991	852
991	859
991	878
991	900
991	908
991	913
991	914
991	916
991	919
991	923
991	926
991	928
991	933
991	934
991	937
991	939
991	951
991	966
991	968
991	970
991	972
991	978
991	983
991	985
991	986
991	988
991	997
992	26
992	40
992	46
992	47
992	54
992	69
992	84
992	87
992	88
992	128
992	149
992	191
992	228
992	254
992	258
992	281
992	291
992	306
992	315
992	321
992	339
992	349
992	352
992	359
992	364
992	374
992	408
992	409
992	415
992	416
992	423
992	456
992	457
992	468
992	483
992	484
992	488
992	492
992	509
992	515
992	524
992	527
992	552
992	560
992	564
992	577
992	579
992	593
992	601
992	606
992	631
992	637
992	685
992	699
992	714
992	715
992	725
992	752
992	765
992	776
992	797
992	807
992	813
992	825
992	853
992	855
992	869
992	871
992	880
992	881
992	904
992	906
992	915
992	919
992	925
992	931
992	944
992	949
992	955
992	956
992	957
992	961
992	965
992	977
992	978
992	982
992	987
992	989
992	990
992	998
992	1000
993	19
993	32
993	75
993	82
993	111
993	150
993	163
993	167
993	174
993	200
993	205
993	218
993	237
993	246
993	262
993	265
993	289
993	294
993	300
993	310
993	356
993	382
993	383
993	384
993	395
993	411
993	441
993	478
993	486
993	491
993	518
993	542
993	554
993	559
993	560
993	591
993	608
993	609
993	619
993	625
993	649
993	652
993	662
993	665
993	666
993	669
993	673
993	721
993	727
993	748
993	755
993	756
993	763
993	774
993	775
993	781
993	782
993	789
993	793
993	816
993	822
993	824
993	829
993	835
993	837
993	838
993	840
993	870
993	876
993	884
993	890
993	894
993	917
993	918
993	920
993	925
993	929
993	937
993	940
993	945
993	952
993	955
993	967
993	969
993	971
993	973
993	981
993	986
993	990
993	996
993	999
993	1000
994	12
994	35
994	67
994	74
994	85
994	86
994	91
994	116
994	123
994	124
994	142
994	144
994	146
994	156
994	166
994	176
994	201
994	210
994	215
994	242
994	249
994	259
994	283
994	324
994	336
994	337
994	348
994	353
994	354
994	360
994	381
994	414
994	419
994	424
994	432
994	435
994	445
994	495
994	505
994	511
994	531
994	539
994	540
994	546
994	547
994	551
994	562
994	563
994	582
994	600
994	639
994	664
994	670
994	677
994	699
994	706
994	718
994	722
994	723
994	725
994	733
994	754
994	758
994	791
994	800
994	827
994	828
994	832
994	842
994	844
994	846
994	851
994	863
994	864
994	889
994	891
994	893
994	895
994	897
994	922
994	923
994	925
994	931
994	935
994	936
994	942
994	948
994	950
994	952
994	976
994	987
994	997
995	6
995	16
995	23
995	33
995	41
995	48
995	81
995	95
995	125
995	126
995	135
995	155
995	175
995	198
995	214
995	221
995	232
995	233
995	263
995	277
995	296
995	299
995	303
995	340
995	363
995	365
995	367
995	385
995	391
995	426
995	455
995	508
995	514
995	520
995	528
995	544
995	584
995	604
995	629
995	636
995	643
995	650
995	657
995	661
995	663
995	674
995	676
995	691
995	696
995	709
995	720
995	724
995	741
995	744
995	746
995	747
995	749
995	757
995	761
995	762
995	771
995	787
995	792
995	801
995	811
995	818
995	820
995	821
995	850
995	860
995	869
995	875
995	880
995	887
995	894
995	897
995	900
995	935
995	936
995	941
995	946
995	947
995	953
995	956
995	960
995	962
995	975
995	978
995	984
995	988
995	996
995	997
996	44
996	108
996	150
996	157
996	165
996	167
996	188
996	193
996	212
996	216
996	237
996	262
996	288
996	289
996	300
996	302
996	308
996	310
996	328
996	356
996	368
996	384
996	395
996	427
996	441
996	446
996	477
996	478
996	489
996	506
996	518
996	545
996	554
996	566
996	576
996	591
996	608
996	619
996	625
996	635
996	640
996	662
996	665
996	666
996	669
996	673
996	711
996	755
996	756
996	763
996	768
996	773
996	774
996	775
996	780
996	782
996	789
996	793
996	816
996	821
996	822
996	824
996	829
996	835
996	837
996	840
996	841
996	857
996	871
996	876
996	882
996	883
996	884
996	890
996	917
996	918
996	927
996	934
996	936
996	940
996	945
996	955
996	967
996	969
996	971
996	973
996	981
996	986
996	988
996	993
996	995
996	999
996	1000
997	5
997	11
997	33
997	45
997	49
997	83
997	96
997	153
997	159
997	161
997	173
997	197
997	198
997	220
997	244
997	277
997	285
997	296
997	299
997	303
997	320
997	347
997	391
997	392
997	402
997	413
997	418
997	426
997	448
997	450
997	454
997	455
997	497
997	514
997	523
997	534
997	536
997	538
997	561
997	569
997	573
997	587
997	588
997	595
997	598
997	605
997	612
997	617
997	622
997	629
997	643
997	654
997	663
997	674
997	691
997	696
997	709
997	720
997	731
997	746
997	747
997	749
997	761
997	762
997	771
997	788
997	792
997	811
997	818
997	820
997	830
997	850
997	860
997	861
997	869
997	870
997	875
997	880
997	887
997	894
997	900
997	903
997	941
997	946
997	947
997	953
997	962
997	975
997	977
997	991
997	994
997	995
997	998
997	999
998	9
998	26
998	28
998	40
998	47
998	54
998	61
998	69
998	76
998	87
998	88
998	94
998	128
998	136
998	160
998	189
998	191
998	217
998	228
998	258
998	264
998	281
998	291
998	306
998	315
998	321
998	339
998	349
998	352
998	359
998	364
998	374
998	408
998	415
998	416
998	423
998	456
998	457
998	468
998	483
998	484
998	488
998	492
998	509
998	515
998	524
998	527
998	552
998	560
998	564
998	576
998	577
998	579
998	593
998	601
998	606
998	631
998	637
998	665
998	681
998	685
998	699
998	714
998	715
998	725
998	752
998	758
998	765
998	776
998	797
998	807
998	813
998	825
998	853
998	855
998	871
998	881
998	904
998	906
998	915
998	925
998	931
998	943
998	944
998	949
998	954
998	956
998	957
998	965
998	977
998	982
998	989
998	990
998	992
998	997
999	70
999	75
999	108
999	111
999	147
999	174
999	188
999	190
999	199
999	200
999	218
999	268
999	270
999	286
999	294
999	297
999	300
999	308
999	356
999	404
999	427
999	441
999	477
999	491
999	495
999	496
999	506
999	518
999	529
999	542
999	549
999	554
999	566
999	568
999	576
999	608
999	609
999	619
999	625
999	634
999	635
999	640
999	644
999	649
999	652
999	658
999	659
999	666
999	669
999	698
999	721
999	724
999	737
999	747
999	748
999	756
999	768
999	774
999	775
999	780
999	781
999	782
999	822
999	824
999	829
999	835
999	837
999	838
999	840
999	841
999	857
999	876
999	881
999	883
999	884
999	890
999	917
999	918
999	929
999	940
999	945
999	946
999	950
999	951
999	955
999	967
999	969
999	971
999	973
999	981
999	986
999	993
999	996
999	997
999	1000
1000	19
1000	32
1000	36
1000	62
1000	108
1000	111
1000	136
1000	157
1000	190
1000	200
1000	205
1000	216
1000	237
1000	250
1000	261
1000	294
1000	297
1000	302
1000	308
1000	311
1000	325
1000	328
1000	334
1000	342
1000	382
1000	384
1000	404
1000	477
1000	486
1000	489
1000	496
1000	497
1000	506
1000	518
1000	542
1000	545
1000	554
1000	566
1000	576
1000	591
1000	619
1000	625
1000	634
1000	635
1000	640
1000	644
1000	652
1000	659
1000	662
1000	665
1000	667
1000	669
1000	673
1000	698
1000	716
1000	721
1000	748
1000	756
1000	763
1000	774
1000	780
1000	781
1000	782
1000	789
1000	793
1000	816
1000	822
1000	824
1000	829
1000	835
1000	837
1000	838
1000	840
1000	841
1000	857
1000	881
1000	883
1000	890
1000	917
1000	918
1000	929
1000	940
1000	945
1000	955
1000	956
1000	967
1000	969
1000	971
1000	973
1000	981
1000	984
1000	986
1000	988
1000	992
1000	993
1000	996
1000	999
