1	942
1	986
1	990
2	950
2	987
2	1000
3	926
3	977
3	985
4	695
4	841
4	962
5	975
5	987
5	999
6	911
6	965
6	985
7	541
7	974
7	996
8	860
8	868
8	977
9	520
9	938
9	993
10	629
10	967
10	970
11	979
11	990
11	998
12	940
12	941
12	997
13	253
13	679
13	997
14	458
14	987
14	1000
15	945
15	962
15	980
16	407
16	977
16	985
17	754
17	936
17	946
18	973
18	987
18	1000
19	368
19	964
19	984
20	53
20	999
20	1000
21	678
21	892
21	997
22	233
22	278
22	980
23	924
23	960
23	994
24	949
24	983
24	988
25	685
25	972
25	981
26	712
26	928
26	930
27	903
27	915
27	978
28	836
28	962
28	991
29	952
29	972
29	981
30	438
30	853
30	954
31	587
31	993
31	997
32	904
32	927
32	969
33	192
33	960
33	993
34	785
34	868
34	956
35	887
35	955
35	957
36	948
36	971
36	975
37	977
37	985
37	998
38	869
38	979
38	995
39	919
39	961
39	971
40	982
40	997
40	998
41	393
41	586
41	835
42	874
42	986
42	990
43	901
43	999
43	1000
44	984
44	987
44	1000
45	834
45	962
45	980
46	990
46	992
46	995
47	529
47	988
47	989
48	538
48	816
48	931
49	866
49	976
49	978
50	911
50	977
50	985
51	663
51	961
51	971
52	729
52	912
52	997
53	20
53	729
53	999
54	873
54	907
54	999
55	936
55	943
55	946
56	956
56	965
56	977
57	237
57	540
57	988
58	986
58	992
58	995
59	366
59	758
59	979
60	749
60	918
60	988
61	816
61	946
61	983
62	736
62	952
62	981
63	541
63	887
63	991
64	989
64	996
64	998
65	986
65	996
65	998
66	951
66	974
66	996
67	311
67	937
67	970
68	872
68	948
68	993
69	695
69	961
69	971
70	964
70	987
70	999
71	673
71	937
71	999
72	485
72	980
72	991
73	937
73	950
73	1000
74	852
74	891
74	974
75	370
75	986
75	996
76	966
76	976
76	978
77	172
77	880
77	988
78	968
78	976
78	978
79	898
79	903
79	922
80	387
80	922
80	994
81	848
81	964
81	1000
82	685
82	736
82	786
83	774
83	950
83	999
84	235
84	948
84	971
85	592
85	862
85	980
86	956
86	977
86	985
87	579
87	783
87	993
88	793
88	852
88	991
89	274
89	990
89	996
90	851
90	901
90	936
91	668
91	921
91	994
92	666
92	842
92	948
93	743
93	807
93	981
94	715
94	972
94	981
95	907
95	974
95	998
96	571
96	883
96	991
97	835
97	842
97	971
98	992
98	993
98	998
99	600
99	730
99	985
100	865
100	898
100	994
101	986
101	992
101	995
102	847
102	983
102	988
103	881
103	938
103	970
104	401
104	799
104	921
105	473
105	983
105	988
106	475
106	822
106	996
107	984
107	999
107	1000
108	902
108	959
108	991
109	379
109	802
109	991
110	966
110	968
110	978
111	520
111	701
111	881
112	950
112	999
112	1000
113	974
113	992
113	995
114	784
114	902
114	955
115	948
115	960
115	994
116	982
116	986
116	992
117	878
117	965
117	985
118	973
118	999
118	1000
119	904
119	919
119	971
120	397
120	744
120	928
121	863
121	868
121	965
122	871
122	975
122	999
123	677
123	969
123	990
124	674
124	891
124	992
125	566
125	972
125	981
126	442
126	993
126	997
127	603
127	890
127	983
128	322
128	943
128	989
129	743
129	952
129	981
130	172
130	962
130	980
131	765
131	972
131	981
132	911
132	965
132	985
133	817
133	864
133	965
134	949
134	988
134	989
135	745
135	977
135	985
136	844
136	987
136	994
137	909
137	925
137	995
138	794
138	898
138	994
139	510
139	904
139	906
140	953
140	987
140	1000
141	767
141	947
141	994
142	712
142	958
142	978
143	385
143	972
143	981
144	888
144	934
144	993
145	833
145	972
145	981
146	872
146	961
146	989
147	969
147	974
147	979
148	968
148	976
148	978
149	936
149	940
149	993
150	306
150	877
150	996
151	956
151	977
151	985
152	673
152	975
152	984
153	946
153	949
153	989
154	692
154	971
154	991
155	393
155	875
155	888
156	649
156	889
156	991
157	958
157	976
157	978
158	752
158	943
158	988
159	915
159	966
159	976
160	934
160	993
160	997
161	656
161	910
161	997
162	858
162	957
162	997
163	987
163	999
163	1000
164	790
164	946
164	988
165	966
165	976
165	978
166	571
166	740
166	991
167	712
167	908
167	967
168	466
168	675
168	861
169	205
169	980
169	993
170	876
170	909
170	985
171	952
171	972
171	981
172	77
172	130
172	800
173	640
173	804
173	994
174	924
174	955
174	957
175	750
175	882
175	985
176	944
176	973
176	1000
177	913
177	976
177	978
178	964
178	984
178	999
179	953
179	966
179	978
180	926
180	977
180	985
181	857
181	972
181	981
182	974
182	990
182	996
183	900
183	968
183	976
184	936
184	988
184	989
185	857
185	952
185	981
186	611
186	929
186	994
187	819
187	911
187	965
188	563
188	944
188	970
189	872
189	919
189	971
190	973
190	975
190	1000
191	734
191	961
191	971
192	33
192	878
192	888
193	918
193	952
193	981
194	590
194	855
194	952
195	969
195	974
195	998
196	964
196	984
196	987
197	606
197	929
197	933
198	377
198	910
198	928
199	953
199	999
199	1000
200	350
200	925
200	993
201	826
201	934
201	944
202	797
202	941
202	967
203	388
203	984
203	998
204	865
204	878
204	997
205	169
205	972
205	997
206	818
206	882
206	926
207	389
207	827
207	983
208	918
208	989
208	996
209	886
209	988
209	991
210	340
210	743
210	981
211	407
211	832
211	989
212	926
212	948
212	961
213	526
213	875
213	954
214	316
214	945
214	980
215	825
215	954
215	993
216	861
216	890
216	988
217	918
217	931
217	943
218	544
218	967
218	993
219	916
219	979
219	998
220	927
220	947
220	994
221	951
221	974
221	992
222	273
222	970
222	993
223	921
223	960
223	994
224	901
224	983
224	989
225	704
225	972
225	981
226	898
226	903
226	994
227	494
227	992
227	995
228	849
228	982
228	992
229	554
229	946
229	963
230	883
230	952
230	976
231	621
231	684
231	785
232	371
232	925
232	996
233	22
233	476
233	879
234	649
234	962
234	991
235	84
235	842
235	961
236	975
236	999
236	1000
237	57
237	995
237	996
238	617
238	958
238	978
239	806
239	810
239	971
240	877
240	948
240	971
241	849
241	958
241	978
242	875
242	888
242	944
243	512
243	890
243	983
244	784
244	804
244	960
245	907
245	986
245	996
246	956
246	977
246	985
247	933
247	960
247	994
248	990
248	996
248	998
249	968
249	976
249	978
250	949
250	988
250	989
251	916
251	935
251	956
252	952
252	972
252	981
253	13
253	811
253	993
254	856
254	999
254	1000
255	971
255	987
255	999
256	965
256	977
256	985
257	460
257	829
257	920
258	435
258	756
258	807
259	348
259	812
259	952
260	552
260	818
260	998
261	715
261	955
261	981
262	966
262	976
262	978
263	653
263	826
263	997
264	745
264	817
264	977
265	829
265	938
265	982
266	898
266	947
266	994
267	975
267	984
267	999
268	864
268	885
268	988
269	823
269	960
269	994
270	794
270	960
270	976
271	941
271	988
271	997
272	866
272	979
272	992
273	222
273	982
273	990
274	89
274	990
274	995
275	532
275	959
275	991
276	992
276	995
276	996
277	577
277	973
277	1000
278	22
278	987
278	999
279	908
279	944
279	997
280	966
280	968
280	976
281	590
281	756
281	981
282	968
282	976
282	978
283	836
283	945
283	957
284	958
284	968
284	978
285	771
285	903
285	994
286	926
286	956
286	977
287	915
287	958
287	966
288	811
288	940
288	993
289	396
289	886
289	991
290	909
290	956
290	985
291	992
291	997
291	998
292	965
292	977
292	985
293	902
293	959
293	991
294	765
294	885
294	901
295	360
295	850
295	985
296	449
296	752
296	954
297	953
297	999
297	1000
298	955
298	980
298	991
299	888
299	993
299	997
300	908
300	934
300	993
301	354
301	876
301	956
302	958
302	966
302	968
303	799
303	854
303	994
304	835
304	842
304	971
305	690
305	834
305	963
305	983
306	150
306	979
306	982
306	996
307	429
307	858
307	944
307	992
308	315
308	460
308	938
308	970
309	891
309	982
309	986
309	992
310	867
310	979
310	990
310	996
311	67
311	797
311	994
311	997
312	992
312	995
312	996
312	998
313	979
313	986
313	992
313	998
314	768
314	854
314	903
314	994
315	308
315	429
315	954
315	970
316	214
316	737
316	945
316	980
317	830
317	923
317	966
317	968
318	833
318	952
318	972
318	981
319	599
319	722
319	959
319	980
320	540
320	651
320	992
320	996
321	338
321	720
321	919
321	948
322	128
322	890
322	988
322	989
323	620
323	893
323	986
323	990
324	975
324	985
324	999
324	1000
325	657
325	975
325	987
325	999
326	605
326	951
326	986
326	990
327	756
327	952
327	972
327	981
328	555
328	935
328	982
328	992
329	834
329	887
329	957
329	980
330	879
330	884
330	995
330	998
331	381
331	678
331	798
331	878
332	969
332	990
332	996
332	998
333	812
333	860
333	864
333	977
334	680
334	973
334	999
334	1000
335	698
335	967
335	985
335	997
336	792
336	947
336	960
336	994
337	860
337	909
337	956
337	985
338	321
338	948
338	961
338	971
339	718
339	952
339	972
339	981
340	210
340	867
340	972
340	981
341	792
341	947
341	960
341	994
342	959
342	966
342	980
342	991
343	639
343	984
343	999
343	1000
344	973
344	990
344	992
344	996
345	843
345	937
345	999
345	1000
346	912
346	967
346	992
346	993
347	942
347	995
347	996
347	998
348	259
348	385
348	715
348	952
349	518
349	650
349	765
349	952
350	200
350	908
350	930
350	941
351	940
351	944
351	954
351	997
352	906
352	919
352	961
352	971
353	394
353	872
353	961
353	971
354	301
354	615
354	933
354	994
355	941
355	973
355	987
355	999
356	898
356	947
356	960
356	994
357	979
357	986
357	991
357	998
358	864
358	965
358	977
358	985
359	668
359	929
359	966
359	994
360	295
360	711
360	739
360	985
361	900
361	923
361	976
361	982
362	932
362	987
362	999
362	1000
363	974
363	990
363	992
363	996
364	871
364	984
364	999
364	1000
365	631
365	741
365	930
365	997
366	59
366	935
366	992
366	996
367	831
367	937
367	973
367	1000
368	19
368	964
368	973
368	984
369	575
369	833
369	962
369	991
370	75
370	907
370	995
370	998
371	232
371	593
371	982
371	998
372	494
372	922
372	979
372	998
373	649
373	990
373	996
373	998
374	670
374	844
374	922
374	994
375	810
375	990
375	992
375	998
376	387
376	406
376	741
376	905
377	198
377	751
377	967
377	993
378	853
378	936
378	988
378	989
379	109
379	860
379	977
379	985
380	531
380	659
380	951
380	996
381	331
381	838
381	853
381	993
382	915
382	956
382	963
382	985
383	979
383	982
383	986
383	995
384	653
384	699
384	783
384	993
385	143
385	348
385	952
385	981
386	835
386	872
386	961
386	971
387	80
387	376
387	894
387	967
388	203
388	942
388	986
388	992
389	207
389	551
389	749
389	983
390	863
390	892
390	956
390	985
391	647
391	951
391	984
391	992
392	784
392	830
392	980
392	991
393	41
393	155
393	888
393	994
394	353
394	796
394	919
394	971
395	676
395	812
395	855
395	981
396	289
396	644
396	886
396	957
397	120
397	958
397	968
397	976
398	539
398	636
398	893
398	982
399	837
399	984
399	987
399	1000
400	783
400	967
400	970
400	993
401	104
401	709
401	983
401	988
402	925
402	942
402	996
402	998
403	687
403	907
403	935
403	980
404	449
404	980
404	993
404	997
405	867
405	929
405	960
405	994
406	376
406	908
406	928
406	965
407	16
407	211
407	965
407	985
408	550
408	873
408	990
408	998
409	797
409	912
409	941
409	997
410	824
410	994
410	995
410	998
411	931
411	943
411	983
411	989
412	741
412	910
412	941
412	993
413	441
413	918
413	963
413	988
414	467
414	832
414	917
414	963
415	622
415	749
415	988
415	989
416	560
416	962
416	963
416	988
417	964
417	984
417	987
417	989
418	759
418	906
418	948
418	971
419	565
419	901
419	920
419	949
420	700
420	987
420	999
420	1000
421	719
421	906
421	961
421	971
422	462
422	952
422	972
422	981
423	868
423	892
423	965
423	985
424	952
424	961
424	972
424	981
425	761
425	940
425	983
425	988
426	695
426	959
426	980
426	991
427	659
427	839
427	907
427	996
428	908
428	912
428	954
428	967
429	307
429	315
429	576
429	940
430	939
430	986
430	990
430	995
431	859
431	909
431	911
431	965
432	774
432	937
432	999
432	1000
433	875
433	934
433	944
433	954
434	812
434	857
434	972
434	981
435	258
435	949
435	972
435	981
436	974
436	986
436	996
436	998
437	851
437	936
437	983
437	989
438	30
438	930
438	985
438	997
439	974
439	990
439	992
439	996
440	537
440	856
440	940
440	997
441	413
441	598
441	851
441	901
442	126
442	763
442	858
442	894
443	769
443	873
443	916
443	986
444	716
444	723
444	808
444	824
445	883
445	966
445	968
445	978
446	868
446	926
446	977
446	985
447	497
447	945
447	962
447	991
448	917
448	946
448	989
448	990
449	296
449	404
449	773
449	993
450	716
450	901
450	917
450	989
451	775
451	796
451	872
451	906
452	727
452	959
452	980
452	991
453	519
453	643
453	929
453	994
454	873
454	907
454	979
454	990
455	900
455	913
455	966
455	978
456	675
456	931
456	963
456	988
457	615
457	947
457	960
457	994
458	14
458	861
458	946
458	988
459	671
459	837
459	928
459	940
460	257
460	308
460	739
460	997
461	780
461	865
461	921
461	994
462	422
462	641
462	678
462	981
463	547
463	894
463	912
463	997
464	641
464	650
464	952
464	972
465	851
465	885
465	931
465	983
465	989
466	168
466	918
466	988
466	989
466	998
467	414
467	975
467	984
467	987
467	999
468	700
468	858
468	910
468	975
468	997
469	925
469	992
469	995
469	996
469	998
470	906
470	929
470	948
470	961
470	971
471	478
471	567
471	967
471	992
471	998
472	880
472	912
472	949
472	963
472	983
473	105
473	949
473	983
473	988
473	989
474	928
474	944
474	954
474	993
474	997
475	106
475	511
475	857
475	955
475	991
476	233
476	836
476	889
476	957
476	969
477	935
477	939
477	982
477	990
477	998
478	471
478	935
478	992
478	995
478	996
479	937
479	948
479	953
479	999
479	1000
480	883
480	969
480	992
480	996
480	998
481	869
481	951
481	974
481	994
481	995
482	896
482	912
482	928
482	940
482	993
483	973
483	984
483	987
483	995
483	999
484	509
484	877
484	948
484	961
484	971
485	72
485	814
485	979
485	996
485	998
486	916
486	982
486	986
486	990
486	995
487	862
487	889
487	924
487	980
487	991
488	739
488	911
488	956
488	977
488	985
489	822
489	825
489	984
489	999
489	1000
490	900
490	942
490	979
490	995
490	998
491	811
491	910
491	954
491	967
491	997
492	782
492	872
492	919
492	948
492	961
493	913
493	915
493	966
493	968
493	976
494	227
494	372
494	623
494	974
494	990
495	755
495	942
495	966
495	976
495	978
496	839
496	840
496	937
496	987
496	1000
497	447
497	946
497	955
497	959
497	991
498	655
498	747
498	850
498	922
498	947
499	827
499	946
499	949
499	988
499	989
500	973
500	975
500	987
500	999
500	1000
501	821
501	898
501	929
501	933
501	994
502	662
502	844
502	960
502	994
502	1000
503	931
503	943
503	963
503	988
503	989
504	844
504	854
504	865
504	929
504	994
505	791
505	973
505	975
505	987
505	999
506	570
506	574
506	929
506	960
506	994
507	649
507	945
507	955
507	959
507	991
508	890
508	931
508	934
508	988
508	989
509	484
509	739
509	892
509	911
509	977
510	139
510	606
510	781
510	947
510	994
511	475
511	862
511	945
511	957
511	980
512	243
512	756
512	827
512	931
512	988
513	932
513	964
513	984
513	999
513	1000
514	848
514	975
514	984
514	987
514	1000
515	791
515	819
515	877
515	948
515	961
516	916
516	937
516	984
516	987
516	1000
517	579
517	941
517	943
517	970
517	997
518	349
518	705
518	786
518	972
518	981
519	453
519	865
519	922
519	933
519	994
520	9
520	111
520	940
520	941
520	970
521	528
521	684
521	928
521	934
521	993
522	732
522	889
522	906
522	957
522	980
523	863
523	864
523	882
523	885
523	911
524	665
524	855
524	942
524	972
524	981
525	791
525	911
525	917
525	943
525	989
526	213
526	693
526	896
526	912
526	993
527	950
527	975
527	984
527	999
527	1000
528	521
528	589
528	741
528	795
528	928
529	47
529	859
529	882
529	956
529	977
530	966
530	975
530	987
530	999
530	1000
531	380
531	687
531	935
531	969
531	990
532	275
532	802
532	889
532	959
532	980
533	656
533	935
533	979
533	990
533	992
534	568
534	883
534	914
534	958
534	976
535	641
535	765
535	857
535	929
535	981
536	924
536	945
536	955
536	959
536	991
537	440
537	781
537	896
537	934
537	967
538	48
538	709
538	724
538	988
538	989
539	398
539	699
539	881
539	934
539	997
540	57
540	320
540	969
540	990
540	995
541	7
541	63
541	770
541	793
541	980
542	924
542	973
542	975
542	984
542	987
543	923
543	964
543	975
543	984
543	1000
544	218
544	629
544	701
544	783
544	938
545	730
545	859
545	926
545	965
545	985
546	827
546	880
546	963
546	983
546	989
547	463
547	826
547	888
547	930
547	1000
548	606
548	650
548	857
548	972
548	981
549	914
549	966
549	968
549	976
549	978
550	408
550	914
550	968
550	976
550	978
551	389
551	562
551	772
551	841
551	980
551	991
552	260
552	614
552	781
552	794
552	823
552	994
553	863
553	882
553	909
553	956
553	965
553	985
554	229
554	721
554	885
554	949
554	983
554	989
555	328
555	631
555	808
555	939
555	982
555	998
556	866
556	893
556	979
556	986
556	990
556	995
557	732
557	802
557	886
557	902
557	924
557	980
558	599
558	836
558	945
558	955
558	962
558	991
559	573
559	797
559	910
559	939
559	967
559	970
560	416
560	838
560	963
560	983
560	988
560	989
561	939
561	975
561	982
561	992
561	995
561	996
562	551
562	839
562	852
562	924
562	959
562	991
563	188
563	905
563	932
563	944
563	954
563	997
564	630
564	640
564	717
564	856
564	967
564	997
565	419
565	863
565	864
565	911
565	965
565	977
566	125
566	705
566	718
566	855
566	972
566	981
567	471
567	776
567	802
567	969
567	986
567	996
568	534
568	914
568	923
568	966
568	968
568	978
569	973
569	975
569	984
569	987
569	999
569	1000
570	506
570	733
570	900
570	958
570	976
570	978
571	96
571	166
571	772
571	793
571	889
571	991
572	709
572	806
572	861
572	943
572	963
572	983
573	559
573	701
573	928
573	941
573	970
573	990
574	506
574	903
574	922
574	933
574	994
574	998
575	369
575	770
575	945
575	955
575	959
575	980
576	429
576	853
576	881
576	894
576	944
576	954
577	277
577	982
577	986
577	992
577	995
577	996
578	726
578	827
578	958
578	968
578	976
578	978
579	87
579	517
579	630
579	905
579	970
579	997
580	849
580	923
580	930
580	958
580	968
580	976
581	729
581	940
581	941
581	953
581	993
581	997
582	877
582	891
582	904
582	919
582	961
582	971
583	709
583	897
583	901
583	936
583	943
583	983
584	693
584	740
584	772
584	945
584	962
584	991
585	821
585	839
585	979
585	995
585	996
585	998
586	41
586	692
586	842
586	899
586	948
586	961
587	31
587	751
587	806
587	815
587	954
587	997
588	684
588	817
588	858
588	894
588	967
588	970
589	528
589	709
589	908
589	940
589	944
589	993
590	194
590	281
590	609
590	807
590	972
590	981
591	863
591	864
591	882
591	892
591	977
591	985
592	85
592	934
592	940
592	967
592	993
592	997
593	371
593	876
593	882
593	909
593	956
593	985
594	883
594	913
594	949
594	968
594	976
594	978
595	627
595	923
595	966
595	968
595	976
595	978
596	784
596	836
596	889
596	955
596	957
596	959
597	625
597	863
597	926
597	965
597	977
597	985
598	441
598	890
598	946
598	983
598	988
598	989
599	319
599	558
599	740
599	902
599	945
599	957
600	99
600	873
600	892
600	965
600	977
600	985
601	835
601	877
601	919
601	948
601	961
601	971
602	717
602	770
602	879
602	945
602	959
602	980
603	127
603	905
603	963
603	983
603	988
603	989
604	827
604	918
604	920
604	949
604	983
604	989
605	326
605	642
605	760
605	982
605	986
605	998
606	197
606	510
606	548
606	804
606	823
606	947
607	805
607	901
607	917
607	936
607	943
607	983
608	867
608	884
608	979
608	982
608	990
608	995
609	590
609	859
609	868
609	876
609	965
609	977
610	760
610	851
610	917
610	936
610	983
610	989
611	186
611	655
611	725
611	921
611	960
611	994
612	877
612	906
612	919
612	955
612	961
612	971
613	884
613	927
613	982
613	986
613	990
613	993
614	552
614	640
614	823
614	921
614	944
614	994
615	354
615	457
615	820
615	898
615	921
615	994
616	798
616	826
616	837
616	905
616	993
616	997
617	238
617	693
617	810
617	837
617	938
617	970
618	913
618	915
618	923
618	966
618	976
618	978
619	916
619	925
619	927
619	974
619	986
619	995
620	323
620	816
620	890
620	901
620	949
620	989
621	231
621	750
621	868
621	954
621	977
621	985
622	415
622	838
622	844
622	885
622	901
622	989
623	494
623	663
623	835
623	904
623	919
623	971
624	870
624	937
624	964
624	973
624	984
624	1000
625	597
625	745
625	909
625	965
625	977
625	985
626	672
626	731
626	762
626	972
626	983
626	988
627	595
627	843
627	949
627	958
627	968
627	978
628	770
628	914
628	915
628	958
628	976
628	978
629	10
629	544
629	651
629	815
629	944
629	997
630	564
630	579
630	741
630	806
630	858
630	993
631	365
631	555
631	969
631	979
631	982
631	992
632	758
632	950
632	973
632	984
632	987
632	1000
633	700
633	806
633	856
633	875
633	938
633	978
634	725
634	942
634	970
634	982
634	986
634	995
635	666
635	904
635	906
635	914
635	919
635	971
636	398
636	893
636	974
636	982
636	992
636	996
636	998
637	861
637	920
637	931
637	936
637	949
637	988
637	989
638	805
638	869
638	969
638	982
638	992
638	995
638	998
639	343
639	897
639	950
639	975
639	987
639	999
639	1000
640	173
640	564
640	614
640	823
640	844
640	903
640	933
641	462
641	464
641	535
641	723
641	786
641	972
641	981
642	605
642	809
642	893
642	986
642	990
642	995
642	998
643	453
643	683
643	844
643	850
643	903
643	960
643	994
644	396
644	799
644	804
644	854
644	933
644	947
644	994
645	899
645	937
645	950
645	984
645	987
645	999
645	1000
646	810
646	851
646	918
646	946
646	949
646	963
646	983
647	391
647	891
647	979
647	982
647	992
647	995
647	998
648	895
648	932
648	953
648	964
648	987
648	999
648	1000
649	156
649	234
649	373
649	507
649	879
649	959
649	980
650	349
650	464
650	548
650	860
650	952
650	972
650	981
651	320
651	629
651	699
651	896
651	928
651	970
651	993
652	729
652	826
652	928
652	941
652	960
652	970
652	993
653	263
653	384
653	878
653	908
653	928
653	993
653	997
654	950
654	953
654	973
654	975
654	984
654	987
654	999
655	498
655	611
655	660
655	799
655	903
655	933
655	994
656	161
656	533
656	664
656	758
656	986
656	992
656	995
657	325
657	953
657	964
657	975
657	987
657	999
657	1000
658	789
658	953
658	964
658	973
658	974
658	984
658	987
659	380
659	427
659	916
659	985
659	990
659	992
659	995
660	655
660	670
660	762
660	850
660	854
660	929
660	994
661	829
661	875
661	896
661	905
661	928
661	940
661	954
662	502
662	854
662	898
662	933
662	947
662	994
662	1000
663	51
663	623
663	666
663	734
663	879
663	961
663	971
664	656
664	694
664	867
664	927
664	933
664	982
664	986
665	524
665	756
665	857
665	913
665	952
665	972
665	981
666	92
666	635
666	663
666	872
666	904
666	971
666	975
667	824
667	925
667	927
667	951
667	979
667	990
667	998
668	91
668	359
668	794
668	898
668	933
668	950
668	994
669	806
669	810
669	894
669	930
669	944
669	967
669	997
670	374
670	660
670	921
670	922
670	947
670	960
670	994
671	459
671	853
671	858
671	872
671	954
671	970
671	993
672	626
672	731
672	897
672	912
672	917
672	920
672	963
673	71
673	152
673	870
673	973
673	988
673	999
673	1000
674	124
674	869
674	927
674	971
674	979
674	982
674	996
675	168
675	456
675	688
675	920
675	963
675	988
675	989
676	395
676	839
676	969
676	986
676	992
676	995
676	996
677	123
677	787
677	873
677	969
677	990
677	995
677	996
678	21
678	331
678	462
678	912
678	941
678	967
678	997
679	13
679	742
679	751
679	773
679	815
679	853
679	944
680	334
680	961
680	973
680	975
680	984
680	999
680	1000
681	746
681	778
681	871
681	932
681	975
681	999
681	1000
682	715
682	736
682	807
682	833
682	855
682	937
682	972
683	643
683	846
683	914
683	915
683	958
683	966
683	978
684	231
684	521
684	588
684	856
684	881
684	934
684	938
685	25
685	82
685	756
685	935
685	952
685	972
685	981
686	915
686	923
686	958
686	966
686	968
686	976
686	978
687	403
687	531
687	873
687	907
687	927
687	969
687	979
688	675
688	883
688	914
688	966
688	968
688	976
688	978
689	766
689	779
689	822
689	887
689	889
689	924
689	945
689	962
690	305
690	897
690	920
690	934
690	936
690	963
690	988
690	989
691	827
691	863
691	909
691	926
691	956
691	965
691	977
691	985
692	154
692	586
692	710
692	747
692	835
692	872
692	906
692	971
693	526
693	584
693	617
693	742
693	856
693	908
693	967
693	993
694	664
694	927
694	942
694	969
694	979
694	986
694	990
694	998
695	4
695	69
695	426
695	822
695	879
695	955
695	980
695	991
696	699
696	717
696	744
696	795
696	889
696	905
696	908
696	934
697	838
697	861
697	913
697	917
697	920
697	936
697	988
697	989
698	335
698	763
698	773
698	910
698	930
698	990
698	993
698	997
699	384
699	539
699	651
699	696
699	751
699	967
699	970
699	997
700	420
700	468
700	633
700	815
700	853
700	940
700	967
700	993
701	111
701	544
701	573
701	944
701	954
701	974
701	993
701	997
702	828
702	836
702	840
702	964
702	973
702	975
702	984
702	999
703	740
703	925
703	974
703	979
703	982
703	992
703	996
703	998
704	225
704	705
704	833
704	855
704	952
704	972
704	973
704	981
705	518
705	566
705	704
705	736
705	812
705	857
705	972
705	981
706	916
706	969
706	974
706	986
706	990
706	992
706	995
706	996
707	854
707	925
707	942
707	969
707	974
707	979
707	982
707	986
708	775
708	916
708	942
708	979
708	982
708	995
708	996
708	998
709	401
709	538
709	572
709	583
709	589
709	890
709	963
709	983
710	692
710	814
710	872
710	904
710	906
710	948
710	961
710	971
711	360
711	859
711	864
711	876
711	888
711	965
711	977
711	985
712	26
712	142
712	167
712	763
712	941
712	970
712	993
712	997
713	737
713	932
713	953
713	964
713	975
713	984
713	987
713	999
714	865
714	895
714	903
714	922
714	929
714	933
714	960
714	994
715	94
715	261
715	348
715	682
715	765
715	972
715	977
715	981
716	444
716	450
716	874
716	951
716	979
716	992
716	995
716	998
717	564
717	602
717	696
717	878
717	910
717	954
717	967
717	997
718	339
718	566
718	833
718	855
718	952
718	972
718	977
718	981
719	421
719	877
719	904
719	919
719	948
719	961
719	971
719	981
720	321
720	722
720	738
720	772
720	822
720	879
720	980
720	991
721	554
721	832
721	851
721	885
721	918
721	946
721	949
721	963
722	319
722	720
722	834
722	887
722	924
722	955
722	957
722	980
723	444
723	641
723	891
723	939
723	969
723	982
723	995
723	998
724	538
724	897
724	936
724	956
724	963
724	983
724	988
724	989
725	611
725	634
725	758
725	874
725	951
725	986
725	995
725	996
726	578
726	900
726	913
726	958
726	959
726	966
726	976
726	978
727	452
727	784
727	862
727	879
727	887
727	957
727	980
727	991
728	792
728	827
728	861
728	949
728	963
728	983
728	988
728	989
729	52
729	53
729	581
729	652
729	853
729	878
729	930
729	997
730	99
730	545
730	813
730	817
730	892
730	926
730	956
730	977
730	985
731	626
731	672
731	890
731	931
731	943
731	946
731	988
731	989
731	990
732	522
732	557
732	862
732	863
732	902
732	957
732	959
732	962
732	991
733	570
733	755
733	843
733	883
733	913
733	958
733	968
733	973
733	976
734	191
734	663
734	835
734	904
734	906
734	909
734	948
734	961
734	971
735	793
735	927
735	939
735	969
735	974
735	982
735	990
735	995
735	998
736	62
736	82
736	682
736	705
736	786
736	958
736	972
736	977
736	981
737	316
737	713
737	802
737	887
737	924
737	957
737	962
737	980
737	991
738	720
738	746
738	770
738	834
738	886
738	957
738	959
738	962
738	991
739	360
739	460
739	488
739	509
739	859
739	882
739	956
739	977
739	985
740	166
740	584
740	599
740	703
740	834
740	886
740	955
740	959
740	991
741	365
741	376
741	412
741	528
741	630
741	954
741	992
741	993
741	997
742	679
742	693
742	858
742	894
742	940
742	941
742	945
742	967
742	970
743	93
743	129
743	210
743	855
743	857
743	937
743	952
743	972
743	981
744	120
744	696
744	810
744	875
744	905
744	954
744	986
744	993
744	997
745	135
745	264
745	625
745	882
745	892
745	909
745	911
745	956
745	977
746	681
746	738
746	871
746	964
746	975
746	984
746	987
746	999
746	1000
747	498
747	692
747	796
747	842
747	904
747	906
747	948
747	961
747	971
748	901
748	918
748	931
748	936
748	938
748	963
748	983
748	988
748	989
749	60
749	389
749	415
749	795
749	897
749	931
749	983
749	988
749	989
750	175
750	621
750	892
750	903
750	911
750	926
750	956
750	977
750	985
751	377
751	587
751	679
751	699
751	829
751	881
751	970
751	982
751	997
752	158
752	296
752	832
752	838
752	851
752	949
752	983
752	988
752	989
753	808
753	869
753	891
753	942
753	979
753	990
753	995
753	996
753	997
754	17
754	793
754	879
754	886
754	957
754	959
754	962
754	980
754	991
755	495
755	733
755	843
755	923
755	954
755	958
755	968
755	976
755	978
756	258
756	281
756	327
756	512
756	665
756	685
756	786
756	952
756	972
756	981
757	840
757	953
757	964
757	973
757	975
757	981
757	984
757	987
757	999
757	1000
758	59
758	632
758	656
758	725
758	818
758	891
758	927
758	939
758	986
758	996
759	418
759	781
759	794
759	803
759	903
759	921
759	922
759	947
759	960
759	994
760	605
760	610
760	873
760	916
760	925
760	951
760	969
760	986
760	995
760	996
761	425
761	880
761	884
761	920
761	943
761	949
761	963
761	983
761	988
761	989
762	626
762	660
762	880
762	897
762	917
762	943
762	946
762	963
762	988
762	989
763	442
763	698
763	712
763	811
763	910
763	934
763	938
763	950
763	967
763	993
764	778
764	831
764	910
764	950
764	964
764	975
764	984
764	987
764	999
764	1000
765	131
765	294
765	349
765	535
765	715
765	812
765	857
765	952
765	972
765	981
766	689
766	793
766	862
766	899
766	945
766	955
766	957
766	962
766	980
766	991
767	141
767	821
767	840
767	871
767	937
767	973
767	984
767	987
767	999
767	1000
768	314
768	799
768	850
768	865
768	922
768	929
768	933
768	935
768	947
768	994
769	443
769	845
769	846
769	900
769	913
769	914
769	966
769	968
769	976
769	978
770	541
770	575
770	602
770	628
770	738
770	800
770	834
770	957
770	959
770	991
771	285
771	803
771	844
771	898
771	903
771	922
771	929
771	947
771	994
771	997
772	551
772	571
772	584
772	720
772	836
772	916
772	959
772	962
772	980
772	991
773	449
773	679
773	698
773	811
773	826
773	890
773	896
773	905
773	938
773	997
774	83
774	432
774	782
774	932
774	953
774	973
774	984
774	987
774	999
774	1000
775	451
775	708
775	916
775	925
775	939
775	974
775	979
775	986
775	990
775	998
776	567
776	916
776	931
776	951
776	982
776	986
776	990
776	992
776	996
776	998
777	784
777	852
777	879
777	887
777	902
777	924
777	948
777	955
777	962
777	991
778	681
778	764
778	953
778	964
778	975
778	984
778	986
778	987
778	999
778	1000
779	689
779	785
779	859
779	860
779	863
779	868
779	876
779	926
779	956
779	977
780	461
780	879
780	886
780	902
780	924
780	945
780	955
780	962
780	980
780	991
781	510
781	537
781	552
781	759
781	804
781	921
781	933
781	947
781	960
781	994
782	492
782	774
782	796
782	842
782	877
782	904
782	906
782	919
782	948
782	961
782	971
783	87
783	384
783	400
783	544
783	795
783	805
783	829
783	934
783	954
783	967
783	997
784	114
784	244
784	392
784	596
784	727
784	777
784	879
784	924
784	957
784	962
784	991
785	34
785	231
785	779
785	860
785	864
785	909
785	926
785	956
785	965
785	985
785	994
786	82
786	518
786	641
786	736
786	756
786	833
786	855
786	952
786	972
786	981
786	984
787	677
787	893
787	935
787	951
787	974
787	977
787	990
787	992
787	995
787	996
787	998
788	800
788	834
788	841
788	887
788	902
788	955
788	957
788	959
788	980
788	981
788	991
789	658
789	790
789	831
789	853
789	886
789	895
789	932
789	975
789	984
789	999
789	1000
790	164
790	789
790	798
790	895
790	932
790	950
790	953
790	973
790	975
790	999
790	1000
791	505
791	515
791	525
791	885
791	920
791	931
791	936
791	943
791	983
791	988
791	989
792	336
792	341
792	728
792	799
792	803
792	854
792	921
792	922
792	947
792	960
792	994
793	88
793	541
793	571
793	735
793	754
793	766
793	886
793	902
793	957
793	980
793	991
794	138
794	270
794	552
794	668
794	759
794	803
794	804
794	865
794	933
794	951
794	994
795	528
795	696
795	749
795	783
795	806
795	826
795	888
795	934
795	944
795	970
795	997
796	394
796	451
796	747
796	782
796	819
796	842
796	877
796	947
796	948
796	961
796	971
797	202
797	311
797	409
797	559
797	811
797	874
797	910
797	928
797	954
797	993
797	997
798	331
798	616
798	790
798	801
798	813
798	825
798	950
798	964
798	984
798	987
798	999
798	1000
799	104
799	303
799	644
799	655
799	768
799	792
799	823
799	865
799	947
799	960
799	982
799	994
800	172
800	770
800	788
800	852
800	862
800	920
800	924
800	928
800	955
800	962
800	980
800	991
801	798
801	828
801	870
801	908
801	937
801	950
801	953
801	975
801	979
801	987
801	999
801	1000
802	109
802	532
802	557
802	567
802	737
802	822
802	836
802	889
802	957
802	962
802	980
802	991
803	759
803	771
803	792
803	794
803	850
803	865
803	898
803	921
803	947
803	960
803	969
803	994
804	173
804	244
804	606
804	644
804	781
804	794
804	844
804	854
804	933
804	960
804	982
804	994
805	607
805	638
805	783
805	925
805	951
805	982
805	986
805	990
805	992
805	995
805	996
805	998
806	239
806	572
806	587
806	630
806	633
806	669
806	795
806	875
806	894
806	941
806	954
806	997
807	93
807	258
807	590
807	682
807	833
807	855
807	857
807	952
807	972
807	981
807	983
807	995
808	444
808	555
808	753
808	873
808	891
808	893
808	914
808	935
808	979
808	982
808	992
808	998
809	642
809	831
809	871
809	895
809	899
809	950
809	953
809	964
809	973
809	975
809	999
809	1000
810	239
810	375
810	617
810	646
810	669
810	744
810	928
810	930
810	938
810	941
810	944
810	970
811	253
811	288
811	491
811	763
811	773
811	797
811	856
811	881
811	894
811	950
811	967
811	997
812	259
812	333
812	395
812	434
812	705
812	765
812	833
812	855
812	857
812	952
812	972
812	981
813	730
813	798
813	825
813	828
813	895
813	923
813	953
813	964
813	973
813	984
813	987
813	999
813	1000
814	485
814	710
814	874
814	916
814	927
814	942
814	943
814	969
814	974
814	986
814	992
814	995
814	998
815	587
815	629
815	679
815	700
815	856
815	857
815	874
815	905
815	944
815	954
815	970
815	993
815	997
816	48
816	61
816	620
816	880
816	890
816	896
816	897
816	918
816	920
816	928
816	946
816	988
816	989
817	133
817	264
817	588
817	730
817	859
817	868
817	876
817	889
817	926
817	956
817	965
817	977
817	985
818	206
818	260
818	758
818	874
818	884
818	893
818	935
818	942
818	969
818	974
818	986
818	995
818	996
819	187
819	515
819	796
819	835
819	842
819	872
819	877
819	904
819	906
819	919
819	948
819	961
819	971
820	615
820	843
820	849
820	852
820	900
820	914
820	915
820	923
820	958
820	966
820	968
820	976
820	978
821	501
821	585
821	767
821	895
821	899
821	937
821	950
821	953
821	973
821	975
821	984
821	987
821	1000
822	106
822	489
822	689
822	695
822	720
822	802
822	852
822	886
822	902
822	924
822	980
822	988
822	991
823	269
823	552
823	606
823	614
823	640
823	799
823	921
823	922
823	929
823	933
823	957
823	960
823	994
824	410
824	444
824	667
824	907
824	927
824	935
824	951
824	974
824	979
824	988
824	990
824	996
824	998
825	215
825	489
825	798
825	813
825	847
825	895
825	950
825	973
825	975
825	984
825	987
825	999
825	1000
826	201
826	263
826	547
826	616
826	652
826	773
826	795
826	905
826	910
826	930
826	970
826	978
826	997
827	207
827	499
827	512
827	546
827	578
827	604
827	691
827	728
827	920
827	946
827	983
827	988
827	989
828	702
828	801
828	813
828	831
828	875
828	937
828	950
828	953
828	964
828	973
828	975
828	987
828	999
828	1000
829	257
829	265
829	661
829	751
829	783
829	881
829	905
829	908
829	912
829	940
829	941
829	944
829	958
829	993
830	317
830	392
830	841
830	862
830	886
830	887
830	902
830	945
830	955
830	957
830	959
830	962
830	980
830	991
831	367
831	764
831	789
831	809
831	828
831	881
831	932
831	964
831	973
831	975
831	984
831	987
831	999
831	1000
832	211
832	414
832	721
832	752
832	861
832	880
832	918
832	920
832	931
832	936
832	949
832	978
832	983
832	988
833	145
833	318
833	369
833	682
833	704
833	718
833	786
833	807
833	812
833	855
833	857
833	952
833	972
833	981
834	45
834	305
834	329
834	722
834	738
834	740
834	770
834	788
834	879
834	945
834	957
834	959
834	962
834	980
834	991
835	41
835	97
835	304
835	386
835	601
835	623
835	692
835	734
835	819
835	872
835	877
835	948
835	961
835	971
835	995
836	28
836	283
836	476
836	558
836	596
836	702
836	772
836	802
836	841
836	886
836	887
836	947
836	955
836	959
836	991
837	399
837	459
837	616
837	617
837	881
837	888
837	905
837	908
837	938
837	940
837	941
837	970
837	980
837	993
837	997
838	381
838	560
838	622
838	697
838	752
838	862
838	880
838	890
838	918
838	931
838	949
838	963
838	983
838	988
838	989
839	427
839	496
839	562
839	585
839	676
839	867
839	884
839	951
839	969
839	974
839	982
839	986
839	990
839	995
839	996
840	496
840	702
840	757
840	767
840	848
840	899
840	932
840	937
840	950
840	953
840	973
840	984
840	991
840	999
840	1000
841	4
841	551
841	788
841	830
841	836
841	852
841	879
841	924
841	955
841	957
841	959
841	962
841	980
841	986
841	991
842	92
842	97
842	235
842	304
842	586
842	747
842	782
842	796
842	819
842	904
842	906
842	919
842	948
842	951
842	961
842	971
843	345
843	627
843	733
843	755
843	820
843	845
843	846
843	847
843	900
843	913
843	914
843	915
843	923
843	958
843	976
843	978
844	136
844	374
844	502
844	504
844	622
844	640
844	643
844	771
844	804
844	903
844	919
844	921
844	922
844	929
844	947
844	994
845	769
845	843
845	846
845	847
845	849
845	883
845	900
845	913
845	914
845	923
845	958
845	966
845	968
845	976
845	978
845	999
846	683
846	769
846	843
846	845
846	847
846	849
846	883
846	904
846	913
846	915
846	923
846	946
846	958
846	968
846	976
846	978
847	102
847	825
847	843
847	845
847	846
847	883
847	900
847	913
847	914
847	915
847	923
847	958
847	966
847	968
847	976
847	978
848	81
848	514
848	840
848	895
848	899
848	906
848	932
848	937
848	950
848	953
848	973
848	975
848	984
848	987
848	999
848	1000
849	228
849	241
849	580
849	820
849	845
849	846
849	900
849	913
849	914
849	915
849	923
849	958
849	966
849	968
849	976
849	978
850	295
850	498
850	643
850	660
850	768
850	803
850	854
850	865
850	898
850	921
850	922
850	929
850	933
850	947
850	960
850	994
851	90
851	437
851	441
851	465
851	610
851	646
851	721
851	752
851	936
851	943
851	946
851	949
851	963
851	983
851	989
851	998
852	74
852	88
852	562
852	777
852	800
852	820
852	822
852	841
852	889
852	902
852	945
852	955
852	957
852	962
852	980
852	991
853	30
853	378
853	381
853	576
853	671
853	679
853	700
853	729
853	789
853	881
853	896
853	930
853	938
853	944
853	954
853	993
853	997
854	303
854	314
854	504
854	644
854	660
854	662
854	707
854	792
854	804
854	850
854	903
854	921
854	922
854	929
854	933
854	960
854	994
855	194
855	395
855	524
855	566
855	682
855	704
855	718
855	743
855	786
855	807
855	812
855	833
855	857
855	886
855	952
855	972
855	981
856	254
856	440
856	564
856	633
856	684
856	693
856	811
856	815
856	858
856	866
856	888
856	896
856	912
856	934
856	940
856	941
856	970
857	181
857	185
857	434
857	475
857	535
857	548
857	665
857	705
857	743
857	765
857	807
857	812
857	815
857	833
857	855
857	972
857	981
858	162
858	307
858	442
858	468
858	588
858	630
858	671
858	742
858	856
858	881
858	896
858	910
858	930
858	967
858	970
858	974
858	997
859	431
859	529
859	545
859	609
859	711
859	739
859	779
859	817
859	860
859	868
859	892
859	911
859	951
859	956
859	965
859	977
859	985
860	8
860	333
860	337
860	379
860	650
860	779
860	785
860	859
860	864
860	876
860	882
860	909
860	911
860	926
860	965
860	977
860	985
861	168
861	216
861	458
861	572
861	637
861	697
861	728
861	832
861	917
861	920
861	943
861	946
861	961
861	983
861	988
861	989
861	992
862	85
862	487
862	511
862	727
862	732
862	766
862	800
862	830
862	838
862	886
862	902
862	924
862	941
862	945
862	957
862	959
862	980
862	991
863	121
863	390
863	523
863	553
863	565
863	591
863	597
863	691
863	732
863	779
863	876
863	882
863	892
863	926
863	965
863	977
863	985
863	999
864	133
864	268
864	333
864	358
864	523
864	565
864	591
864	711
864	785
864	860
864	895
864	909
864	911
864	926
864	956
864	965
864	977
864	985
865	100
865	204
865	461
865	504
865	519
865	714
865	768
865	794
865	799
865	803
865	850
865	921
865	922
865	929
865	947
865	960
865	994
865	1000
866	49
866	272
866	556
866	856
866	874
866	884
866	907
866	925
866	935
866	969
866	974
866	979
866	982
866	986
866	990
866	992
866	995
866	998
867	310
867	340
867	405
867	608
867	664
867	839
867	869
867	873
867	891
867	935
867	969
867	974
867	979
867	990
867	992
867	995
867	996
867	998
868	8
868	34
868	121
868	423
868	446
868	609
868	621
868	779
868	817
868	859
868	876
868	909
868	911
868	945
868	956
868	965
868	976
868	985
869	38
869	481
869	638
869	674
869	753
869	867
869	893
869	907
869	918
869	927
869	939
869	944
869	974
869	986
869	990
869	995
869	996
869	998
870	624
870	673
870	801
870	871
870	895
870	899
870	918
870	932
870	937
870	950
870	964
870	973
870	975
870	979
870	984
870	987
870	999
870	1000
871	122
871	364
871	681
871	746
871	767
871	809
871	870
871	899
871	932
871	937
871	953
871	964
871	973
871	979
871	984
871	987
871	998
871	999
871	1000
872	68
872	146
872	189
872	353
872	386
872	451
872	492
872	666
872	671
872	692
872	710
872	819
872	835
872	877
872	904
872	919
872	948
872	971
872	977
873	54
873	408
873	443
873	454
873	600
873	677
873	687
873	760
873	808
873	867
873	880
873	907
873	935
873	969
873	974
873	982
873	990
873	996
873	998
874	42
874	716
874	725
874	797
874	814
874	815
874	818
874	866
874	891
874	939
874	974
874	979
874	982
874	986
874	990
874	992
874	995
874	996
874	998
875	155
875	213
875	242
875	433
875	633
875	661
875	744
875	806
875	828
875	878
875	896
875	930
875	934
875	940
875	941
875	954
875	979
875	993
875	997
876	170
876	301
876	593
876	609
876	711
876	779
876	817
876	860
876	863
876	868
876	882
876	892
876	898
876	909
876	911
876	926
876	965
876	977
876	985
877	150
877	240
877	484
877	515
877	582
877	601
877	612
877	719
877	782
877	796
877	819
877	835
877	872
877	904
877	919
877	948
877	961
877	971
877	991
878	117
878	192
878	204
878	331
878	653
878	717
878	729
878	875
878	881
878	905
878	908
878	910
878	930
878	938
878	941
878	970
878	981
878	993
878	997
879	233
879	330
879	602
879	649
879	663
879	695
879	720
879	727
879	754
879	777
879	780
879	784
879	834
879	841
879	902
879	945
879	957
879	962
879	991
880	77
880	472
880	546
880	761
880	762
880	816
880	832
880	838
880	873
880	890
880	917
880	918
880	921
880	931
880	936
880	943
880	963
880	983
880	988
881	103
881	111
881	539
881	576
881	684
881	751
881	811
881	829
881	831
881	837
881	853
881	858
881	878
881	954
881	967
881	970
881	987
881	993
881	997
882	175
882	206
882	523
882	529
882	553
882	591
882	593
882	739
882	745
882	860
882	863
882	876
882	892
882	907
882	926
882	956
882	965
882	977
882	985
883	96
883	230
883	445
883	480
883	534
883	594
883	688
883	733
883	845
883	846
883	847
883	900
883	913
883	915
883	923
883	958
883	966
883	968
883	976
883	978
884	330
884	608
884	613
884	761
884	818
884	839
884	866
884	925
884	935
884	939
884	942
884	951
884	968
884	969
884	974
884	979
884	982
884	992
884	995
884	998
885	268
885	294
885	465
885	523
885	554
885	622
885	721
885	791
885	888
885	897
885	901
885	917
885	918
885	920
885	936
885	946
885	963
885	983
885	988
885	989
886	209
886	289
886	396
886	557
886	738
886	740
886	754
886	780
886	789
886	793
886	822
886	830
886	836
886	855
886	862
886	887
886	889
886	955
886	957
886	991
887	35
887	63
887	329
887	689
887	722
887	727
887	737
887	777
887	788
887	830
887	836
887	886
887	924
887	932
887	955
887	957
887	962
887	969
887	980
887	991
888	144
888	155
888	192
888	242
888	299
888	393
888	547
888	711
888	795
888	837
888	856
888	885
888	896
888	934
888	938
888	940
888	941
888	944
888	993
888	997
889	156
889	476
889	487
889	522
889	532
889	571
889	596
889	689
889	696
889	802
889	817
889	852
889	886
889	924
889	945
889	955
889	959
889	962
889	980
889	991
890	127
890	216
890	243
890	322
890	508
890	598
890	620
890	709
890	731
890	773
890	816
890	838
890	880
890	897
890	918
890	936
890	943
890	946
890	952
890	983
890	989
891	74
891	124
891	309
891	582
891	647
891	723
891	753
891	758
891	808
891	867
891	874
891	939
891	942
891	951
891	966
891	974
891	990
891	992
891	995
891	996
891	998
892	21
892	390
892	423
892	509
892	591
892	600
892	730
892	745
892	750
892	859
892	863
892	876
892	882
892	909
892	911
892	926
892	956
892	965
892	971
892	977
892	985
893	323
893	398
893	556
893	636
893	642
893	787
893	808
893	818
893	869
893	896
893	939
893	942
893	969
893	970
893	974
893	982
893	986
893	990
893	992
893	996
893	998
894	387
894	442
894	463
894	576
894	588
894	669
894	742
894	806
894	811
894	896
894	910
894	912
894	930
894	938
894	939
894	941
894	954
894	964
894	967
894	970
894	997
895	648
895	714
895	789
895	790
895	809
895	813
895	821
895	825
895	848
895	864
895	870
895	899
895	932
895	937
895	950
895	953
895	973
895	975
895	984
895	987
895	999
895	1000
896	482
896	526
896	537
896	651
896	661
896	773
896	816
896	853
896	856
896	858
896	875
896	888
896	893
896	894
896	905
896	910
896	930
896	938
896	954
896	967
896	990
896	993
897	583
897	639
897	672
897	690
897	724
897	749
897	762
897	816
897	885
897	890
897	901
897	917
897	918
897	931
897	936
897	946
897	949
897	956
897	963
897	983
897	988
897	989
898	79
898	100
898	138
898	226
898	266
898	356
898	501
898	615
898	662
898	668
898	771
898	803
898	850
898	876
898	903
898	922
898	929
898	933
898	947
898	960
898	994
898	1000
899	586
899	645
899	766
899	809
899	821
899	840
899	848
899	870
899	871
899	895
899	932
899	937
899	950
899	953
899	964
899	972
899	973
899	975
899	984
899	987
899	999
899	1000
900	183
900	361
900	455
900	490
900	570
900	726
900	769
900	820
900	843
900	845
900	847
900	849
900	883
900	914
900	915
900	922
900	923
900	958
900	966
900	968
900	976
900	978
901	43
901	90
901	224
901	294
901	419
901	441
901	450
901	583
901	607
901	620
901	622
901	748
901	885
901	897
901	917
901	920
901	943
901	949
901	974
901	983
901	988
901	989
902	108
902	114
902	293
902	557
902	599
902	732
902	777
902	780
902	788
902	793
902	822
902	830
902	852
902	862
902	879
902	945
902	955
902	962
902	980
902	983
902	991
902	994
903	27
903	79
903	226
903	285
903	314
903	574
903	640
903	643
903	655
903	714
903	750
903	759
903	771
903	844
903	854
903	898
903	921
903	922
903	929
903	947
903	960
903	994
904	32
904	119
904	139
904	582
904	623
904	635
904	666
904	710
904	719
904	734
904	747
904	782
904	819
904	842
904	846
904	872
904	877
904	906
904	948
904	961
904	971
904	983
905	376
905	563
905	579
905	603
905	616
905	661
905	696
905	744
905	773
905	815
905	826
905	829
905	837
905	878
905	896
905	908
905	912
905	938
905	967
905	970
905	983
905	993
905	997
906	139
906	352
906	418
906	421
906	451
906	470
906	522
906	612
906	635
906	692
906	710
906	734
906	747
906	782
906	819
906	842
906	848
906	904
906	919
906	938
906	948
906	961
906	971
907	54
907	95
907	245
907	370
907	403
907	427
907	454
907	687
907	824
907	866
907	869
907	873
907	882
907	916
907	939
907	951
907	963
907	979
907	982
907	990
907	995
907	996
907	998
908	167
908	279
908	300
908	350
908	406
908	428
908	589
908	653
908	693
908	696
908	801
908	829
908	837
908	878
908	905
908	912
908	930
908	934
908	941
908	944
908	993
908	997
908	998
909	137
909	170
909	290
909	337
909	431
909	553
909	593
909	625
909	691
909	734
909	745
909	785
909	860
909	864
909	868
909	876
909	892
909	911
909	926
909	956
909	965
909	977
909	985
910	161
910	198
910	412
910	468
910	491
910	559
910	698
910	717
910	763
910	764
910	797
910	826
910	858
910	878
910	894
910	896
910	928
910	940
910	959
910	967
910	970
910	993
910	997
911	6
911	50
911	132
911	187
911	431
911	488
911	509
911	523
911	525
911	565
911	745
911	750
911	859
911	860
911	864
911	868
911	876
911	892
911	909
911	945
911	956
911	965
911	977
911	985
912	52
912	346
912	409
912	428
912	463
912	472
912	482
912	526
912	672
912	678
912	829
912	856
912	894
912	905
912	908
912	928
912	938
912	940
912	941
912	944
912	954
912	967
912	976
912	993
913	177
913	455
913	493
913	594
913	618
913	665
913	697
913	726
913	733
913	769
913	843
913	845
913	846
913	847
913	849
913	883
913	914
913	915
913	923
913	958
913	966
913	968
913	976
913	978
914	534
914	549
914	550
914	568
914	628
914	635
914	683
914	688
914	769
914	808
914	820
914	843
914	845
914	847
914	849
914	900
914	913
914	915
914	923
914	958
914	962
914	966
914	968
914	976
914	978
915	27
915	159
915	287
915	382
915	493
915	618
915	628
915	683
915	686
915	820
915	843
915	846
915	847
915	849
915	883
915	900
915	913
915	914
915	923
915	958
915	966
915	968
915	976
915	978
915	984
916	219
916	251
916	443
916	486
916	516
916	619
916	659
916	706
916	708
916	760
916	772
916	775
916	776
916	814
916	907
916	939
916	951
916	969
916	982
916	986
916	989
916	990
916	995
916	996
916	998
917	414
917	448
917	450
917	525
917	607
917	610
917	672
917	697
917	762
917	861
917	880
917	885
917	897
917	901
917	920
917	931
917	936
917	943
917	946
917	949
917	963
917	964
917	980
917	983
917	989
918	60
918	193
918	208
918	217
918	413
918	466
918	604
918	646
918	721
918	748
918	816
918	832
918	838
918	869
918	870
918	880
918	885
918	890
918	897
918	931
918	946
918	963
918	983
918	988
918	989
919	39
919	119
919	189
919	321
919	352
919	394
919	492
919	582
919	601
919	612
919	623
919	635
919	719
919	782
919	819
919	842
919	844
919	872
919	877
919	906
919	948
919	955
919	961
919	963
919	971
920	257
920	419
920	604
920	637
920	672
920	675
920	690
920	697
920	761
920	791
920	800
920	816
920	827
920	832
920	861
920	885
920	901
920	917
920	931
920	936
920	943
920	946
920	949
920	963
920	983
920	989
921	91
921	104
921	223
921	461
921	611
921	614
921	615
921	670
921	759
921	781
921	792
921	803
921	823
921	844
921	850
921	854
921	865
921	880
921	903
921	922
921	929
921	933
921	947
921	958
921	960
921	994
922	79
922	80
922	372
922	374
922	498
922	519
922	574
922	670
922	714
922	759
922	768
922	771
922	792
922	823
922	844
922	850
922	854
922	865
922	898
922	900
922	903
922	921
922	929
922	933
922	960
922	994
923	317
923	361
923	543
923	568
923	580
923	595
923	618
923	686
923	755
923	813
923	820
923	843
923	845
923	846
923	847
923	849
923	883
923	900
923	913
923	914
923	915
923	958
923	966
923	968
923	976
923	978
924	23
924	174
924	487
924	536
924	542
924	557
924	562
924	689
924	722
924	737
924	777
924	780
924	784
924	800
924	822
924	841
924	862
924	887
924	889
924	945
924	955
924	959
924	962
924	980
924	991
924	1000
925	137
925	200
925	232
925	402
925	469
925	619
925	667
925	703
925	707
925	760
925	775
925	805
925	866
925	884
925	942
925	951
925	967
925	969
925	974
925	979
925	983
925	986
925	992
925	995
925	996
925	998
926	3
926	180
926	206
926	212
926	286
926	446
926	545
926	597
926	691
926	730
926	750
926	779
926	785
926	817
926	860
926	863
926	864
926	876
926	882
926	892
926	909
926	933
926	956
926	965
926	977
926	985
926	992
927	32
927	220
927	613
927	619
927	664
927	667
927	674
927	687
927	694
927	735
927	758
927	814
927	824
927	869
927	939
927	942
927	946
927	951
927	974
927	979
927	982
927	986
927	992
927	995
927	996
927	997
927	998
928	26
928	120
928	198
928	406
928	459
928	474
928	482
928	521
928	528
928	573
928	651
928	652
928	653
928	661
928	797
928	800
928	810
928	816
928	910
928	912
928	934
928	940
928	954
928	967
928	968
928	993
928	997
929	186
929	197
929	359
929	405
929	453
929	470
929	501
929	504
929	506
929	535
929	660
929	714
929	768
929	771
929	823
929	844
929	850
929	854
929	865
929	898
929	903
929	921
929	922
929	933
929	960
929	962
929	994
930	26
930	350
930	365
930	438
930	547
930	580
930	669
930	698
930	729
930	810
930	826
930	853
930	858
930	875
930	878
930	894
930	896
930	908
930	934
930	938
930	940
930	947
930	967
930	970
930	989
930	993
930	997
931	48
931	217
931	411
931	456
931	465
931	503
931	508
931	512
931	637
931	731
931	748
931	749
931	776
931	791
931	832
931	838
931	880
931	897
931	917
931	918
931	920
931	943
931	946
931	949
931	983
931	988
931	996
932	362
932	513
932	563
932	648
932	681
932	713
932	774
932	789
932	790
932	831
932	840
932	848
932	870
932	871
932	887
932	895
932	899
932	937
932	950
932	953
932	964
932	973
932	975
932	984
932	987
932	999
932	1000
933	197
933	247
933	354
933	501
933	519
933	574
933	640
933	644
933	655
933	662
933	664
933	668
933	714
933	768
933	781
933	794
933	804
933	823
933	850
933	854
933	898
933	921
933	922
933	926
933	929
933	947
933	951
933	960
933	994
934	144
934	160
934	201
934	300
934	433
934	508
934	521
934	537
934	539
934	592
934	684
934	690
934	696
934	763
934	783
934	795
934	856
934	875
934	888
934	908
934	928
934	930
934	938
934	944
934	954
934	962
934	967
934	970
934	993
934	997
935	251
935	328
935	366
935	403
935	477
935	478
935	531
935	533
935	685
935	768
935	787
935	808
935	818
935	824
935	866
935	867
935	873
935	884
935	942
935	951
935	974
935	979
935	982
935	986
935	990
935	992
935	994
935	995
935	996
935	998
936	17
936	55
936	90
936	149
936	184
936	378
936	437
936	583
936	607
936	610
936	637
936	690
936	697
936	724
936	748
936	791
936	832
936	851
936	880
936	885
936	890
936	897
936	917
936	920
936	939
936	943
936	949
936	963
936	970
936	989
937	67
937	71
937	73
937	345
937	367
937	432
937	479
937	496
937	516
937	624
937	645
937	682
937	743
937	767
937	801
937	821
937	828
937	840
937	848
937	870
937	871
937	895
937	899
937	932
937	950
937	964
937	973
937	975
937	987
937	999
937	1000
938	9
938	103
938	265
938	308
938	544
938	617
938	633
938	684
938	748
938	763
938	773
938	810
938	837
938	853
938	878
938	888
938	894
938	896
938	905
938	906
938	912
938	930
938	934
938	940
938	944
938	967
938	970
938	976
938	993
938	996
938	997
939	430
939	477
939	555
939	559
939	561
939	723
939	735
939	758
939	775
939	869
939	874
939	884
939	891
939	893
939	894
939	907
939	916
939	927
939	936
939	942
939	951
939	969
939	974
939	979
939	982
939	986
939	990
939	992
939	995
939	996
939	998
940	12
940	149
940	288
940	351
940	425
940	429
940	440
940	459
940	482
940	520
940	581
940	589
940	592
940	661
940	700
940	742
940	829
940	837
940	856
940	875
940	888
940	910
940	912
940	928
940	930
940	938
940	944
940	969
940	979
940	993
940	997
941	12
941	202
941	271
941	350
941	355
941	409
941	412
941	517
941	520
941	573
941	581
941	652
941	678
941	712
941	742
941	806
941	810
941	829
941	837
941	856
941	862
941	875
941	878
941	888
941	894
941	908
941	912
941	970
941	987
941	993
941	997
942	1
942	347
942	388
942	402
942	490
942	495
942	524
942	634
942	694
942	707
942	708
942	753
942	814
942	818
942	884
942	891
942	893
942	925
942	927
942	935
942	939
942	951
942	964
942	969
942	974
942	979
942	982
942	990
942	992
942	995
942	996
942	998
943	55
943	128
943	158
943	217
943	411
943	503
943	517
943	525
943	572
943	583
943	607
943	731
943	761
943	762
943	791
943	814
943	851
943	861
943	880
943	890
943	901
943	917
943	920
943	931
943	936
943	946
943	949
943	955
943	963
943	983
943	988
943	989
944	176
944	188
944	201
944	242
944	279
944	307
944	351
944	433
944	474
944	563
944	576
944	589
944	614
944	629
944	669
944	679
944	701
944	795
944	810
944	815
944	829
944	853
944	869
944	888
944	908
944	912
944	934
944	938
944	940
944	970
944	993
944	997
945	15
945	214
945	283
945	316
945	447
945	507
945	511
945	536
945	558
945	575
945	584
945	599
945	602
945	689
945	742
945	766
945	780
945	830
945	834
945	852
945	862
945	868
945	879
945	889
945	902
945	911
945	924
945	955
945	959
945	962
945	980
945	985
945	991
946	17
946	55
946	61
946	153
946	164
946	229
946	448
946	458
946	497
946	499
946	598
946	646
946	721
946	731
946	762
946	816
946	827
946	846
946	851
946	861
946	885
946	890
946	897
946	917
946	918
946	920
946	927
946	931
946	943
946	949
946	983
946	988
946	989
947	141
947	220
947	266
947	336
947	341
947	356
947	457
947	498
947	510
947	606
947	644
947	662
947	670
947	759
947	768
947	771
947	781
947	792
947	796
947	799
947	803
947	836
947	844
947	850
947	865
947	898
947	903
947	921
947	930
947	933
947	960
947	994
947	999
948	36
948	68
948	84
948	92
948	115
948	212
948	240
948	321
948	338
948	418
948	470
948	479
948	484
948	492
948	515
948	586
948	601
948	710
948	719
948	734
948	747
948	777
948	782
948	796
948	819
948	835
948	842
948	872
948	877
948	904
948	906
948	919
948	961
948	971
949	24
949	134
949	153
949	250
949	419
949	435
949	472
949	473
949	499
949	554
949	594
949	604
949	620
949	627
949	637
949	646
949	721
949	728
949	752
949	761
949	832
949	838
949	851
949	897
949	901
949	917
949	920
949	931
949	936
949	943
949	946
949	963
949	988
949	989
949	995
950	2
950	73
950	83
950	112
950	527
950	632
950	639
950	645
950	654
950	668
950	763
950	764
950	790
950	798
950	801
950	809
950	811
950	821
950	825
950	828
950	840
950	848
950	870
950	895
950	899
950	932
950	937
950	953
950	964
950	973
950	975
950	984
950	987
950	999
950	1000
951	66
951	221
951	326
951	380
951	391
951	481
951	667
951	716
951	725
951	760
951	776
951	787
951	794
951	805
951	824
951	839
951	842
951	859
951	884
951	891
951	907
951	916
951	925
951	927
951	933
951	935
951	939
951	942
951	969
951	979
951	982
951	990
951	992
951	996
951	998
952	29
952	62
952	129
952	171
952	185
952	193
952	194
952	230
952	252
952	259
952	318
952	327
952	339
952	348
952	349
952	385
952	422
952	424
952	464
952	650
952	665
952	685
952	704
952	718
952	743
952	756
952	765
952	786
952	807
952	812
952	833
952	855
952	890
952	972
952	981
952	990
953	140
953	179
953	199
953	297
953	479
953	581
953	648
953	654
953	657
953	658
953	713
953	757
953	774
953	778
953	790
953	801
953	809
953	813
953	821
953	828
953	840
953	848
953	871
953	895
953	899
953	932
953	950
953	964
953	973
953	975
953	984
953	987
953	992
953	997
953	999
953	1000
954	30
954	213
954	215
954	296
954	315
954	351
954	428
954	433
954	474
954	491
954	563
954	576
954	587
954	621
954	661
954	671
954	701
954	717
954	741
954	744
954	755
954	783
954	797
954	806
954	815
954	853
954	875
954	881
954	894
954	896
954	912
954	928
954	934
954	970
954	988
954	995
955	35
955	114
955	174
955	261
955	298
955	475
955	497
955	507
955	536
955	558
955	575
955	596
955	612
955	695
955	722
955	740
955	766
955	777
955	780
955	788
955	800
955	830
955	836
955	841
955	852
955	886
955	887
955	889
955	902
955	919
955	924
955	943
955	945
955	959
955	962
955	980
955	991
956	34
956	56
956	86
956	151
956	246
956	251
956	286
956	290
956	301
956	337
956	382
956	390
956	488
956	529
956	553
956	593
956	691
956	724
956	730
956	739
956	745
956	750
956	779
956	785
956	817
956	859
956	864
956	868
956	882
956	892
956	897
956	909
956	911
956	926
956	965
956	977
956	985
957	35
957	162
957	174
957	283
957	329
957	396
957	476
957	511
957	522
957	596
957	599
957	722
957	727
957	732
957	737
957	738
957	754
957	766
957	770
957	784
957	788
957	793
957	802
957	823
957	830
957	834
957	841
957	852
957	862
957	879
957	886
957	887
957	959
957	972
957	980
957	991
957	999
958	142
958	157
958	238
958	241
958	284
958	287
958	302
958	397
958	534
958	570
958	578
958	580
958	627
958	628
958	683
958	686
958	726
958	733
958	736
958	755
958	820
958	829
958	843
958	845
958	846
958	847
958	849
958	883
958	900
958	913
958	914
958	915
958	921
958	923
958	966
958	968
958	974
958	976
958	978
959	108
959	275
959	293
959	319
959	342
959	426
959	452
959	497
959	507
959	532
959	536
959	562
959	575
959	596
959	602
959	649
959	726
959	732
959	738
959	740
959	754
959	770
959	772
959	788
959	830
959	834
959	836
959	841
959	862
959	889
959	910
959	924
959	945
959	955
959	957
959	962
959	974
959	980
959	991
960	23
960	33
960	115
960	223
960	244
960	247
960	269
960	270
960	336
960	341
960	356
960	405
960	457
960	502
960	506
960	611
960	643
960	652
960	670
960	714
960	759
960	781
960	792
960	799
960	803
960	804
960	823
960	850
960	854
960	865
960	898
960	903
960	921
960	922
960	929
960	933
960	947
960	976
960	994
960	996
961	39
961	51
961	69
961	146
961	191
961	212
961	235
961	338
961	352
961	353
961	386
961	421
961	424
961	470
961	484
961	492
961	515
961	582
961	586
961	601
961	612
961	663
961	680
961	710
961	719
961	734
961	747
961	782
961	796
961	819
961	835
961	842
961	861
961	877
961	904
961	906
961	919
961	948
961	971
961	997
962	4
962	15
962	28
962	45
962	130
962	234
962	369
962	416
962	447
962	558
962	584
962	689
962	732
962	737
962	738
962	754
962	766
962	772
962	777
962	780
962	784
962	800
962	802
962	830
962	834
962	841
962	852
962	879
962	887
962	889
962	902
962	914
962	924
962	929
962	934
962	945
962	955
962	959
962	980
962	991
963	229
963	305
963	382
963	413
963	414
963	416
963	456
963	472
963	503
963	546
963	560
963	572
963	603
963	646
963	672
963	675
963	690
963	709
963	721
963	724
963	728
963	748
963	761
963	762
963	838
963	851
963	880
963	885
963	897
963	907
963	917
963	918
963	919
963	920
963	936
963	943
963	949
963	965
963	983
963	988
963	989
964	19
964	70
964	81
964	178
964	196
964	368
964	417
964	513
964	543
964	624
964	648
964	657
964	658
964	702
964	713
964	746
964	757
964	764
964	778
964	798
964	809
964	813
964	828
964	831
964	870
964	871
964	894
964	899
964	917
964	932
964	937
964	942
964	950
964	953
964	973
964	975
964	984
964	987
964	993
964	999
964	1000
965	6
965	56
965	117
965	121
965	132
965	133
965	187
965	256
965	292
965	358
965	406
965	407
965	423
965	431
965	545
965	553
965	565
965	597
965	600
965	609
965	625
965	691
965	711
965	785
965	817
965	859
965	860
965	863
965	864
965	868
965	876
965	882
965	892
965	909
965	911
965	926
965	956
965	963
965	977
965	982
965	985
965	995
966	76
966	110
966	159
966	165
966	179
966	262
966	280
966	287
966	302
966	317
966	342
966	359
966	445
966	455
966	493
966	495
966	530
966	549
966	568
966	595
966	618
966	683
966	686
966	688
966	726
966	769
966	820
966	845
966	847
966	849
966	883
966	891
966	900
966	913
966	914
966	915
966	923
966	958
966	968
966	970
966	976
966	978
967	10
967	167
967	202
967	218
967	335
967	346
967	377
967	387
967	400
967	428
967	471
967	491
967	537
967	559
967	564
967	588
967	592
967	669
967	678
967	693
967	699
967	700
967	717
967	742
967	763
967	783
967	811
967	858
967	881
967	894
967	896
967	905
967	910
967	912
967	925
967	928
967	930
967	934
967	938
967	970
967	986
967	993
967	997
967	999
968	78
968	110
968	148
968	183
968	249
968	280
968	282
968	284
968	302
968	317
968	397
968	445
968	493
968	549
968	550
968	568
968	578
968	580
968	594
968	595
968	627
968	686
968	688
968	733
968	755
968	769
968	820
968	845
968	846
968	847
968	849
968	883
968	884
968	900
968	913
968	914
968	915
968	923
968	928
968	958
968	966
968	969
968	976
968	978
968	982
969	32
969	123
969	147
969	195
969	332
969	476
969	480
969	531
969	540
969	567
969	631
969	638
969	676
969	677
969	687
969	694
969	706
969	707
969	723
969	735
969	760
969	803
969	814
969	818
969	839
969	866
969	867
969	873
969	884
969	887
969	893
969	916
969	925
969	939
969	940
969	942
969	951
969	968
969	974
969	979
969	982
969	986
969	990
969	992
969	995
969	996
969	998
970	10
970	67
970	103
970	188
970	222
970	308
970	315
970	400
970	517
970	520
970	559
970	573
970	579
970	588
970	617
970	634
970	651
970	652
970	671
970	699
970	712
970	742
970	751
970	795
970	810
970	815
970	826
970	837
970	856
970	858
970	878
970	881
970	893
970	894
970	905
970	910
970	930
970	934
970	936
970	938
970	941
970	944
970	954
970	966
970	967
970	993
970	997
971	36
971	39
971	51
971	69
971	84
971	97
971	119
971	154
971	189
971	191
971	239
971	240
971	255
971	304
971	338
971	352
971	353
971	386
971	394
971	418
971	421
971	470
971	484
971	582
971	601
971	612
971	623
971	635
971	663
971	666
971	674
971	692
971	710
971	719
971	734
971	747
971	782
971	796
971	819
971	835
971	842
971	872
971	877
971	892
971	904
971	906
971	919
971	948
971	961
971	999
972	25
972	29
972	94
972	125
972	131
972	143
972	145
972	171
972	181
972	205
972	225
972	252
972	318
972	327
972	339
972	340
972	422
972	424
972	434
972	435
972	464
972	518
972	524
972	548
972	566
972	590
972	626
972	641
972	650
972	665
972	682
972	685
972	704
972	705
972	715
972	718
972	736
972	743
972	756
972	765
972	786
972	807
972	812
972	833
972	855
972	857
972	899
972	952
972	957
972	981
972	996
973	18
973	118
973	176
973	190
973	277
973	334
973	344
973	355
973	367
973	368
973	483
973	500
973	505
973	542
973	569
973	624
973	632
973	654
973	658
973	673
973	680
973	702
973	704
973	733
973	757
973	767
973	774
973	790
973	809
973	813
973	821
973	825
973	828
973	831
973	840
973	848
973	870
973	871
973	895
973	899
973	932
973	937
973	950
973	953
973	964
973	975
973	984
973	987
973	989
973	991
973	999
973	1000
974	7
974	66
974	74
974	95
974	113
974	147
974	182
974	195
974	221
974	363
974	436
974	439
974	481
974	494
974	619
974	636
974	658
974	701
974	703
974	706
974	707
974	735
974	775
974	787
974	814
974	818
974	824
974	839
974	858
974	866
974	867
974	869
974	873
974	874
974	884
974	891
974	893
974	901
974	925
974	927
974	935
974	939
974	942
974	958
974	959
974	969
974	979
974	982
974	986
974	990
974	992
974	996
974	998
975	5
975	36
975	122
975	152
975	190
975	236
975	267
975	324
975	325
975	467
975	468
975	500
975	505
975	514
975	527
975	530
975	542
975	543
975	561
975	569
975	639
975	654
975	657
975	666
975	680
975	681
975	702
975	713
975	746
975	757
975	764
975	778
975	789
975	790
975	801
975	809
975	821
975	825
975	828
975	831
975	848
975	870
975	895
975	899
975	932
975	937
975	950
975	953
975	964
975	973
975	984
975	987
975	996
975	999
975	1000
976	49
976	76
976	78
976	148
976	157
976	159
976	165
976	177
976	183
976	230
976	249
976	262
976	270
976	280
976	282
976	361
976	397
976	493
976	495
976	534
976	549
976	550
976	570
976	578
976	580
976	594
976	595
976	618
976	628
976	686
976	688
976	726
976	733
976	755
976	769
976	820
976	843
976	845
976	846
976	847
976	849
976	868
976	883
976	900
976	912
976	913
976	914
976	915
976	923
976	938
976	958
976	960
976	966
976	968
976	978
976	986
977	3
977	8
977	16
977	37
977	50
977	56
977	86
977	135
977	151
977	180
977	246
977	256
977	264
977	286
977	292
977	333
977	358
977	379
977	446
977	488
977	509
977	529
977	565
977	591
977	597
977	600
977	609
977	621
977	625
977	691
977	711
977	715
977	718
977	730
977	736
977	739
977	745
977	750
977	779
977	787
977	817
977	859
977	860
977	863
977	864
977	872
977	876
977	882
977	892
977	909
977	911
977	926
977	956
977	965
977	985
977	998
978	27
978	49
978	76
978	78
978	110
978	142
978	148
978	157
978	165
978	177
978	179
978	238
978	241
978	249
978	262
978	282
978	284
978	445
978	455
978	495
978	549
978	550
978	568
978	570
978	578
978	594
978	595
978	618
978	627
978	628
978	633
978	683
978	686
978	688
978	726
978	755
978	769
978	820
978	826
978	832
978	843
978	845
978	846
978	847
978	849
978	883
978	900
978	913
978	914
978	915
978	923
978	958
978	966
978	968
978	976
978	983
978	990
978	994
979	11
979	38
979	59
979	147
979	219
979	272
979	306
979	310
979	313
979	357
979	372
979	383
979	454
979	485
979	490
979	533
979	556
979	585
979	608
979	631
979	647
979	667
979	674
979	687
979	694
979	703
979	707
979	708
979	716
979	753
979	775
979	801
979	808
979	824
979	866
979	867
979	870
979	871
979	874
979	875
979	884
979	907
979	925
979	927
979	935
979	939
979	940
979	942
979	951
979	969
979	974
979	982
979	986
979	990
979	992
979	993
979	995
979	996
979	998
980	15
980	22
980	45
980	72
980	85
980	130
980	169
980	214
980	298
980	316
980	319
980	329
980	342
980	392
980	403
980	404
980	426
980	452
980	487
980	511
980	522
980	532
980	541
980	551
980	557
980	575
980	602
980	649
980	695
980	720
980	722
980	727
980	737
980	754
980	766
980	772
980	780
980	788
980	793
980	800
980	802
980	822
980	830
980	834
980	837
980	841
980	852
980	862
980	887
980	889
980	902
980	917
980	924
980	945
980	955
980	957
980	959
980	962
980	989
980	991
980	999
981	25
981	29
981	62
981	93
981	94
981	125
981	129
981	131
981	143
981	145
981	171
981	181
981	185
981	193
981	210
981	225
981	252
981	261
981	281
981	318
981	327
981	339
981	340
981	385
981	395
981	422
981	424
981	434
981	435
981	462
981	518
981	524
981	535
981	548
981	566
981	590
981	641
981	650
981	665
981	685
981	704
981	705
981	715
981	718
981	719
981	736
981	743
981	756
981	757
981	765
981	786
981	788
981	807
981	812
981	833
981	855
981	857
981	878
981	952
981	972
981	986
981	992
982	40
982	116
982	228
982	265
982	273
982	306
982	309
982	328
982	361
982	371
982	383
982	398
982	477
982	486
982	555
982	561
982	577
982	605
982	608
982	613
982	631
982	634
982	636
982	638
982	647
982	664
982	674
982	703
982	707
982	708
982	723
982	735
982	751
982	776
982	799
982	804
982	805
982	808
982	839
982	866
982	873
982	874
982	884
982	893
982	907
982	916
982	927
982	935
982	939
982	942
982	951
982	965
982	968
982	969
982	974
982	979
982	986
982	990
982	992
982	995
982	996
982	998
983	24
983	61
983	102
983	105
983	127
983	207
983	224
983	243
983	305
983	389
983	401
983	411
983	425
983	437
983	465
983	472
983	473
983	546
983	554
983	560
983	572
983	583
983	598
983	603
983	604
983	607
983	610
983	626
983	646
983	709
983	724
983	728
983	748
983	749
983	752
983	761
983	791
983	807
983	827
983	832
983	838
983	851
983	861
983	880
983	885
983	890
983	897
983	901
983	902
983	904
983	905
983	917
983	918
983	920
983	925
983	931
983	943
983	946
983	963
983	978
983	988
983	989
984	19
984	44
984	107
984	152
984	178
984	196
984	203
984	267
984	343
984	364
984	368
984	391
984	399
984	417
984	467
984	483
984	489
984	513
984	514
984	516
984	527
984	542
984	543
984	569
984	624
984	632
984	645
984	654
984	658
984	680
984	702
984	713
984	746
984	757
984	764
984	767
984	774
984	778
984	786
984	789
984	798
984	813
984	821
984	825
984	831
984	840
984	848
984	870
984	871
984	895
984	899
984	915
984	932
984	950
984	953
984	964
984	973
984	975
984	985
984	987
984	996
984	999
984	1000
985	3
985	6
985	16
985	37
985	50
985	86
985	99
985	117
985	132
985	135
985	151
985	170
985	175
985	180
985	246
985	256
985	290
985	292
985	295
985	324
985	335
985	337
985	358
985	360
985	379
985	382
985	390
985	407
985	423
985	438
985	446
985	488
985	545
985	553
985	591
985	593
985	597
985	600
985	621
985	625
985	659
985	691
985	711
985	730
985	739
985	750
985	785
985	817
985	859
985	860
985	863
985	864
985	868
985	876
985	882
985	892
985	909
985	911
985	926
985	945
985	956
985	965
985	977
985	984
986	1
986	42
986	58
986	65
986	75
986	101
986	116
986	245
986	309
986	313
986	323
986	326
986	357
986	383
986	388
986	430
986	436
986	443
986	486
986	556
986	567
986	577
986	605
986	613
986	619
986	634
986	642
986	656
986	664
986	676
986	694
986	706
986	707
986	725
986	744
986	758
986	760
986	775
986	776
986	778
986	805
986	814
986	818
986	839
986	841
986	866
986	869
986	874
986	893
986	916
986	925
986	927
986	935
986	939
986	967
986	969
986	974
986	976
986	979
986	981
986	982
986	990
986	992
986	995
986	996
986	998
987	2
987	5
987	14
987	18
987	44
987	70
987	136
987	140
987	163
987	196
987	255
987	278
987	325
987	355
987	362
987	399
987	417
987	420
987	467
987	483
987	496
987	500
987	505
987	514
987	516
987	530
987	542
987	569
987	632
987	639
987	645
987	648
987	654
987	657
987	658
987	713
987	746
987	757
987	764
987	767
987	774
987	778
987	798
987	801
987	813
987	821
987	825
987	828
987	831
987	848
987	870
987	871
987	881
987	895
987	899
987	932
987	937
987	941
987	950
987	953
987	964
987	973
987	975
987	984
987	991
987	995
987	997
987	999
987	1000
988	24
988	47
988	57
988	60
988	77
988	102
988	105
988	134
988	158
988	164
988	184
988	209
988	216
988	250
988	268
988	271
988	322
988	378
988	401
988	413
988	415
988	416
988	425
988	456
988	458
988	466
988	473
988	499
988	503
988	508
988	512
988	538
988	560
988	598
988	603
988	626
988	637
988	673
988	675
988	690
988	697
988	724
988	728
988	731
988	748
988	749
988	752
988	761
988	762
988	791
988	816
988	822
988	824
988	827
988	832
988	838
988	861
988	880
988	885
988	897
988	901
988	918
988	931
988	943
988	946
988	949
988	954
988	963
988	983
988	989
988	996
989	47
989	64
989	128
989	134
989	146
989	153
989	184
989	208
989	211
989	224
989	250
989	322
989	378
989	411
989	415
989	417
989	437
989	448
989	450
989	465
989	466
989	473
989	499
989	503
989	508
989	525
989	538
989	546
989	554
989	560
989	598
989	603
989	604
989	610
989	620
989	622
989	637
989	675
989	690
989	697
989	724
989	728
989	731
989	748
989	749
989	752
989	761
989	762
989	791
989	816
989	827
989	838
989	851
989	861
989	885
989	890
989	897
989	901
989	916
989	917
989	918
989	920
989	930
989	936
989	943
989	946
989	949
989	963
989	973
989	980
989	983
989	988
990	1
990	11
990	42
990	46
990	89
990	123
990	182
990	248
990	273
990	274
990	310
990	323
990	326
990	332
990	344
990	363
990	373
990	375
990	408
990	430
990	439
990	448
990	454
990	477
990	486
990	494
990	531
990	533
990	540
990	556
990	573
990	608
990	613
990	642
990	659
990	667
990	677
990	694
990	698
990	706
990	731
990	735
990	753
990	775
990	776
990	787
990	805
990	824
990	839
990	866
990	867
990	869
990	873
990	874
990	891
990	893
990	896
990	907
990	916
990	935
990	939
990	942
990	951
990	952
990	969
990	974
990	978
990	979
990	982
990	986
990	992
990	995
990	996
990	998
991	28
991	63
991	72
991	88
991	96
991	108
991	109
991	154
991	156
991	166
991	209
991	234
991	275
991	289
991	293
991	298
991	342
991	357
991	369
991	392
991	426
991	447
991	452
991	475
991	487
991	497
991	507
991	536
991	551
991	558
991	562
991	571
991	584
991	695
991	720
991	727
991	732
991	737
991	738
991	740
991	754
991	766
991	770
991	772
991	777
991	780
991	784
991	788
991	793
991	800
991	802
991	822
991	830
991	834
991	836
991	840
991	841
991	852
991	862
991	877
991	879
991	886
991	887
991	889
991	902
991	924
991	945
991	955
991	957
991	959
991	962
991	973
991	980
991	987
991	995
991	1000
992	46
992	58
992	98
992	101
992	113
992	116
992	124
992	221
992	227
992	228
992	272
992	276
992	291
992	307
992	309
992	312
992	313
992	320
992	328
992	344
992	346
992	363
992	366
992	375
992	388
992	391
992	439
992	469
992	471
992	478
992	480
992	533
992	561
992	577
992	631
992	636
992	638
992	647
992	656
992	659
992	676
992	703
992	706
992	716
992	741
992	776
992	787
992	805
992	808
992	814
992	861
992	866
992	867
992	874
992	884
992	891
992	893
992	925
992	926
992	927
992	935
992	939
992	942
992	951
992	953
992	969
992	974
992	979
992	981
992	982
992	986
992	990
992	993
992	995
992	996
992	998
993	9
993	31
993	33
993	68
993	87
993	98
993	126
993	144
993	149
993	160
993	169
993	200
993	215
993	218
993	222
993	253
993	288
993	299
993	300
993	346
993	377
993	381
993	384
993	400
993	404
993	412
993	449
993	474
993	482
993	521
993	526
993	581
993	589
993	592
993	613
993	616
993	630
993	651
993	652
993	653
993	671
993	693
993	698
993	700
993	701
993	712
993	741
993	744
993	763
993	797
993	815
993	829
993	837
993	853
993	875
993	878
993	881
993	888
993	896
993	905
993	908
993	910
993	912
993	928
993	930
993	934
993	938
993	940
993	941
993	944
993	964
993	967
993	970
993	979
993	992
993	997
993	1000
994	23
994	80
994	91
994	100
994	115
994	136
994	138
994	141
994	173
994	186
994	220
994	223
994	226
994	247
994	266
994	269
994	285
994	303
994	311
994	314
994	336
994	341
994	354
994	356
994	359
994	374
994	393
994	405
994	410
994	453
994	457
994	461
994	481
994	501
994	502
994	504
994	506
994	510
994	519
994	552
994	574
994	611
994	614
994	615
994	643
994	644
994	655
994	660
994	662
994	668
994	670
994	714
994	759
994	768
994	771
994	781
994	785
994	792
994	794
994	799
994	803
994	804
994	823
994	844
994	850
994	854
994	865
994	898
994	902
994	903
994	921
994	922
994	929
994	933
994	935
994	947
994	960
994	978
995	38
995	46
995	58
995	101
995	113
995	137
995	227
995	237
995	274
995	276
995	312
995	330
995	347
995	370
995	383
995	410
995	430
995	469
995	478
995	481
995	483
995	486
995	490
995	540
995	556
995	561
995	577
995	585
995	608
995	619
995	634
995	638
995	642
995	647
995	656
995	659
995	676
995	677
995	706
995	708
995	716
995	723
995	725
995	735
995	753
995	760
995	787
995	805
995	807
995	814
995	818
995	835
995	839
995	866
995	867
995	869
995	874
995	884
995	891
995	907
995	916
995	925
995	927
995	935
995	939
995	942
995	949
995	954
995	965
995	969
995	979
995	982
995	986
995	987
995	990
995	991
995	992
995	996
995	998
996	7
996	64
996	65
996	66
996	75
996	89
996	106
996	150
996	182
996	208
996	232
996	237
996	245
996	248
996	276
996	306
996	310
996	312
996	320
996	332
996	344
996	347
996	363
996	366
996	373
996	380
996	402
996	427
996	436
996	439
996	469
996	478
996	480
996	485
996	561
996	567
996	577
996	585
996	636
996	674
996	676
996	677
996	703
996	706
996	708
996	725
996	753
996	758
996	760
996	776
996	787
996	805
996	818
996	824
996	839
996	867
996	869
996	873
996	874
996	891
996	893
996	907
996	916
996	925
996	927
996	931
996	935
996	938
996	939
996	942
996	951
996	960
996	969
996	972
996	974
996	975
996	979
996	982
996	984
996	986
996	988
996	990
996	992
996	995
996	998
997	12
997	13
997	21
997	31
997	40
997	52
997	126
997	160
997	161
997	162
997	204
997	205
997	263
997	271
997	279
997	291
997	299
997	311
997	335
997	351
997	365
997	404
997	409
997	438
997	440
997	460
997	463
997	468
997	474
997	491
997	517
997	539
997	563
997	564
997	579
997	581
997	587
997	592
997	616
997	629
997	653
997	669
997	678
997	698
997	699
997	701
997	712
997	717
997	729
997	741
997	744
997	751
997	753
997	771
997	773
997	783
997	795
997	797
997	806
997	811
997	815
997	826
997	837
997	853
997	858
997	875
997	878
997	881
997	888
997	894
997	905
997	908
997	910
997	927
997	928
997	930
997	934
997	938
997	940
997	941
997	944
997	953
997	961
997	967
997	970
997	987
997	993
998	11
998	37
998	40
998	64
998	65
998	95
998	98
998	195
998	203
998	219
998	248
998	260
998	291
998	312
998	313
998	330
998	332
998	347
998	357
998	370
998	371
998	372
998	373
998	375
998	402
998	408
998	410
998	436
998	466
998	469
998	471
998	477
998	480
998	485
998	490
998	555
998	574
998	585
998	605
998	636
998	638
998	642
998	647
998	667
998	694
998	703
998	708
998	716
998	723
998	735
998	775
998	776
998	787
998	805
998	808
998	814
998	824
998	851
998	866
998	867
998	869
998	871
998	873
998	874
998	884
998	891
998	893
998	907
998	908
998	916
998	925
998	927
998	935
998	939
998	942
998	951
998	969
998	974
998	977
998	979
998	982
998	986
998	990
998	992
998	995
998	996
998	999
998	1000
999	5
999	20
999	43
999	53
999	54
999	70
999	71
999	83
999	107
999	112
999	118
999	122
999	163
999	178
999	199
999	236
999	254
999	255
999	267
999	278
999	297
999	324
999	325
999	334
999	343
999	345
999	355
999	362
999	364
999	420
999	432
999	467
999	479
999	483
999	489
999	500
999	505
999	513
999	527
999	530
999	569
999	639
999	645
999	648
999	654
999	657
999	673
999	680
999	681
999	702
999	713
999	746
999	757
999	764
999	767
999	774
999	778
999	789
999	790
999	798
999	801
999	809
999	813
999	825
999	828
999	831
999	840
999	845
999	848
999	863
999	870
999	871
999	895
999	899
999	932
999	937
999	947
999	950
999	953
999	957
999	964
999	967
999	971
999	973
999	975
999	980
999	984
999	987
999	998
999	1000
1000	2
1000	14
1000	18
1000	20
1000	43
1000	44
1000	73
1000	81
1000	107
1000	112
1000	118
1000	140
1000	163
1000	176
1000	190
1000	199
1000	236
1000	254
1000	277
1000	297
1000	324
1000	334
1000	343
1000	345
1000	362
1000	364
1000	367
1000	399
1000	420
1000	432
1000	479
1000	489
1000	496
1000	500
1000	502
1000	513
1000	514
1000	516
1000	527
1000	530
1000	543
1000	547
1000	569
1000	624
1000	632
1000	639
1000	645
1000	648
1000	657
1000	662
1000	673
1000	680
1000	681
1000	746
1000	757
1000	764
1000	767
1000	774
1000	778
1000	789
1000	790
1000	798
1000	801
1000	809
1000	813
1000	821
1000	825
1000	828
1000	831
1000	840
1000	848
1000	865
1000	870
1000	871
1000	895
1000	898
1000	899
1000	924
1000	932
1000	937
1000	950
1000	953
1000	964
1000	973
1000	975
1000	984
1000	987
1000	991
1000	993
1000	998
1000	999
