1	895
1	962
1	977
2	965
2	981
2	995
3	666
3	892
3	970
4	110
4	961
4	979
5	724
5	949
5	979
6	965
6	980
6	987
7	968
7	981
7	995
8	536
8	970
8	975
9	922
9	970
9	975
10	853
10	922
10	975
11	699
11	949
11	954
12	847
12	976
12	1000
13	253
13	803
13	908
14	823
14	840
14	978
15	577
15	920
15	984
16	780
16	924
16	954
17	980
17	987
17	995
18	917
18	938
18	993
19	852
19	890
19	929
20	326
20	460
20	957
21	941
21	970
21	975
22	746
22	894
22	973
23	965
23	987
23	995
24	949
24	983
24	999
25	815
25	950
25	985
26	945
26	962
26	994
27	361
27	976
27	998
28	943
28	988
28	996
29	562
29	976
29	997
30	863
30	907
30	993
31	987
31	995
31	996
32	892
32	970
32	975
33	959
33	980
33	981
34	260
34	967
34	985
35	981
35	990
35	995
36	888
36	967
36	996
37	341
37	931
37	978
38	788
38	845
38	918
39	964
39	973
39	984
40	951
40	981
40	995
41	70
41	988
41	996
42	734
42	971
42	984
43	850
43	877
43	969
44	701
44	918
44	1000
45	757
45	979
45	1000
46	873
46	974
46	999
47	926
47	954
47	963
48	57
48	854
48	993
49	654
49	906
49	1000
50	120
50	551
50	989
51	901
51	933
51	1000
52	966
52	991
52	992
53	637
53	977
53	978
54	968
54	981
54	995
55	846
55	973
55	984
56	941
56	977
56	992
57	48
57	261
57	993
58	934
58	949
58	983
59	883
59	938
59	993
60	970
60	975
60	998
61	856
61	910
61	978
62	986
62	997
62	998
63	599
63	882
63	940
64	960
64	977
64	988
65	786
65	982
65	994
66	879
66	973
66	983
67	801
67	989
67	997
68	976
68	993
68	1000
69	981
69	987
69	990
70	41
70	790
70	985
71	982
71	986
71	991
72	893
72	972
72	986
73	909
73	947
73	967
74	747
74	979
74	999
75	838
75	970
75	975
76	479
76	597
76	999
77	950
77	960
77	985
78	945
78	966
78	991
79	982
79	991
79	994
80	486
80	929
80	957
81	940
81	953
81	982
82	868
82	986
82	1000
83	997
83	998
83	1000
84	983
84	994
84	999
85	858
85	974
85	999
86	976
86	997
86	998
87	410
87	933
87	998
88	893
88	927
88	989
89	981
89	990
89	995
90	965
90	990
90	997
91	843
91	988
91	996
92	130
92	959
92	981
93	901
93	911
93	988
94	922
94	936
94	975
95	796
95	976
95	986
96	652
96	931
96	978
97	954
97	956
97	963
98	763
98	910
98	993
99	337
99	402
99	983
100	882
100	972
100	998
101	817
101	986
101	997
102	987
102	990
102	995
103	894
103	964
103	984
104	704
104	951
104	961
105	292
105	957
105	978
106	917
106	958
106	993
107	257
107	998
107	1000
108	952
108	954
108	956
109	910
109	931
109	978
110	4
110	919
110	999
111	490
111	958
111	993
112	607
112	973
112	984
113	827
113	967
113	985
114	953
114	991
114	994
115	969
115	989
115	997
116	356
116	947
116	967
117	313
117	480
117	978
118	746
118	851
118	984
119	452
119	908
119	925
120	50
120	997
120	998
121	928
121	964
121	973
122	803
122	957
122	991
123	265
123	985
123	996
124	207
124	983
124	999
125	765
125	986
125	997
126	959
126	968
126	980
127	687
127	889
127	992
128	672
128	859
128	997
129	919
129	974
129	999
130	92
130	968
130	995
131	550
131	716
131	984
132	771
132	920
132	984
133	786
133	890
133	925
134	691
134	922
134	975
135	910
135	986
135	1000
136	681
136	970
136	975
137	907
137	958
137	993
138	627
138	932
138	993
139	491
139	986
139	997
140	563
140	951
140	959
141	721
141	820
141	978
142	437
142	974
142	999
143	977
143	992
143	994
144	944
144	988
144	996
145	635
145	829
145	890
146	923
146	980
146	995
147	979
147	988
147	996
148	840
148	931
148	978
149	908
149	925
149	957
150	730
150	910
150	978
151	959
151	990
151	995
152	853
152	936
152	975
153	825
153	949
153	983
154	881
154	940
154	991
155	375
155	608
155	922
156	552
156	698
156	890
157	602
157	964
157	984
158	416
158	932
158	993
159	943
159	971
159	973
160	205
160	788
160	998
161	935
161	976
161	1000
162	986
162	997
162	1000
163	808
163	832
163	975
164	900
164	962
164	992
165	908
165	930
165	999
166	661
166	979
166	999
167	806
167	989
167	997
168	306
168	933
168	994
169	573
169	943
169	996
170	683
170	844
170	952
171	682
171	910
171	978
172	906
172	969
172	998
173	833
173	988
173	996
174	959
174	987
174	990
175	950
175	992
175	994
176	636
176	971
176	973
177	322
177	927
177	997
178	251
178	894
178	973
179	981
179	990
179	995
180	928
180	984
180	995
181	928
181	964
181	971
182	921
182	950
182	967
183	793
183	967
183	988
184	588
184	936
184	970
185	604
185	989
185	1000
186	939
186	991
186	994
187	846
187	931
187	978
188	726
188	991
188	998
189	423
189	931
189	978
190	920
190	928
190	971
191	379
191	925
191	929
192	943
192	960
192	991
193	850
193	972
193	1000
194	241
194	935
194	985
195	813
195	875
195	978
196	916
196	973
196	984
197	962
197	991
197	994
198	775
198	985
198	988
199	933
199	988
199	996
200	546
200	998
200	1000
201	553
201	829
201	852
202	203
202	820
202	978
203	202
203	778
203	978
204	213
204	787
204	929
205	160
205	607
205	759
206	436
206	883
206	993
207	124
207	921
207	996
208	861
208	977
208	994
209	961
209	979
209	999
210	952
210	963
210	984
211	830
211	920
211	984
212	936
212	970
212	975
213	204
213	930
213	957
214	687
214	709
214	992
215	730
215	931
215	978
216	341
216	910
216	978
217	974
217	983
217	999
218	966
218	977
218	991
219	880
219	931
219	978
220	440
220	657
220	764
221	633
221	951
221	987
222	464
222	933
222	969
223	893
223	997
223	1000
224	789
224	970
224	999
225	932
225	938
225	993
226	937
226	971
226	973
227	642
227	667
227	985
228	935
228	948
228	988
229	431
229	658
229	942
230	955
230	974
230	999
231	835
231	961
231	999
232	636
232	891
232	984
233	809
233	946
233	982
234	989
234	998
234	1000
235	879
235	964
235	973
236	448
236	470
236	993
237	964
237	973
237	984
238	547
238	967
238	996
239	815
239	899
239	934
240	898
240	970
240	975
241	194
241	985
241	996
242	256
242	979
242	999
243	872
243	958
243	993
244	829
244	908
244	925
245	413
245	964
245	989
246	868
246	910
246	978
247	874
247	977
247	982
248	437
248	505
248	977
249	774
249	985
249	988
250	981
250	990
250	995
251	178
251	967
251	985
252	965
252	981
252	990
253	13
253	298
253	930
254	813
254	931
254	978
255	912
255	949
255	974
256	242
256	919
256	983
257	107
257	572
257	993
258	961
258	983
258	999
259	922
259	970
259	975
260	34
260	990
260	995
261	57
261	884
261	993
262	822
262	992
262	994
263	927
263	997
263	998
264	953
264	977
264	994
265	123
265	830
265	942
266	923
266	927
266	1000
267	318
267	498
267	908
268	675
268	893
268	960
269	846
269	891
269	964
270	825
270	934
270	983
271	964
271	971
271	984
272	630
272	777
272	979
273	928
273	968
273	987
274	914
274	990
274	995
275	950
275	960
275	988
276	901
276	965
276	985
277	698
277	929
277	952
278	961
278	983
278	999
279	787
279	929
279	957
280	899
280	956
280	963
281	936
281	970
281	975
282	888
282	982
282	994
283	954
283	956
283	963
284	939
284	946
284	982
284	992
285	830
285	883
285	988
285	996
286	980
286	981
286	987
286	995
287	472
287	829
287	908
287	929
288	939
288	981
288	987
288	995
289	310
289	498
289	776
289	925
290	752
290	944
290	985
290	996
291	453
291	962
291	982
291	991
292	105
292	564
292	931
292	978
293	774
293	833
293	981
293	996
294	879
294	891
294	964
294	971
295	665
295	933
295	989
295	998
296	936
296	970
296	975
296	981
297	826
297	896
297	958
297	993
298	253
298	791
298	930
298	957
299	387
299	698
299	888
299	925
300	934
300	961
300	983
300	999
301	796
301	891
301	971
301	984
302	890
302	925
302	929
302	957
303	871
303	888
303	941
303	946
304	885
304	889
304	916
304	941
305	837
305	950
305	967
305	996
306	168
306	791
306	992
306	994
307	592
307	965
307	978
307	981
308	534
308	607
308	759
308	964
309	751
309	970
309	975
309	992
310	289
310	398
310	821
310	829
311	522
311	677
311	854
311	993
312	834
312	936
312	979
312	999
313	117
313	952
313	954
313	963
314	390
314	852
314	890
314	947
315	926
315	956
315	963
315	977
316	643
316	714
316	787
316	831
317	398
317	908
317	929
317	982
318	267
318	513
318	635
318	930
319	913
319	981
319	987
319	990
320	986
320	989
320	997
320	1000
321	788
321	893
321	998
321	1000
322	177
322	976
322	986
322	997
323	688
323	951
323	984
323	995
324	648
324	852
324	925
324	930
325	730
325	931
325	950
325	978
326	20
326	614
326	754
326	908
327	702
327	939
327	946
327	992
328	556
328	740
328	970
328	975
329	959
329	980
329	981
329	987
330	604
330	623
330	997
330	998
331	793
331	948
331	985
331	996
332	429
332	598
332	966
332	991
333	518
333	955
333	974
333	979
334	635
334	714
334	890
334	930
335	675
335	944
335	988
335	996
336	762
336	876
336	965
336	995
337	99
337	818
337	983
337	999
338	716
338	756
338	871
338	964
339	765
339	895
339	969
339	1000
340	347
340	362
340	908
340	957
341	37
341	216
341	931
341	978
342	551
342	723
342	867
342	993
343	905
343	944
343	948
343	967
344	616
344	695
344	987
344	995
345	972
345	986
345	998
345	1000
346	849
346	914
346	951
346	959
347	340
347	908
347	929
347	930
348	629
348	949
348	979
348	983
349	966
349	990
349	991
349	994
350	892
350	936
350	970
350	975
351	883
351	932
351	938
351	993
352	745
352	885
352	982
352	992
353	655
353	669
353	764
353	978
354	810
354	989
354	998
354	1000
355	832
355	986
355	997
355	1000
356	116
356	942
356	985
356	996
357	862
357	904
357	962
357	982
358	452
358	925
358	929
358	957
359	574
359	714
359	908
359	957
360	953
360	966
360	977
360	994
361	27
361	848
361	972
361	1000
362	340
362	553
362	930
362	957
363	972
363	989
363	998
363	1000
364	492
364	905
364	947
364	960
365	711
365	898
365	970
365	975
366	873
366	898
366	970
366	975
367	934
367	961
367	974
367	983
368	778
368	812
368	970
368	975
369	804
369	943
369	960
369	988
370	767
370	799
370	903
370	989
371	804
371	928
371	947
371	950
372	944
372	948
372	980
372	985
373	481
373	874
373	900
373	996
374	891
374	973
374	984
374	996
375	155
375	962
375	991
375	992
376	959
376	988
376	990
376	995
377	445
377	943
377	967
377	996
378	450
378	639
378	991
378	994
379	191
379	513
379	531
379	957
380	657
380	949
380	983
380	999
381	845
381	979
381	983
381	999
382	545
382	890
382	908
382	929
383	965
383	968
383	990
383	995
384	875
384	937
384	972
384	989
385	706
385	974
385	979
385	999
386	478
386	676
386	933
386	986
387	299
387	803
387	908
387	957
388	926
388	952
388	956
388	963
389	828
389	934
389	961
389	999
390	314
390	486
390	635
390	930
391	640
391	946
391	962
391	991
392	955
392	964
392	974
392	999
393	896
393	966
393	982
393	994
394	769
394	770
394	954
394	963
395	969
395	986
395	996
395	997
396	941
396	946
396	966
396	994
397	433
397	902
397	924
397	954
398	310
398	317
398	930
398	957
399	802
399	879
399	979
399	983
400	899
400	929
400	934
400	999
401	692
401	903
401	943
401	960
402	99
402	979
402	983
402	999
403	903
403	971
403	973
403	984
404	944
404	947
404	976
404	985
405	527
405	638
405	741
405	790
406	726
406	940
406	941
406	992
407	860
407	865
407	998
407	1000
408	790
408	964
408	971
408	984
409	951
409	968
409	990
409	999
410	87
410	892
410	898
410	970
411	863
411	971
411	973
411	984
412	887
412	945
412	966
412	994
413	245
413	660
413	928
413	984
414	849
414	965
414	968
414	980
415	724
415	747
415	899
415	999
416	158
416	837
416	932
416	993
417	949
417	974
417	979
417	999
418	760
418	898
418	970
418	975
419	642
419	826
419	958
419	993
420	652
420	935
420	944
420	996
421	740
421	812
421	922
421	975
422	481
422	545
422	909
422	996
423	189
423	880
423	931
423	978
424	655
424	778
424	952
424	978
425	477
425	972
425	998
425	1000
426	897
426	968
426	987
426	990
427	953
427	966
427	977
427	982
428	919
428	983
428	997
428	999
429	332
429	561
429	972
429	994
430	911
430	962
430	966
430	988
431	229
431	977
431	982
431	994
432	660
432	885
432	946
432	982
433	397
433	867
433	869
433	870
434	771
434	971
434	973
434	984
435	903
435	972
435	978
435	1000
436	206
436	863
436	958
436	993
437	142
437	248
437	685
437	999
438	926
438	952
438	954
438	963
439	816
439	942
439	944
439	960
440	220
440	856
440	910
440	978
441	658
441	959
441	965
441	987
441	990
442	622
442	868
442	880
442	910
442	978
443	644
443	883
443	917
443	958
443	993
444	934
444	943
444	948
444	950
444	988
445	377
445	452
445	498
445	545
445	930
446	951
446	975
446	987
446	990
446	995
447	874
447	960
447	967
447	988
447	996
448	236
448	470
448	489
448	883
448	993
449	835
449	937
449	969
449	986
449	1000
450	378
450	614
450	786
450	982
450	991
451	743
451	940
451	962
451	966
451	991
452	119
452	358
452	445
452	475
452	486
453	291
453	980
453	987
453	990
453	995
454	843
454	901
454	947
454	950
454	988
455	939
455	977
455	991
455	992
455	995
456	713
456	951
456	957
456	981
456	987
457	918
457	944
457	972
457	976
457	998
458	921
458	950
458	977
458	988
458	996
459	812
459	858
459	922
459	970
459	975
460	20
460	780
460	977
460	982
460	994
461	602
461	928
461	964
461	984
461	986
462	912
462	960
462	969
462	986
462	998
463	572
463	905
463	948
463	985
463	996
464	222
464	745
464	888
464	992
464	994
465	965
465	980
465	981
465	987
465	995
466	758
466	872
466	907
466	965
466	993
467	899
467	934
467	955
467	974
467	999
468	853
468	898
468	922
468	970
468	975
469	520
469	607
469	756
469	964
469	971
470	236
470	448
470	798
470	958
470	993
471	769
471	969
471	976
471	997
471	998
472	287
472	626
472	643
472	852
472	925
473	968
473	980
473	981
473	990
473	995
474	556
474	986
474	989
474	998
474	1000
475	452
475	615
475	852
475	925
475	930
476	507
476	980
476	987
476	990
476	995
477	425
477	801
477	969
477	986
477	1000
478	386
478	605
478	867
478	958
478	993
479	76
479	717
479	949
479	958
479	999
480	117
480	813
480	856
480	880
480	978
481	373
481	422
481	800
481	988
481	996
482	734
482	891
482	920
482	971
482	984
483	709
483	846
483	964
483	971
483	973
484	638
484	756
484	763
484	894
484	971
485	502
485	755
485	937
485	958
485	993
486	80
486	390
486	452
486	914
486	925
487	920
487	964
487	971
487	984
487	989
488	766
488	952
488	954
488	956
488	963
489	448
489	848
489	972
489	997
489	1000
490	111
490	884
490	932
490	958
490	993
491	139
491	708
491	772
491	989
491	998
492	364
492	788
492	875
492	989
492	998
493	692
493	942
493	947
493	988
493	996
494	520
494	894
494	920
494	971
494	973
495	873
495	886
495	919
495	983
495	999
496	923
496	927
496	933
496	998
496	1000
497	955
497	961
497	979
497	983
497	999
498	267
498	289
498	445
498	852
498	929
499	874
499	921
499	935
499	988
499	996
500	934
500	955
500	979
500	983
500	999
501	548
501	826
501	854
501	907
501	993
502	485
502	863
502	867
502	896
502	993
503	855
503	937
503	969
503	972
503	986
504	708
504	859
504	969
504	986
504	1000
505	248
505	939
505	953
505	992
505	994
506	874
506	882
506	921
506	943
506	988
507	476
507	924
507	952
507	956
507	963
508	764
508	856
508	910
508	978
508	985
509	743
509	916
509	962
509	966
509	994
510	838
510	839
510	972
510	995
510	1000
511	795
511	977
511	991
511	992
511	994
512	897
512	951
512	980
512	981
512	995
513	318
513	379
513	636
513	803
513	957
514	870
514	924
514	952
514	953
514	956
515	881
515	911
515	945
515	991
515	995
516	951
516	968
516	980
516	987
516	995
517	741
517	964
517	971
517	973
517	984
518	333
518	873
518	924
518	974
518	999
519	951
519	981
519	987
519	990
519	995
520	469
520	494
520	554
520	761
520	971
521	676
521	976
521	986
521	998
521	1000
522	311
522	605
522	884
522	938
522	993
523	571
523	834
523	979
523	983
523	999
524	913
524	951
524	980
524	987
524	990
525	763
525	884
525	932
525	993
525	994
526	702
526	823
526	856
526	931
526	978
527	405
527	951
527	980
527	981
527	987
528	636
528	846
528	879
528	973
528	984
529	965
529	980
529	981
529	987
529	990
530	611
530	632
530	902
530	952
530	963
531	379
531	555
531	828
531	955
531	961
532	690
532	850
532	860
532	939
532	986
533	598
533	704
533	919
533	974
533	979
534	308
534	928
534	964
534	971
534	1000
535	834
535	886
535	961
535	983
535	999
536	8
536	853
536	898
536	922
536	975
537	554
537	920
537	967
537	971
537	973
538	905
538	943
538	972
538	985
538	988
539	968
539	980
539	987
539	990
539	995
540	854
540	872
540	917
540	958
540	993
541	875
541	923
541	986
541	989
541	998
542	850
542	923
542	997
542	998
542	1000
543	566
543	919
543	949
543	974
543	999
544	578
544	582
544	770
544	932
544	958
544	993
545	382
545	422
545	445
545	787
545	791
545	957
546	200
546	688
546	855
546	875
546	989
546	998
547	238
547	916
547	941
547	982
547	991
547	992
548	501
548	777
548	937
548	969
548	989
548	1000
549	854
549	899
549	949
549	955
549	983
549	999
550	131
550	920
550	964
550	971
550	973
550	984
551	50
551	342
551	937
551	986
551	997
551	998
552	156
552	614
552	648
552	925
552	957
552	974
553	201
553	362
553	829
553	890
553	930
553	957
554	520
554	537
554	891
554	928
554	971
554	984
555	531
555	934
555	961
555	966
555	979
555	999
556	328
556	474
556	801
556	865
556	997
556	1000
557	731
557	961
557	974
557	979
557	983
557	999
558	909
558	935
558	960
558	985
558	996
558	999
559	869
559	902
559	924
559	952
559	956
559	963
560	682
560	873
560	961
560	979
560	983
560	999
561	429
561	861
561	915
561	977
561	991
561	992
562	29
562	782
562	855
562	976
562	989
562	998
563	140
563	887
563	904
563	962
563	966
563	977
564	292
564	820
564	823
564	840
564	868
564	978
565	874
565	898
565	942
565	944
565	947
565	985
566	543
566	626
566	698
566	791
566	908
566	957
567	796
567	879
567	897
567	964
567	973
567	984
568	630
568	904
568	939
568	977
568	991
568	992
569	779
569	926
569	952
569	954
569	956
569	963
570	869
570	924
570	954
570	956
570	963
570	989
571	523
571	789
571	919
571	955
571	962
571	999
572	257
572	463
572	921
572	950
572	985
572	988
573	169
573	876
573	965
573	980
573	987
573	990
574	359
574	626
574	791
574	908
574	929
574	957
575	781
575	942
575	943
575	948
575	969
575	996
576	808
576	898
576	922
576	936
576	970
576	975
577	15
577	895
577	969
577	986
577	997
577	998
578	544
578	755
578	872
578	917
578	938
578	993
579	588
579	691
579	898
579	921
579	970
579	975
580	865
580	913
580	976
580	997
580	998
580	1000
581	773
581	827
581	943
581	985
581	988
581	996
582	544
582	919
582	961
582	974
582	979
582	999
583	653
583	768
583	952
583	954
583	956
583	963
584	826
584	969
584	976
584	989
584	997
584	998
585	918
585	949
585	961
585	974
585	979
585	999
586	914
586	968
586	980
586	981
586	990
586	995
587	976
587	989
587	994
587	997
587	998
587	1000
588	184
588	579
588	718
588	922
588	970
588	975
589	691
589	740
589	788
589	936
589	970
589	975
590	874
590	943
590	948
590	959
590	988
590	996
591	796
591	964
591	971
591	973
591	980
591	984
592	307
592	914
592	965
592	968
592	981
592	995
593	911
593	946
593	966
593	977
593	992
593	994
594	599
594	739
594	861
594	946
594	992
594	994
595	677
595	872
595	883
595	907
595	958
595	993
596	691
596	909
596	935
596	942
596	943
596	988
597	76
597	815
597	961
597	974
597	975
597	999
598	332
598	533
598	726
598	809
598	953
598	992
599	63
599	594
599	911
599	966
599	977
599	982
600	876
600	965
600	980
600	981
600	990
600	995
601	760
601	915
601	945
601	946
601	962
601	991
602	157
602	461
602	891
602	920
602	973
602	984
603	707
603	805
603	861
603	936
603	970
603	975
604	185
604	330
604	927
604	972
604	976
604	989
605	478
605	522
605	837
605	894
605	958
605	993
606	678
606	721
606	842
606	932
606	958
606	993
607	112
607	205
607	308
607	469
607	879
607	984
608	155
608	924
608	939
608	966
608	991
608	994
609	670
609	772
609	976
609	986
609	997
609	1000
610	900
610	916
610	945
610	953
610	977
610	992
611	530
611	740
611	811
611	952
611	954
611	963
612	752
612	843
612	905
612	943
612	967
612	996
613	804
613	830
613	909
613	967
613	985
613	996
614	326
614	450
614	552
614	925
614	929
614	957
615	475
615	779
615	799
615	952
615	956
615	963
616	344
616	914
616	959
616	965
616	987
616	990
616	995
617	782
617	953
617	970
617	982
617	991
617	992
617	994
618	786
618	939
618	941
618	945
618	946
618	953
618	992
619	824
619	831
619	926
619	944
619	985
619	988
619	996
620	801
620	893
620	930
620	969
620	986
620	998
620	1000
621	811
621	869
621	924
621	926
621	954
621	956
621	963
622	442
622	876
622	965
622	980
622	987
622	990
622	995
623	330
623	767
623	912
623	969
623	972
623	988
623	1000
624	844
624	924
624	952
624	954
624	956
624	963
624	990
625	805
625	808
625	832
625	922
625	936
625	970
625	975
626	472
626	566
626	574
626	714
626	791
626	930
626	957
627	138
627	863
627	883
627	907
627	945
627	958
627	993
628	763
628	798
628	826
628	854
628	927
628	938
628	993
629	348
629	825
629	919
629	949
629	974
629	996
629	999
630	272
630	568
630	776
630	955
630	974
630	979
630	999
631	807
631	965
631	968
631	980
631	987
631	990
631	995
632	530
632	732
632	811
632	844
632	902
632	956
632	963
633	221
633	959
633	965
633	968
633	980
633	987
633	995
634	766
634	820
634	849
634	878
634	926
634	952
634	954
635	145
635	318
635	334
635	390
635	787
635	791
635	803
636	176
636	232
636	513
636	528
636	771
636	928
636	973
637	53
637	649
637	708
637	778
637	840
637	880
637	978
638	405
638	484
638	846
638	894
638	904
638	971
638	984
639	378
639	865
639	972
639	976
639	989
639	997
639	1000
640	391
640	865
640	904
640	977
640	991
640	992
640	994
641	836
641	887
641	939
641	953
641	977
641	982
641	992
642	227
642	419
642	731
642	789
642	955
642	961
642	979
643	316
643	472
643	715
643	829
643	925
643	929
643	957
644	443
644	770
644	798
644	883
644	884
644	932
644	993
645	921
645	942
645	947
645	959
645	967
645	988
645	996
646	752
646	843
646	947
646	948
646	979
646	985
646	996
647	790
647	851
647	894
647	928
647	964
647	971
647	973
648	324
648	552
648	714
648	929
648	930
648	957
648	962
649	637
649	657
649	669
649	824
649	856
649	910
649	978
650	883
650	907
650	917
650	932
650	938
650	958
650	993
651	800
651	874
651	905
651	921
651	935
651	947
651	985
652	96
652	420
652	800
652	830
652	967
652	988
652	996
653	583
653	811
653	902
653	926
653	954
653	956
653	963
654	49
654	727
654	830
654	831
654	944
654	985
654	996
655	353
655	424
655	669
655	823
655	840
655	868
655	978
656	695
656	962
656	966
656	977
656	982
656	991
656	994
657	220
657	380
657	649
657	868
657	880
657	931
657	978
658	229
658	441
658	909
658	947
658	948
658	988
658	996
659	660
659	665
659	879
659	928
659	971
659	973
659	984
660	413
660	432
660	659
660	851
660	891
660	928
660	964
661	166
661	762
661	959
661	980
661	981
661	987
661	995
662	734
662	909
662	943
662	960
662	967
662	988
662	996
663	919
663	934
663	949
663	955
663	961
663	975
663	983
664	876
664	907
664	965
664	968
664	980
664	990
664	995
665	295
665	659
665	859
665	986
665	989
665	998
665	1000
666	3
666	864
666	914
666	965
666	968
666	987
666	990
667	227
667	834
667	955
667	971
667	974
667	979
667	999
668	719
668	809
668	828
668	836
668	940
668	945
668	992
669	353
669	649
669	655
669	730
669	820
669	978
669	987
670	609
670	722
670	906
670	923
670	989
670	997
670	998
671	802
671	815
671	919
671	951
671	955
671	974
671	983
672	128
672	893
672	918
672	923
672	927
672	986
672	998
673	769
673	800
673	811
673	869
673	954
673	956
673	963
674	701
674	893
674	976
674	989
674	997
674	998
674	1000
675	268
675	335
675	942
675	947
675	948
675	960
675	968
676	386
676	521
676	725
676	989
676	997
676	998
676	1000
677	311
677	595
677	884
677	896
677	958
677	970
677	993
678	606
678	770
678	837
678	863
678	906
678	917
678	993
679	759
679	785
679	965
679	980
679	987
679	990
679	995
680	784
680	878
680	926
680	952
680	954
680	956
680	963
681	136
681	835
681	899
681	919
681	934
681	949
681	974
681	999
682	171
682	560
682	684
682	828
682	949
682	955
682	961
682	974
683	170
683	758
683	783
683	869
683	878
683	926
683	952
683	956
684	682
684	776
684	815
684	823
684	886
684	934
684	979
684	999
685	437
685	717
685	873
685	877
685	949
685	961
685	979
685	999
686	728
686	863
686	884
686	907
686	932
686	938
686	958
686	993
687	127
687	214
687	748
687	900
687	953
687	977
687	991
687	994
688	323
688	546
688	807
688	876
688	968
688	981
688	990
688	995
689	870
689	914
689	959
689	968
689	980
689	981
689	987
689	995
690	532
690	754
690	839
690	918
690	972
690	989
690	997
690	1000
691	134
691	579
691	589
691	596
691	892
691	936
691	970
691	975
692	401
692	493
692	773
692	905
692	906
692	935
692	960
692	996
693	913
693	914
693	980
693	981
693	987
693	989
693	990
693	995
694	792
694	913
694	951
694	968
694	980
694	987
694	990
694	995
695	344
695	656
695	915
695	939
695	953
695	991
695	992
695	994
696	838
696	882
696	912
696	927
696	976
696	989
696	997
696	1000
697	817
697	855
697	918
697	954
697	989
697	997
697	998
697	1000
698	156
698	277
698	299
698	566
698	791
698	890
698	925
698	957
699	11
699	828
699	834
699	862
699	961
699	974
699	983
699	999
700	888
700	915
700	919
700	945
700	946
700	991
700	992
700	994
701	44
701	674
701	920
701	927
701	933
701	986
701	989
701	997
702	327
702	526
702	823
702	856
702	880
702	910
702	931
702	978
703	888
703	941
703	953
703	960
703	962
703	966
703	982
703	991
704	104
704	533
704	757
704	767
704	818
704	949
704	983
704	999
705	818
705	873
705	902
705	955
705	974
705	979
705	983
705	999
706	385
706	828
706	955
706	974
706	979
706	983
706	990
706	999
707	603
707	805
707	832
707	892
707	922
707	936
707	970
707	975
708	491
708	504
708	637
708	768
708	906
708	997
708	998
708	1000
709	214
709	483
709	940
709	953
709	962
709	991
709	992
709	994
710	801
710	859
710	877
710	885
710	972
710	976
710	989
710	998
711	365
711	812
711	814
711	853
711	898
711	936
711	970
711	975
712	746
712	761
712	879
712	920
712	928
712	964
712	971
712	973
713	456
713	932
713	951
713	959
713	968
713	987
713	990
713	995
714	316
714	334
714	359
714	626
714	648
714	715
714	870
714	929
715	643
715	714
715	829
715	890
715	925
715	930
715	957
715	986
716	131
716	338
716	920
716	928
716	948
716	964
716	973
716	984
717	479
717	685
717	886
717	919
717	974
717	979
717	983
717	999
718	588
718	805
718	853
718	892
718	922
718	936
718	970
718	975
719	668
719	862
719	962
719	966
719	973
719	977
719	992
719	994
720	760
720	887
720	940
720	945
720	946
720	968
720	992
720	994
721	141
721	606
721	896
721	907
721	932
721	938
721	958
721	993
722	670
722	777
722	845
722	882
722	927
722	986
722	997
722	998
723	342
723	863
723	896
723	907
723	938
723	958
723	973
723	993
724	5
724	415
724	802
724	886
724	899
724	961
724	974
724	983
724	985
725	676
725	765
725	860
725	865
725	933
725	942
725	969
725	972
725	997
726	188
726	406
726	598
726	941
726	962
726	977
726	991
726	992
726	994
727	654
727	827
727	901
727	909
727	960
727	985
727	988
727	995
727	996
728	686
728	785
728	914
728	959
728	965
728	968
728	980
728	990
728	995
729	888
729	918
729	941
729	945
729	962
729	977
729	982
729	992
729	994
730	150
730	215
730	325
730	669
730	856
730	880
730	931
730	966
730	978
731	557
731	642
731	815
731	828
731	899
731	955
731	961
731	979
731	999
732	632
732	881
732	945
732	946
732	966
732	982
732	991
732	992
732	994
733	861
733	871
733	881
733	916
733	939
733	961
733	962
733	991
733	992
734	42
734	482
734	662
734	879
734	891
734	920
734	964
734	971
734	984
735	913
735	959
735	968
735	980
735	981
735	987
735	990
735	995
735	1000
736	789
736	847
736	912
736	923
736	937
736	972
736	989
736	998
736	1000
737	821
737	965
737	968
737	980
737	981
737	985
737	987
737	990
737	995
738	916
738	945
738	962
738	963
738	966
738	977
738	991
738	992
738	994
739	594
739	862
739	865
739	887
739	939
739	945
739	962
739	991
739	992
740	328
740	421
740	589
740	611
740	853
740	922
740	936
740	970
740	975
741	405
741	517
741	796
741	851
741	891
741	920
741	964
741	971
741	992
742	753
742	847
742	885
742	895
742	927
742	937
742	997
742	998
742	1000
743	451
743	509
743	900
743	921
743	953
743	962
743	982
743	991
743	992
744	864
744	876
744	959
744	965
744	968
744	981
744	987
744	990
744	996
745	352
745	464
745	840
745	881
745	887
745	915
745	916
745	945
745	994
746	22
746	118
746	712
746	803
746	894
746	928
746	964
746	973
746	984
747	74
747	415
747	825
747	873
747	890
747	955
747	961
747	974
747	979
748	687
748	851
748	885
748	946
748	962
748	982
748	991
748	992
748	994
749	865
749	903
749	923
749	972
749	976
749	989
749	993
749	997
749	998
750	843
750	935
750	943
750	944
750	947
750	967
750	985
750	988
750	989
751	309
751	765
751	808
751	832
751	892
751	898
751	936
751	970
751	975
752	290
752	612
752	646
752	942
752	944
752	948
752	960
752	982
752	996
753	742
753	860
753	895
753	969
753	976
753	986
753	989
753	998
753	1000
754	326
754	690
754	806
754	841
754	895
754	933
754	972
754	986
754	1000
755	485
755	578
755	758
755	795
755	896
755	917
755	938
755	980
755	993
756	338
756	469
756	484
756	761
756	771
756	894
756	964
756	973
756	984
757	45
757	704
757	833
757	899
757	949
757	961
757	979
757	983
757	999
758	466
758	683
758	755
758	854
758	872
758	907
758	932
758	938
758	993
759	205
759	308
759	679
759	771
759	920
759	964
759	971
759	973
759	984
760	418
760	601
760	720
760	887
760	941
760	953
760	966
760	982
760	994
761	520
761	712
761	756
761	846
761	964
761	969
761	971
761	973
761	984
762	336
762	661
762	864
762	951
762	965
762	973
762	980
762	987
762	990
762	995
763	98
763	484
763	525
763	628
763	837
763	854
763	872
763	884
763	917
763	993
764	220
764	353
764	508
764	813
764	868
764	880
764	910
764	930
764	931
764	978
765	125
765	339
765	725
765	751
765	875
765	893
765	906
765	923
765	997
765	998
766	488
766	634
766	870
766	901
766	924
766	926
766	952
766	954
766	956
766	963
767	370
767	623
767	704
767	788
767	927
767	937
767	986
767	989
767	997
767	1000
768	583
768	708
768	855
768	865
768	918
768	976
768	986
768	989
768	998
768	1000
769	394
769	471
769	673
769	878
769	924
769	926
769	952
769	954
769	956
769	963
770	394
770	544
770	644
770	678
770	837
770	896
770	932
770	938
770	958
770	993
771	132
771	434
771	636
771	756
771	759
771	796
771	846
771	964
771	984
771	991
772	491
772	609
772	859
772	912
772	933
772	937
772	969
772	980
772	989
772	1000
773	581
773	692
773	833
773	857
773	879
773	944
773	950
773	985
773	988
773	996
774	249
774	293
774	833
774	901
774	921
774	950
774	967
774	981
774	985
774	996
775	198
775	874
775	947
775	948
775	950
775	955
775	960
775	967
775	988
775	996
776	289
776	630
776	684
776	834
776	835
776	949
776	955
776	979
776	983
776	999
777	272
777	548
777	722
777	923
777	972
777	986
777	989
777	997
777	998
777	1000
778	203
778	368
778	424
778	637
778	813
778	820
778	840
778	868
778	931
778	978
779	569
779	615
779	870
779	878
779	902
779	952
779	954
779	956
779	963
779	970
780	16
780	460
780	885
780	911
780	940
780	946
780	962
780	982
780	991
780	992
781	575
781	804
781	831
781	901
781	926
781	947
781	950
781	960
781	985
781	996
782	562
782	617
782	911
782	940
782	962
782	966
782	977
782	982
782	992
782	994
783	683
783	849
783	869
783	870
783	902
783	924
783	926
783	938
783	954
783	963
784	680
784	799
784	849
784	869
784	902
784	924
784	926
784	949
784	952
784	956
784	963
785	679
785	728
785	886
785	951
785	959
785	965
785	968
785	981
785	987
785	990
785	995
786	65
786	133
786	450
786	618
786	862
786	900
786	939
786	941
786	991
786	992
786	994
787	204
787	279
787	316
787	545
787	635
787	803
787	852
787	908
787	929
787	957
787	976
788	38
788	160
788	321
788	492
788	589
788	767
788	895
788	986
788	989
788	997
788	1000
789	224
789	571
789	642
789	736
789	899
789	934
789	955
789	961
789	979
789	983
789	999
790	70
790	405
790	408
790	647
790	797
790	851
790	920
790	928
790	964
790	971
790	973
791	298
791	306
791	545
791	566
791	574
791	626
791	635
791	698
791	925
791	930
791	957
792	694
792	893
792	897
792	913
792	965
792	968
792	980
792	981
792	987
792	990
792	995
793	183
793	331
793	814
793	824
793	935
793	942
793	944
793	948
793	950
793	982
793	988
794	866
794	914
794	951
794	959
794	965
794	968
794	980
794	987
794	990
794	992
794	995
795	511
795	755
795	837
795	867
795	872
795	883
795	884
795	917
795	932
795	938
795	993
796	95
796	301
796	567
796	591
796	741
796	771
796	920
796	928
796	971
796	973
796	984
797	790
797	827
797	846
797	851
797	894
797	920
797	928
797	964
797	971
797	973
797	984
798	470
798	628
798	644
798	826
798	867
798	872
798	896
798	938
798	958
798	983
798	993
799	370
799	615
799	784
799	849
799	870
799	924
799	926
799	952
799	954
799	956
799	963
800	481
800	651
800	652
800	673
800	857
800	905
800	942
800	944
800	967
800	988
800	996
801	67
801	477
801	556
801	620
801	710
801	855
801	875
801	882
801	909
801	976
801	1000
802	399
802	671
802	724
802	818
802	825
802	835
802	886
802	979
802	983
802	992
802	999
803	13
803	122
803	387
803	513
803	635
803	746
803	787
803	852
803	908
803	929
803	957
804	369
804	371
804	613
804	781
804	824
804	857
804	942
804	950
804	964
804	967
804	988
805	603
805	625
805	707
805	718
805	812
805	832
805	892
805	936
805	970
805	975
805	998
806	167
806	754
806	811
806	877
806	912
806	969
806	972
806	976
806	989
806	997
806	1000
807	631
807	688
807	866
807	875
807	914
807	951
807	965
807	980
807	981
807	990
807	995
808	163
808	576
808	625
808	751
808	832
808	892
808	898
808	922
808	936
808	968
808	970
808	975
809	233
809	598
809	668
809	911
809	945
809	953
809	962
809	969
809	977
809	982
809	991
809	994
810	354
810	824
810	921
810	935
810	942
810	947
810	948
810	960
810	967
810	985
810	988
810	996
811	611
811	621
811	632
811	653
811	673
811	806
811	878
811	902
811	924
811	952
811	963
811	990
812	368
812	421
812	459
812	711
812	805
812	832
812	873
812	898
812	922
812	936
812	970
812	975
813	195
813	254
813	480
813	764
813	778
813	820
813	823
813	840
813	868
813	910
813	945
813	978
814	711
814	793
814	816
814	901
814	935
814	943
814	947
814	960
814	967
814	985
814	988
814	996
815	25
815	239
815	597
815	671
815	684
815	731
815	886
815	955
815	961
815	974
815	983
815	999
816	439
816	814
816	831
816	843
816	943
816	944
816	947
816	963
816	967
816	985
816	988
816	996
817	101
817	697
817	850
817	856
817	877
817	969
817	972
817	976
817	986
817	997
817	998
817	1000
818	337
818	704
818	705
818	802
818	949
818	955
818	961
818	974
818	979
818	983
818	984
818	999
819	888
819	915
819	916
819	940
819	941
819	953
819	962
819	966
819	971
819	982
819	991
819	992
820	141
820	202
820	564
820	634
820	669
820	778
820	813
820	840
820	856
820	868
820	880
820	910
820	978
821	310
821	737
821	864
821	866
821	897
821	914
821	951
821	959
821	980
821	981
821	987
821	990
821	995
822	262
822	858
822	897
822	913
822	951
822	959
822	965
822	968
822	980
822	981
822	987
822	990
822	995
823	14
823	526
823	564
823	655
823	684
823	702
823	813
823	856
823	868
823	880
823	910
823	931
823	978
824	619
824	649
824	793
824	804
824	810
824	935
824	942
824	948
824	950
824	960
824	977
824	985
824	988
825	153
825	270
825	629
825	747
825	802
825	828
825	955
825	961
825	967
825	974
825	979
825	983
825	999
826	297
826	419
826	501
826	584
826	628
826	798
826	837
826	884
826	907
826	932
826	938
826	958
826	993
827	113
827	581
827	727
827	797
827	843
827	857
827	905
827	909
827	944
827	950
827	960
827	988
827	996
828	389
828	531
828	668
828	682
828	699
828	706
828	731
828	825
828	934
828	949
828	961
828	983
828	999
829	145
829	201
829	244
829	287
829	310
829	553
829	643
829	715
829	846
829	852
829	890
829	930
829	957
830	211
830	265
830	285
830	613
830	652
830	654
830	901
830	943
830	947
830	948
830	967
830	985
830	996
831	316
831	619
831	654
831	781
831	816
831	901
831	909
831	921
831	947
831	960
831	967
831	985
831	996
832	163
832	355
832	625
832	707
832	751
832	805
832	808
832	812
832	892
832	922
832	936
832	970
832	975
833	173
833	293
833	757
833	773
833	774
833	901
833	935
833	942
833	948
833	960
833	985
833	988
833	996
834	312
834	523
834	535
834	667
834	699
834	776
834	873
834	886
834	912
834	955
834	974
834	979
834	999
835	231
835	449
835	681
835	776
835	802
835	873
835	886
835	934
835	949
835	955
835	961
835	974
835	979
835	999
836	641
836	668
836	845
836	871
836	881
836	904
836	911
836	915
836	939
836	940
836	977
836	991
836	992
836	994
837	305
837	416
837	605
837	678
837	763
837	770
837	795
837	826
837	884
837	896
837	907
837	917
837	938
837	993
838	75
838	510
838	696
838	850
838	906
838	918
838	933
838	969
838	972
838	976
838	986
838	989
838	997
838	1000
839	510
839	690
839	893
839	923
839	927
839	937
839	972
839	976
839	981
839	986
839	989
839	996
839	997
839	998
840	14
840	148
840	564
840	637
840	655
840	745
840	778
840	813
840	820
840	856
840	880
840	931
840	978
840	997
841	754
841	845
841	850
841	865
841	903
841	912
841	918
841	927
841	937
841	963
841	969
841	997
841	998
841	1000
842	606
842	864
842	866
842	914
842	951
842	959
842	965
842	968
842	971
842	980
842	981
842	987
842	990
842	995
843	91
843	454
843	612
843	646
843	750
843	816
843	827
843	860
843	899
843	943
843	967
843	985
843	988
843	996
844	170
844	624
844	632
844	849
844	869
844	870
844	878
844	902
844	924
844	952
844	954
844	956
844	961
844	963
845	38
845	381
845	722
845	836
845	841
845	847
845	918
845	923
845	927
845	969
845	986
845	989
845	997
845	1000
846	55
846	187
846	269
846	483
846	528
846	638
846	761
846	771
846	797
846	829
846	964
846	971
846	973
846	984
847	12
847	736
847	742
847	845
847	860
847	877
847	903
847	923
847	969
847	972
847	986
847	993
847	997
847	998
847	1000
848	361
848	489
848	882
848	903
848	906
848	912
848	923
848	933
848	969
848	972
848	976
848	982
848	989
848	997
848	1000
849	346
849	414
849	634
849	783
849	784
849	799
849	844
849	869
849	878
849	902
849	924
849	952
849	954
849	956
849	963
850	43
850	193
850	532
850	542
850	817
850	838
850	841
850	877
850	912
850	917
850	933
850	969
850	976
850	986
850	989
851	118
851	647
851	660
851	741
851	748
851	790
851	797
851	879
851	894
851	920
851	928
851	964
851	971
851	973
851	984
852	19
852	201
852	314
852	324
852	472
852	475
852	498
852	787
852	803
852	829
852	890
852	929
852	943
852	957
852	997
853	10
853	152
853	468
853	536
853	711
853	718
853	740
853	855
853	867
853	892
853	898
853	922
853	936
853	970
853	975
854	48
854	311
854	501
854	540
854	549
854	628
854	758
854	763
854	867
854	872
854	917
854	932
854	938
854	958
854	987
854	993
855	503
855	546
855	562
855	697
855	768
855	801
855	853
855	895
855	903
855	906
855	969
855	972
855	976
855	989
855	997
855	1000
856	61
856	440
856	480
856	508
856	526
856	649
856	702
856	730
856	817
856	820
856	823
856	840
856	868
856	910
856	931
856	978
857	773
857	800
857	804
857	827
857	905
857	943
857	944
857	948
857	950
857	953
857	960
857	967
857	985
857	988
857	993
857	996
858	85
858	459
858	822
858	864
858	897
858	913
858	914
858	951
858	959
858	965
858	968
858	980
858	981
858	987
858	990
858	995
859	128
859	504
859	665
859	710
859	772
859	893
859	906
859	918
859	927
859	972
859	976
859	982
859	989
859	997
859	998
859	1000
860	407
860	532
860	725
860	753
860	843
860	847
860	893
860	895
860	927
860	947
860	969
860	976
860	986
860	989
860	997
860	998
861	208
861	561
861	594
861	603
861	733
861	904
861	916
861	939
861	940
861	946
861	953
861	962
861	966
861	982
861	991
861	992
861	994
862	357
862	699
862	719
862	739
862	786
862	911
862	915
862	916
862	939
862	940
862	941
862	953
862	966
862	977
862	987
862	992
862	994
863	30
863	411
863	436
863	502
863	627
863	678
863	686
863	723
863	867
863	872
863	883
863	896
863	904
863	907
863	938
863	958
863	993
864	666
864	744
864	762
864	821
864	842
864	858
864	891
864	897
864	913
864	951
864	959
864	968
864	980
864	981
864	987
864	990
864	995
865	407
865	556
865	580
865	639
865	640
865	725
865	739
865	749
865	768
865	841
865	933
865	937
865	969
865	972
865	976
865	997
865	998
866	794
866	807
866	821
866	842
866	876
866	897
866	904
866	913
866	914
866	959
866	965
866	968
866	980
866	981
866	987
866	990
866	995
867	342
867	433
867	478
867	502
867	795
867	798
867	853
867	854
867	863
867	872
867	884
867	896
867	917
867	932
867	938
867	958
867	993
868	82
868	246
868	442
868	564
868	655
868	657
868	764
868	778
868	813
868	820
868	823
868	856
868	880
868	910
868	931
868	959
868	978
869	433
869	559
869	570
869	621
869	673
869	683
869	783
869	784
869	844
869	849
869	878
869	881
869	926
869	952
869	954
869	956
869	963
870	433
870	514
870	689
870	714
870	766
870	779
870	783
870	799
870	844
870	878
870	902
870	924
870	926
870	952
870	954
870	956
870	963
871	303
871	338
871	733
871	836
871	885
871	905
871	916
871	939
871	940
871	941
871	945
871	966
871	977
871	982
871	991
871	992
871	994
872	243
872	466
872	540
872	578
872	595
872	758
872	763
872	795
872	798
872	854
872	863
872	867
872	917
872	938
872	958
872	986
872	993
873	46
873	366
873	495
873	518
873	560
873	685
873	705
873	747
873	812
873	834
873	835
873	899
873	919
873	974
873	979
873	983
873	999
874	247
874	373
874	447
874	499
874	506
874	565
874	590
874	651
874	775
874	935
874	943
874	944
874	959
874	960
874	967
874	985
874	988
875	195
875	384
875	492
875	541
875	546
875	765
875	801
875	807
875	877
875	918
875	933
875	937
875	972
875	976
875	986
875	989
875	998
875	1000
876	336
876	573
876	600
876	622
876	664
876	688
876	744
876	866
876	890
876	909
876	913
876	951
876	959
876	965
876	968
876	981
876	990
876	995
877	43
877	685
877	710
877	806
877	817
877	847
877	850
877	875
877	882
877	895
877	912
877	933
877	969
877	976
877	989
877	994
877	997
877	998
878	634
878	680
878	683
878	769
878	779
878	811
878	844
878	849
878	869
878	870
878	902
878	924
878	926
878	952
878	954
878	956
878	963
878	1000
879	66
879	235
879	294
879	399
879	528
879	567
879	607
879	659
879	712
879	734
879	773
879	851
879	920
879	928
879	964
879	971
879	973
879	984
880	219
880	423
880	442
880	480
880	637
880	657
880	702
880	730
880	764
880	820
880	823
880	840
880	868
880	898
880	910
880	931
880	977
880	978
881	154
881	515
881	732
881	733
881	745
881	836
881	869
881	904
881	911
881	915
881	939
881	941
881	945
881	946
881	966
881	977
881	991
881	993
882	63
882	100
882	506
882	696
882	722
882	801
882	848
882	877
882	893
882	912
882	933
882	937
882	969
882	986
882	989
882	997
882	998
882	1000
883	59
883	206
883	285
883	351
883	443
883	448
883	595
883	627
883	644
883	650
883	795
883	863
883	917
883	932
883	938
883	950
883	958
883	993
884	261
884	490
884	522
884	525
884	644
884	677
884	686
884	763
884	795
884	826
884	837
884	867
884	896
884	917
884	938
884	958
884	993
884	1000
885	304
885	352
885	432
885	710
885	742
885	748
885	780
885	871
885	887
885	888
885	889
885	915
885	946
885	977
885	982
885	991
885	992
885	994
886	495
886	535
886	684
886	717
886	724
886	785
886	802
886	815
886	834
886	835
886	934
886	955
886	961
886	974
886	979
886	983
886	988
886	999
887	412
887	563
887	641
887	720
887	739
887	745
887	760
887	885
887	940
887	945
887	946
887	953
887	956
887	977
887	982
887	987
887	991
887	992
887	994
888	36
888	282
888	299
888	303
888	464
888	700
888	703
888	729
888	819
888	885
888	889
888	900
888	915
888	916
888	940
888	945
888	966
888	992
888	994
889	127
889	304
889	885
889	888
889	904
889	910
889	911
889	916
889	938
889	941
889	945
889	946
889	953
889	966
889	977
889	982
889	991
889	992
889	994
890	19
890	133
890	145
890	156
890	302
890	314
890	334
890	382
890	553
890	698
890	715
890	747
890	829
890	852
890	876
890	925
890	929
890	930
890	957
891	232
891	269
891	294
891	301
891	374
891	482
891	554
891	602
891	660
891	734
891	741
891	864
891	894
891	920
891	937
891	964
891	971
891	973
891	984
892	3
892	32
892	350
892	410
892	691
892	707
892	718
892	751
892	805
892	808
892	832
892	853
892	898
892	922
892	936
892	959
892	970
892	975
892	991
893	72
893	88
893	223
893	268
893	321
893	620
893	672
893	674
893	765
893	792
893	839
893	859
893	860
893	882
893	937
893	972
893	976
893	986
893	997
894	22
894	103
894	178
894	484
894	494
894	605
894	638
894	647
894	746
894	756
894	797
894	851
894	891
894	928
894	964
894	971
894	973
894	980
894	984
895	1
895	339
895	577
895	742
895	753
895	754
895	788
895	855
895	860
895	877
895	912
895	937
895	972
895	976
895	986
895	988
895	989
895	997
895	998
895	1000
896	297
896	393
896	502
896	677
896	721
896	723
896	755
896	770
896	798
896	837
896	863
896	867
896	884
896	907
896	917
896	932
896	938
896	958
896	974
896	993
897	426
897	512
897	567
897	792
897	821
897	822
897	858
897	864
897	866
897	913
897	919
897	951
897	959
897	965
897	968
897	980
897	981
897	987
897	990
897	995
898	240
898	365
898	366
898	410
898	418
898	468
898	536
898	565
898	576
898	579
898	711
898	751
898	808
898	812
898	853
898	880
898	892
898	922
898	936
898	970
898	975
899	239
899	280
899	400
899	415
899	467
899	549
899	681
899	724
899	731
899	757
899	789
899	843
899	873
899	919
899	934
899	949
899	955
899	974
899	979
899	983
899	999
900	164
900	373
900	610
900	687
900	743
900	786
900	888
900	904
900	915
900	939
900	940
900	941
900	945
900	946
900	949
900	972
900	977
900	982
900	991
900	992
900	994
901	51
901	93
901	276
901	454
901	727
901	766
901	774
901	781
901	814
901	830
901	831
901	833
901	905
901	921
901	942
901	944
901	948
901	950
901	967
901	985
901	996
902	397
902	530
902	559
902	632
902	653
902	705
902	779
902	783
902	784
902	811
902	844
902	849
902	870
902	878
902	924
902	926
902	952
902	954
902	956
902	963
902	990
903	370
903	401
903	403
903	435
903	749
903	841
903	847
903	848
903	855
903	918
903	923
903	927
903	933
903	937
903	969
903	972
903	986
903	989
903	997
903	998
903	1000
904	357
904	563
904	568
904	638
904	640
904	836
904	861
904	863
904	866
904	881
904	889
904	900
904	911
904	940
904	946
904	953
904	962
904	966
904	977
904	982
904	991
904	992
905	343
905	364
905	463
905	538
905	612
905	651
905	692
905	800
905	827
905	857
905	871
905	901
905	921
905	942
905	948
905	950
905	960
905	963
905	967
905	985
905	988
905	996
906	49
906	172
906	670
906	678
906	692
906	708
906	765
906	838
906	848
906	855
906	859
906	912
906	918
906	923
906	933
906	937
906	969
906	986
906	989
906	997
906	998
906	1000
907	30
907	137
907	466
907	501
907	595
907	627
907	650
907	664
907	686
907	721
907	723
907	758
907	826
907	837
907	863
907	896
907	917
907	932
907	938
907	958
907	993
907	998
908	13
908	119
908	149
908	165
908	244
908	267
908	287
908	317
908	326
908	340
908	347
908	359
908	382
908	387
908	566
908	574
908	787
908	803
908	925
908	930
908	957
908	967
908	968
909	73
909	422
909	558
909	596
909	613
909	658
909	662
909	727
909	801
909	827
909	831
909	876
909	931
909	942
909	944
909	947
909	948
909	950
909	960
909	967
909	985
909	988
909	996
910	61
910	98
910	109
910	135
910	150
910	171
910	216
910	246
910	440
910	442
910	508
910	649
910	702
910	764
910	813
910	820
910	823
910	856
910	868
910	880
910	889
910	931
910	978
911	93
911	430
911	515
911	593
911	599
911	780
911	782
911	809
911	836
911	862
911	881
911	889
911	904
911	916
911	930
911	940
911	941
911	946
911	953
911	966
911	982
911	991
911	994
912	255
912	462
912	623
912	696
912	736
912	772
912	806
912	834
912	841
912	848
912	850
912	877
912	882
912	895
912	906
912	927
912	933
912	937
912	969
912	976
912	989
912	997
912	998
912	1000
913	319
913	524
913	580
913	693
913	694
913	735
913	792
913	822
913	858
913	864
913	866
913	876
913	897
913	921
913	942
913	951
913	959
913	965
913	968
913	980
913	981
913	987
913	990
913	995
914	274
914	346
914	486
914	586
914	592
914	616
914	666
914	689
914	693
914	728
914	794
914	807
914	821
914	842
914	858
914	866
914	922
914	951
914	959
914	968
914	980
914	981
914	987
914	990
914	995
915	561
915	601
915	695
915	700
915	745
915	819
915	836
915	862
915	881
915	885
915	888
915	900
915	939
915	940
915	941
915	945
915	954
915	962
915	966
915	974
915	977
915	982
915	984
915	992
915	994
916	196
916	304
916	509
916	547
916	610
916	733
916	738
916	745
916	819
916	861
916	862
916	871
916	888
916	889
916	911
916	940
916	941
916	946
916	962
916	963
916	966
916	977
916	982
916	992
916	994
917	18
917	106
917	443
917	540
917	578
917	650
917	678
917	755
917	763
917	795
917	837
917	850
917	854
917	867
917	872
917	883
917	884
917	896
917	907
917	932
917	938
917	946
917	958
917	964
917	993
918	38
918	44
918	457
918	585
918	672
918	690
918	697
918	729
918	768
918	838
918	841
918	845
918	859
918	875
918	903
918	906
918	923
918	937
918	969
918	972
918	976
918	978
918	986
918	997
918	998
918	1000
919	110
919	129
919	256
919	428
919	495
919	533
919	543
919	571
919	582
919	629
919	663
919	671
919	681
919	700
919	717
919	873
919	897
919	899
919	934
919	949
919	955
919	961
919	974
919	979
919	983
919	999
920	15
920	132
920	190
920	211
920	482
920	487
920	494
920	537
920	550
920	602
920	701
920	712
920	716
920	734
920	741
920	759
920	790
920	796
920	797
920	851
920	879
920	891
920	957
920	971
920	973
920	984
921	182
921	207
921	458
921	499
921	506
921	572
921	579
921	645
921	651
921	743
921	774
921	810
921	831
921	901
921	905
921	913
921	935
921	943
921	947
921	948
921	950
921	960
921	967
921	985
921	988
921	996
922	9
922	10
922	94
922	134
922	155
922	259
922	421
922	459
922	468
922	536
922	576
922	588
922	625
922	707
922	718
922	740
922	808
922	812
922	832
922	853
922	892
922	898
922	914
922	936
922	970
922	975
923	146
923	266
923	496
923	541
923	542
923	670
923	672
923	736
923	749
923	765
923	777
923	839
923	845
923	847
923	848
923	903
923	906
923	918
923	927
923	949
923	969
923	972
923	976
923	979
923	997
923	998
923	1000
924	16
924	397
924	507
924	514
924	518
924	559
924	570
924	608
924	621
924	624
924	766
924	769
924	783
924	784
924	799
924	811
924	844
924	849
924	870
924	878
924	902
924	926
924	952
924	954
924	956
924	963
924	982
925	119
925	133
925	149
925	191
925	244
925	289
925	299
925	302
925	324
925	358
925	472
925	475
925	486
925	552
925	614
925	643
925	698
925	715
925	791
925	890
925	908
925	929
925	930
925	955
925	957
925	980
925	987
926	47
926	315
926	388
926	438
926	569
926	619
926	621
926	634
926	653
926	680
926	683
926	766
926	769
926	781
926	783
926	784
926	799
926	869
926	870
926	878
926	902
926	924
926	952
926	954
926	956
926	963
926	999
927	88
927	177
927	263
927	266
927	496
927	604
927	628
927	672
927	696
927	701
927	722
927	742
927	767
927	839
927	841
927	845
927	859
927	860
927	903
927	912
927	923
927	969
927	972
927	992
927	997
927	998
927	1000
928	121
928	180
928	181
928	190
928	273
928	371
928	413
928	461
928	534
928	554
928	636
928	647
928	659
928	660
928	712
928	716
928	746
928	790
928	796
928	797
928	851
928	879
928	894
928	964
928	971
928	973
928	984
929	19
929	80
929	191
929	204
929	277
929	279
929	287
929	302
929	317
929	347
929	358
929	382
929	400
929	498
929	574
929	614
929	643
929	648
929	714
929	787
929	803
929	852
929	890
929	925
929	930
929	957
929	1000
930	165
930	213
930	253
930	298
930	318
930	324
930	334
930	347
930	362
930	390
930	398
930	445
930	475
930	553
930	620
930	626
930	648
930	715
930	764
930	791
930	829
930	890
930	908
930	911
930	925
930	929
930	957
931	37
931	96
931	109
931	148
931	187
931	189
931	215
931	219
931	254
931	292
931	325
931	341
931	423
931	526
931	657
931	702
931	730
931	764
931	778
931	823
931	840
931	856
931	868
931	880
931	909
931	910
931	978
931	983
932	138
932	158
932	225
932	351
932	416
932	490
932	525
932	544
932	606
932	644
932	650
932	686
932	713
932	721
932	758
932	770
932	795
932	826
932	854
932	867
932	883
932	896
932	907
932	917
932	944
932	958
932	973
932	993
933	51
933	87
933	168
933	199
933	222
933	295
933	386
933	496
933	701
933	725
933	754
933	772
933	838
933	848
933	850
933	865
933	875
933	877
933	882
933	903
933	906
933	912
933	937
933	951
933	976
933	997
933	998
933	1000
934	58
934	239
934	270
934	300
934	367
934	389
934	400
934	444
934	467
934	500
934	555
934	663
934	681
934	684
934	789
934	828
934	835
934	886
934	899
934	919
934	940
934	949
934	955
934	961
934	974
934	979
934	983
934	993
934	999
935	161
935	194
935	228
935	420
935	499
935	558
935	596
935	651
935	692
935	750
935	793
935	810
935	814
935	824
935	833
935	874
935	921
935	940
935	942
935	943
935	944
935	947
935	948
935	950
935	960
935	967
935	985
935	988
935	990
935	996
936	94
936	152
936	184
936	212
936	281
936	296
936	312
936	350
936	576
936	589
936	603
936	625
936	691
936	707
936	711
936	718
936	740
936	751
936	805
936	808
936	812
936	832
936	853
936	892
936	898
936	922
936	970
936	975
936	991
936	994
937	226
937	384
937	449
937	485
937	503
937	548
937	551
937	736
937	742
937	767
937	772
937	839
937	841
937	865
937	875
937	882
937	891
937	893
937	895
937	903
937	906
937	912
937	918
937	933
937	969
937	972
937	976
937	986
937	989
937	997
937	998
937	1000
938	18
938	59
938	225
938	351
938	522
938	578
938	628
938	650
938	686
938	721
938	723
938	755
938	758
938	770
938	783
938	795
938	798
938	826
938	837
938	854
938	863
938	867
938	872
938	883
938	884
938	889
938	896
938	907
938	917
938	957
938	958
938	993
939	186
939	284
939	288
939	327
939	455
939	505
939	532
939	568
939	608
939	618
939	641
939	695
939	733
939	739
939	786
939	836
939	861
939	862
939	871
939	881
939	900
939	915
939	941
939	945
939	946
939	953
939	967
939	977
939	982
939	991
939	992
939	994
940	63
940	81
940	154
940	406
940	451
940	668
940	709
940	720
940	780
940	782
940	819
940	836
940	861
940	862
940	871
940	887
940	888
940	900
940	904
940	911
940	915
940	916
940	934
940	935
940	943
940	945
940	946
940	953
940	962
940	966
940	982
940	991
940	992
940	994
941	21
941	56
941	303
941	304
941	396
941	406
941	547
941	618
941	703
941	726
941	729
941	760
941	786
941	819
941	862
941	871
941	881
941	889
941	900
941	911
941	915
941	916
941	939
941	945
941	946
941	953
941	966
941	969
941	977
941	982
941	989
941	991
941	992
941	994
942	229
942	265
942	356
942	439
942	493
942	565
942	575
942	596
942	645
942	675
942	725
942	752
942	793
942	800
942	804
942	810
942	824
942	833
942	901
942	905
942	909
942	913
942	935
942	943
942	944
942	947
942	948
942	950
942	960
942	967
942	972
942	979
942	985
942	988
942	996
943	28
943	159
943	169
943	192
943	369
943	377
943	401
943	444
943	506
943	538
943	575
943	581
943	590
943	596
943	612
943	662
943	750
943	814
943	816
943	830
943	843
943	852
943	857
943	874
943	921
943	935
943	940
943	942
943	944
943	950
943	960
943	967
943	984
943	985
943	988
943	996
944	144
944	290
944	335
944	343
944	372
944	404
944	420
944	439
944	457
944	565
944	619
944	654
944	750
944	752
944	773
944	793
944	800
944	816
944	827
944	857
944	874
944	901
944	909
944	932
944	935
944	942
944	943
944	947
944	948
944	950
944	960
944	962
944	967
944	985
944	988
944	996
945	26
945	78
945	412
945	515
945	601
945	610
945	618
945	627
945	668
945	700
945	720
945	729
945	732
945	738
945	739
945	745
945	809
945	813
945	871
945	881
945	887
945	888
945	889
945	900
945	915
945	939
945	940
945	941
945	953
945	962
945	966
945	977
945	982
945	988
945	991
945	994
946	233
946	284
946	303
946	327
946	391
946	396
946	432
946	593
946	594
946	601
946	618
946	700
946	720
946	732
946	748
946	780
946	861
946	881
946	885
946	887
946	889
946	900
946	904
946	911
946	916
946	917
946	939
946	940
946	941
946	951
946	962
946	971
946	977
946	982
946	992
946	994
947	73
947	116
947	314
947	364
947	371
947	404
947	454
947	493
947	565
947	645
947	646
947	651
947	658
947	675
947	750
947	775
947	781
947	810
947	814
947	816
947	830
947	831
947	860
947	909
947	921
947	935
947	942
947	944
947	948
947	950
947	956
947	960
947	967
947	985
947	988
947	996
948	228
948	331
948	343
948	372
948	444
948	463
948	575
948	590
948	646
948	658
948	675
948	716
948	752
948	775
948	793
948	810
948	824
948	830
948	833
948	857
948	901
948	905
948	909
948	921
948	935
948	942
948	944
948	947
948	950
948	960
948	966
948	967
948	979
948	985
948	988
948	996
949	5
949	11
949	24
949	58
949	153
949	255
949	348
949	380
949	417
949	479
949	543
949	549
949	585
949	629
949	663
949	681
949	682
949	685
949	704
949	757
949	776
949	784
949	818
949	828
949	835
949	899
949	900
949	919
949	923
949	934
949	950
949	955
949	961
949	974
949	979
949	983
949	999
950	25
950	77
950	175
950	182
950	275
950	305
950	325
950	371
950	444
950	454
950	458
950	572
950	773
950	774
950	775
950	781
950	793
950	804
950	824
950	827
950	857
950	883
950	901
950	905
950	909
950	921
950	935
950	942
950	943
950	944
950	947
950	948
950	949
950	960
950	967
950	988
950	996
951	40
951	104
951	140
951	221
951	323
951	346
951	409
951	446
951	456
951	512
951	516
951	519
951	524
951	527
951	671
951	694
951	713
951	762
951	785
951	794
951	807
951	821
951	822
951	842
951	858
951	864
951	876
951	897
951	913
951	914
951	933
951	946
951	959
951	965
951	968
951	980
951	981
951	987
951	990
951	995
952	108
952	170
952	210
952	277
952	313
952	388
952	424
952	438
952	488
952	507
952	514
952	530
952	559
952	569
952	583
952	611
952	615
952	624
952	634
952	680
952	683
952	766
952	769
952	779
952	784
952	799
952	811
952	844
952	849
952	869
952	870
952	878
952	902
952	924
952	926
952	954
952	955
952	956
952	963
952	988
953	81
953	114
953	264
953	360
953	427
953	505
953	514
953	598
953	610
953	617
953	618
953	641
953	687
953	695
953	703
953	709
953	743
953	760
953	809
953	819
953	857
953	861
953	862
953	887
953	889
953	904
953	911
953	939
953	940
953	941
953	945
953	961
953	962
953	966
953	977
953	982
953	991
953	992
953	994
953	1000
954	11
954	16
954	47
954	97
954	108
954	283
954	313
954	394
954	397
954	438
954	488
954	569
954	570
954	583
954	611
954	621
954	624
954	634
954	653
954	673
954	680
954	697
954	766
954	769
954	779
954	783
954	799
954	844
954	849
954	869
954	870
954	878
954	902
954	915
954	924
954	926
954	952
954	956
954	963
954	996
955	230
955	333
955	392
955	467
955	497
955	500
955	531
955	549
955	571
955	630
955	642
955	663
955	667
955	671
955	682
955	705
955	706
955	731
955	747
955	775
955	776
955	789
955	815
955	818
955	825
955	834
955	835
955	886
955	899
955	919
955	925
955	934
955	949
955	952
955	961
955	974
955	979
955	983
955	994
955	999
956	97
956	108
956	280
956	283
956	315
956	388
956	488
956	507
956	514
956	559
956	569
956	570
956	583
956	615
956	621
956	624
956	632
956	653
956	673
956	680
956	683
956	766
956	769
956	779
956	784
956	799
956	844
956	849
956	869
956	870
956	878
956	887
956	902
956	924
956	926
956	947
956	952
956	954
956	963
956	978
956	997
957	20
957	80
957	105
957	122
957	149
957	213
957	279
957	298
957	302
957	340
957	358
957	359
957	362
957	379
957	387
957	398
957	456
957	513
957	545
957	552
957	553
957	566
957	574
957	614
957	626
957	643
957	648
957	698
957	715
957	787
957	791
957	803
957	829
957	852
957	890
957	908
957	920
957	925
957	929
957	930
957	938
958	106
958	111
958	137
958	243
958	297
958	419
958	436
958	443
958	470
958	478
958	479
958	485
958	490
958	540
958	544
958	595
958	605
958	606
958	627
958	650
958	677
958	686
958	721
958	723
958	770
958	798
958	826
958	854
958	863
958	867
958	872
958	883
958	884
958	896
958	907
958	917
958	932
958	938
958	971
958	992
958	993
958	1000
959	33
959	92
959	126
959	140
959	151
959	174
959	329
959	346
959	376
959	441
959	590
959	616
959	633
959	645
959	661
959	689
959	713
959	728
959	735
959	744
959	785
959	794
959	821
959	822
959	842
959	858
959	864
959	866
959	868
959	874
959	876
959	892
959	897
959	913
959	914
959	951
959	965
959	968
959	980
959	981
959	987
959	990
959	995
960	64
960	77
960	192
960	268
960	275
960	364
960	369
960	401
960	439
960	447
960	462
960	558
960	662
960	675
960	692
960	703
960	727
960	752
960	775
960	781
960	810
960	814
960	824
960	827
960	831
960	833
960	857
960	874
960	905
960	909
960	921
960	935
960	942
960	943
960	944
960	947
960	948
960	950
960	967
960	974
960	985
960	988
960	996
960	999
961	4
961	104
961	209
961	231
961	258
961	278
961	300
961	367
961	389
961	497
961	531
961	535
961	555
961	557
961	560
961	582
961	585
961	597
961	642
961	663
961	682
961	685
961	699
961	724
961	731
961	733
961	747
961	757
961	789
961	815
961	818
961	825
961	828
961	835
961	844
961	886
961	919
961	934
961	949
961	953
961	955
961	973
961	974
961	983
961	999
962	1
962	26
962	164
962	197
962	291
962	357
962	375
962	391
962	430
962	451
962	509
962	563
962	571
962	601
962	648
962	656
962	703
962	709
962	719
962	726
962	729
962	733
962	738
962	739
962	743
962	748
962	780
962	782
962	809
962	819
962	861
962	904
962	915
962	916
962	940
962	944
962	945
962	946
962	953
962	966
962	977
962	982
962	991
962	992
962	998
963	47
963	97
963	210
963	280
963	283
963	313
963	315
963	388
963	394
963	438
963	488
963	507
963	530
963	559
963	569
963	570
963	583
963	611
963	615
963	621
963	624
963	632
963	653
963	673
963	680
963	738
963	766
963	769
963	779
963	783
963	784
963	799
963	811
963	816
963	841
963	844
963	849
963	869
963	870
963	878
963	902
963	905
963	916
963	924
963	926
963	952
963	954
963	956
964	39
964	103
964	121
964	157
964	181
964	235
964	237
964	245
964	269
964	271
964	294
964	308
964	338
964	392
964	408
964	461
964	469
964	483
964	487
964	517
964	534
964	550
964	567
964	591
964	647
964	660
964	712
964	716
964	734
964	741
964	746
964	756
964	759
964	761
964	771
964	790
964	797
964	804
964	846
964	851
964	879
964	891
964	894
964	917
964	928
964	965
964	971
964	973
964	984
965	2
965	6
965	23
965	90
965	252
965	276
965	307
965	336
965	383
965	414
965	441
965	465
965	466
965	529
965	573
965	592
965	600
965	616
965	622
965	631
965	633
965	664
965	666
965	679
965	728
965	737
965	744
965	762
965	785
965	792
965	794
965	807
965	822
965	842
965	858
965	866
965	876
965	897
965	913
965	951
965	959
965	964
965	967
965	968
965	980
965	981
965	987
965	990
965	995
965	999
966	52
966	78
966	218
966	332
966	349
966	360
966	393
966	396
966	412
966	427
966	430
966	451
966	509
966	555
966	563
966	593
966	599
966	608
966	656
966	703
966	719
966	730
966	732
966	738
966	760
966	782
966	819
966	861
966	862
966	871
966	881
966	888
966	889
966	904
966	911
966	915
966	916
966	940
966	941
966	945
966	948
966	953
966	962
966	977
966	982
966	983
966	991
966	992
966	994
966	998
967	34
967	36
967	73
967	113
967	116
967	182
967	183
967	238
967	251
967	305
967	343
967	377
967	447
967	537
967	612
967	613
967	645
967	652
967	662
967	750
967	774
967	775
967	800
967	804
967	810
967	814
967	816
967	825
967	830
967	831
967	843
967	857
967	874
967	901
967	905
967	908
967	909
967	921
967	935
967	939
967	942
967	943
967	944
967	947
967	948
967	950
967	960
967	965
967	985
967	996
968	7
968	54
968	126
968	130
968	273
968	383
968	409
968	414
968	426
968	473
968	516
968	539
968	586
968	592
968	631
968	633
968	664
968	666
968	675
968	688
968	689
968	694
968	713
968	720
968	728
968	735
968	737
968	744
968	785
968	792
968	794
968	808
968	822
968	842
968	858
968	864
968	866
968	876
968	897
968	908
968	913
968	914
968	951
968	959
968	965
968	980
968	981
968	987
968	990
968	995
968	996
968	1000
969	43
969	115
969	172
969	222
969	339
969	395
969	449
969	462
969	471
969	477
969	503
969	504
969	548
969	575
969	577
969	584
969	620
969	623
969	725
969	753
969	761
969	772
969	806
969	809
969	817
969	838
969	841
969	845
969	847
969	848
969	850
969	855
969	860
969	865
969	877
969	882
969	903
969	906
969	912
969	918
969	923
969	927
969	937
969	941
969	972
969	976
969	986
969	989
969	995
969	997
969	998
969	1000
970	3
970	8
970	9
970	21
970	32
970	60
970	75
970	136
970	184
970	212
970	224
970	240
970	259
970	281
970	296
970	309
970	328
970	350
970	365
970	366
970	368
970	410
970	418
970	459
970	468
970	576
970	579
970	588
970	589
970	603
970	617
970	625
970	677
970	691
970	707
970	711
970	718
970	740
970	751
970	779
970	805
970	808
970	812
970	832
970	853
970	892
970	898
970	922
970	936
970	975
970	983
970	994
971	42
971	159
971	176
971	181
971	190
971	226
971	271
971	294
971	301
971	403
971	408
971	411
971	434
971	469
971	482
971	483
971	484
971	487
971	494
971	517
971	520
971	534
971	537
971	550
971	554
971	591
971	638
971	647
971	659
971	667
971	712
971	734
971	741
971	759
971	761
971	790
971	796
971	797
971	819
971	842
971	846
971	851
971	879
971	891
971	894
971	920
971	928
971	946
971	958
971	964
971	973
971	984
972	72
972	100
972	193
972	345
972	361
972	363
972	384
972	425
972	429
972	435
972	457
972	489
972	503
972	510
972	538
972	604
972	623
972	639
972	690
972	710
972	725
972	736
972	749
972	754
972	777
972	806
972	817
972	838
972	839
972	847
972	848
972	855
972	859
972	865
972	875
972	893
972	895
972	900
972	903
972	918
972	923
972	927
972	937
972	942
972	969
972	976
972	978
972	986
972	989
972	997
972	998
972	1000
973	22
973	39
973	55
973	66
973	112
973	121
973	159
973	176
973	178
973	196
973	226
973	235
973	237
973	374
973	403
973	411
973	434
973	483
973	494
973	517
973	528
973	537
973	550
973	567
973	591
973	602
973	636
973	647
973	659
973	712
973	716
973	719
973	723
973	746
973	756
973	759
973	761
973	762
973	790
973	796
973	797
973	846
973	851
973	879
973	891
973	894
973	920
973	928
973	932
973	961
973	964
973	971
973	984
974	46
974	85
974	129
974	142
974	217
974	230
974	255
974	333
974	367
974	385
974	392
974	417
974	467
974	518
974	533
974	543
974	552
974	557
974	582
974	585
974	597
974	629
974	630
974	667
974	671
974	681
974	682
974	699
974	705
974	706
974	717
974	724
974	747
974	815
974	818
974	825
974	834
974	835
974	873
974	886
974	896
974	899
974	915
974	919
974	934
974	949
974	955
974	960
974	961
974	979
974	981
974	983
974	989
974	999
975	8
975	9
975	10
975	21
975	32
975	60
975	75
975	94
975	134
975	136
975	152
975	163
975	212
975	240
975	259
975	281
975	296
975	309
975	328
975	350
975	365
975	366
975	368
975	418
975	421
975	446
975	459
975	468
975	536
975	576
975	579
975	588
975	589
975	597
975	603
975	625
975	663
975	691
975	707
975	711
975	718
975	740
975	751
975	805
975	808
975	812
975	832
975	853
975	892
975	898
975	922
975	936
975	970
975	992
975	994
976	12
976	27
976	29
976	68
976	86
976	95
976	161
976	322
976	404
976	457
976	471
976	521
976	562
976	580
976	584
976	587
976	604
976	609
976	639
976	674
976	696
976	710
976	749
976	753
976	768
976	787
976	801
976	806
976	817
976	838
976	839
976	848
976	850
976	855
976	859
976	860
976	865
976	875
976	877
976	893
976	895
976	912
976	918
976	923
976	933
976	937
976	969
976	972
976	986
976	987
976	989
976	991
976	997
976	998
976	999
976	1000
977	1
977	53
977	56
977	64
977	143
977	208
977	218
977	247
977	248
977	264
977	315
977	360
977	427
977	431
977	455
977	458
977	460
977	511
977	561
977	563
977	568
977	593
977	599
977	610
977	640
977	641
977	656
977	687
977	719
977	726
977	729
977	738
977	782
977	809
977	824
977	836
977	862
977	871
977	880
977	881
977	885
977	887
977	889
977	900
977	904
977	915
977	916
977	939
977	941
977	945
977	946
977	953
977	962
977	966
977	982
977	991
977	992
977	994
978	14
978	37
978	53
978	61
978	96
978	105
978	109
978	117
978	141
978	148
978	150
978	171
978	187
978	189
978	195
978	202
978	203
978	215
978	216
978	219
978	246
978	254
978	292
978	307
978	325
978	341
978	353
978	423
978	424
978	435
978	440
978	442
978	480
978	508
978	526
978	564
978	637
978	649
978	655
978	657
978	669
978	702
978	730
978	764
978	778
978	813
978	820
978	823
978	840
978	856
978	868
978	880
978	910
978	918
978	931
978	956
978	972
978	997
979	4
979	5
979	45
979	74
979	147
979	166
979	209
979	242
979	272
979	312
979	333
979	348
979	381
979	385
979	399
979	402
979	417
979	497
979	500
979	523
979	533
979	555
979	557
979	560
979	582
979	585
979	630
979	642
979	646
979	667
979	684
979	685
979	705
979	706
979	717
979	731
979	747
979	757
979	776
979	789
979	802
979	818
979	825
979	834
979	835
979	873
979	886
979	899
979	919
979	923
979	934
979	942
979	948
979	949
979	955
979	974
979	983
979	999
979	1000
980	6
980	17
980	33
980	126
980	146
980	286
980	329
980	372
980	414
980	453
980	465
980	473
980	476
980	512
980	516
980	524
980	527
980	529
980	539
980	573
980	586
980	591
980	600
980	622
980	631
980	633
980	661
980	664
980	679
980	689
980	693
980	694
980	728
980	735
980	737
980	755
980	762
980	772
980	792
980	794
980	807
980	821
980	822
980	842
980	858
980	864
980	866
980	894
980	897
980	913
980	914
980	925
980	951
980	959
980	965
980	968
980	981
980	987
980	990
980	995
981	2
981	7
981	33
981	35
981	40
981	54
981	69
981	89
981	92
981	179
981	250
981	252
981	286
981	288
981	293
981	296
981	307
981	319
981	329
981	456
981	465
981	473
981	512
981	519
981	527
981	529
981	586
981	592
981	600
981	661
981	688
981	689
981	693
981	735
981	737
981	744
981	774
981	785
981	792
981	807
981	821
981	822
981	839
981	842
981	858
981	864
981	866
981	876
981	897
981	913
981	914
981	951
981	959
981	965
981	968
981	974
981	980
981	987
981	990
981	995
981	997
982	65
982	71
982	79
982	81
982	233
982	247
982	282
982	284
982	291
982	317
982	352
982	357
982	393
982	427
982	431
982	432
982	450
982	460
982	547
982	599
982	617
982	641
982	656
982	703
982	729
982	732
982	743
982	748
982	752
982	760
982	780
982	782
982	793
982	809
982	819
982	848
982	859
982	861
982	871
982	885
982	887
982	889
982	900
982	904
982	911
982	915
982	916
982	924
982	939
982	940
982	941
982	945
982	946
982	953
982	962
982	966
982	977
982	985
982	991
982	992
982	994
983	24
983	58
983	66
983	84
983	99
983	124
983	153
983	217
983	256
983	258
983	270
983	278
983	300
983	337
983	348
983	367
983	380
983	381
983	399
983	402
983	428
983	495
983	497
983	500
983	523
983	535
983	549
983	557
983	560
983	663
983	671
983	699
983	704
983	705
983	706
983	717
983	724
983	757
983	776
983	789
983	798
983	802
983	815
983	818
983	825
983	828
983	873
983	886
983	899
983	919
983	931
983	934
983	949
983	955
983	961
983	966
983	970
983	974
983	979
983	990
983	999
984	15
984	39
984	42
984	55
984	103
984	112
984	118
984	131
984	132
984	157
984	180
984	196
984	210
984	211
984	232
984	237
984	271
984	301
984	323
984	374
984	403
984	408
984	411
984	413
984	434
984	461
984	482
984	487
984	517
984	528
984	550
984	554
984	567
984	591
984	602
984	607
984	638
984	659
984	716
984	734
984	746
984	756
984	759
984	761
984	771
984	796
984	797
984	818
984	846
984	851
984	879
984	891
984	894
984	915
984	920
984	928
984	943
984	964
984	971
984	973
984	986
984	997
985	25
985	34
985	70
985	77
985	113
985	123
985	194
985	198
985	227
985	241
985	249
985	251
985	276
985	290
985	331
985	356
985	372
985	404
985	463
985	508
985	538
985	558
985	565
985	572
985	581
985	613
985	619
985	646
985	651
985	654
985	724
985	727
985	737
985	750
985	773
985	774
985	781
985	810
985	814
985	816
985	824
985	830
985	831
985	833
985	843
985	857
985	874
985	901
985	905
985	909
985	921
985	935
985	942
985	943
985	944
985	947
985	948
985	960
985	967
985	982
985	988
985	996
985	998
985	999
986	62
986	71
986	72
986	82
986	95
986	101
986	125
986	135
986	139
986	162
986	320
986	322
986	345
986	355
986	386
986	395
986	449
986	461
986	462
986	474
986	477
986	503
986	504
986	521
986	532
986	541
986	551
986	577
986	609
986	620
986	665
986	672
986	701
986	715
986	722
986	753
986	754
986	767
986	768
986	777
986	788
986	817
986	838
986	839
986	845
986	847
986	850
986	860
986	872
986	875
986	882
986	893
986	895
986	903
986	906
986	918
986	937
986	969
986	972
986	976
986	984
986	989
986	995
986	997
986	998
986	1000
987	6
987	17
987	23
987	31
987	69
987	102
987	174
987	221
987	273
987	286
987	288
987	319
987	329
987	344
987	426
987	441
987	446
987	453
987	456
987	465
987	476
987	516
987	519
987	524
987	527
987	529
987	539
987	573
987	616
987	622
987	631
987	633
987	661
987	666
987	669
987	679
987	689
987	693
987	694
987	713
987	735
987	737
987	744
987	762
987	785
987	792
987	794
987	821
987	822
987	842
987	854
987	858
987	862
987	864
987	866
987	887
987	897
987	913
987	914
987	925
987	951
987	959
987	965
987	968
987	976
987	980
987	981
987	990
987	995
987	998
988	28
988	41
988	64
988	91
988	93
988	144
988	147
988	173
988	183
988	198
988	199
988	228
988	249
988	275
988	285
988	335
988	369
988	376
988	430
988	444
988	447
988	454
988	458
988	481
988	493
988	499
988	506
988	538
988	572
988	581
988	590
988	596
988	619
988	623
988	645
988	652
988	658
988	662
988	727
988	750
988	773
988	775
988	793
988	800
988	804
988	810
988	814
988	816
988	824
988	827
988	833
988	843
988	857
988	874
988	886
988	895
988	905
988	909
988	921
988	935
988	942
988	943
988	944
988	945
988	947
988	948
988	950
988	952
988	960
988	985
988	996
989	50
989	67
989	88
989	115
989	167
989	185
989	234
989	245
989	295
989	320
989	354
989	363
989	370
989	384
989	474
989	487
989	491
989	492
989	541
989	546
989	548
989	562
989	570
989	584
989	587
989	604
989	639
989	665
989	670
989	674
989	676
989	690
989	693
989	696
989	697
989	701
989	710
989	736
989	749
989	750
989	753
989	767
989	768
989	772
989	777
989	788
989	806
989	838
989	839
989	845
989	848
989	850
989	855
989	859
989	860
989	875
989	877
989	882
989	895
989	903
989	906
989	912
989	937
989	941
989	969
989	972
989	974
989	976
989	986
989	997
989	998
989	1000
990	35
990	69
990	89
990	90
990	102
990	151
990	174
990	179
990	250
990	252
990	260
990	274
990	319
990	349
990	376
990	383
990	409
990	426
990	441
990	446
990	453
990	473
990	476
990	519
990	524
990	529
990	539
990	573
990	586
990	600
990	616
990	622
990	624
990	631
990	664
990	666
990	679
990	688
990	693
990	694
990	706
990	713
990	728
990	735
990	737
990	744
990	762
990	785
990	792
990	794
990	807
990	811
990	821
990	822
990	842
990	858
990	864
990	866
990	876
990	897
990	902
990	913
990	914
990	935
990	951
990	959
990	965
990	968
990	980
990	981
990	983
990	987
990	995
990	999
991	52
991	71
991	78
991	79
991	114
991	122
991	154
991	186
991	188
991	192
991	197
991	218
991	291
991	332
991	349
991	375
991	378
991	391
991	450
991	451
991	455
991	511
991	515
991	547
991	561
991	568
991	601
991	608
991	617
991	640
991	656
991	687
991	695
991	700
991	703
991	709
991	726
991	732
991	733
991	738
991	739
991	743
991	748
991	771
991	780
991	786
991	809
991	819
991	836
991	861
991	871
991	881
991	885
991	887
991	889
991	892
991	900
991	904
991	911
991	936
991	939
991	940
991	941
991	945
991	953
991	962
991	966
991	976
991	977
991	982
991	992
991	993
991	994
991	997
992	52
992	56
992	127
992	143
992	164
992	175
992	214
992	262
992	284
992	306
992	309
992	327
992	352
992	375
992	406
992	455
992	464
992	505
992	511
992	547
992	561
992	568
992	593
992	594
992	598
992	610
992	617
992	618
992	640
992	641
992	668
992	695
992	700
992	709
992	719
992	720
992	726
992	729
992	732
992	733
992	738
992	739
992	741
992	743
992	748
992	780
992	782
992	786
992	794
992	802
992	819
992	836
992	861
992	862
992	871
992	885
992	887
992	888
992	889
992	900
992	904
992	915
992	916
992	927
992	939
992	940
992	941
992	946
992	953
992	958
992	962
992	966
992	975
992	977
992	982
992	991
992	994
993	18
993	30
993	48
993	57
993	59
993	68
993	98
993	106
993	111
993	137
993	138
993	158
993	206
993	225
993	236
993	243
993	257
993	261
993	297
993	311
993	342
993	351
993	416
993	419
993	436
993	443
993	448
993	466
993	470
993	478
993	485
993	490
993	501
993	502
993	522
993	525
993	540
993	544
993	578
993	595
993	605
993	606
993	627
993	628
993	644
993	650
993	677
993	678
993	686
993	721
993	723
993	749
993	755
993	758
993	763
993	770
993	795
993	798
993	826
993	837
993	847
993	854
993	857
993	863
993	867
993	872
993	881
993	883
993	884
993	896
993	907
993	917
993	932
993	934
993	938
993	958
993	991
993	995
994	26
994	65
994	79
994	84
994	114
994	143
994	168
994	175
994	186
994	197
994	208
994	262
994	264
994	282
994	306
994	349
994	360
994	378
994	393
994	396
994	412
994	429
994	431
994	460
994	464
994	505
994	509
994	511
994	525
994	587
994	593
994	594
994	608
994	617
994	640
994	656
994	687
994	695
994	700
994	709
994	719
994	720
994	726
994	729
994	732
994	738
994	745
994	748
994	760
994	782
994	786
994	809
994	836
994	861
994	862
994	871
994	877
994	885
994	887
994	888
994	889
994	900
994	911
994	915
994	916
994	936
994	939
994	940
994	941
994	945
994	946
994	953
994	955
994	966
994	970
994	975
994	977
994	982
994	991
994	992
995	2
995	7
995	17
995	23
995	31
995	35
995	40
995	54
995	89
995	102
995	130
995	146
995	151
995	179
995	180
995	250
995	260
995	274
995	286
995	288
995	323
995	336
995	344
995	376
995	383
995	446
995	453
995	455
995	465
995	473
995	476
995	510
995	512
995	515
995	516
995	519
995	539
995	586
995	592
995	600
995	616
995	622
995	631
995	633
995	661
995	664
995	679
995	688
995	689
995	693
995	694
995	713
995	727
995	728
995	735
995	737
995	762
995	785
995	792
995	794
995	807
995	821
995	822
995	842
995	858
995	864
995	866
995	876
995	897
995	913
995	914
995	951
995	959
995	965
995	968
995	969
995	980
995	981
995	986
995	987
995	990
995	993
995	999
996	28
996	31
996	36
996	41
996	91
996	123
996	144
996	147
996	169
996	173
996	199
996	207
996	238
996	241
996	285
996	290
996	293
996	305
996	331
996	335
996	356
996	373
996	374
996	377
996	395
996	420
996	422
996	447
996	458
996	463
996	481
996	493
996	499
996	558
996	575
996	581
996	590
996	612
996	613
996	619
996	629
996	645
996	646
996	652
996	654
996	658
996	662
996	692
996	727
996	744
996	752
996	773
996	774
996	775
996	781
996	800
996	810
996	814
996	816
996	827
996	830
996	831
996	833
996	839
996	843
996	857
996	901
996	905
996	909
996	921
996	935
996	942
996	943
996	944
996	947
996	948
996	950
996	954
996	960
996	967
996	968
996	985
996	988
996	998
997	29
997	62
997	67
997	83
997	86
997	90
997	101
997	115
997	120
997	125
997	128
997	139
997	162
997	167
997	177
997	223
997	263
997	320
997	322
997	330
997	355
997	395
997	428
997	471
997	489
997	542
997	551
997	556
997	577
997	580
997	584
997	587
997	609
997	639
997	670
997	674
997	676
997	690
997	696
997	697
997	701
997	708
997	722
997	725
997	742
997	749
997	765
997	767
997	777
997	788
997	806
997	817
997	838
997	839
997	840
997	841
997	845
997	847
997	848
997	852
997	855
997	859
997	860
997	865
997	877
997	882
997	893
997	895
997	903
997	906
997	912
997	918
997	923
997	927
997	933
997	937
997	956
997	969
997	972
997	976
997	978
997	981
997	984
997	986
997	989
997	991
997	998
997	1000
998	27
998	60
998	62
998	83
998	86
998	87
998	100
998	107
998	120
998	160
998	172
998	188
998	200
998	234
998	263
998	295
998	321
998	330
998	345
998	354
998	363
998	407
998	425
998	457
998	462
998	471
998	474
998	491
998	492
998	496
998	521
998	541
998	542
998	546
998	551
998	562
998	577
998	580
998	584
998	587
998	620
998	665
998	670
998	672
998	674
998	676
998	697
998	708
998	710
998	722
998	736
998	742
998	749
998	753
998	765
998	768
998	777
998	805
998	817
998	839
998	841
998	847
998	859
998	860
998	865
998	875
998	877
998	882
998	895
998	903
998	906
998	907
998	912
998	918
998	923
998	927
998	933
998	937
998	962
998	966
998	969
998	972
998	976
998	985
998	986
998	987
998	989
998	996
998	997
998	1000
999	24
999	46
999	74
999	76
999	84
999	85
999	110
999	124
999	129
999	142
999	165
999	166
999	209
999	217
999	224
999	230
999	231
999	242
999	258
999	278
999	300
999	312
999	337
999	380
999	381
999	385
999	389
999	392
999	400
999	402
999	409
999	415
999	417
999	428
999	437
999	467
999	479
999	495
999	497
999	500
999	518
999	523
999	535
999	543
999	549
999	555
999	557
999	558
999	560
999	571
999	582
999	585
999	597
999	629
999	630
999	667
999	681
999	684
999	685
999	699
999	704
999	705
999	706
999	717
999	731
999	757
999	776
999	789
999	802
999	815
999	818
999	825
999	828
999	834
999	835
999	873
999	886
999	899
999	919
999	926
999	934
999	949
999	955
999	960
999	961
999	965
999	974
999	976
999	979
999	983
999	985
999	990
999	995
1000	12
1000	44
1000	45
1000	49
1000	51
1000	68
1000	82
1000	83
1000	107
1000	135
1000	161
1000	162
1000	185
1000	193
1000	200
1000	223
1000	234
1000	266
1000	320
1000	321
1000	339
1000	345
1000	354
1000	355
1000	361
1000	363
1000	407
1000	425
1000	435
1000	449
1000	474
1000	477
1000	489
1000	496
1000	504
1000	510
1000	521
1000	534
1000	542
1000	548
1000	556
1000	580
1000	587
1000	609
1000	620
1000	623
1000	639
1000	665
1000	674
1000	676
1000	690
1000	696
1000	697
1000	708
1000	735
1000	736
1000	742
1000	753
1000	754
1000	767
1000	768
1000	772
1000	777
1000	788
1000	801
1000	806
1000	817
1000	838
1000	841
1000	845
1000	847
1000	848
1000	855
1000	859
1000	875
1000	878
1000	882
1000	884
1000	895
1000	903
1000	906
1000	912
1000	918
1000	923
1000	927
1000	929
1000	933
1000	937
1000	953
1000	958
1000	968
1000	969
1000	972
1000	976
1000	979
1000	986
1000	989
1000	997
1000	998
