1	912
1	920
1	957
2	294
2	729
2	994
3	983
3	990
3	992
4	361
4	791
4	997
5	373
5	962
5	991
6	950
6	971
6	993
7	566
7	774
7	933
8	648
8	708
8	982
9	254
9	732
9	997
10	802
10	973
10	998
11	861
11	961
11	986
12	922
12	972
12	980
13	937
13	976
13	999
14	983
14	989
14	992
15	923
15	937
15	941
16	912
16	914
16	983
17	270
17	919
17	988
18	725
18	939
18	979
19	61
19	870
19	982
20	831
20	841
20	997
21	52
21	933
21	997
22	977
22	978
22	996
23	789
23	880
23	966
24	680
24	915
24	983
25	676
25	928
25	969
26	446
26	970
26	994
27	188
27	980
27	991
28	865
28	958
28	995
29	791
29	944
29	997
30	838
30	987
30	999
31	290
31	310
31	950
32	493
32	965
32	990
33	158
33	826
33	888
34	118
34	330
34	359
35	941
35	943
35	975
36	911
36	924
36	989
37	400
37	969
37	972
38	842
38	991
38	999
39	466
39	720
39	988
40	706
40	881
40	916
41	854
41	939
41	995
42	947
42	977
42	985
43	289
43	948
43	959
44	81
44	998
44	1000
45	223
45	970
45	994
46	93
46	902
46	958
47	545
47	565
47	996
48	838
48	919
48	963
49	773
49	979
49	981
50	206
50	858
50	869
51	891
51	986
51	998
52	21
52	564
52	743
53	753
53	988
53	994
54	930
54	989
54	992
55	910
55	917
55	991
56	949
56	954
56	986
57	500
57	918
57	997
58	751
58	926
58	973
59	957
59	987
59	999
60	785
60	889
60	993
61	19
61	657
61	978
62	639
62	689
62	981
63	835
63	896
63	986
64	848
64	970
64	994
65	742
65	973
65	1000
66	902
66	938
66	967
67	824
67	955
67	994
68	171
68	943
68	976
69	862
69	998
69	1000
70	795
70	954
70	1000
71	923
71	993
71	999
72	980
72	993
72	999
73	533
73	803
73	960
74	321
74	802
74	996
75	643
75	948
75	985
76	453
76	620
76	876
77	714
77	859
77	998
78	814
78	988
78	1000
79	383
79	940
79	972
80	783
80	987
80	999
81	44
81	721
81	1000
82	936
82	985
82	994
83	930
83	974
83	981
84	908
84	927
84	992
85	936
85	947
85	978
86	339
86	783
86	927
87	436
87	840
87	995
88	942
88	951
88	970
89	153
89	645
89	999
90	453
90	894
90	902
91	634
91	681
91	976
92	913
92	918
92	997
93	46
93	883
93	979
94	622
94	932
94	979
95	900
95	960
95	997
96	393
96	583
96	994
97	700
97	978
97	985
98	696
98	954
98	1000
99	952
99	987
99	999
100	966
100	973
100	986
101	610
101	852
101	963
102	806
102	965
102	992
103	966
103	968
103	988
104	783
104	847
104	957
105	709
105	803
105	913
106	863
106	953
106	988
107	580
107	783
107	998
108	818
108	876
108	972
109	956
109	984
109	995
110	858
110	905
110	928
111	923
111	964
111	976
112	434
112	848
112	994
113	978
113	992
113	996
114	982
114	984
114	995
115	648
115	970
115	994
116	227
116	374
116	898
117	518
117	919
117	988
118	34
118	835
118	988
119	771
119	905
119	937
120	821
120	981
120	990
121	444
121	741
121	997
122	753
122	942
122	994
123	588
123	926
123	1000
124	829
124	886
124	997
125	859
125	987
125	993
126	760
126	942
126	955
127	684
127	810
127	974
128	439
128	927
128	939
129	899
129	959
129	985
130	769
130	850
130	987
131	793
131	981
131	992
132	965
132	967
132	992
133	495
133	736
133	992
134	175
134	304
134	970
135	900
135	991
135	999
136	845
136	963
136	1000
137	683
137	832
137	937
138	925
138	951
138	988
139	575
139	982
139	995
140	687
140	807
140	994
141	223
141	309
141	997
142	723
142	936
142	959
143	360
143	867
143	997
144	378
144	584
144	1000
145	306
145	667
145	976
146	649
146	908
146	932
147	987
147	992
147	999
148	472
148	956
148	984
149	666
149	954
149	1000
150	945
150	977
150	996
151	381
151	952
151	988
152	676
152	769
152	987
153	89
153	909
153	999
154	654
154	802
154	996
155	406
155	942
155	955
156	921
156	928
156	972
157	979
157	990
157	992
158	33
158	528
158	825
159	940
159	956
159	984
160	731
160	864
160	996
161	927
161	974
161	995
162	226
162	843
162	1000
163	840
163	984
163	995
164	573
164	787
164	937
165	750
165	885
165	959
166	966
166	999
166	1000
167	851
167	946
167	991
168	518
168	779
168	995
169	749
169	903
169	920
170	345
170	896
170	953
171	68
171	941
171	975
172	763
172	787
172	1000
173	765
173	805
173	995
174	908
174	955
174	994
175	134
175	848
175	884
176	885
176	982
176	995
177	862
177	953
177	1000
178	337
178	823
178	971
179	763
179	929
179	938
180	449
180	789
180	998
181	591
181	947
181	996
182	375
182	887
182	964
183	945
183	959
183	978
184	920
184	940
184	979
185	766
185	851
185	992
186	979
186	989
186	990
187	767
187	921
187	997
188	27
188	442
188	855
189	759
189	892
189	984
190	624
190	696
190	986
191	753
191	951
191	970
192	931
192	970
192	994
193	369
193	839
193	894
194	421
194	904
194	997
195	867
195	997
195	999
196	917
196	971
196	993
197	548
197	834
197	999
198	521
198	906
198	997
199	584
199	699
199	963
200	954
200	966
200	967
201	781
201	953
201	997
202	863
202	896
202	994
203	801
203	931
203	951
204	943
204	975
204	976
205	865
205	912
205	984
206	50
206	827
206	973
207	495
207	839
207	972
208	938
208	973
208	990
209	399
209	861
209	1000
210	959
210	980
210	987
211	961
211	964
211	976
212	359
212	888
212	922
213	938
213	979
213	983
214	942
214	985
214	994
215	570
215	926
215	986
216	358
216	509
216	874
217	548
217	958
217	995
218	784
218	965
218	997
219	880
219	944
219	997
220	555
220	941
220	975
221	782
221	877
221	976
222	247
222	855
222	991
223	45
223	141
223	753
224	682
224	843
224	909
225	738
225	908
225	994
226	162
226	699
226	998
227	116
227	688
227	963
228	840
228	958
228	995
229	887
229	941
229	975
230	807
230	970
230	994
231	639
231	988
231	998
232	716
232	982
232	995
233	887
233	964
233	976
234	937
234	943
234	996
235	946
235	980
235	999
236	959
236	961
236	963
237	907
237	977
237	996
238	926
238	947
238	959
239	762
239	781
239	997
240	526
240	777
240	957
241	813
241	876
241	916
242	396
242	683
242	975
243	728
243	772
243	921
244	708
244	964
244	976
245	764
245	873
245	874
246	451
246	746
246	977
247	222
247	982
247	999
248	835
248	875
248	1000
249	604
249	937
249	975
250	814
250	954
250	1000
251	991
251	993
251	999
252	697
252	982
252	995
253	804
253	922
253	969
254	9
254	642
254	833
255	729
255	951
255	994
256	358
256	664
256	971
257	839
257	894
257	972
258	974
258	981
258	990
259	818
259	921
259	928
260	550
260	883
260	974
261	370
261	612
261	961
262	328
262	948
262	978
263	938
263	989
263	990
264	761
264	986
264	998
265	270
265	852
265	998
266	462
266	482
266	802
267	770
267	776
267	905
268	693
268	961
268	988
269	937
269	964
269	975
270	17
270	265
270	954
271	903
271	936
271	996
272	715
272	937
272	941
273	798
273	852
273	1000
274	819
274	955
274	994
275	914
275	974
275	983
276	462
276	985
276	996
277	847
277	889
277	999
278	895
278	899
278	977
279	534
279	586
279	969
280	823
280	991
280	993
281	668
281	758
281	770
282	363
282	981
282	992
283	886
283	952
283	991
284	843
284	906
284	990
285	368
285	771
285	976
286	987
286	991
286	999
287	961
287	974
287	998
288	743
288	984
288	995
289	43
289	615
289	647
290	31
290	766
290	780
291	394
291	995
291	997
292	420
292	853
292	999
293	815
293	934
293	998
294	2
294	871
294	998
295	919
295	961
295	998
296	938
296	965
296	967
297	306
297	384
297	461
297	956
298	946
298	991
298	993
298	999
299	759
299	939
299	971
299	991
300	723
300	945
300	985
300	996
301	826
301	964
301	969
301	972
302	777
302	962
302	991
302	993
303	728
303	804
303	921
303	969
304	134
304	848
304	994
304	995
305	552
305	942
305	955
305	994
306	145
306	297
306	765
306	958
307	425
307	510
307	893
307	999
308	379
308	407
308	572
308	998
309	141
309	578
309	630
309	997
310	31
310	531
310	950
310	999
311	823
311	894
311	905
311	928
312	425
312	754
312	840
312	920
313	414
313	697
313	886
313	997
314	682
314	896
314	926
314	979
315	528
315	706
315	922
315	959
316	570
316	816
316	951
316	1000
317	320
317	858
317	870
317	916
318	645
318	910
318	980
318	993
319	929
319	981
319	990
319	992
320	317
320	916
320	969
320	997
321	74
321	635
321	702
321	895
322	785
322	950
322	987
322	999
323	690
323	956
323	958
323	995
324	978
324	989
324	990
324	992
325	887
325	941
325	975
325	976
326	655
326	727
326	943
326	975
327	416
327	814
327	896
327	1000
328	262
328	830
328	899
328	944
329	887
329	943
329	964
329	976
330	34
330	689
330	776
330	928
331	859
331	867
331	944
331	997
332	866
332	952
332	971
332	991
333	405
333	944
333	960
333	998
334	532
334	755
334	888
334	999
335	599
335	600
335	837
335	905
336	839
336	869
336	922
336	969
337	178
337	425
337	957
337	991
338	499
338	827
338	988
338	998
339	86
339	846
339	917
339	999
340	427
340	629
340	704
340	977
341	828
341	915
341	951
341	994
342	477
342	982
342	984
342	995
343	698
343	720
343	775
343	980
344	915
344	931
344	942
344	994
345	170
345	654
345	907
345	948
346	489
346	875
346	949
346	973
347	938
347	979
347	983
347	989
348	353
348	504
348	962
348	999
349	556
349	946
349	987
349	991
350	494
350	618
350	940
350	982
351	893
351	935
351	973
351	998
352	399
352	614
352	862
352	998
353	348
353	856
353	911
353	989
354	780
354	892
354	924
354	993
355	619
355	765
355	982
355	995
356	961
356	963
356	998
356	1000
357	841
357	943
357	950
357	964
358	216
358	256
358	867
358	900
359	34
359	212
359	480
359	972
360	143
360	659
360	904
360	960
361	4
361	798
361	879
361	997
362	654
362	947
362	977
362	985
363	282
363	502
363	967
363	992
364	929
364	983
364	990
364	1000
365	665
365	915
365	981
365	989
366	808
366	871
366	966
366	988
367	677
367	800
367	856
367	974
368	285
368	771
368	943
368	976
369	193
369	586
369	870
369	922
370	261
370	680
370	961
370	998
371	718
371	962
371	980
371	989
372	759
372	900
372	987
372	999
373	5
373	900
373	962
373	987
374	116
374	987
374	991
374	999
375	182
375	904
375	960
375	997
376	551
376	842
376	971
376	980
377	384
377	678
377	805
377	958
378	144
378	494
378	862
378	973
379	308
379	745
379	893
379	970
380	736
380	739
380	867
380	944
381	151
381	686
381	961
381	998
382	795
382	879
382	880
382	997
383	79
383	804
383	881
383	888
384	297
384	377
384	920
384	995
385	485
385	848
385	908
385	931
386	402
386	706
386	727
386	916
387	878
387	884
387	963
387	986
388	712
388	944
388	974
388	997
389	858
389	870
389	969
389	972
390	981
390	983
390	989
390	992
391	824
391	884
391	955
391	994
392	626
392	953
392	986
392	1000
393	96
393	822
393	987
393	999
394	291
394	472
394	984
394	995
395	874
395	889
395	946
395	999
396	242
396	683
396	923
396	943
397	463
397	980
397	987
397	999
398	873
398	952
398	971
398	999
399	209
399	352
399	952
399	998
400	37
400	546
400	778
400	969
401	433
401	877
401	964
401	1000
402	386
402	639
402	888
402	894
403	490
403	838
403	962
403	993
404	523
404	737
404	978
404	985
405	333
405	867
405	904
405	997
406	155
406	760
406	970
406	994
407	308
407	898
407	986
407	1000
408	744
408	868
408	990
408	992
409	495
409	821
409	947
409	983
410	742
410	861
410	988
410	1000
411	911
411	938
411	989
411	992
412	441
412	955
412	970
412	994
413	431
413	877
413	941
413	964
414	313
414	833
414	928
414	933
415	815
415	973
415	998
415	1000
416	327
416	925
416	954
416	986
417	924
417	957
417	991
417	999
418	445
418	453
418	772
418	905
419	935
419	953
419	968
419	973
420	292
420	950
420	953
420	991
421	194
421	593
421	913
421	997
422	874
422	954
422	971
422	987
423	720
423	871
423	878
423	988
424	860
424	982
424	984
424	995
425	307
425	312
425	337
425	673
426	902
426	974
426	989
426	990
427	340
427	890
427	974
427	990
428	540
428	980
428	991
428	993
429	733
429	939
429	979
429	989
430	790
430	930
430	949
430	1000
431	413
431	605
431	943
431	975
432	979
432	983
432	990
432	992
433	401
433	703
433	887
433	976
434	112
434	955
434	970
434	972
435	920
435	940
435	960
435	984
436	87
436	820
436	940
436	982
437	470
437	915
437	939
437	990
438	936
438	977
438	978
438	997
439	128
439	546
439	747
439	984
440	690
440	731
440	754
440	866
441	412
441	522
441	912
441	951
442	188
442	971
442	987
442	993
443	531
443	925
443	973
443	1000
444	121
444	879
444	960
444	997
445	418
445	585
445	778
445	972
446	26
446	583
446	649
446	955
447	477
447	738
447	828
447	994
448	839
448	869
448	881
448	969
449	180
449	845
449	896
449	968
450	853
450	980
450	993
450	999
451	246
451	870
451	921
451	972
452	904
452	958
452	984
452	995
453	76
453	90
453	418
453	870
454	750
454	830
454	985
454	996
455	859
455	900
455	910
455	962
456	524
456	567
456	962
456	999
457	820
457	940
457	982
457	995
458	672
458	897
458	977
458	978
459	766
459	901
459	906
459	992
460	866
460	971
460	993
460	999
461	297
461	956
461	958
461	984
462	266
462	276
462	977
462	996
463	397
463	819
463	963
463	998
464	578
464	918
464	960
464	997
465	739
465	886
465	918
465	997
466	39
466	934
466	968
466	1000
467	479
467	955
467	970
467	988
468	782
468	799
468	902
468	981
468	989
469	728
469	826
469	905
469	938
469	972
470	437
470	818
470	881
470	921
470	922
471	620
471	804
471	869
471	958
471	972
472	148
472	394
472	526
472	982
472	995
473	500
473	788
473	867
473	880
473	997
474	586
474	905
474	922
474	928
474	929
475	598
475	622
475	795
475	934
475	966
476	735
476	761
476	954
476	968
476	991
477	342
477	447
477	557
477	984
477	995
478	544
478	751
478	896
478	949
478	998
479	467
479	503
479	773
479	951
479	970
480	359
480	923
480	964
480	975
480	976
481	649
481	781
481	828
481	931
481	955
482	266
482	809
482	945
482	985
482	996
483	678
483	744
483	806
483	932
483	990
484	901
484	929
484	981
484	989
484	990
485	385
485	920
485	940
485	958
485	982
486	592
486	908
486	942
486	970
486	994
487	518
487	765
487	958
487	961
487	984
488	713
488	940
488	958
488	982
488	995
489	346
489	798
489	926
489	961
489	986
490	403
490	755
490	855
490	909
490	957
491	877
491	887
491	937
491	943
491	976
492	577
492	728
492	818
492	870
492	969
493	32
493	967
493	974
493	990
493	992
494	350
494	378
494	953
494	986
494	1000
495	133
495	207
495	409
495	901
495	981
496	654
496	830
496	897
496	899
496	945
497	857
497	924
497	962
497	996
497	999
498	644
498	738
498	908
498	931
498	951
499	338
499	682
499	891
499	925
499	949
500	57
500	473
500	904
500	918
500	997
501	681
501	895
501	941
501	975
501	976
502	363
502	914
502	915
502	979
502	992
503	479
503	734
503	869
503	881
503	972
504	348
504	796
504	900
504	952
504	999
505	628
505	690
505	958
505	984
505	995
506	806
506	911
506	965
506	967
506	990
507	879
507	913
507	918
507	960
507	997
508	855
508	868
508	917
508	971
508	999
509	216
509	852
509	968
509	973
509	1000
510	307
510	671
510	846
510	980
510	987
511	726
511	814
511	893
511	925
511	963
512	863
512	908
512	931
512	986
512	994
513	803
513	833
513	918
513	933
513	997
514	915
514	928
514	983
514	990
514	992
515	852
515	925
515	954
515	963
515	1000
516	827
516	876
516	894
516	905
516	928
517	923
517	929
517	937
517	941
517	964
518	117
518	168
518	487
518	716
518	940
519	766
519	890
519	929
519	974
519	981
520	726
520	979
520	986
520	998
520	1000
521	198
521	739
521	774
521	916
521	960
522	441
522	694
522	753
522	908
522	994
523	404
523	609
523	884
523	942
523	994
524	456
524	540
524	957
524	962
524	987
525	869
525	894
525	969
525	972
525	995
526	240
526	472
526	962
526	987
526	999
527	587
527	588
527	775
527	875
527	998
528	158
528	315
528	620
528	772
528	921
529	613
529	799
529	904
529	933
529	997
530	768
530	885
530	907
530	978
530	996
531	310
531	443
531	900
531	957
531	999
532	334
532	555
532	952
532	971
532	980
533	73
533	697
533	799
533	886
533	997
534	279
534	826
534	969
534	972
534	981
535	641
535	744
535	883
535	892
535	983
536	877
536	923
536	943
536	964
536	975
537	902
537	906
537	938
537	940
537	979
538	587
538	853
538	909
538	980
538	987
539	862
539	911
539	974
539	990
539	992
540	428
540	524
540	900
540	980
540	999
541	650
541	896
541	978
541	985
541	996
542	549
542	849
542	865
542	958
542	982
543	598
543	761
543	926
543	954
543	1000
544	478
544	811
544	898
544	946
544	986
545	47
545	959
545	977
545	984
545	996
546	400
546	439
546	635
546	810
546	983
547	919
547	935
547	966
547	986
547	1000
548	197
548	217
548	873
548	984
548	995
549	542
549	958
549	982
549	989
549	995
550	260
550	615
550	965
550	984
550	989
551	376
551	614
551	671
551	823
551	924
552	305
552	847
552	931
552	970
552	994
553	572
553	584
553	761
553	925
553	968
554	820
554	958
554	966
554	984
554	995
555	220
555	532
555	923
555	964
555	975
556	349
556	769
556	917
556	991
556	993
557	477
557	920
557	940
557	956
557	995
558	759
558	822
558	842
558	910
558	999
559	762
559	791
559	933
559	944
559	997
560	690
560	834
560	940
560	984
560	995
561	776
561	921
561	922
561	969
561	972
562	719
562	967
562	974
562	979
562	992
563	667
563	724
563	910
563	923
563	975
564	52
564	701
564	834
564	982
564	995
565	47
565	637
565	964
565	975
565	976
566	7
566	831
566	913
566	960
566	997
567	456
567	756
567	924
567	993
567	999
568	656
568	756
568	934
568	954
568	968
568	998
569	597
569	747
569	932
569	967
569	990
569	992
570	215
570	316
570	624
570	963
570	986
570	998
571	781
571	833
571	913
571	943
571	960
571	997
572	308
572	553
572	701
572	931
572	986
572	1000
573	164
573	574
573	937
573	943
573	964
573	975
574	573
574	596
574	823
574	892
574	917
574	950
575	139
575	907
575	959
575	977
575	978
575	985
576	688
576	853
576	863
576	884
576	951
576	970
577	492
577	600
577	735
577	858
577	870
577	969
578	309
578	464
578	781
578	880
578	944
578	997
579	656
579	871
579	954
579	961
579	986
579	999
580	107
580	843
580	925
580	934
580	935
580	988
581	832
581	877
581	923
581	964
581	975
581	976
582	692
582	738
582	945
582	978
582	985
582	996
583	96
583	446
583	797
583	931
583	951
583	970
584	144
584	199
584	553
584	715
584	963
584	1000
585	445
585	586
585	711
585	745
585	870
585	972
586	279
586	369
586	474
586	585
586	743
586	972
587	527
587	538
587	612
587	986
587	998
587	1000
588	123
588	527
588	871
588	949
588	963
588	998
589	713
589	716
589	956
589	982
589	984
589	996
590	618
590	836
590	860
590	984
590	995
590	1000
591	181
591	722
591	864
591	944
591	948
591	996
592	486
592	884
592	931
592	951
592	955
592	982
593	421
593	806
593	929
593	981
593	989
593	990
594	758
594	850
594	957
594	971
594	993
594	999
595	773
595	792
595	942
595	951
595	955
595	994
596	574
596	705
596	859
596	909
596	987
596	999
597	569
597	771
597	943
597	964
597	975
597	976
598	475
598	543
598	816
598	890
598	963
598	1000
599	335
599	602
599	681
599	964
599	975
599	976
600	335
600	577
600	734
600	827
600	916
600	921
601	868
601	914
601	921
601	939
601	989
601	992
602	599
602	844
602	937
602	964
602	975
602	976
603	912
603	920
603	956
603	958
603	984
603	995
604	249
604	605
604	632
604	937
604	975
604	976
605	431
605	604
605	727
605	800
605	844
605	943
606	841
606	844
606	864
606	923
606	941
606	975
607	849
607	912
607	940
607	977
607	984
607	995
608	656
608	898
608	986
608	988
608	998
608	1000
609	523
609	797
609	828
609	863
609	931
609	994
610	101
610	961
610	968
610	973
610	986
610	998
611	788
611	864
611	885
611	977
611	978
611	996
612	261
612	587
612	647
612	925
612	926
612	986
613	529
613	703
613	712
613	833
613	960
613	997
614	352
614	551
614	910
614	952
614	991
614	999
615	289
615	550
615	974
615	989
615	990
615	992
616	832
616	841
616	877
616	907
616	975
616	976
617	628
617	650
617	721
617	948
617	978
617	996
618	350
618	590
618	648
618	834
618	984
618	999
619	355
619	666
619	849
619	956
619	959
619	995
620	76
620	471
620	528
620	706
620	921
620	969
621	896
621	930
621	934
621	935
621	954
621	988
622	94
622	475
622	856
622	974
622	979
622	992
623	808
623	924
623	961
623	963
623	968
623	988
624	190
624	570
624	811
624	816
624	860
624	896
625	652
625	660
625	895
625	903
625	988
625	996
626	392
626	775
626	878
626	973
626	988
626	1000
627	746
627	809
627	817
627	954
627	985
627	996
628	505
628	617
628	648
628	912
628	958
628	982
629	340
629	885
629	898
629	907
629	977
629	985
630	309
630	867
630	913
630	933
630	960
630	997
631	731
631	779
631	846
631	982
631	984
631	995
632	604
632	709
632	784
632	831
632	944
632	997
633	874
633	917
633	946
633	957
633	987
633	999
634	91
634	681
634	727
634	729
634	941
634	976
635	321
635	546
635	793
635	932
635	967
635	981
636	744
636	832
636	890
636	974
636	979
636	992
637	565
637	667
637	844
637	935
637	941
637	976
638	939
638	965
638	974
638	980
638	981
638	983
639	62
639	231
639	402
639	825
639	888
639	928
640	809
640	907
640	977
640	978
640	985
640	989
641	535
641	665
641	929
641	974
641	981
641	989
642	254
642	784
642	799
642	944
642	992
642	997
643	75
643	749
643	903
643	947
643	978
643	985
644	498
644	773
644	899
644	955
644	970
644	994
645	89
645	318
645	873
645	874
645	952
645	980
645	993
646	711
646	740
646	858
646	881
646	888
646	928
646	969
647	289
647	612
647	765
647	986
647	988
647	998
647	1000
648	8
648	115
648	618
648	628
648	920
648	984
648	995
649	146
649	446
649	481
649	931
649	955
649	970
649	994
650	541
650	617
650	802
650	945
650	948
650	985
650	996
651	897
651	947
651	959
651	977
651	985
651	990
651	996
652	625
652	802
652	903
652	947
652	978
652	985
652	996
653	895
653	936
653	940
653	945
653	948
653	985
653	996
654	154
654	345
654	362
654	496
654	889
654	948
654	985
655	326
655	795
655	852
655	882
655	954
655	968
655	1000
656	568
656	579
656	608
656	795
656	878
656	988
656	998
657	61
657	768
657	895
657	947
657	959
657	977
657	985
658	884
658	908
658	919
658	942
658	951
658	970
658	994
659	360
659	864
659	895
659	897
659	903
659	907
659	996
660	625
660	899
660	936
660	945
660	959
660	978
660	996
661	794
661	899
661	945
661	977
661	978
661	985
661	987
662	712
662	750
662	907
662	948
662	959
662	985
662	996
663	760
663	908
663	913
663	931
663	951
663	970
663	994
664	256
664	866
664	873
664	924
664	961
664	980
664	993
665	365
665	641
665	725
665	821
665	967
665	979
665	989
666	149
666	619
666	836
666	865
666	912
666	984
666	995
667	145
667	563
667	637
667	923
667	935
667	964
667	975
668	281
668	847
668	866
668	950
668	962
668	991
668	993
669	878
669	919
669	926
669	954
669	968
669	973
669	998
670	776
670	825
670	837
670	869
670	889
670	922
670	928
671	510
671	551
671	811
671	842
671	892
671	910
671	991
672	458
672	821
672	901
672	930
672	932
672	965
672	992
673	425
673	874
673	900
673	971
673	980
673	991
673	999
674	790
674	821
674	896
674	961
674	963
674	988
674	998
675	779
675	805
675	865
675	956
675	982
675	984
675	995
676	25
676	152
676	685
676	837
676	839
676	905
676	969
677	367
677	711
677	827
677	869
677	881
677	888
677	969
678	377
678	483
678	743
678	834
678	982
678	984
678	995
679	740
679	793
679	822
679	823
679	962
679	991
679	993
680	24
680	370
680	883
680	965
680	981
680	983
680	990
681	91
681	501
681	599
681	634
681	715
681	944
681	976
682	224
682	314
682	499
682	878
682	925
682	995
682	1000
683	137
683	242
683	396
683	887
683	923
683	941
683	975
684	127
684	744
684	809
684	914
684	930
684	979
684	983
685	676
685	813
685	881
685	905
685	928
685	972
685	982
686	381
686	751
686	790
686	935
686	961
686	973
686	1000
687	140
687	694
687	942
687	951
687	970
687	971
687	994
688	227
688	576
688	792
688	797
688	931
688	955
688	994
689	62
689	330
689	839
689	876
689	894
689	969
689	972
690	323
690	440
690	505
690	560
690	940
690	946
690	995
691	763
691	854
691	909
691	979
691	983
691	990
691	992
692	582
692	812
692	817
692	899
692	977
692	985
692	996
693	268
693	789
693	845
693	893
693	907
693	988
693	1000
694	522
694	687
694	738
694	848
694	863
694	884
694	942
695	744
695	902
695	906
695	911
695	948
695	965
695	989
696	98
696	190
696	852
696	945
696	966
696	998
696	1000
697	252
697	313
697	533
697	913
697	944
697	960
697	997
698	343
698	871
698	893
698	968
698	986
698	998
698	1000
699	199
699	226
699	761
699	790
699	811
699	819
699	968
700	97
700	765
700	836
700	940
700	956
700	982
700	984
700	995
701	564
701	572
701	745
701	875
701	934
701	935
701	953
701	1000
702	321
702	895
702	897
702	903
702	948
702	959
702	978
702	996
703	433
703	613
703	831
703	867
703	879
703	933
703	944
703	997
704	340
704	737
704	872
704	947
704	959
704	977
704	978
704	985
705	596
705	794
705	910
705	924
705	980
705	987
705	993
705	999
706	40
706	315
706	386
706	620
706	778
706	826
706	871
706	894
707	830
707	872
707	895
707	936
707	939
707	959
707	977
707	985
708	8
708	244
708	820
708	920
708	956
708	958
708	982
708	995
709	105
709	632
709	867
709	879
709	913
709	933
709	944
709	997
710	792
710	807
710	824
710	828
710	908
710	927
710	970
710	994
711	585
711	646
711	677
711	818
711	830
711	839
711	921
711	969
712	388
712	613
712	662
712	762
712	788
712	831
712	913
712	997
713	488
713	589
713	860
713	906
713	912
713	982
713	984
713	995
714	77
714	846
714	855
714	889
714	910
714	960
714	980
714	993
715	272
715	584
715	681
715	937
715	943
715	964
715	975
715	976
716	232
716	518
716	589
716	779
716	956
716	982
716	984
716	995
717	814
717	823
717	850
717	952
717	962
717	971
717	980
717	999
718	371
718	755
718	850
718	889
718	917
718	991
718	993
718	999
719	562
719	804
719	915
719	929
719	930
719	932
719	974
719	983
720	39
720	343
720	423
720	816
720	934
720	966
720	998
720	1000
721	81
721	617
721	746
721	809
721	897
721	945
721	948
721	985
722	591
722	947
722	948
722	977
722	978
722	981
722	985
722	996
723	142
723	300
723	737
723	872
723	907
723	977
723	987
723	996
724	563
724	923
724	934
724	941
724	943
724	964
724	975
724	976
725	18
725	665
725	906
725	930
725	937
725	981
725	989
725	990
726	511
726	520
726	882
726	926
726	935
726	961
726	966
726	998
727	326
727	386
727	605
727	634
727	841
727	844
727	937
727	941
728	243
728	303
728	469
728	492
728	776
728	921
728	950
728	972
729	2
729	255
729	634
729	792
729	863
729	908
729	955
729	994
730	756
730	837
730	846
730	866
730	962
730	971
730	987
730	999
731	160
731	440
731	631
731	820
731	834
731	958
731	982
731	984
732	9
732	781
732	786
732	788
732	791
732	913
732	917
732	918
733	429
733	909
733	915
733	927
733	938
733	989
733	990
733	992
734	503
734	600
734	780
734	837
734	876
734	916
734	921
734	928
734	969
735	476
735	577
735	751
735	882
735	954
735	963
735	973
735	998
735	1000
736	133
736	380
736	741
736	784
736	904
736	913
736	933
736	944
736	997
737	404
737	704
737	723
737	830
737	947
737	977
737	985
737	986
737	996
738	225
738	447
738	498
738	582
738	694
738	773
738	801
738	828
738	994
739	380
739	465
739	521
739	799
739	867
739	933
739	960
739	967
739	997
740	646
740	679
740	842
740	847
740	857
740	950
740	962
740	991
740	999
741	121
741	736
741	774
741	833
741	836
741	880
741	904
741	944
741	997
742	65
742	410
742	745
742	902
742	919
742	926
742	963
742	968
742	998
743	52
743	288
743	586
743	678
743	849
743	956
743	958
743	982
743	984
744	408
744	483
744	535
744	636
744	684
744	695
744	856
744	929
744	989
745	379
745	585
745	701
745	742
745	852
745	861
745	949
745	968
745	998
746	246
746	627
746	721
746	750
746	872
746	977
746	978
746	985
746	996
747	439
747	569
747	932
747	951
747	967
747	981
747	989
747	990
747	992
748	785
748	909
748	924
748	980
748	987
748	991
748	993
748	997
748	999
749	169
749	643
749	812
749	897
749	899
749	936
749	965
749	985
749	996
750	165
750	454
750	662
750	746
750	817
750	876
750	899
750	985
750	996
751	58
751	478
751	686
751	735
751	819
751	845
751	961
751	986
751	1000
752	851
752	854
752	911
752	930
752	932
752	939
752	967
752	981
752	992
753	53
753	122
753	191
753	223
753	522
753	915
753	931
753	955
753	994
754	312
754	440
754	836
754	860
754	916
754	940
754	956
754	958
754	982
755	334
755	490
755	718
755	762
755	889
755	917
755	962
755	987
755	999
756	567
756	568
756	730
756	758
756	785
756	847
756	957
756	962
756	999
757	885
757	895
757	910
757	947
757	948
757	959
757	977
757	978
757	996
758	281
758	594
758	756
758	796
758	909
758	987
758	991
758	993
758	999
759	189
759	299
759	372
759	558
759	917
759	918
759	957
759	971
759	993
760	126
760	406
760	663
760	828
760	863
760	931
760	942
760	951
760	994
761	264
761	476
761	543
761	553
761	699
761	764
761	891
761	953
761	1000
762	239
762	559
762	712
762	755
762	767
762	918
762	933
762	960
762	997
763	172
763	179
763	691
763	856
763	911
763	938
763	981
763	983
763	992
764	245
764	761
764	873
764	946
764	957
764	971
764	991
764	993
764	999
765	173
765	306
765	355
765	487
765	647
765	700
765	834
765	860
765	982
766	185
766	290
766	459
766	519
766	901
766	906
766	965
766	983
766	989
767	187
767	762
767	774
767	791
767	829
767	918
767	933
767	970
767	997
768	530
768	657
768	885
768	899
768	948
768	977
768	978
768	985
768	989
768	996
769	130
769	152
769	556
769	838
769	924
769	946
769	950
769	971
769	991
769	993
770	267
770	281
770	842
770	859
770	917
770	950
770	952
770	962
770	971
770	999
771	119
771	285
771	368
771	597
771	832
771	887
771	923
771	943
771	955
771	976
772	243
772	418
772	528
772	804
772	813
772	876
772	894
772	928
772	942
772	969
773	49
773	479
773	595
773	644
773	738
773	807
773	824
773	931
773	951
773	994
774	7
774	521
774	741
774	767
774	784
774	791
774	886
774	933
774	949
774	997
775	343
775	527
775	626
775	882
775	925
775	953
775	986
775	988
775	994
775	998
776	267
776	330
776	561
776	670
776	728
776	839
776	876
776	894
776	922
776	938
777	240
777	302
777	847
777	853
777	917
777	951
777	952
777	980
777	991
777	993
778	400
778	445
778	706
778	789
778	870
778	888
778	916
778	922
778	928
778	972
779	168
779	631
779	675
779	716
779	849
779	860
779	912
779	940
779	961
779	982
780	290
780	354
780	734
780	838
780	853
780	889
780	946
780	987
780	991
780	993
781	201
781	239
781	481
781	571
781	578
781	732
781	799
781	831
781	960
781	997
782	221
782	468
782	856
782	906
782	927
782	965
782	979
782	989
782	990
782	992
783	80
783	86
783	104
783	107
783	822
783	846
783	892
783	917
783	950
783	993
784	218
784	632
784	642
784	736
784	774
784	831
784	867
784	913
784	950
784	960
784	997
785	60
785	322
785	748
785	756
785	909
785	910
785	977
785	980
785	987
785	993
785	999
786	732
786	818
786	829
786	831
786	879
786	886
786	913
786	933
786	944
786	960
786	997
787	164
787	172
787	814
787	845
787	966
787	968
787	973
787	986
787	988
787	998
787	1000
788	473
788	611
788	712
788	732
788	803
788	879
788	880
788	886
788	944
788	960
788	997
789	23
789	180
789	693
789	778
789	893
789	898
789	919
789	966
789	986
789	988
789	1000
790	430
790	674
790	686
790	699
790	844
790	891
790	953
790	954
790	988
790	998
790	1000
791	4
791	29
791	559
791	732
791	767
791	774
791	799
791	835
791	880
791	918
791	997
792	595
792	688
792	710
792	729
792	908
792	942
792	951
792	955
792	970
792	992
792	994
793	131
793	635
793	679
793	851
793	967
793	974
793	981
793	983
793	989
793	990
793	992
794	661
794	705
794	864
794	885
794	895
794	945
794	947
794	959
794	978
794	985
794	996
795	70
795	382
795	475
795	655
795	656
795	935
795	949
795	986
795	988
795	998
795	1000
796	504
796	758
796	900
796	914
796	946
796	952
796	962
796	971
796	980
796	991
796	999
797	583
797	609
797	688
797	801
797	824
797	908
797	917
797	942
797	955
797	970
797	994
798	273
798	361
798	489
798	808
798	875
798	882
798	925
798	953
798	966
798	988
798	1000
799	468
799	529
799	533
799	642
799	739
799	781
799	791
799	918
799	933
799	944
799	997
800	367
800	605
800	821
800	854
800	868
800	901
800	967
800	974
800	979
800	989
800	992
801	203
801	738
801	797
801	848
801	863
801	931
801	942
801	955
801	968
801	970
801	994
802	10
802	74
802	154
802	266
802	650
802	652
802	897
802	907
802	977
802	978
802	996
803	73
803	105
803	513
803	788
803	879
803	880
803	904
803	918
803	927
803	933
803	960
803	997
804	253
804	303
804	383
804	471
804	719
804	772
804	870
804	888
804	916
804	921
804	969
804	972
805	173
805	377
805	675
805	836
805	860
805	912
805	922
805	956
805	958
805	982
805	984
805	995
806	102
806	483
806	506
806	593
806	890
806	891
806	938
806	965
806	983
806	989
806	990
806	992
807	140
807	230
807	710
807	773
807	863
807	884
807	931
807	942
807	949
807	951
807	970
807	994
808	366
808	623
808	798
808	819
808	840
808	862
808	898
808	934
808	966
808	973
808	988
808	1000
809	482
809	627
809	640
809	684
809	721
809	812
809	903
809	936
809	945
809	977
809	978
809	996
810	127
810	546
810	902
810	914
810	927
810	965
810	967
810	979
810	983
810	989
810	990
810	998
811	544
811	624
811	671
811	699
811	896
811	935
811	954
811	963
811	968
811	988
811	998
811	1000
812	692
812	749
812	809
812	817
812	885
812	945
812	947
812	957
812	959
812	978
812	985
812	996
813	241
813	685
813	772
813	837
813	866
813	869
813	881
813	905
813	928
813	969
813	972
813	997
814	78
814	250
814	327
814	511
814	717
814	787
814	935
814	949
814	968
814	988
814	998
814	1000
815	293
815	415
815	861
815	875
815	893
815	896
815	935
815	949
815	966
815	973
815	981
815	988
815	1000
816	316
816	598
816	624
816	720
816	845
816	861
816	871
816	899
816	926
816	966
816	986
816	988
816	998
817	627
817	692
817	750
817	812
817	864
817	885
817	895
817	899
817	907
817	936
817	948
817	965
817	996
818	108
818	259
818	470
818	492
818	711
818	786
818	826
818	827
818	876
818	905
818	916
818	922
818	928
819	274
819	463
819	699
819	751
819	808
819	861
819	875
819	893
819	926
819	966
819	986
819	998
819	1000
820	436
820	457
820	554
820	708
820	731
820	836
820	920
820	956
820	958
820	971
820	984
820	991
820	995
821	120
821	409
821	665
821	672
821	674
821	800
821	887
821	911
821	938
821	965
821	967
821	983
821	990
822	393
822	558
822	679
822	783
822	838
822	847
822	850
822	924
822	925
822	946
822	952
822	991
822	993
823	178
823	280
823	311
823	551
823	574
823	679
823	717
823	942
823	946
823	952
823	987
823	991
823	993
824	67
824	391
824	710
824	773
824	797
824	828
824	884
824	908
824	942
824	951
824	970
824	989
824	994
825	158
825	639
825	670
825	826
825	839
825	869
825	881
825	888
825	922
825	928
825	969
825	972
825	980
826	33
826	301
826	469
826	534
826	706
826	818
826	825
826	858
826	894
826	916
826	922
826	969
826	975
827	206
827	338
827	516
827	600
827	677
827	818
827	869
827	876
827	888
827	905
827	928
827	969
827	972
828	341
828	447
828	481
828	609
828	710
828	738
828	760
828	824
828	919
828	942
828	955
828	970
828	994
829	124
829	767
829	786
829	879
829	880
829	886
829	904
829	913
829	918
829	944
829	960
829	982
829	997
830	328
830	454
830	496
830	707
830	711
830	737
830	872
830	895
830	907
830	947
830	948
830	959
830	996
831	20
831	566
831	632
831	703
831	712
831	781
831	784
831	786
831	880
831	886
831	904
831	991
831	997
832	137
832	581
832	616
832	636
832	771
832	841
832	887
832	923
832	937
832	941
832	964
832	975
832	976
833	254
833	414
833	513
833	571
833	613
833	741
833	886
833	913
833	918
833	933
833	960
833	993
833	997
834	197
834	560
834	564
834	618
834	678
834	731
834	765
834	849
834	860
834	956
834	976
834	982
834	984
834	995
835	63
835	118
835	248
835	791
835	864
835	878
835	949
835	961
835	963
835	966
835	968
835	973
835	988
835	998
836	590
836	666
836	700
836	741
836	754
836	805
836	820
836	865
836	920
836	953
836	956
836	958
836	984
836	995
837	335
837	670
837	676
837	730
837	734
837	813
837	870
837	883
837	888
837	905
837	916
837	928
837	969
837	972
838	30
838	48
838	403
838	769
838	780
838	822
838	866
838	873
838	874
838	909
838	924
838	948
838	991
838	993
839	193
839	207
839	257
839	336
839	448
839	676
839	689
839	711
839	776
839	825
839	853
839	858
839	876
839	972
840	87
840	163
840	228
840	312
840	808
840	854
840	860
840	865
840	912
840	920
840	940
840	958
840	982
840	995
841	20
841	357
841	606
841	616
841	727
841	832
841	844
841	887
841	937
841	941
841	943
841	964
841	975
841	976
842	38
842	376
842	558
842	671
842	740
842	770
842	859
842	866
842	897
842	900
842	950
842	952
842	980
842	993
843	162
843	224
843	284
843	580
843	886
843	891
843	953
843	954
843	966
843	973
843	986
843	988
843	998
843	1000
844	602
844	605
844	606
844	637
844	727
844	790
844	841
844	877
844	923
844	937
844	941
844	943
844	975
844	976
845	136
845	449
845	693
845	751
845	787
845	816
845	879
845	935
845	949
845	963
845	968
845	973
845	986
845	988
845	998
846	339
846	510
846	631
846	714
846	730
846	783
846	873
846	889
846	909
846	950
846	952
846	983
846	987
846	993
846	999
847	104
847	277
847	552
847	668
847	740
847	756
847	777
847	822
847	946
847	952
847	957
847	980
847	987
847	993
847	999
848	64
848	112
848	175
848	304
848	385
848	694
848	801
848	863
848	884
848	931
848	951
848	955
848	970
848	971
848	994
849	542
849	607
849	619
849	743
849	779
849	834
849	865
849	912
849	920
849	931
849	940
849	956
849	982
849	984
849	995
850	130
850	594
850	717
850	718
850	822
850	874
850	892
850	909
850	949
850	962
850	979
850	980
850	991
850	993
850	999
851	167
851	185
851	752
851	793
851	856
851	883
851	906
851	932
851	939
851	965
851	974
851	979
851	983
851	990
851	992
852	101
852	265
852	273
852	509
852	515
852	655
852	696
852	745
852	912
852	919
852	926
852	934
852	961
852	973
852	988
853	292
853	450
853	538
853	576
853	777
853	780
853	839
853	874
853	892
853	900
853	910
853	950
853	957
853	987
853	993
854	41
854	691
854	752
854	800
854	840
854	902
854	906
854	911
854	929
854	965
854	967
854	979
854	981
854	989
854	992
855	188
855	222
855	490
855	508
855	714
855	903
855	924
855	946
855	950
855	952
855	957
855	987
855	991
855	993
855	999
856	353
856	367
856	622
856	744
856	763
856	782
856	851
856	914
856	933
856	938
856	965
856	979
856	983
856	989
856	990
857	497
857	740
857	859
857	885
857	889
857	917
857	924
857	952
857	957
857	962
857	971
857	987
857	991
857	993
857	999
858	50
858	110
858	317
858	389
858	577
858	646
858	826
858	839
858	888
858	894
858	905
858	916
858	921
858	969
858	977
859	77
859	125
859	331
859	455
859	596
859	770
859	842
859	857
859	873
859	924
859	962
859	971
859	980
859	987
859	999
860	424
860	590
860	624
860	713
860	754
860	765
860	779
860	805
860	834
860	840
860	912
860	956
860	958
860	982
860	984
860	995
861	11
861	209
861	410
861	745
861	815
861	816
861	819
861	878
861	882
861	949
861	968
861	976
861	986
861	995
861	998
861	1000
862	69
862	177
862	352
862	378
862	539
862	808
862	875
862	891
862	919
862	949
862	963
862	968
862	973
862	990
862	998
862	1000
863	106
863	202
863	512
863	576
863	609
863	694
863	729
863	760
863	801
863	807
863	848
863	884
863	908
863	951
863	970
863	994
864	160
864	591
864	606
864	611
864	659
864	794
864	817
864	835
864	907
864	936
864	945
864	948
864	959
864	977
864	978
864	996
865	28
865	205
865	542
865	666
865	675
865	836
865	840
865	849
865	920
865	956
865	958
865	962
865	971
865	982
865	984
865	995
866	332
866	440
866	460
866	664
866	668
866	730
866	813
866	838
866	842
866	917
866	962
866	980
866	987
866	991
866	993
866	999
867	143
867	195
867	331
867	358
867	380
867	405
867	473
867	630
867	703
867	709
867	739
867	784
867	918
867	960
867	979
867	997
868	408
868	508
868	601
868	800
868	877
868	883
868	901
868	914
868	927
868	930
868	932
868	979
868	981
868	983
868	989
868	990
869	50
869	336
869	448
869	471
869	503
869	525
869	670
869	677
869	813
869	825
869	827
869	905
869	916
869	922
869	969
869	983
870	19
870	317
870	369
870	389
870	451
870	453
870	492
870	577
870	585
870	778
870	804
870	837
870	876
870	881
870	894
870	972
871	294
871	366
871	423
871	579
871	588
871	698
871	706
871	816
871	934
871	935
871	961
871	966
871	968
871	973
871	998
871	1000
872	704
872	707
872	723
872	746
872	830
872	897
872	903
872	907
872	936
872	947
872	948
872	977
872	978
872	983
872	985
872	996
872	1000
873	245
873	398
873	548
873	645
873	664
873	764
873	838
873	846
873	859
873	892
873	910
873	950
873	957
873	971
873	987
873	988
873	999
874	216
874	245
874	395
874	422
874	633
874	645
874	673
874	838
874	850
874	853
874	892
874	909
874	916
874	956
874	971
874	991
874	999
875	248
875	346
875	527
875	701
875	798
875	815
875	819
875	862
875	878
875	919
875	966
875	973
875	986
875	988
875	996
875	998
875	1000
876	76
876	108
876	241
876	516
876	689
876	734
876	750
876	772
876	776
876	818
876	827
876	839
876	870
876	881
876	888
876	968
876	972
877	221
877	401
877	413
877	491
877	536
877	581
877	616
877	844
877	868
877	887
877	937
877	941
877	943
877	964
877	975
877	976
877	993
878	387
878	423
878	626
878	656
878	669
878	682
878	835
878	861
878	875
878	891
878	919
878	926
878	949
878	985
878	988
878	997
878	998
878	1000
879	361
879	382
879	444
879	507
879	703
879	709
879	786
879	788
879	803
879	829
879	845
879	880
879	886
879	918
879	933
879	944
879	960
879	997
880	23
880	219
880	382
880	473
880	578
880	741
880	788
880	791
880	803
880	829
880	831
880	879
880	886
880	904
880	933
880	944
880	991
880	997
881	40
881	383
881	448
881	470
881	503
881	646
881	677
881	685
881	813
881	825
881	870
881	876
881	893
881	921
881	922
881	969
881	972
881	987
882	655
882	726
882	735
882	775
882	798
882	861
882	891
882	934
882	935
882	936
882	949
882	953
882	954
882	966
882	968
882	973
882	986
882	1000
883	93
883	260
883	535
883	680
883	837
883	851
883	868
883	891
883	915
883	927
883	930
883	932
883	967
883	974
883	979
883	981
883	983
883	990
884	175
884	387
884	391
884	523
884	576
884	592
884	658
884	694
884	807
884	824
884	848
884	863
884	942
884	951
884	955
884	962
884	970
884	994
885	165
885	176
885	530
885	611
885	629
885	757
885	768
885	794
885	812
885	817
885	857
885	897
885	899
885	936
885	945
885	947
885	948
885	996
886	124
886	283
886	313
886	465
886	533
886	774
886	786
886	788
886	829
886	831
886	833
886	843
886	879
886	880
886	904
886	944
886	960
886	997
887	182
887	229
887	233
887	325
887	329
887	433
887	491
887	683
887	771
887	821
887	832
887	841
887	877
887	937
887	941
887	964
887	975
887	976
887	994
888	33
888	212
888	334
888	383
888	402
888	639
888	646
888	677
888	778
888	804
888	825
888	827
888	837
888	858
888	876
888	916
888	921
888	922
888	999
889	60
889	277
889	395
889	654
889	670
889	714
889	718
889	755
889	780
889	846
889	857
889	892
889	946
889	957
889	980
889	987
889	991
889	993
889	999
890	427
890	519
890	598
890	636
890	806
890	906
890	911
890	915
890	927
890	929
890	930
890	932
890	947
890	965
890	967
890	981
890	983
890	989
890	990
891	51
891	499
891	761
891	790
891	806
891	843
891	862
891	878
891	882
891	883
891	893
891	898
891	935
891	953
891	963
891	966
891	986
891	998
891	1000
892	189
892	354
892	535
892	574
892	671
892	783
892	850
892	853
892	873
892	874
892	889
892	909
892	910
892	950
892	962
892	977
892	980
892	993
892	999
893	307
893	351
893	379
893	511
893	693
893	698
893	789
893	815
893	819
893	881
893	891
893	919
893	926
893	934
893	949
893	961
893	966
893	988
893	998
893	1000
894	90
894	193
894	257
894	311
894	402
894	516
894	525
894	689
894	706
894	772
894	776
894	826
894	858
894	870
894	905
894	916
894	969
894	972
894	986
894	993
895	278
895	321
895	501
895	625
895	653
895	657
895	659
895	702
895	707
895	757
895	794
895	817
895	830
895	936
895	947
895	948
895	978
895	985
895	994
895	996
896	63
896	170
896	202
896	314
896	327
896	449
896	478
896	541
896	621
896	624
896	674
896	811
896	815
896	898
896	919
896	934
896	953
896	973
896	998
896	1000
897	458
897	496
897	651
897	659
897	702
897	721
897	749
897	802
897	842
897	872
897	885
897	903
897	907
897	936
897	945
897	959
897	965
897	977
897	985
897	996
898	116
898	407
898	544
898	608
898	629
898	789
898	808
898	891
898	896
898	925
898	934
898	935
898	953
898	960
898	966
898	968
898	973
898	986
898	988
898	1000
899	129
899	278
899	328
899	496
899	644
899	660
899	661
899	692
899	749
899	750
899	768
899	816
899	817
899	885
899	945
899	959
899	977
899	978
899	985
899	996
900	95
900	135
900	358
900	372
900	373
900	455
900	504
900	531
900	540
900	673
900	796
900	842
900	853
900	950
900	952
900	957
900	977
900	980
900	987
900	991
900	999
901	459
901	484
901	495
901	672
901	766
901	800
901	868
901	914
901	932
901	938
901	939
901	943
901	965
901	974
901	979
901	981
901	983
901	989
901	990
901	992
901	1000
902	46
902	66
902	90
902	426
902	468
902	537
902	695
902	742
902	810
902	854
902	906
902	911
902	914
902	927
902	939
902	965
902	967
902	979
902	989
902	990
902	992
903	169
903	271
903	625
903	643
903	652
903	659
903	702
903	809
903	855
903	872
903	897
903	936
903	945
903	947
903	948
903	959
903	977
903	978
903	985
903	996
903	999
904	194
904	360
904	375
904	405
904	452
904	500
904	529
904	736
904	741
904	803
904	829
904	831
904	880
904	886
904	913
904	918
904	933
904	943
904	944
904	960
904	997
905	110
905	119
905	267
905	311
905	335
905	418
905	469
905	474
905	516
905	676
905	685
905	813
905	818
905	827
905	837
905	858
905	869
905	894
905	921
905	922
905	991
906	198
906	284
906	459
906	537
906	695
906	713
906	725
906	766
906	782
906	851
906	854
906	890
906	902
906	911
906	939
906	965
906	967
906	979
906	981
906	983
906	992
907	237
907	345
907	530
907	575
907	616
907	629
907	640
907	659
907	662
907	693
907	723
907	802
907	817
907	830
907	864
907	872
907	897
907	936
907	947
907	948
907	977
907	996
908	84
908	146
908	174
908	225
908	385
908	486
908	498
908	512
908	522
908	658
908	663
908	710
908	729
908	792
908	797
908	824
908	863
908	931
908	942
908	951
908	982
908	994
909	153
909	224
909	490
909	538
909	596
909	691
909	733
909	748
909	758
909	785
909	838
909	846
909	850
909	874
909	892
909	917
909	950
909	971
909	980
909	991
909	993
909	999
910	55
910	318
910	455
910	558
910	563
910	614
910	671
910	705
910	714
910	757
910	785
910	853
910	873
910	892
910	950
910	952
910	957
910	968
910	971
910	980
910	991
910	993
911	36
911	353
911	411
911	506
911	539
911	695
911	752
911	763
911	821
911	854
911	890
911	902
911	906
911	927
911	947
911	965
911	974
911	978
911	979
911	981
911	983
911	992
912	1
912	16
912	205
912	441
912	603
912	607
912	628
912	666
912	713
912	779
912	805
912	840
912	849
912	852
912	860
912	920
912	940
912	956
912	958
912	982
912	984
912	995
913	92
913	105
913	421
913	507
913	566
913	571
913	630
913	663
913	697
913	709
913	712
913	732
913	736
913	784
913	786
913	829
913	833
913	904
913	918
913	933
913	956
913	960
913	997
914	16
914	275
914	502
914	601
914	684
914	796
914	810
914	856
914	868
914	901
914	902
914	915
914	930
914	938
914	939
914	967
914	974
914	979
914	981
914	983
914	988
914	989
914	992
915	24
915	341
915	344
915	365
915	437
915	502
915	514
915	719
915	733
915	753
915	883
915	890
915	914
915	929
915	930
915	938
915	939
915	967
915	974
915	979
915	981
915	989
915	990
916	40
916	241
916	317
916	320
916	386
916	521
916	600
916	734
916	754
916	778
916	804
916	818
916	826
916	837
916	858
916	869
916	874
916	888
916	894
916	921
916	928
916	969
916	972
917	55
917	196
917	339
917	508
917	556
917	574
917	633
917	718
917	732
917	755
917	759
917	770
917	777
917	783
917	797
917	857
917	866
917	909
917	946
917	957
917	980
917	993
917	999
918	57
918	92
918	464
918	465
918	500
918	507
918	513
918	732
918	759
918	762
918	767
918	791
918	799
918	803
918	829
918	833
918	867
918	879
918	904
918	913
918	960
918	973
918	997
919	17
919	48
919	117
919	295
919	547
919	658
919	669
919	742
919	789
919	828
919	852
919	862
919	875
919	878
919	893
919	896
919	926
919	934
919	953
919	968
919	986
919	988
919	1000
920	1
920	169
920	184
920	312
920	384
920	435
920	485
920	557
920	603
920	648
920	708
920	820
920	836
920	840
920	849
920	865
920	912
920	940
920	956
920	958
920	982
920	984
920	987
920	995
921	156
921	187
921	243
921	259
921	303
921	451
921	470
921	528
921	561
921	600
921	601
921	620
921	711
921	728
921	734
921	804
921	858
921	881
921	888
921	905
921	916
921	922
921	969
921	972
922	12
922	212
922	253
922	315
922	336
922	369
922	470
922	474
922	561
922	670
922	776
922	778
922	805
922	818
922	825
922	826
922	869
922	881
922	888
922	905
922	921
922	928
922	932
922	969
923	15
923	71
923	111
923	396
923	480
923	517
923	536
923	555
923	563
923	581
923	606
923	667
923	683
923	724
923	771
923	832
923	844
923	937
923	941
923	943
923	964
923	975
923	976
923	997
924	36
924	354
924	417
924	497
924	551
924	567
924	623
924	664
924	705
924	748
924	769
924	822
924	838
924	855
924	857
924	859
924	946
924	950
924	952
924	957
924	971
924	987
924	991
924	993
924	999
925	138
925	416
925	443
925	499
925	511
925	515
925	553
925	580
925	612
925	682
925	775
925	798
925	822
925	898
925	934
925	941
925	949
925	953
925	968
925	973
925	978
925	986
925	988
925	998
925	1000
926	58
926	123
926	215
926	238
926	314
926	489
926	543
926	612
926	669
926	726
926	742
926	816
926	819
926	852
926	878
926	893
926	919
926	935
926	949
926	953
926	958
926	962
926	973
926	988
926	998
927	84
927	86
927	128
927	161
927	710
927	733
927	782
927	803
927	810
927	868
927	883
927	890
927	902
927	911
927	929
927	938
927	939
927	965
927	967
927	974
927	979
927	981
927	983
927	989
927	990
927	992
928	25
928	110
928	156
928	259
928	311
928	330
928	414
928	474
928	514
928	516
928	639
928	646
928	670
928	685
928	734
928	772
928	778
928	813
928	818
928	825
928	827
928	837
928	916
928	922
928	972
928	998
929	179
929	319
929	364
929	474
929	484
929	517
929	519
929	593
929	641
929	719
929	744
929	854
929	890
929	915
929	927
929	930
929	939
929	965
929	967
929	974
929	976
929	979
929	981
929	989
929	990
929	992
930	54
930	83
930	430
930	621
930	672
930	684
930	719
930	725
930	752
930	868
930	883
930	890
930	914
930	915
930	929
930	932
930	933
930	938
930	939
930	967
930	974
930	981
930	983
930	989
930	990
930	992
931	192
931	203
931	344
931	385
931	481
931	498
931	512
931	552
931	572
931	583
931	592
931	609
931	649
931	663
931	688
931	753
931	760
931	773
931	801
931	807
931	848
931	849
931	908
931	942
931	955
931	970
932	94
932	146
932	483
932	569
932	635
932	672
932	719
932	747
932	752
932	851
932	868
932	883
932	890
932	901
932	922
932	930
932	939
932	965
932	974
932	975
932	979
932	981
932	983
932	989
932	990
932	992
933	7
933	21
933	414
933	513
933	529
933	559
933	630
933	703
933	709
933	736
933	739
933	762
933	767
933	774
933	786
933	799
933	803
933	833
933	856
933	879
933	880
933	904
933	913
933	930
933	944
933	960
933	997
934	293
934	466
934	475
934	568
934	580
934	621
934	701
934	720
934	724
934	808
934	852
934	871
934	882
934	893
934	896
934	898
934	919
934	925
934	941
934	949
934	953
934	954
934	963
934	966
934	973
934	998
934	1000
935	351
935	419
935	547
935	580
935	621
935	637
935	667
935	686
935	701
935	726
935	795
935	811
935	814
935	815
935	845
935	871
935	882
935	891
935	898
935	926
935	953
935	961
935	963
935	966
935	968
935	974
935	998
936	82
936	85
936	142
936	271
936	438
936	653
936	660
936	707
936	749
936	809
936	817
936	864
936	872
936	882
936	885
936	895
936	897
936	903
936	907
936	947
936	948
936	959
936	962
936	977
936	978
936	985
936	996
937	13
937	15
937	119
937	137
937	164
937	234
937	249
937	269
937	272
937	491
937	517
937	573
937	602
937	604
937	715
937	725
937	727
937	832
937	841
937	844
937	877
937	887
937	923
937	945
937	964
937	969
937	975
937	976
938	66
938	179
938	208
938	213
938	263
938	296
938	347
938	411
938	469
938	537
938	733
938	763
938	776
938	806
938	821
938	856
938	901
938	914
938	915
938	927
938	930
938	965
938	967
938	981
938	983
938	990
938	992
938	993
939	18
939	41
939	128
939	299
939	429
939	437
939	601
939	638
939	707
939	752
939	851
939	901
939	902
939	906
939	914
939	915
939	927
939	929
939	930
939	932
939	967
939	974
939	979
939	981
939	983
939	989
939	990
939	998
940	79
940	159
940	184
940	350
940	435
940	436
940	457
940	485
940	488
940	518
940	537
940	557
940	560
940	607
940	653
940	690
940	700
940	754
940	779
940	840
940	849
940	912
940	920
940	956
940	958
940	982
940	984
940	995
941	15
941	35
941	171
941	220
941	229
941	272
941	325
941	413
941	501
941	517
941	606
941	634
941	637
941	683
941	724
941	727
941	832
941	841
941	844
941	877
941	887
941	923
941	925
941	934
941	943
941	964
941	975
941	976
941	984
942	88
942	122
942	126
942	155
942	214
942	305
942	344
942	486
942	523
942	595
942	658
942	687
942	694
942	760
942	772
942	792
942	797
942	801
942	807
942	823
942	824
942	828
942	884
942	908
942	931
942	951
942	955
942	966
942	994
943	35
943	68
943	204
943	234
943	326
943	329
943	357
943	368
943	396
943	431
943	491
943	536
943	571
943	573
943	597
943	605
943	715
943	724
943	771
943	841
943	844
943	877
943	901
943	904
943	923
943	941
943	964
943	975
943	976
944	29
944	219
944	328
944	331
944	333
944	380
944	388
944	559
944	578
944	591
944	632
944	642
944	681
944	697
944	703
944	709
944	736
944	741
944	786
944	788
944	799
944	829
944	879
944	880
944	886
944	904
944	933
944	960
944	997
945	150
945	183
945	300
945	482
945	496
945	582
945	650
945	653
945	660
945	661
945	696
945	721
945	794
945	809
945	812
945	864
945	885
945	897
945	899
945	903
945	937
945	947
945	948
945	959
945	977
945	978
945	985
945	994
945	996
946	167
946	235
946	298
946	349
946	395
946	544
946	633
946	690
946	764
946	769
946	780
946	796
946	822
946	823
946	847
946	855
946	889
946	917
946	924
946	952
946	957
946	962
946	971
946	972
946	980
946	987
946	991
946	993
946	999
947	42
947	85
947	181
947	238
947	362
947	409
947	643
947	651
947	652
947	657
947	704
947	722
947	737
947	757
947	794
947	812
947	830
947	872
947	885
947	890
947	895
947	903
947	907
947	911
947	936
947	945
947	959
947	977
947	985
947	996
948	43
948	75
948	262
948	345
948	591
948	617
948	650
948	653
948	654
948	662
948	695
948	702
948	721
948	722
948	757
948	768
948	817
948	830
948	838
948	864
948	872
948	885
948	895
948	903
948	907
948	936
948	945
948	959
948	978
948	992
948	996
949	56
949	346
949	430
949	478
949	499
949	588
949	745
949	774
949	795
949	807
949	814
949	815
949	835
949	845
949	850
949	861
949	862
949	878
949	882
949	893
949	925
949	926
949	934
949	953
949	954
949	961
949	968
949	986
949	988
949	998
949	1000
950	6
950	31
950	310
950	322
950	357
950	420
950	574
950	668
950	728
950	740
950	769
950	770
950	783
950	784
950	842
950	846
950	853
950	855
950	873
950	892
950	900
950	909
950	910
950	924
950	952
950	962
950	971
950	980
950	987
950	991
950	999
951	88
951	138
951	191
951	203
951	255
951	316
951	341
951	441
951	479
951	498
951	576
951	583
951	592
951	595
951	658
951	663
951	687
951	747
951	760
951	773
951	777
951	792
951	807
951	824
951	848
951	863
951	884
951	908
951	942
951	970
951	994
952	99
952	151
952	283
952	332
952	398
952	399
952	504
952	532
952	614
952	645
952	717
952	770
952	777
952	796
952	822
952	823
952	842
952	846
952	847
952	855
952	857
952	900
952	910
952	924
952	946
952	950
952	954
952	980
952	987
952	991
952	992
952	999
953	106
953	170
953	177
953	201
953	392
953	419
953	420
953	494
953	701
953	761
953	775
953	790
953	798
953	836
953	843
953	882
953	891
953	896
953	898
953	919
953	925
953	926
953	934
953	935
953	949
953	954
953	964
953	968
953	973
953	986
953	998
953	1000
954	56
954	70
954	98
954	149
954	200
954	250
954	270
954	416
954	422
954	476
954	515
954	543
954	568
954	579
954	621
954	627
954	655
954	669
954	735
954	790
954	811
954	843
954	882
954	934
954	949
954	952
954	953
954	961
954	963
954	976
954	986
954	1000
955	67
955	126
955	155
955	174
955	274
955	305
955	391
955	412
955	434
955	446
955	467
955	481
955	592
955	595
955	644
955	649
955	688
955	729
955	753
955	771
955	792
955	797
955	801
955	828
955	848
955	884
955	931
955	942
955	967
955	968
955	970
955	994
956	109
956	148
956	159
956	297
956	323
956	461
956	557
956	589
956	603
956	619
956	675
956	700
956	708
956	716
956	743
956	754
956	805
956	820
956	834
956	836
956	849
956	860
956	865
956	874
956	912
956	913
956	920
956	940
956	982
956	984
956	995
956	997
957	1
957	59
957	104
957	240
957	337
957	417
957	490
957	524
957	531
957	594
957	633
957	756
957	759
957	764
957	812
957	847
957	853
957	855
957	857
957	873
957	889
957	900
957	910
957	917
957	924
957	946
957	962
957	971
957	980
957	990
957	991
957	993
957	999
958	28
958	46
958	217
958	228
958	306
958	323
958	377
958	452
958	461
958	471
958	485
958	487
958	488
958	505
958	542
958	549
958	554
958	603
958	628
958	708
958	731
958	743
958	754
958	805
958	820
958	836
958	840
958	860
958	865
958	912
958	920
958	926
958	940
958	984
959	43
959	129
959	142
959	165
959	183
959	210
959	236
959	238
959	315
959	545
959	575
959	619
959	651
959	657
959	660
959	662
959	702
959	704
959	707
959	757
959	794
959	812
959	830
959	864
959	897
959	899
959	903
959	936
959	945
959	947
959	948
959	978
959	985
959	996
960	73
960	95
960	333
960	360
960	375
960	435
960	444
960	464
960	507
960	521
960	566
960	571
960	613
960	630
960	697
960	714
960	739
960	762
960	781
960	784
960	786
960	788
960	803
960	829
960	833
960	867
960	879
960	886
960	898
960	904
960	913
960	918
960	933
960	944
960	997
961	11
961	211
961	236
961	261
961	268
961	287
961	295
961	356
961	370
961	381
961	487
961	489
961	579
961	610
961	623
961	664
961	674
961	686
961	726
961	751
961	779
961	835
961	852
961	871
961	893
961	935
961	949
961	954
961	963
961	966
961	968
961	973
961	986
961	988
961	998
961	1000
962	5
962	302
962	348
962	371
962	373
962	403
962	455
962	456
962	497
962	524
962	526
962	668
962	679
962	717
962	730
962	740
962	755
962	756
962	770
962	796
962	850
962	857
962	859
962	865
962	866
962	884
962	892
962	926
962	936
962	946
962	950
962	957
962	971
962	980
962	987
962	999
963	48
963	101
963	136
963	199
963	227
963	236
963	356
963	387
963	463
963	511
963	515
963	570
963	584
963	588
963	598
963	623
963	674
963	735
963	742
963	811
963	835
963	845
963	862
963	891
963	934
963	935
963	954
963	961
963	966
963	968
963	970
963	973
963	975
963	982
963	993
963	998
963	1000
964	111
964	182
964	211
964	233
964	244
964	269
964	301
964	329
964	357
964	401
964	413
964	480
964	517
964	536
964	555
964	565
964	573
964	581
964	597
964	599
964	602
964	667
964	715
964	724
964	832
964	841
964	877
964	887
964	923
964	937
964	941
964	943
964	953
964	975
964	976
964	986
964	990
965	32
965	102
965	132
965	218
965	296
965	506
965	550
965	638
965	672
965	680
965	695
965	749
965	766
965	782
965	806
965	810
965	817
965	821
965	851
965	854
965	856
965	890
965	897
965	901
965	902
965	906
965	911
965	927
965	929
965	932
965	938
965	974
965	981
965	983
965	989
965	990
965	992
966	23
966	100
966	103
966	166
966	200
966	366
966	475
966	547
966	554
966	696
966	720
966	726
966	787
966	789
966	798
966	808
966	815
966	816
966	819
966	835
966	843
966	871
966	875
966	882
966	891
966	893
966	898
966	934
966	935
966	942
966	961
966	963
966	973
966	974
966	985
966	986
966	998
966	1000
967	66
967	132
967	200
967	296
967	363
967	493
967	506
967	562
967	569
967	635
967	665
967	739
967	747
967	752
967	793
967	800
967	810
967	821
967	854
967	883
967	890
967	902
967	906
967	914
967	915
967	927
967	929
967	930
967	938
967	939
967	955
967	974
967	979
967	981
967	983
967	988
967	989
967	990
967	992
968	103
968	419
968	449
968	466
968	476
968	509
968	553
968	568
968	610
968	623
968	655
968	669
968	698
968	699
968	742
968	745
968	787
968	801
968	811
968	814
968	835
968	845
968	861
968	862
968	871
968	876
968	882
968	898
968	910
968	919
968	925
968	935
968	949
968	953
968	955
968	961
968	963
968	986
968	998
968	1000
969	25
969	37
969	253
969	279
969	301
969	303
969	320
969	336
969	389
969	400
969	448
969	492
969	525
969	534
969	561
969	577
969	620
969	646
969	676
969	677
969	689
969	711
969	734
969	772
969	804
969	813
969	825
969	826
969	827
969	837
969	858
969	869
969	881
969	894
969	916
969	921
969	922
969	937
969	972
969	990
969	995
969	996
970	26
970	45
970	64
970	88
970	115
970	134
970	191
970	192
970	230
970	379
970	406
970	412
970	434
970	467
970	479
970	486
970	552
970	576
970	583
970	644
970	649
970	658
970	663
970	687
970	710
970	767
970	792
970	797
970	801
970	807
970	824
970	828
970	848
970	863
970	884
970	931
970	951
970	955
970	963
970	973
970	985
970	994
971	6
971	178
971	196
971	256
971	299
971	332
971	376
971	398
971	422
971	442
971	460
971	508
971	532
971	594
971	673
971	687
971	717
971	730
971	759
971	764
971	769
971	770
971	796
971	820
971	848
971	857
971	859
971	865
971	873
971	874
971	909
971	910
971	924
971	946
971	950
971	957
971	962
971	972
971	980
971	987
971	993
971	999
972	12
972	37
972	79
972	108
972	156
972	207
972	257
972	301
972	359
972	389
972	434
972	445
972	451
972	469
972	471
972	503
972	525
972	534
972	561
972	585
972	586
972	685
972	689
972	728
972	778
972	804
972	813
972	825
972	827
972	837
972	839
972	870
972	876
972	881
972	894
972	916
972	921
972	928
972	946
972	969
972	971
972	1000
973	10
973	58
973	65
973	100
973	206
973	208
973	346
973	351
973	378
973	415
973	419
973	443
973	509
973	610
973	626
973	669
973	686
973	735
973	787
973	808
973	815
973	835
973	843
973	845
973	852
973	862
973	871
973	875
973	882
973	896
973	898
973	918
973	925
973	926
973	934
973	953
973	961
973	963
973	966
973	970
973	986
973	988
973	998
974	83
974	127
974	161
974	258
974	260
974	275
974	287
974	367
974	388
974	426
974	427
974	493
974	519
974	539
974	562
974	615
974	622
974	636
974	638
974	641
974	719
974	793
974	800
974	851
974	883
974	901
974	911
974	914
974	915
974	927
974	929
974	930
974	932
974	935
974	939
974	965
974	966
974	967
974	979
974	981
974	983
974	989
974	990
974	992
975	35
975	171
975	204
975	220
975	229
975	242
975	249
975	269
975	325
975	326
975	431
975	480
975	501
975	536
975	555
975	563
975	565
975	573
975	581
975	597
975	599
975	602
975	604
975	606
975	616
975	667
975	683
975	715
975	724
975	826
975	832
975	841
975	844
975	877
975	887
975	923
975	932
975	937
975	941
975	943
975	963
975	964
975	976
975	983
975	1000
976	13
976	68
976	91
976	111
976	145
976	204
976	211
976	221
976	233
976	244
976	285
976	325
976	329
976	368
976	433
976	480
976	491
976	501
976	565
976	581
976	597
976	599
976	602
976	604
976	616
976	634
976	637
976	681
976	715
976	724
976	771
976	832
976	834
976	841
976	844
976	861
976	877
976	887
976	923
976	929
976	937
976	941
976	943
976	954
976	964
976	975
977	22
977	42
977	150
977	237
977	246
977	278
977	340
977	362
977	438
977	458
977	462
977	545
977	575
977	607
977	611
977	629
977	640
977	651
977	657
977	661
977	692
977	704
977	707
977	722
977	723
977	737
977	746
977	757
977	768
977	785
977	802
977	809
977	858
977	864
977	872
977	892
977	897
977	899
977	900
977	903
977	907
977	936
977	945
977	947
977	978
977	985
977	996
978	22
978	61
978	85
978	97
978	113
978	183
978	262
978	324
978	404
978	438
978	458
978	530
978	541
978	575
978	582
978	611
978	617
978	640
978	643
978	652
978	660
978	661
978	702
978	704
978	722
978	746
978	757
978	768
978	794
978	802
978	809
978	812
978	864
978	872
978	895
978	899
978	903
978	911
978	925
978	936
978	945
978	948
978	959
978	977
978	985
978	996
978	998
979	18
979	49
979	93
979	94
979	157
979	184
979	186
979	213
979	314
979	347
979	429
979	432
979	502
979	520
979	537
979	562
979	622
979	636
979	665
979	684
979	691
979	782
979	800
979	810
979	850
979	851
979	854
979	856
979	867
979	868
979	883
979	901
979	902
979	906
979	911
979	914
979	915
979	927
979	929
979	932
979	939
979	967
979	974
979	981
979	983
979	989
979	990
979	992
980	12
980	27
980	72
980	210
980	235
980	318
980	343
980	371
980	376
980	397
980	428
980	450
980	510
980	532
980	538
980	540
980	638
980	645
980	664
980	673
980	705
980	714
980	717
980	748
980	777
980	785
980	796
980	825
980	842
980	847
980	850
980	859
980	866
980	889
980	892
980	900
980	909
980	910
980	917
980	946
980	950
980	952
980	957
980	962
980	971
980	983
980	987
980	991
980	993
980	999
981	49
981	62
981	83
981	120
981	131
981	258
981	282
981	319
981	365
981	390
981	468
981	484
981	495
981	519
981	534
981	593
981	635
981	638
981	641
981	680
981	722
981	725
981	747
981	752
981	763
981	793
981	815
981	854
981	868
981	883
981	890
981	901
981	906
981	911
981	914
981	915
981	927
981	929
981	930
981	932
981	938
981	939
981	965
981	967
981	974
981	979
981	983
981	984
981	989
981	990
981	992
982	8
982	19
982	114
982	139
982	176
982	232
982	247
982	252
982	342
982	350
982	355
982	424
982	436
982	457
982	472
982	485
982	488
982	542
982	549
982	564
982	589
982	592
982	628
982	631
982	675
982	678
982	685
982	700
982	708
982	713
982	716
982	731
982	743
982	754
982	765
982	779
982	805
982	829
982	834
982	840
982	849
982	860
982	865
982	908
982	912
982	920
982	940
982	956
982	963
982	984
982	995
983	3
983	14
983	16
983	24
983	213
983	275
983	347
983	364
983	390
983	409
983	432
983	514
983	535
983	546
983	638
983	680
983	684
983	691
983	719
983	763
983	766
983	793
983	806
983	810
983	821
983	846
983	851
983	856
983	868
983	869
983	872
983	883
983	890
983	901
983	906
983	911
983	914
983	927
983	930
983	932
983	938
983	939
983	965
983	967
983	974
983	975
983	979
983	980
983	981
983	989
983	990
983	992
984	109
984	114
984	148
984	159
984	163
984	189
984	205
984	288
984	342
984	394
984	424
984	435
984	439
984	452
984	461
984	477
984	487
984	505
984	545
984	548
984	550
984	554
984	560
984	589
984	590
984	603
984	607
984	618
984	631
984	648
984	666
984	675
984	678
984	700
984	713
984	716
984	731
984	743
984	805
984	820
984	834
984	836
984	849
984	860
984	865
984	912
984	920
984	940
984	941
984	956
984	958
984	981
984	982
984	995
985	42
985	75
985	82
985	97
985	129
985	214
985	276
985	300
985	362
985	404
985	454
985	482
985	541
985	575
985	582
985	627
985	629
985	640
985	643
985	650
985	651
985	652
985	653
985	654
985	657
985	661
985	662
985	692
985	704
985	707
985	721
985	722
985	737
985	746
985	749
985	750
985	768
985	794
985	812
985	872
985	878
985	895
985	897
985	899
985	903
985	936
985	945
985	947
985	959
985	966
985	970
985	977
985	978
985	987
985	994
985	996
986	11
986	51
986	56
986	63
986	100
986	190
986	215
986	264
986	387
986	392
986	407
986	416
986	489
986	494
986	512
986	520
986	544
986	547
986	570
986	572
986	579
986	587
986	608
986	610
986	612
986	647
986	698
986	737
986	751
986	775
986	787
986	789
986	795
986	816
986	819
986	843
986	845
986	861
986	875
986	882
986	891
986	894
986	898
986	919
986	925
986	949
986	953
986	954
986	961
986	964
986	966
986	968
986	973
986	988
986	996
986	998
986	1000
987	30
987	59
987	80
987	99
987	125
987	130
987	147
987	152
987	210
987	286
987	322
987	349
987	372
987	373
987	374
987	393
987	397
987	422
987	442
987	510
987	524
987	526
987	538
987	596
987	633
987	661
987	705
987	723
987	730
987	748
987	755
987	758
987	780
987	785
987	823
987	846
987	847
987	853
987	855
987	857
987	859
987	866
987	873
987	881
987	889
987	900
987	920
987	924
987	946
987	950
987	952
987	962
987	971
987	980
987	985
987	991
987	993
987	999
988	17
988	39
988	53
988	78
988	103
988	106
988	117
988	118
988	138
988	151
988	231
988	268
988	338
988	366
988	410
988	423
988	467
988	580
988	608
988	621
988	623
988	625
988	626
988	647
988	656
988	674
988	693
988	775
988	787
988	789
988	790
988	795
988	798
988	808
988	811
988	814
988	815
988	816
988	835
988	843
988	845
988	852
988	873
988	875
988	878
988	893
988	898
988	914
988	919
988	925
988	926
988	949
988	961
988	967
988	973
988	986
988	998
988	1000
989	14
989	36
989	54
989	186
989	263
989	324
989	347
989	353
989	365
989	371
989	390
989	411
989	426
989	429
989	468
989	484
989	549
989	550
989	593
989	601
989	615
989	640
989	641
989	665
989	695
989	725
989	733
989	744
989	747
989	766
989	768
989	782
989	793
989	800
989	806
989	810
989	824
989	854
989	856
989	868
989	890
989	901
989	902
989	914
989	915
989	927
989	929
989	930
989	932
989	939
989	965
989	967
989	974
989	979
989	981
989	983
989	990
989	992
989	1000
990	3
990	32
990	120
990	157
990	186
990	208
990	258
990	263
990	284
990	319
990	324
990	364
990	408
990	426
990	427
990	432
990	437
990	483
990	484
990	493
990	506
990	514
990	539
990	569
990	593
990	615
990	651
990	680
990	691
990	725
990	733
990	747
990	782
990	793
990	806
990	810
990	821
990	851
990	856
990	862
990	868
990	883
990	890
990	901
990	902
990	915
990	927
990	929
990	930
990	932
990	938
990	939
990	957
990	964
990	965
990	967
990	969
990	974
990	979
990	981
990	983
990	989
990	1000
991	5
991	27
991	38
991	55
991	135
991	167
991	222
991	251
991	280
991	283
991	286
991	298
991	299
991	302
991	332
991	337
991	349
991	374
991	417
991	420
991	428
991	476
991	556
991	614
991	668
991	671
991	673
991	679
991	718
991	740
991	748
991	758
991	764
991	769
991	777
991	780
991	796
991	820
991	822
991	823
991	831
991	838
991	850
991	855
991	857
991	866
991	874
991	880
991	889
991	900
991	905
991	909
991	910
991	924
991	946
991	950
991	952
991	957
991	980
991	987
991	993
991	998
991	999
992	3
992	14
992	54
992	84
992	102
992	113
992	131
992	132
992	133
992	147
992	157
992	185
992	282
992	319
992	324
992	363
992	390
992	408
992	411
992	432
992	459
992	493
992	502
992	514
992	539
992	562
992	569
992	601
992	615
992	622
992	636
992	642
992	672
992	691
992	733
992	747
992	752
992	763
992	782
992	792
992	793
992	800
992	806
992	851
992	854
992	901
992	902
992	906
992	911
992	914
992	927
992	929
992	930
992	932
992	938
992	948
992	952
992	965
992	967
992	974
992	979
992	981
992	983
992	989
992	999
993	6
993	60
993	71
993	72
993	125
993	196
993	251
993	280
993	298
993	302
993	318
993	354
993	403
993	428
993	442
993	450
993	460
993	556
993	567
993	594
993	645
993	664
993	668
993	679
993	705
993	714
993	718
993	748
993	758
993	759
993	764
993	769
993	777
993	780
993	783
993	785
993	822
993	823
993	833
993	838
993	842
993	846
993	847
993	850
993	853
993	855
993	857
993	866
993	877
993	889
993	892
993	894
993	909
993	910
993	917
993	924
993	938
993	946
993	957
993	963
993	971
993	980
993	987
993	991
993	998
993	999
994	2
994	26
994	45
994	53
994	64
994	67
994	82
994	96
994	112
994	115
994	122
994	140
994	174
994	192
994	202
994	214
994	225
994	230
994	255
994	274
994	304
994	305
994	341
994	344
994	391
994	406
994	412
994	447
994	486
994	512
994	522
994	523
994	552
994	595
994	609
994	644
994	649
994	658
994	663
994	687
994	688
994	710
994	729
994	738
994	753
994	760
994	773
994	775
994	792
994	797
994	801
994	807
994	824
994	828
994	848
994	863
994	884
994	887
994	895
994	908
994	942
994	945
994	951
994	955
994	970
994	985
994	996
995	28
995	41
995	87
995	109
995	114
995	139
995	161
995	163
995	168
995	173
995	176
995	217
995	228
995	232
995	252
995	288
995	291
995	304
995	323
995	342
995	355
995	384
995	394
995	424
995	452
995	457
995	472
995	477
995	488
995	505
995	525
995	548
995	549
995	554
995	557
995	560
995	564
995	590
995	603
995	607
995	619
995	631
995	648
995	666
995	675
995	678
995	682
995	690
995	700
995	708
995	713
995	716
995	805
995	820
995	834
995	836
995	840
995	849
995	860
995	861
995	865
995	912
995	920
995	940
995	956
995	969
995	982
995	984
996	22
996	47
996	74
996	113
996	150
996	154
996	160
996	181
996	234
996	237
996	271
996	276
996	300
996	454
996	462
996	482
996	497
996	530
996	541
996	545
996	582
996	589
996	591
996	611
996	617
996	625
996	627
996	650
996	651
996	652
996	653
996	659
996	660
996	662
996	692
996	702
996	722
996	723
996	737
996	746
996	749
996	750
996	757
996	768
996	794
996	802
996	809
996	812
996	817
996	830
996	864
996	872
996	875
996	885
996	895
996	897
996	899
996	903
996	907
996	936
996	945
996	947
996	948
996	959
996	969
996	977
996	978
996	985
996	986
996	994
997	4
997	9
997	20
997	21
997	29
997	57
997	92
997	95
997	121
997	124
997	141
997	143
997	187
997	194
997	195
997	198
997	201
997	218
997	219
997	239
997	291
997	309
997	313
997	320
997	331
997	361
997	375
997	382
997	388
997	405
997	421
997	438
997	444
997	464
997	465
997	473
997	500
997	507
997	513
997	529
997	533
997	559
997	566
997	571
997	578
997	613
997	630
997	632
997	642
997	697
997	703
997	709
997	712
997	736
997	739
997	741
997	748
997	762
997	767
997	774
997	781
997	784
997	786
997	788
997	791
997	799
997	803
997	813
997	829
997	831
997	833
997	867
997	878
997	879
997	880
997	886
997	904
997	913
997	918
997	923
997	933
997	944
997	956
997	960
998	10
998	44
998	51
998	69
998	77
998	107
998	180
998	226
998	231
998	264
998	265
998	287
998	293
998	294
998	295
998	308
998	333
998	338
998	351
998	352
998	356
998	370
998	381
998	399
998	415
998	463
998	478
998	520
998	527
998	568
998	570
998	587
998	588
998	608
998	610
998	647
998	656
998	669
998	674
998	696
998	698
998	720
998	726
998	735
998	742
998	745
998	775
998	787
998	790
998	795
998	810
998	811
998	814
998	816
998	819
998	835
998	843
998	845
998	861
998	862
998	871
998	875
998	878
998	891
998	893
998	896
998	925
998	926
998	928
998	934
998	935
998	939
998	949
998	953
998	961
998	963
998	966
998	968
998	973
998	978
998	986
998	988
998	991
998	993
998	1000
999	13
999	30
999	38
999	59
999	71
999	72
999	80
999	89
999	99
999	135
999	147
999	153
999	166
999	195
999	197
999	235
999	247
999	251
999	277
999	286
999	292
999	298
999	307
999	310
999	322
999	334
999	339
999	348
999	372
999	374
999	393
999	395
999	397
999	398
999	417
999	450
999	456
999	460
999	497
999	504
999	508
999	526
999	531
999	540
999	558
999	567
999	579
999	594
999	596
999	614
999	618
999	633
999	673
999	705
999	717
999	718
999	730
999	740
999	748
999	755
999	756
999	758
999	764
999	770
999	785
999	796
999	846
999	847
999	850
999	855
999	857
999	859
999	866
999	873
999	874
999	888
999	889
999	892
999	900
999	903
999	909
999	917
999	924
999	946
999	950
999	952
999	957
999	962
999	971
999	980
999	987
999	991
999	992
999	993
999	1000
1000	44
1000	65
1000	69
1000	70
1000	78
1000	81
1000	98
1000	123
1000	136
1000	144
1000	149
1000	162
1000	166
1000	172
1000	177
1000	209
1000	248
1000	250
1000	273
1000	316
1000	327
1000	356
1000	364
1000	392
1000	401
1000	407
1000	410
1000	415
1000	430
1000	443
1000	466
1000	494
1000	509
1000	515
1000	520
1000	543
1000	547
1000	572
1000	584
1000	587
1000	590
1000	598
1000	608
1000	626
1000	647
1000	655
1000	682
1000	686
1000	693
1000	696
1000	698
1000	701
1000	720
1000	735
1000	751
1000	761
1000	787
1000	789
1000	790
1000	795
1000	798
1000	808
1000	811
1000	814
1000	815
1000	819
1000	843
1000	861
1000	862
1000	871
1000	872
1000	875
1000	878
1000	882
1000	891
1000	893
1000	896
1000	898
1000	901
1000	919
1000	925
1000	934
1000	949
1000	953
1000	954
1000	961
1000	963
1000	966
1000	968
1000	972
1000	975
1000	986
1000	988
1000	989
1000	990
1000	998
1000	999
