1	344
1	879
1	989
2	967
2	993
2	994
3	972
3	994
3	996
4	769
4	860
4	999
5	958
5	999
5	1000
6	458
6	690
6	939
7	963
7	999
7	1000
8	990
8	993
8	996
9	469
9	976
9	986
10	821
10	994
10	996
11	972
11	994
11	996
12	619
12	984
12	1000
13	818
13	945
13	989
14	588
14	960
14	997
15	315
15	677
15	837
16	867
16	979
16	995
17	540
17	972
17	996
18	537
18	706
18	980
19	737
19	994
19	996
20	946
20	957
20	997
21	993
21	994
21	996
22	859
22	885
22	907
23	987
23	990
23	993
24	966
24	972
24	996
25	990
25	993
25	994
26	550
26	967
26	997
27	888
27	905
27	914
28	201
28	959
28	984
29	930
29	975
29	998
30	720
30	891
30	981
31	852
31	928
31	991
32	902
32	957
32	997
33	870
33	872
33	980
34	46
34	856
34	989
35	525
35	999
35	1000
36	674
36	999
36	1000
37	993
37	994
37	996
38	699
38	975
38	998
39	510
39	960
39	997
40	591
40	979
40	992
41	628
41	824
41	998
42	214
42	797
42	949
43	974
43	999
43	1000
44	714
44	854
44	992
45	900
45	917
45	997
46	34
46	818
46	989
47	943
47	967
47	997
48	815
48	975
48	998
49	958
49	963
49	999
50	364
50	802
50	1000
51	447
51	771
51	962
52	939
52	993
52	996
53	972
53	993
53	994
54	722
54	977
54	999
55	758
55	843
55	926
56	701
56	871
56	953
57	974
57	977
57	987
58	123
58	919
58	997
59	238
59	885
59	980
60	371
60	674
60	793
61	748
61	823
61	949
62	669
62	993
62	997
63	866
63	992
63	995
64	263
64	987
64	995
65	880
65	977
65	991
66	990
66	993
66	996
67	993
67	994
67	996
68	922
68	944
68	998
69	990
69	994
69	996
70	422
70	910
70	938
71	484
71	758
71	916
72	611
72	962
72	978
73	952
73	976
73	986
74	810
74	933
74	986
75	173
75	826
75	988
76	847
76	999
76	1000
77	695
77	957
77	997
78	382
78	549
78	817
79	321
79	957
79	997
80	963
80	984
80	1000
81	817
81	871
81	962
82	444
82	734
82	999
83	556
83	802
83	992
84	604
84	868
84	979
85	973
85	987
85	991
86	958
86	971
86	999
87	189
87	999
87	1000
88	913
88	990
88	996
89	386
89	860
89	915
90	890
90	956
90	992
91	962
91	978
91	985
92	789
92	794
92	989
93	308
93	975
93	998
94	984
94	999
94	1000
95	705
95	809
95	948
96	705
96	956
96	979
97	796
97	957
97	997
98	704
98	852
98	973
99	819
99	874
99	997
100	187
100	735
100	988
101	659
101	842
101	938
102	116
102	827
102	965
103	170
103	999
103	1000
104	238
104	754
104	980
105	289
105	981
105	983
106	401
106	559
106	925
107	969
107	982
107	992
108	513
108	945
108	989
109	960
109	967
109	997
110	629
110	887
110	981
111	844
111	940
111	991
112	475
112	987
112	999
113	961
113	966
113	980
114	697
114	865
114	915
115	675
115	947
115	997
116	102
116	917
116	997
117	397
117	876
117	985
118	962
118	978
118	985
119	853
119	980
119	997
120	321
120	978
120	985
121	418
121	910
121	938
122	180
122	984
122	998
123	58
123	957
123	997
124	969
124	979
124	995
125	843
125	929
125	941
126	968
126	970
126	986
127	937
127	977
127	991
128	505
128	531
128	948
129	973
129	987
129	991
130	449
130	894
130	989
131	302
131	879
131	986
132	155
132	789
132	879
133	520
133	625
133	951
134	840
134	982
134	992
135	913
135	935
135	993
136	532
136	752
136	982
137	943
137	964
137	997
138	947
138	964
138	997
139	919
139	971
139	1000
140	754
140	885
140	889
141	289
141	530
141	933
142	766
142	962
142	985
143	856
143	894
143	989
144	602
144	893
144	941
145	927
145	948
145	982
146	611
146	941
146	981
147	714
147	956
147	995
148	574
148	816
148	938
149	699
149	975
149	998
150	438
150	866
150	992
151	631
151	943
151	967
152	960
152	964
152	997
153	840
153	990
153	993
154	794
154	945
154	989
155	132
155	639
155	989
156	618
156	982
156	1000
157	220
157	910
157	933
158	804
158	975
158	998
159	908
159	964
159	967
160	769
160	948
160	979
161	666
161	779
161	998
162	698
162	779
162	869
163	279
163	375
163	989
164	476
164	843
164	981
165	913
165	990
165	996
166	426
166	613
166	792
167	763
167	889
167	966
168	964
168	967
168	997
169	938
169	957
169	997
170	103
170	999
170	1000
171	884
171	961
171	980
172	421
172	664
172	1000
173	75
173	977
173	991
174	358
174	782
174	981
175	736
175	807
175	970
176	264
176	961
176	966
177	864
177	978
177	985
178	642
178	853
178	997
179	993
179	994
179	996
180	122
180	901
180	931
181	794
181	825
181	894
182	312
182	925
182	998
183	404
183	495
183	992
184	903
184	960
184	997
185	750
185	789
185	989
186	861
186	914
186	992
187	100
187	943
187	983
188	990
188	994
188	996
189	87
189	999
189	1000
190	572
190	627
190	837
191	694
191	862
191	985
192	555
192	640
192	991
193	493
193	527
193	749
194	662
194	770
194	954
195	937
195	973
195	987
196	984
196	993
196	994
197	907
197	961
197	980
198	443
198	933
198	983
199	850
199	975
199	998
200	965
200	992
200	995
201	28
201	972
201	994
202	703
202	891
202	895
203	940
203	977
203	991
204	754
204	961
204	980
205	624
205	971
205	1000
206	874
206	992
206	995
207	537
207	843
207	945
208	516
208	679
208	981
209	236
209	575
209	989
210	636
210	942
210	1000
211	819
211	921
211	945
212	386
212	627
212	688
213	252
213	855
213	949
214	42
214	565
214	989
215	501
215	884
215	929
216	963
216	999
216	1000
217	889
217	987
217	991
218	241
218	775
218	899
219	911
219	976
219	986
220	157
220	873
220	915
221	642
221	982
221	992
222	906
222	954
222	983
223	955
223	972
223	996
224	519
224	816
224	860
225	402
225	463
225	969
226	513
226	945
226	989
227	861
227	979
227	995
228	993
228	994
228	995
229	937
229	977
229	991
230	990
230	993
230	996
231	990
231	993
231	994
232	609
232	613
232	651
233	451
233	956
233	992
234	249
234	856
234	989
235	824
235	936
235	998
236	209
236	949
236	976
237	958
237	963
237	1000
238	59
238	104
238	939
239	468
239	816
239	990
240	589
240	960
240	997
241	218
241	979
241	982
242	540
242	724
242	770
243	686
243	960
243	967
244	420
244	597
244	947
245	644
245	971
245	998
246	993
246	994
246	996
247	869
247	999
247	1000
248	479
248	627
248	915
249	234
249	825
249	989
250	963
250	971
250	1000
251	974
251	999
251	1000
252	213
252	959
252	970
253	803
253	962
253	978
254	835
254	862
254	999
255	632
255	809
255	927
256	625
256	983
256	988
257	567
257	990
257	996
258	501
258	886
258	887
259	955
259	993
259	994
260	994
260	996
260	1000
261	899
261	950
261	969
262	453
262	872
262	980
263	64
263	914
263	969
264	176
264	489
264	985
265	873
265	938
265	992
266	847
266	982
266	984
267	570
267	590
267	843
268	971
268	984
268	999
269	692
269	994
269	996
270	920
270	993
270	996
271	827
271	979
271	995
272	854
272	993
272	996
273	719
273	870
273	966
274	423
274	792
274	897
274	929
275	861
275	866
275	868
275	995
276	990
276	993
276	994
276	996
277	884
277	907
277	966
277	980
278	570
278	887
278	941
278	981
279	163
279	921
279	989
279	997
280	310
280	481
280	958
280	1000
281	958
281	974
281	999
281	1000
282	441
282	513
282	818
282	931
283	474
283	971
283	999
283	1000
284	879
284	894
284	945
284	989
285	414
285	952
285	986
285	992
286	499
286	651
286	983
286	988
287	937
287	977
287	987
287	991
288	725
288	958
288	999
288	1000
289	105
289	141
289	801
289	988
290	544
290	575
290	965
290	989
291	828
291	959
291	999
291	1000
292	683
292	794
292	825
292	989
293	936
293	944
293	975
293	998
294	930
294	936
294	975
294	998
295	932
295	948
295	950
295	965
296	990
296	993
296	994
296	996
297	422
297	717
297	806
297	1000
298	746
298	977
298	987
298	991
299	443
299	546
299	975
299	998
300	919
300	958
300	974
300	1000
301	928
301	973
301	987
301	991
302	131
302	512
302	825
302	921
303	385
303	888
303	979
303	992
304	882
304	980
304	987
304	991
305	330
305	474
305	861
305	956
306	572
306	717
306	769
306	860
307	936
307	944
307	975
307	998
308	93
308	848
308	975
308	998
309	763
309	962
309	978
309	985
310	280
310	963
310	999
310	1000
311	850
311	908
311	931
311	998
312	182
312	363
312	865
312	938
313	560
313	636
313	885
313	980
314	700
314	709
314	896
314	988
315	15
315	659
315	769
315	915
316	886
316	887
316	941
316	981
317	496
317	872
317	966
317	980
318	704
318	844
318	977
318	987
319	646
319	977
319	987
319	991
320	890
320	932
320	979
320	992
321	79
321	120
321	853
321	997
322	565
322	879
322	894
322	989
323	528
323	923
323	976
323	988
324	764
324	931
324	944
324	998
325	489
325	650
325	766
325	962
326	712
326	956
326	988
326	995
327	667
327	884
327	889
327	907
328	931
328	944
328	987
328	998
329	543
329	668
329	905
329	965
330	305
330	692
330	840
330	995
331	649
331	911
331	986
331	988
332	831
332	943
332	962
332	997
333	728
333	764
333	877
333	998
334	624
334	780
334	845
334	988
335	627
335	965
335	969
335	979
336	412
336	604
336	903
336	969
337	934
337	955
337	990
337	993
338	900
338	908
338	946
338	997
339	591
339	712
339	979
339	995
340	881
340	962
340	978
340	985
341	864
341	979
341	992
341	995
342	878
342	959
342	963
342	999
343	589
343	892
343	900
343	903
344	1
344	708
344	712
344	989
345	681
345	947
345	999
345	1000
346	726
346	813
346	937
346	977
347	727
347	922
347	955
347	998
348	933
348	949
348	952
348	961
349	935
349	993
349	994
349	996
350	458
350	972
350	994
350	996
351	923
351	952
351	968
351	986
352	827
352	840
352	868
352	888
353	829
353	838
353	973
353	977
354	680
354	856
354	921
354	989
355	599
355	643
355	907
355	988
356	684
356	963
356	974
356	984
357	864
357	896
357	953
357	978
358	174
358	990
358	993
358	994
359	476
359	584
359	720
359	981
360	858
360	922
360	989
360	998
361	841
361	959
361	971
361	1000
362	720
362	887
362	891
362	981
363	312
363	873
363	915
363	938
364	50
364	976
364	999
364	1000
365	690
365	785
365	847
365	980
366	880
366	973
366	987
366	991
367	845
367	904
367	954
367	983
368	974
368	979
368	999
368	1000
369	990
369	993
369	994
369	996
370	432
370	854
370	992
370	995
371	60
371	701
371	978
371	985
372	742
372	979
372	982
372	995
373	705
373	724
373	961
373	980
374	524
374	809
374	816
374	915
375	163
375	461
375	921
375	927
376	913
376	993
376	994
376	996
377	670
377	772
377	951
377	986
378	990
378	993
378	994
378	996
379	678
379	959
379	971
379	1000
380	681
380	963
380	999
380	1000
381	601
381	659
381	688
381	915
382	78
382	515
382	867
382	979
383	864
383	953
383	962
383	985
384	416
384	490
384	930
384	998
385	303
385	672
385	948
385	982
386	89
386	212
386	842
386	873
387	790
387	975
387	989
387	998
388	763
388	859
388	966
388	980
389	831
389	960
389	964
389	997
390	473
390	729
390	953
390	978
391	626
391	867
391	992
391	995
392	869
392	977
392	984
392	1000
393	682
393	896
393	983
393	988
394	949
394	976
394	988
394	993
395	583
395	830
395	955
395	994
396	821
396	840
396	948
396	995
397	117
397	694
397	876
397	985
398	973
398	977
398	991
398	997
399	905
399	956
399	992
399	995
400	858
400	936
400	940
400	998
401	106
401	620
401	931
401	975
402	225
402	541
402	608
402	995
403	912
403	971
403	999
403	1000
404	183
404	410
404	536
404	888
405	935
405	993
405	994
405	996
406	593
406	784
406	978
406	985
407	990
407	993
407	994
407	996
408	810
408	845
408	976
408	994
409	488
409	906
409	911
409	933
410	404
410	783
410	926
410	992
411	599
411	906
411	970
411	976
412	336
412	888
412	992
412	995
413	729
413	962
413	973
413	985
414	285
414	904
414	952
414	970
415	562
415	877
415	944
415	998
416	384
416	546
416	858
416	944
417	764
417	850
417	909
417	925
418	121
418	873
418	910
418	938
419	756
419	864
419	953
419	985
420	244
420	580
420	917
420	997
421	172
421	984
421	998
421	999
422	70
422	297
422	466
422	637
423	274
423	857
423	916
423	981
424	909
424	912
424	999
424	1000
425	718
425	884
425	907
425	939
426	166
426	798
426	986
426	996
427	542
427	736
427	801
427	951
428	730
428	879
428	945
428	989
429	942
429	971
429	999
429	1000
430	855
430	926
430	992
430	995
431	963
431	968
431	974
431	1000
432	370
432	676
432	895
432	981
433	620
433	778
433	815
433	998
434	858
434	925
434	965
434	998
435	512
435	522
435	856
435	989
436	884
436	907
436	961
436	980
437	467
437	547
437	725
437	984
438	150
438	947
438	968
438	997
439	973
439	977
439	987
439	991
440	831
440	901
440	922
440	998
441	282
441	449
441	455
441	739
442	676
442	824
442	975
442	998
443	198
443	299
443	952
443	976
444	82
444	835
444	956
444	1000
445	770
445	823
445	970
445	986
446	729
446	871
446	953
446	978
447	51
447	862
447	876
447	953
448	937
448	956
448	973
448	987
448	991
449	130
449	441
449	639
449	708
449	989
450	563
450	720
450	886
450	887
450	981
451	233
451	699
451	925
451	931
451	998
452	787
452	809
452	868
452	927
452	995
453	262
453	846
453	870
453	961
453	980
454	932
454	962
454	982
454	992
454	995
455	441
455	511
455	565
455	818
455	989
456	786
456	788
456	956
456	966
456	992
457	826
457	837
457	896
457	923
457	976
458	6
458	350
458	859
458	961
458	966
459	824
459	836
459	863
459	930
459	998
460	578
460	932
460	950
460	952
460	995
461	375
461	739
461	894
461	945
461	989
462	627
462	688
462	865
462	938
462	972
463	225
463	839
463	888
463	914
463	982
464	862
464	881
464	951
464	953
464	978
465	917
465	943
465	946
465	964
465	997
466	422
466	484
466	519
466	721
466	837
467	437
467	876
467	883
467	999
467	1000
468	239
468	637
468	708
468	873
468	938
469	9
469	851
469	968
469	970
469	988
470	680
470	763
470	870
470	907
470	966
471	643
471	649
471	796
471	933
471	982
472	711
472	951
472	952
472	974
472	986
473	390
473	814
473	953
473	978
473	985
474	283
474	305
474	868
474	956
474	992
475	112
475	790
475	930
475	975
475	998
476	164
476	359
476	581
476	857
476	893
477	831
477	903
477	934
477	967
477	997
478	814
478	871
478	962
478	978
478	998
479	248
479	610
479	860
479	910
479	915
480	928
480	958
480	974
480	999
480	1000
481	280
481	942
481	959
481	999
481	1000
482	914
482	950
482	956
482	974
482	992
483	738
483	751
483	887
483	891
483	929
484	71
484	466
484	929
484	941
484	981
485	550
485	646
485	855
485	954
485	970
486	528
486	855
486	933
486	976
486	986
487	875
487	923
487	990
487	993
487	994
488	409
488	642
488	914
488	982
488	992
489	264
489	325
489	650
489	978
489	985
490	384
490	901
490	922
490	936
490	998
491	736
491	833
491	933
491	976
491	983
492	804
492	901
492	930
492	943
492	998
493	193
493	881
493	955
493	978
493	985
494	734
494	741
494	829
494	940
494	991
495	183
495	927
495	965
495	982
495	992
496	317
496	889
496	961
496	966
496	980
497	918
497	990
497	993
497	994
497	996
498	698
498	815
498	877
498	901
498	998
499	286
499	851
499	906
499	949
499	951
500	949
500	954
500	975
500	976
500	988
501	215
501	258
501	523
501	916
501	970
502	913
502	990
502	993
502	994
502	996
503	717
503	819
503	856
503	945
503	989
504	629
504	727
504	887
504	893
504	941
505	128
505	784
505	793
505	953
505	985
506	544
506	921
506	945
506	989
506	999
507	637
507	806
507	910
507	915
507	981
508	934
508	943
508	957
508	960
508	997
509	827
509	949
509	954
509	968
509	970
510	39
510	635
510	874
510	934
510	960
511	455
511	794
511	856
511	945
511	989
512	302
512	435
512	777
512	879
512	989
513	108
513	226
513	282
513	818
513	879
514	937
514	973
514	977
514	987
514	991
515	382
515	817
515	867
515	926
515	948
516	208
516	615
516	886
516	891
516	981
517	566
517	887
517	916
517	929
517	981
518	775
518	967
518	984
518	999
518	1000
519	224
519	466
519	806
519	837
519	842
520	133
520	903
520	908
520	967
520	997
521	795
521	898
521	933
521	968
521	976
522	435
522	794
522	921
522	974
522	989
523	501
523	722
523	886
523	941
523	981
524	374
524	677
524	806
524	898
524	915
525	35
525	942
525	974
525	988
525	999
526	850
526	972
526	990
526	993
526	994
527	193
527	793
527	953
527	978
527	985
528	323
528	486
528	700
528	787
528	951
529	867
529	990
529	993
529	994
529	996
530	141
530	795
530	805
530	923
530	988
531	128
531	749
531	803
531	876
531	985
532	136
532	867
532	927
532	948
532	969
533	654
533	695
533	903
533	960
533	997
534	918
534	972
534	993
534	994
534	996
535	622
535	949
535	952
535	970
535	986
536	404
536	972
536	993
536	994
536	996
537	18
537	207
537	782
537	897
537	929
538	895
538	929
538	941
538	963
538	981
539	715
539	805
539	968
539	970
539	988
540	17
540	242
540	904
540	986
540	988
541	402
541	738
541	743
541	969
541	992
542	427
542	778
542	805
542	949
542	986
543	329
543	861
543	956
543	992
543	995
544	290
544	506
544	564
544	689
544	989
545	741
545	838
545	977
545	991
545	1000
546	299
546	416
546	936
546	975
546	998
547	437
547	804
547	925
547	944
547	998
548	579
548	867
548	868
548	932
548	969
548	995
549	78
549	679
549	792
549	893
549	897
549	981
550	26
550	485
550	900
550	934
550	957
550	997
551	902
551	947
551	957
551	960
551	964
551	997
552	630
552	740
552	855
552	930
552	931
552	944
553	669
553	886
553	895
553	897
553	941
553	981
554	647
554	908
554	913
554	946
554	964
554	997
555	192
555	656
555	813
555	973
555	987
555	991
556	83
556	809
556	927
556	948
556	956
556	995
557	805
557	924
557	990
557	993
557	994
557	996
558	617
558	814
558	871
558	881
558	962
558	985
559	106
559	634
559	901
559	925
559	998
559	1000
560	313
560	696
560	859
560	939
560	961
560	966
561	752
561	867
561	936
561	950
561	992
561	995
562	415
562	931
562	936
562	975
562	998
562	999
563	450
563	693
563	972
563	990
563	993
563	996
564	544
564	908
564	957
564	964
564	967
564	997
565	214
565	322
565	455
565	708
565	945
565	989
566	517
566	716
566	864
566	953
566	962
566	985
567	257
567	892
567	917
567	964
567	967
567	997
568	574
568	648
568	697
568	865
568	910
568	938
569	920
569	972
569	990
569	993
569	994
569	996
570	267
570	278
570	679
570	792
570	893
570	916
571	687
571	833
571	898
571	933
571	960
571	988
572	190
572	306
572	627
572	717
572	762
572	938
573	849
573	918
573	920
573	993
573	994
573	996
574	148
574	568
574	648
574	691
574	865
574	910
575	209
575	290
575	713
575	894
575	921
575	989
576	640
576	731
576	940
576	973
576	987
576	991
577	771
577	872
577	939
577	961
577	966
577	980
578	460
578	607
578	675
578	914
578	926
578	995
579	548
579	665
579	890
579	969
579	979
579	995
580	420
580	917
580	957
580	964
580	995
580	997
581	476
581	590
581	891
581	893
581	916
581	981
582	628
582	815
582	872
582	925
582	975
582	998
583	395
583	955
583	990
583	993
583	994
583	996
584	359
584	747
584	857
584	886
584	893
584	981
585	925
585	935
585	990
585	993
585	994
585	996
586	899
586	955
586	990
586	993
586	994
586	996
587	776
587	882
587	977
587	987
587	991
587	998
588	14
588	825
588	894
588	921
588	945
588	989
589	240
589	343
589	686
589	744
589	957
589	997
590	267
590	581
590	704
590	893
590	916
590	981
591	40
591	339
591	867
591	956
591	965
591	992
592	605
592	609
592	796
592	833
592	968
592	983
593	406
593	723
593	973
593	977
593	987
593	991
594	639
594	819
594	825
594	945
594	985
594	989
595	746
595	882
595	940
595	973
595	987
595	991
596	790
596	930
596	944
596	975
596	980
596	998
597	244
597	867
597	890
597	982
597	992
597	995
598	853
598	902
598	934
598	960
598	967
598	997
599	355
599	411
599	605
599	855
599	873
599	983
600	918
600	972
600	990
600	993
600	994
600	996
601	381
601	842
601	860
601	873
601	910
601	990
602	144
602	886
602	893
602	897
602	952
602	981
603	842
603	905
603	914
603	969
603	982
603	995
604	84
604	336
604	866
604	868
604	950
604	965
605	592
605	599
605	651
605	896
605	949
605	976
606	634
606	728
606	901
606	930
606	975
606	998
607	578
607	721
607	926
607	950
607	992
607	995
608	402
608	786
608	914
608	927
608	966
608	969
609	232
609	592
609	625
609	711
609	986
609	996
610	479
610	663
610	697
610	717
610	842
610	910
611	72
611	146
611	871
611	876
611	962
611	978
612	800
612	880
612	973
612	981
612	987
612	991
613	166
613	232
613	735
613	737
613	954
613	986
614	636
614	878
614	924
614	971
614	999
614	1000
615	516
615	653
615	886
615	897
615	929
615	981
616	681
616	828
616	942
616	984
616	999
616	1000
617	558
617	792
617	862
617	962
617	978
617	985
618	156
618	835
618	847
618	884
618	999
618	1000
619	12
619	684
619	869
619	959
619	974
619	984
620	401
620	433
620	803
620	922
620	944
620	998
621	909
621	919
621	959
621	984
621	999
621	1000
622	535
622	736
622	970
622	983
622	986
622	988
623	821
623	969
623	979
623	982
623	992
623	995
624	205
624	334
624	808
624	841
624	958
624	999
625	133
625	256
625	609
625	759
625	968
625	976
625	983
626	391
626	700
626	787
626	954
626	976
626	986
626	988
627	190
627	212
627	248
627	335
627	462
627	572
627	865
628	41
628	582
628	679
628	779
628	877
628	930
628	998
629	110
629	504
629	857
629	887
629	895
629	959
629	981
630	552
630	850
630	858
630	936
630	944
630	979
630	998
631	151
631	874
631	908
631	947
631	964
631	989
631	997
632	255
632	738
632	821
632	905
632	932
632	992
632	995
633	751
633	839
633	863
633	890
633	926
633	956
633	969
634	559
634	606
634	644
634	836
634	922
634	944
634	998
635	510
635	637
635	677
635	837
635	910
635	915
635	938
636	210
636	313
636	614
636	878
636	958
636	999
636	1000
637	422
637	468
637	507
637	635
637	677
637	860
637	915
638	664
638	724
638	846
638	939
638	966
638	967
638	980
639	155
639	449
639	594
639	739
639	879
639	894
639	989
640	192
640	576
640	746
640	813
640	888
640	937
640	991
641	918
641	924
641	972
641	990
641	993
641	994
641	996
642	178
642	221
642	488
642	905
642	965
642	992
642	995
643	355
643	471
643	810
643	896
643	904
643	954
643	986
644	245
644	634
644	728
644	828
644	877
644	922
644	998
645	874
645	900
645	902
645	943
645	957
645	960
645	964
646	319
646	485
646	807
646	952
646	954
646	968
646	986
647	554
647	669
647	846
647	917
647	943
647	964
647	997
648	568
648	574
648	837
648	842
648	865
648	938
648	992
649	331
649	471
649	666
649	700
649	807
649	855
649	954
650	325
650	489
650	694
650	709
650	760
650	978
650	985
651	232
651	286
651	605
651	855
651	933
651	954
651	970
652	955
652	959
652	972
652	990
652	993
652	994
652	996
653	615
653	909
653	912
653	974
653	984
653	999
653	1000
654	533
654	707
654	943
654	946
654	955
654	967
654	997
655	718
655	823
655	870
655	884
655	889
655	961
655	966
656	555
656	719
656	724
656	754
656	859
656	966
656	980
657	854
657	874
657	902
657	917
657	947
657	964
657	997
658	935
658	955
658	972
658	990
658	993
658	994
658	996
659	101
659	315
659	381
659	721
659	910
659	938
659	996
660	811
660	849
660	972
660	990
660	993
660	994
660	996
661	822
661	852
661	880
661	973
661	977
661	987
661	991
662	194
662	787
662	911
662	923
662	952
662	977
662	986
663	610
663	909
663	963
663	974
663	984
663	999
663	1000
664	172
664	638
664	889
664	907
664	961
664	966
664	980
665	579
665	802
665	866
665	899
665	927
665	982
665	995
666	161
666	649
666	764
666	858
666	931
666	936
666	998
667	327
667	812
667	844
667	928
667	973
667	977
667	987
668	329
668	863
668	866
668	965
668	982
668	995
668	1000
669	62
669	553
669	647
669	892
669	900
669	964
669	997
670	377
670	791
670	798
670	898
670	970
670	983
670	993
671	868
671	871
671	905
671	956
671	979
671	982
671	995
672	385
672	840
672	948
672	965
672	969
672	979
672	992
673	919
673	959
673	971
673	974
673	998
673	999
673	1000
674	36
674	60
674	958
674	971
674	984
674	999
674	1000
675	115
675	578
675	948
675	956
675	965
675	979
675	992
676	432
676	442
676	843
676	895
676	916
676	941
676	981
677	15
677	524
677	635
677	637
677	806
677	865
677	986
678	379
678	703
678	902
678	958
678	984
678	999
678	1000
679	208
679	549
679	570
679	628
679	843
679	891
679	981
680	354
680	470
680	730
680	884
680	907
680	961
680	966
680	980
681	345
681	380
681	616
681	942
681	971
681	984
681	999
681	1000
682	393
682	691
682	748
682	904
682	954
682	976
682	983
682	988
683	292
683	687
683	689
683	819
683	879
683	921
683	945
683	989
684	356
684	619
684	808
684	869
684	959
684	974
684	999
684	1000
685	741
685	812
685	822
685	852
685	973
685	977
685	987
685	991
686	243
686	589
686	808
686	892
686	943
686	964
686	967
686	997
687	571
687	683
687	772
687	787
687	807
687	823
687	952
687	986
688	212
688	381
688	462
688	717
688	769
688	866
688	873
688	938
689	544
689	683
689	739
689	886
689	894
689	921
689	945
689	989
690	6
690	365
690	870
690	885
690	907
690	961
690	966
690	980
691	574
691	682
691	748
691	951
691	968
691	983
691	986
691	988
692	269
692	330
692	712
692	867
692	899
692	950
692	982
692	995
693	563
693	849
693	918
693	920
693	990
693	993
693	994
693	996
694	191
694	397
694	650
694	862
694	871
694	876
694	962
694	985
695	77
695	533
695	908
695	943
695	953
695	957
695	967
695	997
696	560
696	753
696	777
696	799
696	946
696	947
696	957
696	960
697	114
697	568
697	610
697	769
697	837
697	915
697	938
697	964
698	162
698	498
698	727
698	790
698	925
698	929
698	930
698	998
699	38
699	149
699	451
699	778
699	824
699	930
699	975
699	998
700	314
700	528
700	626
700	649
700	968
700	983
700	986
700	997
701	56
701	371
701	771
701	814
701	871
701	887
701	978
701	985
702	919
702	959
702	963
702	971
702	977
702	984
702	999
702	1000
703	202
703	678
703	808
703	971
703	974
703	984
703	999
703	1000
704	98
704	318
704	590
704	844
704	882
704	973
704	987
704	991
705	95
705	96
705	373
705	712
705	786
705	932
705	965
705	995
706	18
706	730
706	846
706	851
706	859
706	885
706	939
706	961
707	654
707	883
707	903
707	947
707	957
707	960
707	967
707	997
708	344
708	449
708	468
708	565
708	825
708	856
708	921
708	989
709	314
709	650
709	807
709	851
709	954
709	983
709	986
709	988
710	748
710	829
710	896
710	904
710	952
710	968
710	983
710	986
711	472
711	609
711	906
711	928
711	949
711	951
711	954
711	968
712	326
712	339
712	344
712	692
712	705
712	854
712	965
712	992
713	575
713	959
713	963
713	971
713	974
713	984
713	999
713	1000
714	44
714	147
714	857
714	932
714	948
714	969
714	992
714	995
715	539
715	751
715	886
715	891
715	895
715	916
715	941
715	981
716	566
716	729
716	814
716	876
716	881
716	883
716	953
716	985
717	297
717	306
717	503
717	572
717	610
717	688
717	860
717	910
718	425
718	655
718	859
718	872
718	885
718	889
718	966
718	980
719	273
719	656
719	884
719	889
719	907
719	961
719	966
719	980
720	30
720	359
720	362
720	450
720	773
720	857
720	916
720	941
721	466
721	607
721	659
721	769
721	837
721	860
721	873
721	910
722	54
722	523
722	958
722	959
722	974
722	984
722	999
722	1000
723	593
723	726
723	822
723	838
723	880
723	928
723	987
723	991
723	995
724	242
724	373
724	638
724	656
724	785
724	872
724	939
724	961
724	966
725	288
725	437
725	869
725	908
725	909
725	963
725	971
725	999
725	1000
726	346
726	723
726	823
726	937
726	940
726	973
726	977
726	987
726	991
727	347
727	504
727	698
727	779
727	836
727	850
727	901
727	922
727	998
728	333
728	606
728	644
728	740
728	804
728	905
728	925
728	975
728	998
729	390
729	413
729	446
729	716
729	749
729	756
729	771
729	962
729	985
730	428
730	680
730	706
730	846
730	870
730	885
730	961
730	966
730	980
731	576
731	813
731	882
731	904
731	937
731	940
731	977
731	987
731	991
732	746
732	812
732	852
732	923
732	940
732	973
732	977
732	987
732	991
733	829
733	880
733	928
733	937
733	940
733	973
733	977
733	987
733	991
734	82
734	494
734	757
734	909
734	912
734	919
734	942
734	958
734	984
735	100
735	613
735	753
735	801
735	906
735	949
735	968
735	976
735	988
736	175
736	427
736	491
736	622
736	780
736	898
736	950
736	952
736	986
737	19
737	613
737	820
737	833
737	845
737	951
737	952
737	986
737	988
738	483
738	541
738	632
738	809
738	867
738	899
738	926
738	982
738	992
739	441
739	461
739	639
739	689
739	789
739	818
739	894
739	989
739	996
740	552
740	728
740	764
740	815
740	877
740	922
740	965
740	975
740	998
741	494
741	545
741	685
741	822
741	856
741	940
741	973
741	987
741	991
742	372
742	786
742	802
742	827
742	868
742	890
742	926
742	992
742	995
743	541
743	918
743	924
743	935
743	955
743	972
743	990
743	993
743	996
744	589
744	878
744	909
744	919
744	958
744	971
744	974
744	999
744	1000
745	840
745	854
745	861
745	863
745	899
745	950
745	951
745	969
745	979
746	298
746	595
746	640
746	732
746	800
746	829
746	977
746	987
746	991
747	584
747	782
747	792
747	857
747	886
747	887
747	916
747	981
747	999
748	61
748	682
748	691
748	710
748	911
748	946
748	983
748	986
748	988
749	193
749	531
749	729
749	756
749	768
749	814
749	962
749	978
749	979
750	185
750	775
750	847
750	959
750	963
750	971
750	974
750	999
750	1000
751	483
751	633
751	715
751	755
751	891
751	893
751	897
751	929
751	941
752	136
752	561
752	817
752	926
752	927
752	948
752	965
752	992
752	995
753	696
753	735
753	900
753	902
753	934
753	946
753	964
753	967
753	997
754	104
754	140
754	204
754	656
754	885
754	889
754	961
754	980
754	992
755	751
755	773
755	776
755	782
755	887
755	895
755	897
755	929
755	981
756	419
756	729
756	749
756	760
756	771
756	876
756	962
756	978
756	999
757	734
757	835
757	878
757	883
757	959
757	984
757	988
757	999
757	1000
758	55
758	71
758	773
758	891
758	895
758	897
758	906
758	941
758	981
759	625
759	811
759	832
759	920
759	924
759	955
759	993
759	994
759	996
760	650
760	756
760	768
760	862
760	871
760	962
760	978
760	985
760	995
761	777
761	831
761	835
761	874
761	934
761	946
761	947
761	964
761	967
761	997
762	572
762	853
762	874
762	943
762	947
762	957
762	960
762	964
762	967
762	997
763	167
763	309
763	388
763	470
763	846
763	872
763	885
763	939
763	966
763	980
764	324
764	333
764	417
764	666
764	740
764	904
764	925
764	930
764	975
764	998
765	766
765	784
765	793
765	803
765	881
765	933
765	953
765	962
765	978
765	985
766	142
766	325
766	765
766	784
766	785
766	862
766	864
766	881
766	978
766	985
767	849
767	913
767	935
767	955
767	968
767	972
767	990
767	993
767	994
767	996
768	749
768	760
768	803
768	864
768	881
768	953
768	962
768	969
768	978
768	985
769	4
769	160
769	306
769	315
769	688
769	697
769	721
769	860
769	873
769	938
770	194
770	242
770	445
770	801
770	823
770	833
770	923
770	932
770	951
770	968
771	51
771	577
771	701
771	729
771	756
771	784
771	881
771	953
771	978
771	985
772	377
772	687
772	790
772	898
772	911
772	952
772	954
772	970
772	986
772	988
773	720
773	755
773	758
773	844
773	891
773	895
773	897
773	916
773	929
773	981
774	775
774	835
774	841
774	883
774	954
774	958
774	974
774	984
774	999
774	1000
775	218
775	518
775	750
775	774
775	912
775	963
775	971
775	974
775	984
775	999
776	587
776	755
776	822
776	882
776	928
776	940
776	973
776	977
776	987
776	991
777	512
777	696
777	761
777	831
777	853
777	903
777	947
777	960
777	967
777	997
778	433
778	542
778	699
778	824
778	836
778	877
778	922
778	931
778	936
778	998
779	161
779	162
779	628
779	727
779	790
779	815
779	925
779	931
779	960
779	998
780	334
780	736
780	820
780	851
780	898
780	970
780	976
780	983
780	988
780	995
781	828
781	909
781	911
781	919
781	942
781	958
781	959
781	984
781	999
781	1000
782	174
782	537
782	747
782	755
782	843
782	857
782	929
782	930
782	941
782	981
783	410
783	918
783	920
783	924
783	935
783	955
783	990
783	993
783	994
783	996
784	406
784	505
784	765
784	766
784	771
784	826
784	864
784	953
784	962
784	978
784	985
785	365
785	724
785	766
785	870
785	872
785	885
785	889
785	939
785	961
785	966
785	980
786	456
786	608
786	705
786	742
786	809
786	878
786	899
786	965
786	979
786	982
786	995
787	452
787	528
787	626
787	662
787	687
787	801
787	904
787	906
787	911
787	952
787	988
788	456
788	789
788	861
788	866
788	888
788	890
788	950
788	969
788	979
788	982
788	995
789	92
789	132
789	185
789	739
789	788
789	819
789	879
789	894
789	921
789	945
789	989
790	387
790	475
790	596
790	698
790	772
790	779
790	858
790	922
790	925
790	975
790	998
791	670
791	795
791	807
791	810
791	906
791	946
791	951
791	970
791	976
791	983
791	986
792	166
792	274
792	549
792	570
792	617
792	747
792	893
792	895
792	897
792	929
792	981
793	60
793	505
793	527
793	765
793	862
793	881
793	953
793	962
793	978
793	984
793	985
794	92
794	154
794	181
794	292
794	511
794	522
794	819
794	921
794	945
794	989
794	1000
795	521
795	530
795	791
795	798
795	805
795	914
795	923
795	949
795	952
795	968
795	983
796	97
796	471
796	592
796	826
796	896
796	898
796	968
796	970
796	983
796	986
796	988
797	42
797	810
797	896
797	915
797	949
797	954
797	968
797	976
797	983
797	986
797	988
798	426
798	670
798	795
798	805
798	842
798	845
798	898
798	923
798	947
798	949
798	951
799	696
799	834
799	900
799	902
799	908
799	917
799	934
799	946
799	957
799	967
799	997
800	612
800	746
800	844
800	880
800	882
800	940
800	955
800	973
800	977
800	987
800	991
801	289
801	427
801	735
801	770
801	787
801	855
801	904
801	911
801	930
801	970
801	976
802	50
802	83
802	665
802	742
802	817
802	861
802	899
802	926
802	950
802	979
802	982
802	992
803	253
803	531
803	620
803	765
803	768
803	862
803	876
803	881
803	900
803	953
803	978
803	985
804	158
804	492
804	547
804	728
804	815
804	824
804	877
804	930
804	944
804	975
804	994
804	998
805	530
805	539
805	542
805	557
805	795
805	798
805	898
805	911
805	942
805	954
805	968
805	988
806	297
806	507
806	519
806	524
806	677
806	816
806	842
806	860
806	873
806	915
806	938
806	984
807	175
807	646
807	649
807	687
807	709
807	791
807	814
807	823
807	952
807	968
807	976
807	988
808	624
808	684
808	686
808	703
808	958
808	959
808	963
808	971
808	974
808	984
808	999
808	1000
809	95
809	255
809	374
809	452
809	556
809	738
809	786
809	861
809	927
809	969
809	979
809	992
810	74
810	408
810	643
810	791
810	797
810	904
810	906
810	933
810	939
810	949
810	951
810	976
811	660
811	759
811	875
811	880
811	913
811	920
811	955
811	972
811	990
811	993
811	994
811	996
812	667
812	685
812	732
812	829
812	838
812	844
812	880
812	910
812	928
812	937
812	977
812	991
813	346
813	555
813	640
813	731
813	852
813	863
813	882
813	928
813	973
813	977
813	987
813	991
814	473
814	478
814	558
814	701
814	716
814	749
814	807
814	862
814	864
814	876
814	962
814	985
815	48
815	433
815	498
815	582
815	740
815	779
815	804
815	836
815	931
815	936
815	997
815	998
816	148
816	224
816	239
816	374
816	806
816	837
816	842
816	865
816	910
816	915
816	963
816	999
817	78
817	81
817	515
817	752
817	802
817	854
817	890
817	914
817	926
817	932
817	992
817	995
818	13
818	46
818	282
818	455
818	513
818	739
818	825
818	856
818	886
818	894
818	921
818	989
819	99
819	211
819	503
819	594
819	683
819	789
819	794
819	825
819	879
819	894
819	945
819	989
820	737
820	780
820	845
820	852
820	855
820	923
820	932
820	952
820	954
820	968
820	970
820	983
821	10
821	396
821	623
821	632
821	863
821	868
821	888
821	948
821	950
821	969
821	992
821	995
822	661
822	685
822	723
822	741
822	776
822	838
822	852
822	928
822	973
822	977
822	987
822	991
822	992
823	61
823	445
823	655
823	687
823	726
823	770
823	807
823	826
823	896
823	898
823	906
823	983
823	986
824	41
824	235
824	442
824	459
824	699
824	778
824	804
824	858
824	931
824	936
824	975
824	992
824	998
825	181
825	249
825	292
825	302
825	588
825	594
825	708
825	818
825	819
825	856
825	873
825	921
825	989
826	75
826	457
826	784
826	796
826	823
826	896
826	923
826	954
826	968
826	970
826	976
826	983
826	988
827	102
827	271
827	352
827	509
827	742
827	839
827	899
827	905
827	950
827	969
827	979
827	982
827	995
828	291
828	616
828	644
828	781
828	869
828	919
828	942
828	963
828	974
828	980
828	984
828	999
828	1000
829	353
829	494
829	710
829	733
829	746
829	812
829	928
829	937
829	940
829	973
829	977
829	987
829	991
830	395
830	832
830	834
830	913
830	916
830	920
830	935
830	955
830	972
830	990
830	993
830	994
830	996
831	332
831	389
831	440
831	477
831	761
831	777
831	892
831	902
831	946
831	957
831	960
831	967
831	997
832	759
832	830
832	834
832	849
832	875
832	924
832	935
832	954
832	955
832	990
832	993
832	994
832	996
833	491
833	571
833	592
833	737
833	770
833	911
833	923
833	949
833	958
833	970
833	976
833	983
833	988
834	799
834	830
834	832
834	848
834	875
834	918
834	920
834	924
834	935
834	972
834	990
834	993
834	994
834	996
835	254
835	444
835	618
835	757
835	761
835	774
835	869
835	912
835	942
835	958
835	959
835	963
835	984
835	999
836	459
836	634
836	727
836	778
836	815
836	866
836	893
836	901
836	922
836	931
836	936
836	944
836	975
836	998
837	15
837	190
837	457
837	466
837	519
837	635
837	648
837	697
837	721
837	816
837	860
837	865
837	873
837	910
838	353
838	545
838	723
838	812
838	822
838	880
838	882
838	917
838	928
838	937
838	949
838	977
838	987
838	991
839	463
839	633
839	827
839	863
839	871
839	888
839	890
839	926
839	927
839	950
839	956
839	969
839	992
839	995
840	134
840	153
840	330
840	352
840	396
840	672
840	745
840	892
840	899
840	914
840	932
840	982
840	992
840	995
841	361
841	624
841	774
841	869
841	883
841	909
841	912
841	958
841	963
841	967
841	971
841	984
841	999
841	1000
842	101
842	386
842	519
842	601
842	603
842	610
842	648
842	798
842	806
842	816
842	860
842	865
842	910
842	915
843	55
843	125
843	164
843	207
843	267
843	676
843	679
843	782
843	857
843	891
843	895
843	916
843	966
843	981
844	111
844	318
844	667
844	704
844	773
844	800
844	812
844	928
844	937
844	940
844	973
844	977
844	987
844	991
845	334
845	367
845	408
845	737
845	798
845	820
845	896
845	911
845	923
845	949
845	968
845	976
845	978
845	988
846	453
846	638
846	647
846	706
846	730
846	763
846	872
846	884
846	902
846	907
846	939
846	961
846	966
846	980
847	76
847	266
847	365
847	618
847	750
847	883
847	912
847	919
847	942
847	958
847	959
847	971
847	999
847	1000
848	308
848	834
848	875
848	918
848	920
848	924
848	935
848	955
848	972
848	990
848	993
848	994
848	995
848	996
849	573
849	660
849	693
849	767
849	832
849	913
849	915
849	920
849	924
849	955
849	972
849	990
849	993
849	994
849	996
850	199
850	311
850	417
850	526
850	630
850	727
850	877
850	901
850	922
850	925
850	930
850	936
850	944
850	975
850	998
851	469
851	499
851	706
851	709
851	780
851	904
851	919
851	923
851	951
851	968
851	970
851	976
851	983
851	986
851	988
852	31
852	98
852	661
852	685
852	732
852	813
852	820
852	822
852	882
852	928
852	940
852	973
852	977
852	987
852	991
853	119
853	178
853	321
853	598
853	762
853	777
853	874
853	892
853	903
853	908
853	910
853	922
853	946
853	947
853	997
854	44
854	272
854	370
854	657
854	712
854	745
854	817
854	890
854	914
854	932
854	956
854	965
854	982
854	992
854	995
855	213
855	430
855	485
855	486
855	552
855	599
855	649
855	651
855	801
855	820
855	904
855	923
855	970
855	983
855	986
856	34
856	143
856	234
856	354
856	435
856	503
856	511
856	708
856	741
856	818
856	825
856	879
856	921
856	945
856	989
857	423
857	476
857	584
857	629
857	714
857	720
857	747
857	782
857	843
857	886
857	891
857	916
857	929
857	941
857	981
858	360
858	400
858	416
858	434
858	630
858	666
858	790
858	824
858	888
858	922
858	925
858	931
858	936
858	944
858	998
859	22
859	388
859	458
859	560
859	656
859	706
859	718
859	870
859	872
859	889
859	891
859	939
859	961
859	966
859	980
859	993
860	4
860	89
860	224
860	306
860	479
860	601
860	637
860	717
860	721
860	769
860	806
860	837
860	842
860	915
860	925
860	938
861	186
861	227
861	275
861	305
861	543
861	745
861	788
861	802
861	809
861	932
861	945
861	956
861	965
861	982
861	992
861	997
862	191
862	254
862	447
862	464
862	617
862	694
862	760
862	766
862	793
862	803
862	814
862	871
862	937
862	953
862	978
862	985
863	459
863	633
863	668
863	745
863	813
863	821
863	839
863	899
863	927
863	948
863	950
863	965
863	979
863	982
863	992
863	995
864	177
864	341
864	357
864	383
864	419
864	566
864	766
864	768
864	784
864	814
864	871
864	887
864	953
864	962
864	978
864	985
865	114
865	312
865	462
865	568
865	574
865	627
865	648
865	677
865	816
865	837
865	842
865	873
865	910
865	915
865	931
865	938
866	63
866	150
866	275
866	604
866	665
866	668
866	688
866	788
866	836
866	927
866	948
866	965
866	969
866	979
866	982
866	992
866	995
867	16
867	382
867	391
867	515
867	529
867	532
867	548
867	561
867	591
867	597
867	692
867	738
867	936
867	965
867	982
867	992
867	995
868	84
868	275
868	352
868	452
868	474
868	548
868	604
868	671
868	742
868	821
868	877
868	950
868	965
868	969
868	976
868	992
868	995
869	162
869	247
869	392
869	619
869	684
869	725
869	828
869	835
869	841
869	883
869	912
869	919
869	958
869	963
869	964
869	999
869	1000
870	33
870	273
870	453
870	470
870	655
870	690
870	730
870	785
870	859
870	884
870	885
870	892
870	939
870	961
870	966
870	980
870	1000
871	56
871	81
871	446
871	478
871	558
871	611
871	671
871	694
871	701
871	760
871	839
871	862
871	864
871	881
871	953
871	962
871	985
872	33
872	262
872	317
872	577
872	582
872	718
872	724
872	763
872	785
872	846
872	859
872	884
872	885
872	939
872	959
872	966
872	980
873	220
873	265
873	363
873	386
873	418
873	468
873	599
873	601
873	688
873	721
873	769
873	806
873	825
873	837
873	865
873	910
873	938
874	99
874	206
874	510
874	631
874	645
874	657
874	761
874	762
874	853
874	892
874	943
874	946
874	947
874	960
874	964
874	980
874	997
875	487
875	811
875	832
875	834
875	848
875	918
875	920
875	924
875	935
875	942
875	955
875	957
875	972
875	990
875	993
875	994
875	996
876	117
876	397
876	447
876	467
876	531
876	611
876	694
876	716
876	756
876	803
876	814
876	881
876	922
876	953
876	962
876	978
876	985
877	333
877	415
877	498
877	628
877	644
877	740
877	778
877	804
877	850
877	868
877	922
877	925
877	930
877	936
877	944
877	996
877	998
878	342
878	614
878	636
878	744
878	757
878	786
878	883
878	909
878	912
878	942
878	959
878	963
878	971
878	974
878	984
878	999
878	1000
879	1
879	131
879	132
879	284
879	322
879	428
879	512
879	513
879	639
879	683
879	789
879	819
879	856
879	894
879	941
879	945
879	989
880	65
880	366
880	612
880	661
880	723
880	733
880	800
880	811
880	812
880	838
880	882
880	928
880	929
880	937
880	940
880	977
880	987
880	991
881	340
881	464
881	493
881	558
881	716
881	765
881	766
881	768
881	771
881	793
881	803
881	871
881	876
881	953
881	962
881	978
881	985
881	988
882	304
882	587
882	595
882	704
882	731
882	776
882	800
882	813
882	838
882	852
882	880
882	928
882	937
882	940
882	953
882	975
882	987
882	991
883	467
883	707
883	716
883	757
883	774
883	841
883	847
883	869
883	878
883	919
883	958
883	959
883	963
883	971
883	974
883	984
883	999
883	1000
884	171
884	215
884	277
884	327
884	425
884	436
884	618
884	655
884	680
884	719
884	846
884	870
884	872
884	907
884	939
884	961
884	966
884	980
885	22
885	59
885	140
885	313
885	690
885	706
885	718
885	730
885	754
885	763
885	785
885	870
885	872
885	939
885	943
885	961
885	966
885	980
886	258
886	316
886	450
886	516
886	523
886	553
886	584
886	602
886	615
886	689
886	715
886	747
886	818
886	857
886	891
886	897
886	929
886	941
887	110
887	258
887	278
887	316
887	362
887	450
887	483
887	504
887	517
887	629
887	701
887	747
887	755
887	864
887	893
887	916
887	929
887	941
888	27
888	303
888	352
888	404
888	412
888	463
888	640
888	788
888	821
888	839
888	858
888	899
888	905
888	950
888	965
888	969
888	982
888	995
889	140
889	167
889	217
889	327
889	496
889	655
889	664
889	718
889	719
889	754
889	785
889	859
889	907
889	920
889	939
889	961
889	966
889	980
890	90
890	320
890	579
890	597
890	633
890	742
890	788
890	817
890	839
890	854
890	905
890	926
890	956
890	969
890	970
890	978
890	992
890	995
891	30
891	202
891	362
891	483
891	516
891	581
891	679
891	715
891	751
891	758
891	773
891	843
891	857
891	859
891	886
891	897
891	941
891	981
892	343
892	567
892	669
892	686
892	831
892	840
892	853
892	870
892	874
892	903
892	908
892	917
892	934
892	943
892	946
892	947
892	964
892	967
892	997
893	144
893	476
893	504
893	549
893	570
893	581
893	584
893	590
893	602
893	751
893	792
893	836
893	887
893	895
893	897
893	916
893	929
893	981
893	991
894	130
894	143
894	181
894	284
894	322
894	461
894	575
894	588
894	639
894	689
894	739
894	789
894	818
894	819
894	879
894	921
894	935
894	951
894	989
895	202
895	432
895	538
895	553
895	629
895	676
895	715
895	755
895	758
895	773
895	792
895	843
895	893
895	897
895	909
895	929
895	938
895	941
895	981
896	314
896	357
896	393
896	457
896	605
896	643
896	710
896	796
896	797
896	823
896	826
896	845
896	904
896	911
896	931
896	951
896	970
896	983
896	988
897	274
897	537
897	549
897	553
897	602
897	615
897	751
897	755
897	758
897	773
897	792
897	886
897	891
897	893
897	895
897	900
897	916
897	941
897	994
898	521
898	524
898	571
898	670
898	736
898	772
898	780
898	796
898	798
898	805
898	823
898	923
898	949
898	951
898	958
898	968
898	976
898	983
898	988
899	218
899	261
899	586
899	665
899	692
899	738
899	745
899	786
899	802
899	827
899	840
899	863
899	888
899	905
899	926
899	969
899	979
899	982
899	992
900	45
900	338
900	343
900	550
900	645
900	669
900	753
900	799
900	803
900	897
900	902
900	934
900	943
900	946
900	957
900	960
900	964
900	967
900	997
901	180
901	440
901	490
901	492
901	498
901	559
901	606
901	727
901	836
901	850
901	922
901	925
901	930
901	931
901	936
901	973
901	975
901	983
901	998
902	32
902	551
902	598
902	645
902	657
902	678
902	753
902	799
902	831
902	846
902	900
902	903
902	908
902	934
902	946
902	947
902	957
902	964
902	967
902	997
903	184
903	336
903	343
903	477
903	520
903	533
903	707
903	777
903	853
903	892
903	902
903	934
903	946
903	947
903	957
903	960
903	964
903	967
903	996
903	997
904	367
904	414
904	540
904	643
904	682
904	710
904	731
904	764
904	787
904	801
904	810
904	851
904	855
904	896
904	951
904	952
904	968
904	976
904	983
904	988
905	27
905	329
905	399
905	603
905	632
905	642
905	671
905	728
905	827
905	888
905	890
905	899
905	926
905	950
905	969
905	979
905	982
905	992
905	995
905	999
906	222
906	409
906	411
906	499
906	711
906	735
906	758
906	787
906	791
906	810
906	823
906	933
906	951
906	954
906	968
906	970
906	976
906	983
906	986
906	1000
907	22
907	197
907	277
907	327
907	355
907	425
907	436
907	470
907	664
907	680
907	690
907	719
907	846
907	884
907	889
907	939
907	961
907	966
907	976
907	980
908	159
908	311
908	338
908	520
908	554
908	564
908	631
908	695
908	725
908	799
908	853
908	892
908	902
908	917
908	934
908	943
908	960
908	964
908	967
908	997
909	417
909	424
909	621
909	653
909	663
909	725
909	734
909	744
909	781
909	841
909	878
909	895
909	912
909	942
909	959
909	971
909	974
909	984
909	999
909	1000
910	70
910	121
910	157
910	418
910	479
910	507
910	568
910	574
910	601
910	610
910	635
910	659
910	717
910	721
910	812
910	816
910	837
910	842
910	853
910	865
910	873
911	219
911	331
911	409
911	662
911	748
911	772
911	781
911	787
911	801
911	805
911	833
911	845
911	896
911	933
911	951
911	954
911	968
911	976
911	983
911	986
911	999
912	403
912	424
912	653
912	734
912	775
912	835
912	841
912	847
912	869
912	878
912	909
912	935
912	942
912	963
912	964
912	971
912	974
912	976
912	984
912	999
912	1000
913	88
913	135
913	165
913	376
913	502
913	554
913	767
913	811
913	830
913	849
913	918
913	920
913	924
913	935
913	955
913	972
913	975
913	990
913	993
913	994
913	996
914	27
914	186
914	263
914	463
914	482
914	488
914	578
914	603
914	608
914	795
914	817
914	840
914	854
914	927
914	941
914	944
914	948
914	956
914	965
914	992
914	995
915	89
915	114
915	220
915	248
915	315
915	363
915	374
915	381
915	479
915	507
915	524
915	635
915	637
915	697
915	797
915	806
915	816
915	842
915	849
915	860
915	865
916	71
916	423
916	501
916	517
916	570
916	581
916	590
916	676
916	715
916	720
916	747
916	773
916	830
916	843
916	857
916	887
916	893
916	897
916	929
916	940
916	981
917	45
917	116
917	420
917	465
917	567
917	580
917	647
917	657
917	799
917	838
917	892
917	908
917	934
917	943
917	946
917	947
917	957
917	960
917	964
917	995
917	997
918	497
918	534
918	573
918	600
918	641
918	693
918	743
918	783
918	834
918	848
918	875
918	913
918	920
918	921
918	935
918	955
918	972
918	985
918	990
918	993
918	994
918	996
919	58
919	139
919	300
919	621
919	673
919	702
919	734
919	744
919	781
919	828
919	847
919	851
919	869
919	883
919	942
919	959
919	963
919	971
919	974
919	984
919	999
919	1000
920	270
920	569
920	573
920	693
920	759
920	783
920	811
920	830
920	834
920	848
920	849
920	875
920	889
920	913
920	918
920	924
920	955
920	956
920	972
920	990
920	994
920	996
921	211
921	279
921	302
921	354
921	375
921	506
921	522
921	575
921	588
921	683
921	689
921	708
921	789
921	794
921	818
921	825
921	856
921	894
921	918
921	945
921	957
921	972
922	68
922	347
922	360
922	440
922	490
922	620
922	634
922	644
922	727
922	740
922	778
922	790
922	836
922	850
922	853
922	858
922	876
922	877
922	901
922	931
922	975
922	998
923	323
923	351
923	457
923	487
923	530
923	662
923	732
923	770
923	795
923	798
923	820
923	826
923	833
923	845
923	851
923	855
923	898
923	933
923	951
923	954
923	983
923	986
924	557
924	614
924	641
924	743
924	759
924	783
924	832
924	834
924	848
924	849
924	875
924	913
924	920
924	935
924	955
924	972
924	990
924	991
924	993
924	994
924	996
924	998
925	106
925	182
925	417
925	434
925	451
925	547
925	559
925	582
925	585
925	698
925	728
925	764
925	779
925	790
925	850
925	858
925	860
925	877
925	901
925	931
925	936
925	975
925	998
926	55
926	410
926	430
926	515
926	578
926	607
926	633
926	738
926	742
926	752
926	802
926	817
926	839
926	890
926	899
926	905
926	948
926	950
926	972
926	979
926	982
926	992
926	995
927	145
927	255
927	375
927	452
927	495
927	532
927	556
927	608
927	665
927	752
927	809
927	839
927	863
927	866
927	914
927	932
927	950
927	965
927	979
927	982
927	992
927	995
927	999
928	31
928	301
928	480
928	667
928	711
928	723
928	733
928	776
928	812
928	813
928	822
928	829
928	838
928	844
928	852
928	880
928	882
928	937
928	940
928	973
928	977
928	987
928	991
929	125
929	215
929	274
929	483
929	484
929	517
929	537
929	538
929	615
929	698
929	751
929	755
929	773
929	782
929	792
929	857
929	880
929	886
929	887
929	893
929	895
929	916
929	941
930	29
930	294
930	384
930	459
930	475
930	492
930	552
930	596
930	606
930	628
930	698
930	699
930	764
930	782
930	801
930	804
930	850
930	877
930	901
930	944
930	946
930	975
930	998
931	180
931	282
931	311
931	324
931	328
931	401
931	451
931	552
931	562
931	666
931	778
931	779
931	815
931	824
931	836
931	858
931	865
931	896
931	901
931	922
931	925
931	944
931	975
931	998
932	295
932	320
932	454
932	460
932	548
932	632
932	705
932	714
932	770
932	817
932	820
932	840
932	854
932	861
932	927
932	934
932	948
932	956
932	965
932	969
932	979
932	982
932	992
932	995
933	74
933	141
933	157
933	198
933	348
933	409
933	471
933	486
933	491
933	521
933	571
933	651
933	765
933	810
933	906
933	911
933	923
933	952
933	954
933	968
933	970
933	983
933	987
933	988
934	337
934	477
934	508
934	510
934	550
934	598
934	753
934	761
934	799
934	892
934	900
934	902
934	903
934	908
934	917
934	932
934	946
934	947
934	957
934	960
934	964
934	967
934	978
934	997
935	135
935	349
935	405
935	585
935	658
935	743
935	767
935	783
935	830
935	832
935	834
935	848
935	875
935	894
935	912
935	913
935	918
935	924
935	955
935	972
935	990
935	993
935	994
935	996
936	235
936	293
936	294
936	307
936	400
936	490
936	546
936	561
936	562
936	630
936	666
936	778
936	815
936	824
936	836
936	850
936	858
936	867
936	877
936	901
936	925
936	944
936	975
936	998
937	127
937	195
937	229
937	287
937	346
937	448
937	514
937	640
937	726
937	731
937	733
937	812
937	829
937	838
937	844
937	862
937	880
937	882
937	928
937	940
937	986
937	987
937	991
937	994
938	70
938	101
938	121
938	148
938	169
938	265
938	312
938	363
938	418
938	462
938	468
938	568
938	572
938	635
938	648
938	659
938	688
938	697
938	769
938	806
938	860
938	865
938	873
938	895
939	6
939	52
939	238
939	425
939	560
939	577
939	638
939	706
939	724
939	763
939	785
939	810
939	846
939	859
939	870
939	872
939	884
939	885
939	889
939	907
939	961
939	966
939	980
939	997
940	111
940	203
940	400
940	494
940	576
940	595
940	726
940	731
940	732
940	733
940	741
940	776
940	800
940	829
940	844
940	852
940	880
940	882
940	916
940	928
940	937
940	969
940	973
940	987
940	991
941	125
941	144
941	146
941	278
941	316
941	484
941	504
941	523
941	538
941	553
941	676
941	715
941	720
941	751
941	758
941	782
941	857
941	879
941	886
941	887
941	891
941	895
941	897
941	914
941	929
941	981
942	210
942	429
942	481
942	525
942	616
942	681
942	734
942	781
942	805
942	828
942	835
942	847
942	875
942	878
942	909
942	912
942	919
942	958
942	959
942	963
942	971
942	974
942	984
942	988
942	999
942	1000
943	47
943	137
943	151
943	187
943	332
943	465
943	492
943	508
943	645
943	647
943	654
943	686
943	695
943	762
943	874
943	885
943	892
943	900
943	908
943	917
943	946
943	947
943	960
943	964
943	967
943	997
944	68
944	293
944	307
944	324
944	328
944	415
944	416
944	547
944	552
944	596
944	620
944	630
944	634
944	804
944	836
944	850
944	858
944	877
944	914
944	930
944	931
944	936
944	950
944	962
944	975
944	998
945	13
945	108
945	154
945	207
945	211
945	226
945	284
945	428
945	461
945	503
945	506
945	511
945	565
945	588
945	594
945	683
945	689
945	789
945	794
945	819
945	856
945	861
945	879
945	921
945	983
945	989
946	20
946	338
946	465
946	554
946	654
946	696
946	748
946	753
946	761
946	791
946	799
946	831
946	853
946	874
946	892
946	900
946	902
946	903
946	917
946	930
946	934
946	943
946	947
946	960
946	967
946	997
947	115
947	138
947	244
947	345
947	438
947	551
947	631
947	657
947	696
947	707
947	761
947	762
947	777
947	798
947	853
947	874
947	892
947	902
947	903
947	917
947	934
947	943
947	946
947	960
947	964
947	967
947	990
947	997
948	95
948	128
948	145
948	160
948	295
948	385
948	396
948	515
948	532
948	556
948	672
948	675
948	714
948	752
948	821
948	863
948	866
948	914
948	926
948	932
948	956
948	965
948	969
948	979
948	992
948	993
948	995
948	998
949	42
949	61
949	213
949	236
949	348
949	394
949	499
949	500
949	509
949	535
949	542
949	605
949	711
949	735
949	795
949	797
949	798
949	810
949	833
949	838
949	845
949	898
949	950
949	952
949	970
949	976
949	983
949	988
950	261
950	295
950	460
950	482
950	561
950	604
950	607
950	692
950	736
950	745
950	788
950	802
950	821
950	827
950	839
950	863
950	868
950	888
950	905
950	926
950	927
950	944
950	949
950	956
950	965
950	979
950	982
950	992
950	995
951	133
951	377
951	427
951	464
951	472
951	499
951	528
951	691
951	711
951	737
951	745
951	770
951	791
951	798
951	810
951	851
951	894
951	896
951	898
951	904
951	906
951	911
951	923
951	952
951	954
951	968
951	970
951	983
951	986
951	988
952	73
952	285
952	348
952	351
952	414
952	443
952	460
952	472
952	535
952	602
952	646
952	662
952	687
952	710
952	736
952	737
952	772
952	787
952	795
952	807
952	820
952	904
952	933
952	949
952	951
952	970
952	976
952	986
952	988
952	991
953	56
953	357
953	383
953	390
953	419
953	446
953	447
953	464
953	473
953	505
953	527
953	566
953	695
953	716
953	765
953	768
953	771
953	784
953	793
953	803
953	862
953	864
953	871
953	876
953	881
953	882
953	962
953	978
953	985
953	994
954	194
954	222
954	367
954	485
954	500
954	509
954	613
954	626
954	643
954	646
954	649
954	651
954	682
954	709
954	711
954	772
954	774
954	797
954	805
954	820
954	826
954	832
954	906
954	911
954	923
954	933
954	951
954	957
954	968
954	983
954	986
954	988
955	223
955	259
955	337
955	347
955	395
955	493
955	583
955	586
955	652
955	654
955	658
955	743
955	759
955	767
955	783
955	800
955	811
955	830
955	832
955	848
955	849
955	875
955	913
955	918
955	920
955	924
955	935
955	972
955	990
955	993
955	994
955	996
956	90
956	96
956	147
956	233
956	305
956	326
956	399
956	444
956	448
956	456
956	474
956	482
956	543
956	556
956	591
956	633
956	671
956	675
956	839
956	854
956	861
956	890
956	914
956	920
956	932
956	948
956	950
956	965
956	969
956	979
956	982
956	992
956	995
957	20
957	32
957	77
957	79
957	97
957	123
957	169
957	508
957	550
957	551
957	564
957	580
957	589
957	645
957	695
957	696
957	707
957	762
957	799
957	831
957	875
957	900
957	902
957	903
957	917
957	921
957	934
957	954
957	958
957	960
957	964
957	967
957	997
958	5
958	49
958	86
958	237
958	280
958	281
958	288
958	300
958	480
958	624
958	636
958	674
958	678
958	722
958	734
958	744
958	774
958	781
958	808
958	833
958	835
958	841
958	847
958	869
958	883
958	898
958	942
958	957
958	959
958	963
958	971
958	974
958	984
958	999
958	1000
959	28
959	252
959	291
959	342
959	361
959	379
959	481
959	619
959	621
959	629
959	652
959	673
959	684
959	702
959	713
959	722
959	750
959	757
959	781
959	808
959	835
959	847
959	872
959	878
959	883
959	909
959	919
959	942
959	958
959	963
959	971
959	974
959	984
959	999
959	1000
960	14
960	39
960	109
960	152
960	184
960	240
960	243
960	389
960	508
960	510
960	533
960	551
960	571
960	598
960	645
960	696
960	707
960	762
960	777
960	779
960	831
960	874
960	900
960	903
960	908
960	917
960	934
960	943
960	946
960	947
960	957
960	967
960	973
960	990
960	997
961	113
961	171
961	176
961	197
961	204
961	348
961	373
961	436
961	453
961	458
961	496
961	560
961	577
961	655
961	664
961	680
961	690
961	706
961	719
961	724
961	730
961	754
961	785
961	846
961	859
961	870
961	884
961	885
961	889
961	907
961	939
961	966
961	980
961	990
961	991
962	51
962	72
962	81
962	91
962	118
962	142
962	253
962	309
962	325
962	332
962	340
962	383
962	413
962	454
962	478
962	558
962	566
962	611
962	617
962	694
962	729
962	749
962	756
962	760
962	765
962	768
962	784
962	793
962	814
962	864
962	871
962	876
962	881
962	944
962	953
962	978
962	985
963	7
963	49
963	80
963	216
963	237
963	250
963	310
963	342
963	356
963	380
963	431
963	538
963	663
963	702
963	713
963	725
963	750
963	775
963	808
963	816
963	828
963	835
963	841
963	869
963	878
963	883
963	912
963	919
963	942
963	958
963	959
963	971
963	974
963	975
963	984
963	999
963	1000
964	137
964	138
964	152
964	159
964	168
964	389
964	465
964	551
964	554
964	564
964	567
964	580
964	631
964	645
964	647
964	657
964	669
964	686
964	697
964	753
964	761
964	762
964	869
964	874
964	892
964	900
964	902
964	903
964	908
964	912
964	917
964	934
964	943
964	947
964	957
964	967
964	997
965	102
965	200
965	290
965	295
965	329
965	335
965	434
965	495
965	591
965	604
965	642
965	668
965	672
965	675
965	705
965	712
965	740
965	752
965	786
965	854
965	861
965	863
965	866
965	867
965	868
965	888
965	914
965	927
965	932
965	948
965	950
965	956
965	969
965	979
965	982
965	992
965	995
966	24
966	113
966	167
966	176
966	273
966	277
966	317
966	388
966	456
966	458
966	470
966	496
966	560
966	577
966	608
966	638
966	655
966	656
966	664
966	680
966	690
966	718
966	719
966	724
966	730
966	763
966	785
966	843
966	846
966	859
966	870
966	872
966	884
966	885
966	889
966	907
966	939
966	961
966	980
967	2
967	26
967	47
967	109
967	151
967	159
967	168
967	243
967	477
967	518
967	520
967	564
967	567
967	598
967	638
967	654
967	686
967	695
967	707
967	753
967	761
967	762
967	777
967	799
967	831
967	841
967	892
967	900
967	902
967	903
967	908
967	934
967	943
967	946
967	947
967	957
967	960
967	964
967	997
968	126
968	351
968	431
968	438
968	469
968	509
968	521
968	539
968	592
968	625
968	646
968	691
968	700
968	710
968	711
968	735
968	767
968	770
968	795
968	796
968	797
968	805
968	807
968	820
968	826
968	845
968	851
968	898
968	904
968	906
968	911
968	933
968	951
968	954
968	970
968	976
968	983
968	988
968	998
969	107
969	124
969	225
969	261
969	263
969	335
969	336
969	532
969	541
969	548
969	579
969	603
969	608
969	623
969	633
969	672
969	714
969	745
969	768
969	788
969	809
969	821
969	827
969	839
969	866
969	868
969	888
969	890
969	899
969	905
969	932
969	940
969	948
969	956
969	965
969	972
969	982
969	992
969	995
970	126
970	175
970	252
970	411
970	414
970	445
970	469
970	485
970	501
970	509
970	535
970	539
970	622
970	651
970	670
970	772
970	780
970	791
970	796
970	801
970	820
970	826
970	833
970	851
970	855
970	890
970	896
970	906
970	933
970	949
970	951
970	952
970	968
970	976
970	983
970	986
970	988
970	990
970	993
971	86
971	139
971	205
971	245
971	250
971	268
971	283
971	361
971	379
971	403
971	429
971	614
971	673
971	674
971	681
971	702
971	703
971	713
971	725
971	744
971	750
971	775
971	808
971	841
971	847
971	878
971	883
971	909
971	912
971	919
971	942
971	958
971	959
971	963
971	974
971	985
971	995
971	999
971	1000
972	3
972	11
972	17
972	24
972	53
972	201
972	223
972	350
972	462
972	526
972	534
972	536
972	563
972	569
972	600
972	641
972	652
972	658
972	660
972	743
972	767
972	811
972	830
972	834
972	848
972	849
972	875
972	913
972	918
972	920
972	921
972	924
972	926
972	935
972	955
972	969
972	990
972	993
972	994
972	996
973	85
973	98
973	129
973	195
973	301
973	353
973	366
973	398
973	413
973	439
973	448
973	514
973	555
973	576
973	593
973	595
973	612
973	661
973	667
973	685
973	704
973	726
973	732
973	733
973	741
973	776
973	800
973	813
973	822
973	829
973	844
973	852
973	901
973	928
973	940
973	960
973	977
973	987
973	991
973	994
974	43
974	57
974	251
974	281
974	300
974	356
974	368
974	431
974	472
974	480
974	482
974	522
974	525
974	619
974	653
974	663
974	673
974	684
974	703
974	713
974	722
974	744
974	750
974	774
974	775
974	808
974	828
974	878
974	883
974	909
974	912
974	919
974	942
974	958
974	959
974	963
974	971
974	984
974	999
974	1000
975	29
975	38
975	48
975	93
975	149
975	158
975	199
975	293
975	294
975	299
975	307
975	308
975	387
975	401
975	442
975	475
975	500
975	546
975	562
975	582
975	596
975	606
975	699
975	728
975	740
975	764
975	790
975	804
975	824
975	836
975	850
975	882
975	901
975	913
975	922
975	925
975	930
975	931
975	936
975	944
975	963
975	998
976	9
976	73
976	219
976	236
976	323
976	364
976	394
976	408
976	411
976	443
976	457
976	486
976	491
976	500
976	521
976	605
976	625
976	626
976	682
976	735
976	780
976	791
976	797
976	801
976	807
976	810
976	826
976	833
976	845
976	851
976	868
976	898
976	904
976	906
976	907
976	911
976	912
976	949
976	952
976	968
976	970
976	986
976	988
977	54
977	57
977	65
977	127
977	173
977	203
977	229
977	287
977	298
977	318
977	319
977	346
977	353
977	392
977	398
977	439
977	514
977	545
977	587
977	593
977	661
977	662
977	667
977	685
977	702
977	726
977	731
977	732
977	733
977	746
977	776
977	800
977	812
977	813
977	822
977	829
977	838
977	844
977	852
977	880
977	928
977	973
977	987
977	991
978	72
978	91
978	118
978	120
978	177
978	253
978	309
978	340
978	357
978	371
978	390
978	406
978	446
978	464
978	473
978	478
978	489
978	493
978	527
978	611
978	617
978	650
978	701
978	749
978	756
978	760
978	765
978	766
978	768
978	771
978	784
978	793
978	803
978	845
978	862
978	864
978	876
978	881
978	890
978	934
978	953
978	962
978	984
978	985
979	16
979	40
979	84
979	96
979	124
979	160
979	227
979	241
979	271
979	303
979	320
979	335
979	339
979	341
979	368
979	372
979	382
979	579
979	623
979	630
979	671
979	672
979	675
979	745
979	749
979	786
979	788
979	802
979	809
979	827
979	863
979	866
979	899
979	905
979	926
979	927
979	932
979	948
979	950
979	956
979	965
979	982
979	992
979	995
979	997
980	18
980	33
980	59
980	104
980	113
980	119
980	171
980	197
980	204
980	262
980	277
980	304
980	313
980	317
980	365
980	373
980	388
980	436
980	453
980	496
980	577
980	596
980	638
980	656
980	664
980	680
980	690
980	718
980	719
980	730
980	754
980	763
980	785
980	828
980	846
980	859
980	870
980	872
980	874
980	884
980	885
980	889
980	907
980	939
980	961
980	966
981	30
981	105
981	110
981	146
981	164
981	174
981	208
981	278
981	316
981	359
981	362
981	423
981	432
981	450
981	484
981	507
981	516
981	517
981	523
981	538
981	549
981	553
981	581
981	584
981	590
981	602
981	612
981	615
981	629
981	676
981	679
981	715
981	747
981	755
981	758
981	773
981	782
981	792
981	843
981	857
981	891
981	893
981	895
981	916
981	941
981	983
981	989
982	107
982	134
982	136
982	145
982	156
982	221
982	241
982	266
982	372
982	385
982	454
982	463
982	471
982	488
982	495
982	597
982	603
982	623
982	665
982	668
982	671
982	692
982	738
982	786
982	788
982	802
982	827
982	840
982	854
982	861
982	863
982	866
982	867
982	888
982	899
982	905
982	926
982	927
982	932
982	950
982	956
982	965
982	969
982	979
982	983
982	992
982	995
983	105
983	187
983	198
983	222
983	256
983	286
983	367
983	393
983	491
983	592
983	599
983	622
983	625
983	670
983	682
983	691
983	700
983	709
983	710
983	748
983	780
983	791
983	795
983	796
983	797
983	820
983	823
983	826
983	833
983	851
983	855
983	896
983	898
983	901
983	904
983	906
983	911
983	923
983	933
983	945
983	949
983	951
983	954
983	968
983	970
983	981
983	982
983	986
984	12
984	28
984	80
984	94
984	122
984	196
984	266
984	268
984	356
984	392
984	421
984	437
984	518
984	616
984	619
984	621
984	653
984	663
984	674
984	678
984	681
984	702
984	703
984	713
984	722
984	734
984	757
984	774
984	775
984	781
984	793
984	806
984	808
984	828
984	835
984	841
984	878
984	883
984	909
984	912
984	919
984	942
984	958
984	959
984	963
984	974
984	978
984	999
984	1000
985	91
985	117
985	118
985	120
985	142
985	177
985	191
985	264
985	309
985	340
985	371
985	383
985	397
985	406
985	413
985	419
985	473
985	489
985	493
985	505
985	527
985	531
985	558
985	566
985	594
985	617
985	650
985	694
985	701
985	716
985	729
985	760
985	765
985	766
985	768
985	771
985	784
985	793
985	803
985	814
985	862
985	864
985	871
985	876
985	881
985	918
985	953
985	962
985	971
985	978
985	989
985	997
986	9
986	73
986	74
986	126
986	131
986	219
986	285
986	331
986	351
986	377
986	426
986	445
986	472
986	486
986	535
986	540
986	542
986	609
986	613
986	622
986	626
986	643
986	646
986	662
986	677
986	687
986	691
986	700
986	709
986	710
986	736
986	737
986	748
986	772
986	791
986	796
986	797
986	823
986	851
986	855
986	906
986	911
986	923
986	937
986	951
986	952
986	954
986	970
986	976
986	983
986	988
986	994
986	996
987	23
987	57
987	64
987	85
987	112
987	129
987	195
987	217
987	287
987	298
987	301
987	304
987	318
987	319
987	328
987	366
987	439
987	448
987	514
987	555
987	576
987	587
987	593
987	595
987	612
987	661
987	667
987	685
987	704
987	723
987	726
987	731
987	732
987	733
987	741
987	746
987	776
987	800
987	813
987	822
987	829
987	838
987	844
987	852
987	880
987	882
987	928
987	933
987	937
987	940
987	973
987	977
987	991
987	992
988	75
988	100
988	256
988	286
988	289
988	314
988	323
988	326
988	331
988	334
988	355
988	393
988	394
988	469
988	500
988	525
988	530
988	539
988	540
988	571
988	622
988	626
988	682
988	691
988	709
988	735
988	737
988	748
988	757
988	772
988	780
988	787
988	796
988	797
988	805
988	807
988	826
988	833
988	845
988	851
988	881
988	896
988	898
988	904
988	933
988	942
988	949
988	951
988	952
988	954
988	968
988	970
988	976
988	986
988	996
989	1
989	13
989	34
989	46
989	92
989	108
989	130
989	143
989	154
989	155
989	163
989	185
989	209
989	214
989	226
989	234
989	249
989	279
989	284
989	290
989	292
989	322
989	344
989	354
989	360
989	387
989	428
989	435
989	449
989	455
989	461
989	503
989	506
989	511
989	512
989	522
989	544
989	565
989	575
989	588
989	594
989	631
989	639
989	683
989	689
989	708
989	739
989	789
989	794
989	818
989	819
989	825
989	856
989	879
989	894
989	945
989	981
989	985
989	991
990	8
990	23
990	25
990	66
990	69
990	88
990	153
990	165
990	188
990	230
990	231
990	239
990	257
990	276
990	296
990	337
990	358
990	369
990	378
990	407
990	487
990	497
990	502
990	526
990	529
990	557
990	563
990	569
990	583
990	585
990	586
990	600
990	601
990	641
990	652
990	658
990	660
990	693
990	743
990	767
990	783
990	811
990	830
990	832
990	834
990	848
990	849
990	875
990	913
990	918
990	920
990	924
990	935
990	947
990	955
990	960
990	961
990	970
990	972
990	993
990	994
990	996
991	31
991	65
991	85
991	111
991	127
991	129
991	173
991	192
991	203
991	217
991	229
991	287
991	298
991	301
991	304
991	319
991	366
991	398
991	439
991	448
991	494
991	514
991	545
991	555
991	576
991	587
991	593
991	595
991	612
991	640
991	661
991	685
991	704
991	723
991	726
991	731
991	732
991	733
991	741
991	746
991	776
991	800
991	812
991	813
991	822
991	829
991	838
991	844
991	852
991	880
991	882
991	893
991	924
991	928
991	937
991	940
991	952
991	961
991	973
991	977
991	987
991	989
991	1000
992	40
992	44
992	63
992	83
992	90
992	107
992	134
992	150
992	183
992	186
992	200
992	206
992	221
992	233
992	265
992	285
992	303
992	320
992	341
992	370
992	391
992	399
992	410
992	412
992	430
992	454
992	456
992	474
992	482
992	488
992	495
992	541
992	543
992	561
992	591
992	597
992	607
992	623
992	632
992	642
992	648
992	672
992	675
992	712
992	714
992	738
992	742
992	752
992	754
992	802
992	809
992	817
992	821
992	822
992	824
992	839
992	840
992	854
992	861
992	863
992	866
992	867
992	868
992	890
992	899
992	905
992	914
992	926
992	927
992	932
992	948
992	950
992	956
992	965
992	969
992	979
992	982
992	987
992	995
993	2
993	8
993	21
993	23
993	25
993	37
993	52
993	53
993	62
993	66
993	67
993	135
993	153
993	179
993	196
993	228
993	230
993	231
993	246
993	259
993	270
993	272
993	276
993	296
993	337
993	349
993	358
993	369
993	376
993	378
993	394
993	405
993	407
993	487
993	497
993	502
993	526
993	529
993	534
993	536
993	557
993	563
993	569
993	573
993	583
993	585
993	586
993	600
993	641
993	652
993	658
993	660
993	670
993	693
993	743
993	759
993	767
993	783
993	811
993	830
993	832
993	834
993	848
993	849
993	859
993	875
993	913
993	918
993	924
993	935
993	948
993	955
993	970
993	972
993	990
993	994
993	996
993	998
993	999
994	2
994	3
994	10
994	11
994	19
994	21
994	25
994	37
994	53
994	67
994	69
994	179
994	188
994	196
994	201
994	228
994	231
994	246
994	259
994	260
994	269
994	276
994	296
994	349
994	350
994	358
994	369
994	376
994	378
994	395
994	405
994	407
994	408
994	487
994	497
994	502
994	526
994	529
994	534
994	536
994	557
994	569
994	573
994	583
994	585
994	586
994	600
994	641
994	652
994	658
994	660
994	693
994	759
994	767
994	783
994	804
994	811
994	830
994	832
994	834
994	848
994	849
994	875
994	897
994	913
994	918
994	920
994	924
994	935
994	937
994	953
994	955
994	972
994	973
994	986
994	990
994	993
994	996
994	1000
995	16
995	63
995	64
995	124
995	147
995	200
995	206
995	227
995	228
995	271
995	275
995	326
995	330
995	339
995	341
995	370
995	372
995	391
995	396
995	399
995	402
995	412
995	430
995	452
995	454
995	460
995	543
995	548
995	556
995	561
995	578
995	579
995	580
995	597
995	603
995	607
995	623
995	632
995	642
995	665
995	668
995	671
995	692
995	705
995	714
995	723
995	742
995	752
995	760
995	780
995	786
995	788
995	817
995	821
995	827
995	839
995	840
995	848
995	854
995	863
995	866
995	867
995	868
995	888
995	890
995	905
995	914
995	917
995	926
995	927
995	932
995	948
995	950
995	956
995	965
995	969
995	971
995	979
995	982
995	992
995	998
996	3
996	8
996	10
996	11
996	17
996	19
996	21
996	24
996	37
996	52
996	66
996	67
996	69
996	88
996	165
996	179
996	188
996	223
996	230
996	246
996	257
996	260
996	269
996	270
996	272
996	276
996	296
996	349
996	350
996	369
996	376
996	378
996	405
996	407
996	426
996	497
996	502
996	529
996	534
996	536
996	557
996	563
996	569
996	573
996	583
996	585
996	586
996	600
996	609
996	641
996	652
996	658
996	659
996	660
996	693
996	739
996	743
996	759
996	767
996	783
996	811
996	830
996	832
996	834
996	848
996	849
996	875
996	877
996	903
996	913
996	918
996	920
996	924
996	935
996	955
996	972
996	986
996	988
996	990
996	993
996	994
997	14
997	20
997	26
997	32
997	39
997	45
997	47
997	58
997	62
997	77
997	79
997	97
997	99
997	109
997	115
997	116
997	119
997	123
997	137
997	138
997	152
997	168
997	169
997	178
997	184
997	240
997	279
997	321
997	332
997	338
997	389
997	398
997	420
997	438
997	465
997	477
997	508
997	520
997	533
997	550
997	551
997	554
997	564
997	567
997	580
997	589
997	598
997	631
997	647
997	654
997	657
997	669
997	686
997	695
997	700
997	707
997	753
997	761
997	762
997	777
997	799
997	815
997	831
997	853
997	861
997	874
997	892
997	900
997	902
997	903
997	908
997	917
997	934
997	939
997	943
997	946
997	947
997	957
997	960
997	964
997	967
997	979
997	985
998	29
998	38
998	41
998	48
998	68
998	93
998	122
998	149
998	158
998	161
998	182
998	199
998	235
998	245
998	293
998	294
998	299
998	307
998	308
998	311
998	324
998	328
998	333
998	347
998	360
998	384
998	387
998	400
998	415
998	421
998	433
998	434
998	440
998	442
998	451
998	459
998	475
998	478
998	490
998	492
998	498
998	546
998	547
998	559
998	562
998	582
998	587
998	596
998	606
998	620
998	628
998	630
998	634
998	644
998	666
998	673
998	698
998	699
998	727
998	728
998	740
998	764
998	778
998	779
998	790
998	804
998	815
998	824
998	836
998	850
998	858
998	877
998	901
998	922
998	924
998	925
998	930
998	931
998	936
998	944
998	948
998	968
998	975
998	993
998	995
999	4
999	5
999	7
999	35
999	36
999	43
999	49
999	54
999	76
999	82
999	86
999	87
999	94
999	103
999	112
999	170
999	189
999	216
999	247
999	251
999	254
999	268
999	281
999	283
999	288
999	291
999	310
999	342
999	345
999	364
999	368
999	380
999	403
999	421
999	424
999	429
999	467
999	480
999	481
999	506
999	518
999	525
999	562
999	614
999	616
999	618
999	621
999	624
999	636
999	653
999	663
999	673
999	674
999	678
999	681
999	684
999	702
999	703
999	713
999	722
999	725
999	744
999	747
999	750
999	756
999	757
999	774
999	775
999	781
999	808
999	816
999	828
999	835
999	841
999	847
999	869
999	878
999	883
999	905
999	909
999	911
999	912
999	919
999	927
999	942
999	958
999	959
999	963
999	971
999	974
999	984
999	993
999	1000
1000	5
1000	7
1000	12
1000	35
1000	36
1000	43
1000	50
1000	76
1000	80
1000	87
1000	94
1000	103
1000	139
1000	156
1000	170
1000	172
1000	189
1000	205
1000	210
1000	216
1000	237
1000	247
1000	250
1000	251
1000	260
1000	280
1000	281
1000	283
1000	288
1000	291
1000	297
1000	300
1000	310
1000	345
1000	361
1000	364
1000	368
1000	379
1000	380
1000	392
1000	403
1000	424
1000	429
1000	431
1000	444
1000	467
1000	480
1000	481
1000	518
1000	545
1000	559
1000	614
1000	616
1000	618
1000	621
1000	636
1000	653
1000	663
1000	668
1000	673
1000	674
1000	678
1000	681
1000	684
1000	702
1000	703
1000	713
1000	722
1000	725
1000	744
1000	750
1000	757
1000	774
1000	781
1000	794
1000	808
1000	828
1000	841
1000	847
1000	869
1000	870
1000	878
1000	883
1000	906
1000	909
1000	912
1000	919
1000	942
1000	958
1000	959
1000	963
1000	971
1000	974
1000	984
1000	991
1000	994
1000	999
