1	898
1	968
1	988
2	499
2	712
2	962
3	856
3	967
3	991
4	913
4	946
4	992
5	885
5	949
5	967
6	690
6	937
6	958
7	390
7	951
7	999
8	785
8	903
8	913
9	146
9	430
9	887
10	925
10	962
10	995
11	550
11	986
11	998
12	867
12	971
12	997
13	829
13	984
13	986
14	766
14	931
14	978
15	843
15	988
15	993
16	678
16	854
16	963
17	982
17	994
17	996
18	990
18	992
18	995
19	969
19	994
19	996
20	764
20	993
20	999
21	831
21	981
21	989
22	589
22	949
22	997
23	968
23	993
23	995
24	450
24	592
24	830
25	338
25	956
25	971
26	639
26	878
26	979
27	885
27	996
27	997
28	127
28	765
28	999
29	921
29	986
29	1000
30	135
30	645
30	761
31	761
31	854
31	963
32	810
32	964
32	971
33	809
33	958
33	1000
34	422
34	842
34	963
35	986
35	998
35	1000
36	733
36	937
36	939
37	291
37	906
37	994
38	922
38	985
38	1000
39	709
39	962
39	995
40	747
40	949
40	959
41	878
41	913
41	946
42	320
42	960
42	988
43	612
43	954
43	977
44	398
44	926
44	989
45	826
45	929
45	997
46	486
46	987
46	1000
47	773
47	886
47	900
48	968
48	993
48	999
49	313
49	942
49	966
50	343
50	702
50	937
51	686
51	911
51	973
52	162
52	169
52	871
53	288
53	939
53	973
54	438
54	942
54	993
55	871
55	932
55	987
56	908
56	949
56	997
57	930
57	938
57	945
58	981
58	993
58	999
59	397
59	680
59	952
60	208
60	656
60	996
61	765
61	897
61	999
62	969
62	994
62	996
63	355
63	964
63	997
64	293
64	580
64	963
65	708
65	985
65	998
66	744
66	836
66	896
67	621
67	980
67	992
68	109
68	799
68	887
69	952
69	973
69	982
70	421
70	651
70	813
71	294
71	933
71	995
72	750
72	789
72	996
73	949
73	971
73	980
74	924
74	979
74	992
75	422
75	842
75	893
76	863
76	948
76	998
77	643
77	699
77	928
78	290
78	989
78	994
79	208
79	628
79	868
80	332
80	983
80	998
81	621
81	949
81	964
82	861
82	952
82	982
83	609
83	849
83	854
84	350
84	835
84	998
85	957
85	984
85	995
86	195
86	520
86	843
87	590
87	661
87	993
88	982
88	984
88	987
89	742
89	927
89	982
90	891
90	907
90	943
91	870
91	880
91	958
92	156
92	970
92	986
93	654
93	934
93	998
94	103
94	947
94	981
95	804
95	928
95	988
96	452
96	536
96	960
97	497
97	881
97	943
98	722
98	779
98	1000
99	776
99	988
99	993
100	241
100	990
100	992
101	645
101	893
101	963
102	543
102	991
102	997
103	94
103	943
103	975
104	984
104	986
104	1000
105	984
105	985
105	1000
106	950
106	964
106	965
107	876
107	961
107	972
108	584
108	836
108	942
109	68
109	985
109	998
110	227
110	675
110	1000
111	686
111	981
111	990
112	456
112	648
112	985
113	930
113	993
113	999
114	609
114	886
114	977
115	326
115	754
115	949
116	459
116	992
116	995
117	321
117	942
117	958
118	566
118	610
118	956
119	284
119	988
119	993
120	791
120	872
120	991
121	900
121	941
121	956
122	756
122	938
122	993
123	819
123	888
123	975
124	657
124	984
124	985
125	833
125	961
125	989
126	882
126	930
126	988
127	28
127	915
127	945
128	406
128	858
128	983
129	135
129	767
129	998
130	183
130	783
130	849
131	528
131	993
131	999
132	276
132	943
132	975
133	784
133	992
133	996
134	454
134	941
134	972
135	30
135	129
135	963
136	150
136	952
136	982
137	898
137	993
137	999
138	891
138	943
138	975
139	889
139	896
139	958
140	957
140	997
140	1000
141	762
141	986
141	994
142	537
142	813
142	976
143	565
143	961
143	989
144	867
144	967
144	991
145	946
145	979
145	990
146	9
146	768
146	983
147	356
147	701
147	975
148	683
148	929
148	991
149	974
149	976
149	1000
150	136
150	585
150	969
151	877
151	953
151	996
152	542
152	993
152	999
153	562
153	975
153	977
154	686
154	839
154	972
155	861
155	977
155	981
156	92
156	966
156	970
157	336
157	437
157	955
158	747
158	904
158	949
159	927
159	994
159	996
160	696
160	852
160	989
161	308
161	580
161	918
162	52
162	497
162	963
163	968
163	969
163	982
164	829
164	921
164	998
165	718
165	800
165	881
166	962
166	979
166	990
167	820
167	945
167	993
168	665
168	908
168	999
169	52
169	800
169	963
170	473
170	766
170	769
171	943
171	990
171	992
172	962
172	979
172	995
173	854
173	993
173	999
174	630
174	793
174	855
175	846
175	926
175	965
176	399
176	967
176	997
177	806
177	962
177	995
178	387
178	886
178	961
179	609
179	800
179	954
180	920
180	994
180	996
181	254
181	447
181	989
182	477
182	988
182	993
183	130
183	849
183	963
184	419
184	980
184	997
185	948
185	987
185	998
186	928
186	961
186	973
187	281
187	621
187	728
188	697
188	796
188	907
189	612
189	941
189	981
190	288
190	456
190	849
191	711
191	896
191	937
192	765
192	795
192	998
193	940
193	994
193	996
194	785
194	992
194	995
195	86
195	311
195	661
196	772
196	977
196	994
197	983
197	998
197	1000
198	872
198	977
198	989
199	316
199	633
199	837
200	909
200	946
200	995
201	694
201	867
201	997
202	858
202	991
202	997
203	608
203	658
203	980
204	673
204	690
204	930
205	311
205	837
205	991
206	927
206	994
206	996
207	619
207	786
207	997
208	60
208	79
208	953
209	919
209	987
209	1000
210	528
210	949
210	991
211	479
211	875
211	895
212	870
212	896
212	958
213	601
213	942
213	958
214	343
214	889
214	958
215	232
215	450
215	731
216	685
216	887
216	977
217	862
217	936
217	981
218	956
218	973
218	977
219	883
219	939
219	941
220	877
220	982
220	996
221	883
221	948
221	1000
222	271
222	923
222	937
223	460
223	763
223	947
224	928
224	939
224	960
225	765
225	915
225	993
226	761
226	766
226	868
227	110
227	273
227	974
228	448
228	950
228	964
229	272
229	959
229	961
230	970
230	984
230	1000
231	390
231	709
231	799
232	215
232	984
232	1000
233	922
233	984
233	1000
234	878
234	992
234	995
235	982
235	994
235	996
236	917
236	979
236	990
237	421
237	735
237	973
238	708
238	752
238	880
239	634
239	988
239	999
240	812
240	980
240	997
241	100
241	845
241	909
242	964
242	971
242	997
243	626
243	895
243	963
244	912
244	953
244	996
245	685
245	959
245	972
246	967
246	971
246	980
247	878
247	955
247	975
248	821
248	894
248	929
249	968
249	988
249	999
250	805
250	965
250	980
251	565
251	685
251	774
252	639
252	878
252	995
253	950
253	967
253	997
254	181
254	947
254	973
255	802
255	853
255	893
256	843
256	945
256	999
257	478
257	744
257	780
258	850
258	948
258	984
259	904
259	967
259	991
260	620
260	907
260	975
261	618
261	943
261	975
262	654
262	978
262	998
263	855
263	978
263	1000
264	644
264	723
264	994
265	896
265	948
265	1000
266	306
266	483
266	853
267	341
267	579
267	833
268	819
268	840
268	955
269	834
269	894
269	980
270	382
270	893
270	911
271	222
271	733
271	923
271	998
272	229
272	873
272	927
272	994
273	227
273	841
273	974
273	998
274	754
274	964
274	991
274	997
275	811
275	926
275	980
275	991
276	132
276	891
276	955
276	975
277	960
277	968
277	988
277	999
278	548
278	978
278	983
278	1000
279	655
279	912
279	969
279	996
280	573
280	841
280	990
280	995
281	187
281	907
281	955
281	975
282	798
282	965
282	991
282	997
283	364
283	478
283	923
283	958
284	119
284	951
284	989
284	999
285	537
285	900
285	959
285	972
286	428
286	964
286	967
286	997
287	509
287	796
287	943
287	955
288	53
288	190
288	783
288	963
289	957
289	976
289	985
289	1000
290	78
290	335
290	994
290	996
291	37
291	953
291	969
291	996
292	637
292	756
292	945
292	951
293	64
293	882
293	945
293	960
294	71
294	825
294	902
294	933
295	413
295	912
295	953
295	958
296	528
296	803
296	967
296	991
297	682
297	952
297	982
297	994
298	885
298	899
298	982
298	994
299	791
299	929
299	949
299	997
300	897
300	938
300	945
300	999
301	915
301	960
301	968
301	993
302	762
302	818
302	895
302	989
303	869
303	878
303	953
303	992
304	662
304	923
304	942
304	961
305	916
305	970
305	976
305	983
306	266
306	649
306	895
306	961
307	698
307	816
307	988
307	999
308	161
308	854
308	893
308	936
309	827
309	874
309	928
309	947
310	814
310	962
310	990
310	992
311	195
311	205
311	547
311	898
312	491
312	954
312	976
312	998
313	49
313	844
313	923
313	958
314	983
314	984
314	986
314	1000
315	604
315	626
315	851
315	981
316	199
316	812
316	949
316	991
317	865
317	866
317	890
317	978
318	799
318	941
318	947
318	954
319	979
319	980
319	990
319	995
320	42
320	713
320	988
320	993
321	117
321	695
321	780
321	958
322	608
322	679
322	753
322	940
323	606
323	841
323	853
323	995
324	658
324	755
324	872
324	997
325	711
325	937
325	942
325	975
326	115
326	965
326	979
326	997
327	591
327	943
327	955
327	975
328	795
328	897
328	993
328	999
329	733
329	976
329	998
329	1000
330	652
330	765
330	835
330	951
331	589
331	694
331	786
331	997
332	80
332	905
332	961
332	998
333	387
333	588
333	941
333	981
334	676
334	943
334	955
334	975
335	290
335	706
335	952
335	986
336	157
336	888
336	943
336	955
337	927
337	966
337	969
337	994
338	25
338	895
338	939
338	956
339	843
339	898
339	968
339	993
340	767
340	978
340	986
340	1000
341	267
341	537
341	833
341	874
342	480
342	891
342	955
342	975
343	50
343	214
343	544
343	958
344	933
344	944
344	979
344	995
345	948
345	978
345	998
345	1000
346	789
346	801
346	977
346	989
347	822
347	943
347	955
347	975
348	604
348	960
348	988
348	999
349	746
349	907
349	988
349	999
350	84
350	966
350	983
350	986
351	974
351	987
351	990
351	998
352	704
352	938
352	969
352	993
353	355
353	969
353	994
353	996
354	659
354	969
354	982
354	996
355	63
355	353
355	969
355	996
356	147
356	623
356	796
356	975
357	778
357	888
357	955
357	975
358	739
358	833
358	839
358	972
359	974
359	983
359	985
359	998
360	861
360	881
360	963
360	977
361	744
361	784
361	927
361	969
362	558
362	823
362	884
362	997
363	822
363	877
363	952
363	994
364	283
364	752
364	889
364	901
365	806
365	962
365	979
365	992
366	606
366	777
366	883
366	981
367	964
367	965
367	967
367	991
368	970
368	979
368	987
368	998
369	957
369	970
369	983
369	987
370	750
370	870
370	937
370	958
371	460
371	771
371	876
371	977
372	821
372	894
372	956
372	964
373	480
373	822
373	955
373	975
374	911
374	924
374	962
374	995
375	488
375	668
375	968
375	988
376	932
376	974
376	984
376	998
377	755
377	908
377	921
377	997
378	901
378	909
378	990
378	995
379	609
379	800
379	861
379	963
380	432
380	965
380	971
380	980
381	697
381	955
381	975
381	991
382	270
382	766
382	963
382	970
383	957
383	987
383	998
383	1000
384	846
384	910
384	949
384	997
385	788
385	940
385	953
385	994
386	700
386	716
386	721
386	986
387	178
387	333
387	959
387	989
388	890
388	985
388	986
388	999
389	807
389	932
389	970
389	976
390	7
390	231
390	759
390	999
391	525
391	588
391	888
391	955
392	568
392	712
392	962
392	995
393	770
393	950
393	965
393	967
394	850
394	905
394	983
394	998
395	658
395	680
395	856
395	971
396	983
396	987
396	998
396	1000
397	59
397	873
397	940
397	996
398	44
398	892
398	936
398	972
399	176
399	965
399	980
399	997
400	677
400	879
400	927
400	996
401	757
401	843
401	968
401	999
402	852
402	928
402	972
402	977
403	858
403	904
403	980
403	997
404	925
404	970
404	983
404	998
405	862
405	876
405	910
405	974
406	128
406	926
406	949
406	997
407	795
407	957
407	966
407	974
408	907
408	943
408	955
408	975
409	716
409	850
409	976
409	1000
410	938
410	951
410	979
410	993
411	902
411	944
411	979
411	995
412	756
412	923
412	942
412	958
413	295
413	953
413	982
413	994
414	823
414	855
414	948
414	978
415	814
415	909
415	979
415	995
416	424
416	743
416	992
416	995
417	586
417	810
417	943
417	975
418	547
418	567
418	747
418	858
419	184
419	490
419	864
419	950
420	789
420	885
420	994
420	996
421	70
421	237
421	693
421	996
422	34
422	75
422	769
422	842
423	663
423	789
423	953
423	994
424	416
424	439
424	481
424	992
425	880
425	921
425	948
425	978
426	658
426	867
426	950
426	971
426	997
427	640
427	932
427	944
427	983
427	987
428	286
428	856
428	918
428	991
428	997
429	607
429	860
429	921
429	983
429	997
430	9
430	911
430	928
430	954
430	977
431	544
431	844
431	896
431	923
431	958
432	380
432	628
432	967
432	971
432	997
433	828
433	870
433	899
433	982
433	996
434	638
434	928
434	968
434	973
434	989
435	882
435	930
435	968
435	993
435	999
436	828
436	967
436	982
436	994
436	996
437	157
437	487
437	623
437	943
437	975
438	54
438	915
438	938
438	960
438	999
439	424
439	712
439	917
439	924
439	995
440	473
440	817
440	946
440	990
440	995
441	940
441	969
441	977
441	994
441	996
442	445
442	707
442	912
442	952
442	996
443	627
443	758
443	775
443	806
443	992
444	914
444	954
444	956
444	971
444	989
445	442
445	595
445	873
445	953
445	994
446	662
446	864
446	889
446	937
446	942
447	181
447	481
447	777
447	886
447	989
448	228
448	826
448	846
448	971
448	980
449	587
449	807
449	866
449	966
449	984
450	24
450	215
450	782
450	998
450	1000
451	653
451	761
451	766
451	861
451	963
452	96
452	820
452	915
452	938
452	993
453	912
453	927
453	982
453	994
453	996
454	134
454	709
454	853
454	910
454	954
455	497
455	952
455	953
455	982
455	996
456	112
456	190
456	783
456	963
456	990
457	851
457	852
457	928
457	961
457	972
458	576
458	832
458	960
458	988
458	999
459	116
459	902
459	924
459	946
459	995
460	223
460	371
460	579
460	930
460	956
461	581
461	887
461	972
461	973
461	981
462	863
462	966
462	974
462	987
462	1000
463	769
463	805
463	894
463	980
463	997
464	657
464	957
464	974
464	998
464	1000
465	976
465	978
465	983
465	997
465	1000
466	909
466	979
466	990
466	992
466	995
467	903
467	909
467	924
467	979
467	999
468	500
468	873
468	879
468	982
468	994
469	764
469	960
469	988
469	993
469	999
470	514
470	764
470	912
470	945
470	999
471	559
471	940
471	952
471	994
471	996
472	557
472	815
472	915
472	968
472	999
473	170
473	440
473	554
473	990
473	995
474	831
474	947
474	972
474	989
474	996
475	715
475	736
475	879
475	982
475	996
476	483
476	875
476	910
476	928
476	961
477	182
477	530
477	960
477	988
477	999
478	257
478	283
478	836
478	937
478	958
479	211
479	827
479	887
479	928
479	981
480	342
480	373
480	676
480	955
480	975
481	424
481	447
481	944
481	979
481	992
482	906
482	962
482	976
482	990
482	995
483	266
483	476
483	685
483	910
483	913
484	649
484	709
484	813
484	928
484	961
485	726
485	800
485	861
485	868
485	881
486	46
486	722
486	767
486	957
486	984
487	437
487	697
487	838
487	891
487	943
488	375
488	514
488	908
488	938
488	999
489	919
489	978
489	985
489	987
489	998
490	419
490	837
490	908
490	980
490	991
491	312
491	564
491	860
491	998
491	1000
492	547
492	960
492	988
492	993
492	999
493	951
493	960
493	968
493	993
493	999
494	713
494	960
494	988
494	993
494	999
495	539
495	799
495	813
495	939
495	954
496	797
496	952
496	969
496	992
496	994
497	97
497	162
497	455
497	726
497	963
498	670
498	676
498	955
498	975
498	983
499	2
499	976
499	983
499	984
499	1000
500	468
500	772
500	920
500	981
500	982
501	806
501	913
501	990
501	992
501	995
502	513
502	825
502	826
502	894
502	949
503	704
503	802
503	835
503	968
503	999
504	801
504	857
504	955
504	972
504	973
505	669
505	785
505	990
505	992
505	995
506	847
506	853
506	876
506	904
506	989
507	844
507	896
507	923
507	937
507	958
508	741
508	917
508	941
508	992
508	995
509	287
509	729
509	911
509	955
509	975
510	750
510	780
510	889
510	923
510	942
511	624
511	835
511	938
511	988
511	993
512	633
512	737
512	990
512	992
512	995
513	502
513	714
513	823
513	965
513	997
514	470
514	488
514	757
514	995
514	999
515	912
515	964
515	967
515	980
515	997
516	907
516	910
516	941
516	961
516	977
517	948
517	986
517	994
517	998
517	1000
518	542
518	652
518	787
518	898
518	951
519	720
519	830
519	894
519	980
519	991
520	86
520	898
520	915
520	935
520	999
521	594
521	920
521	952
521	994
521	996
522	816
522	838
522	988
522	993
522	999
523	911
523	939
523	959
523	973
523	985
523	989
524	615
524	689
524	969
524	982
524	994
524	996
525	391
525	623
525	642
525	907
525	955
525	975
526	796
526	925
526	944
526	979
526	992
526	995
527	681
527	919
527	932
527	970
527	986
527	1000
528	131
528	210
528	296
528	551
528	965
528	971
529	758
529	906
529	924
529	990
529	992
529	995
530	477
530	773
530	945
530	960
530	993
530	999
531	779
531	871
531	970
531	974
531	985
531	987
532	902
532	933
532	979
532	990
532	992
532	995
533	748
533	948
533	976
533	984
533	986
533	998
534	638
534	697
534	907
534	943
534	955
534	975
535	602
535	732
535	900
535	954
535	972
535	981
536	96
536	916
536	976
536	978
536	986
536	1000
537	142
537	285
537	341
537	784
537	895
537	981
538	647
538	757
538	882
538	898
538	930
538	999
539	495
539	817
539	883
539	895
539	918
539	947
540	627
540	656
540	799
540	886
540	911
540	939
541	625
541	885
541	912
541	969
541	994
541	996
542	152
542	518
542	596
542	673
542	897
542	999
543	102
543	849
543	868
543	881
543	893
543	963
544	343
544	431
544	844
544	880
544	889
544	942
545	779
545	913
545	948
545	976
545	985
545	1000
546	828
546	912
546	952
546	969
546	982
546	996
547	311
547	418
547	492
547	843
547	968
547	993
548	278
548	615
548	850
548	871
548	874
548	984
549	906
549	913
549	925
549	931
549	946
549	990
550	11
550	919
550	957
550	974
550	983
550	1000
551	528
551	714
551	926
551	965
551	967
551	997
552	579
552	808
552	883
552	939
552	941
552	981
553	677
553	767
553	859
553	966
553	986
553	998
554	473
554	787
554	962
554	990
554	992
554	995
555	798
555	949
555	967
555	980
555	989
555	991
556	764
556	820
556	968
556	988
556	993
556	999
557	472
557	753
557	923
557	945
557	993
557	999
558	362
558	964
558	967
558	971
558	991
558	997
559	471
559	577
559	713
559	723
559	736
559	994
560	591
560	645
560	783
560	842
560	893
560	914
561	679
561	830
561	908
561	965
561	967
561	997
562	153
562	888
562	906
562	943
562	955
562	975
563	686
563	718
563	768
563	914
563	954
563	989
564	491
564	866
564	940
564	966
564	985
564	986
565	143
565	251
565	781
565	845
565	961
565	981
566	118
566	827
566	961
566	965
566	977
566	981
567	418
567	798
567	864
567	965
567	973
567	991
568	392
568	933
568	946
568	990
568	992
568	995
569	586
569	819
569	888
569	891
569	943
569	975
570	834
570	894
570	950
570	964
570	971
570	997
571	759
571	863
571	978
571	983
571	985
571	998
572	651
572	774
572	788
572	852
572	914
572	961
573	280
573	798
573	904
573	929
573	971
573	997
574	603
574	817
574	946
574	990
574	992
574	995
575	903
575	906
575	909
575	979
575	990
575	995
576	458
576	945
576	968
576	988
576	993
576	999
577	559
577	828
577	879
577	982
577	994
577	996
578	584
578	750
578	923
578	937
578	942
578	958
579	267
579	460
579	552
579	936
579	977
579	989
580	64
580	161
580	645
580	881
580	893
580	963
581	461
581	760
581	862
581	887
581	954
581	956
582	719
582	967
582	976
582	984
582	985
582	986
583	768
583	813
583	839
583	943
583	972
583	977
584	108
584	578
584	695
584	780
584	896
584	958
585	150
585	715
585	749
585	952
585	975
585	996
586	417
586	569
586	819
586	822
586	888
586	975
587	449
587	905
587	934
587	979
587	983
587	985
588	333
588	391
588	891
588	907
588	955
588	975
589	22
589	331
589	848
589	966
589	971
589	997
590	87
590	757
590	787
590	938
590	988
590	993
591	327
591	560
591	769
591	842
591	893
591	963
592	24
592	739
592	890
592	948
592	970
592	987
593	683
593	701
593	796
593	907
593	943
593	955
593	975
594	521
594	641
594	877
594	912
594	964
594	982
594	994
595	445
595	628
595	873
595	969
595	994
595	995
595	996
596	542
596	647
596	938
596	951
596	988
596	993
596	999
597	787
597	898
597	930
597	960
597	988
597	993
597	1000
598	768
598	905
598	974
598	978
598	984
598	985
598	1000
599	736
599	784
599	873
599	885
599	952
599	994
599	996
600	785
600	913
600	922
600	925
600	979
600	990
600	995
601	213
601	752
601	808
601	880
601	937
601	942
601	958
602	535
602	771
602	781
602	956
602	961
602	973
602	981
603	574
603	793
603	932
603	970
603	974
603	978
603	984
604	315
604	348
604	804
604	852
604	918
604	947
604	989
605	832
605	897
605	930
605	951
605	988
605	999
605	1000
606	323
606	366
606	901
606	933
606	962
606	990
606	992
607	429
607	957
607	970
607	984
607	985
607	986
607	987
608	203
608	322
608	940
608	953
608	982
608	994
608	996
609	83
609	114
609	179
609	379
609	646
609	766
609	963
610	118
610	631
610	876
610	911
610	918
610	936
610	941
611	916
611	932
611	935
611	948
611	976
611	986
611	1000
612	43
612	189
612	718
612	797
612	961
612	973
612	989
613	727
613	864
613	898
613	965
613	967
613	991
613	997
614	865
614	948
614	966
614	974
614	984
614	986
614	998
615	524
615	548
615	782
615	919
615	957
615	986
615	987
616	845
616	920
616	933
616	979
616	990
616	992
616	995
617	932
617	934
617	948
617	966
617	968
617	985
617	987
618	261
618	819
618	891
618	907
618	943
618	955
618	975
619	207
619	874
619	928
619	936
619	941
619	954
619	977
620	260
620	796
620	822
620	888
620	891
620	955
620	975
621	67
621	81
621	187
621	929
621	967
621	991
621	997
622	673
622	717
622	930
622	945
622	960
622	968
622	993
623	356
623	437
623	525
623	658
623	907
623	955
623	975
624	511
624	639
624	915
624	930
624	938
624	945
624	960
625	541
625	779
625	797
625	828
625	952
625	994
625	996
626	243
626	315
626	686
626	883
626	918
626	977
626	989
627	443
627	540
627	651
627	781
627	827
627	918
627	959
628	79
628	432
628	595
628	772
628	912
628	953
628	996
629	776
629	838
629	897
629	915
629	951
629	982
629	999
630	174
630	640
630	668
630	721
630	934
630	935
630	998
631	610
631	688
631	774
631	883
631	918
631	924
631	956
632	817
632	906
632	917
632	944
632	990
632	992
632	995
633	199
633	512
633	672
633	867
633	964
633	991
633	997
634	239
634	838
634	882
634	960
634	988
634	993
634	999
635	704
635	713
635	803
635	915
635	938
635	988
635	999
636	726
636	800
636	810
636	854
636	868
636	893
636	963
637	292
637	832
637	897
637	898
637	968
637	993
637	999
638	434
638	534
638	774
638	781
638	892
638	914
638	954
638	973
639	26
639	252
639	624
639	724
639	901
639	979
639	990
639	992
640	427
640	630
640	857
640	922
640	948
640	974
640	998
640	1000
641	594
641	705
641	836
641	912
641	927
641	953
641	994
641	996
642	525
642	646
642	687
642	854
642	861
642	881
642	893
642	963
643	77
643	775
643	802
643	876
643	941
643	961
643	973
643	977
644	264
644	789
644	792
644	920
644	940
644	953
644	982
644	994
645	30
645	101
645	560
645	580
645	783
645	833
645	854
645	963
646	609
646	642
646	769
646	842
646	849
646	868
646	963
646	976
647	538
647	596
647	664
647	787
647	847
647	951
647	988
647	999
648	112
648	761
648	800
648	837
648	842
648	849
648	868
648	963
649	306
649	484
649	771
649	911
649	914
649	918
649	947
649	992
650	689
650	877
650	899
650	940
650	969
650	978
650	994
650	996
651	70
651	572
651	627
651	773
651	847
651	853
651	963
651	973
652	330
652	518
652	759
652	799
652	915
652	968
652	988
652	993
653	451
653	761
653	766
653	849
653	854
653	881
653	949
653	963
654	93
654	262
654	699
654	934
654	978
654	985
654	987
654	998
655	279
655	663
655	762
655	892
655	927
655	953
655	994
655	996
656	60
656	540
656	699
656	773
656	862
656	956
656	959
656	981
657	124
657	464
657	934
657	983
657	986
657	992
657	998
657	1000
658	203
658	324
658	395
658	426
658	623
658	926
658	950
658	965
659	354
659	789
659	797
659	914
659	940
659	952
659	982
659	996
660	694
660	728
660	837
660	858
660	949
660	960
660	965
660	991
661	87
661	195
661	664
661	746
661	756
661	820
661	938
661	996
662	304
662	446
662	870
662	889
662	894
662	937
662	942
662	958
663	423
663	655
663	899
663	920
663	953
663	969
663	994
663	996
664	647
664	661
664	898
664	930
664	945
664	960
664	988
664	999
665	168
665	794
665	816
665	838
665	930
665	993
665	997
665	999
666	906
666	924
666	944
666	979
666	982
666	990
666	992
666	995
667	682
667	691
667	756
667	776
667	951
667	960
667	988
667	999
668	375
668	630
668	934
668	957
668	978
668	983
668	986
668	998
669	505
669	916
669	925
669	944
669	979
669	990
669	992
669	995
670	498
670	729
670	888
670	891
670	907
670	943
670	955
670	975
671	791
671	856
671	872
671	929
671	971
671	989
671	991
671	997
672	633
672	834
672	837
672	872
672	970
672	980
672	991
672	997
673	204
673	542
673	622
673	698
673	951
673	968
673	993
673	999
674	845
674	859
674	863
674	935
674	976
674	983
674	987
674	1000
675	110
675	919
675	935
675	957
675	966
675	983
675	987
675	999
676	334
676	480
676	498
676	697
676	822
676	888
676	943
676	975
677	400
677	553
677	873
677	879
677	952
677	982
677	994
677	996
678	16
678	783
678	800
678	861
678	868
678	881
678	893
678	951
679	322
679	561
679	762
679	940
679	952
679	969
679	994
679	996
680	59
680	395
680	885
680	912
680	927
680	969
680	982
680	996
681	527
681	696
681	778
681	919
681	931
681	978
681	984
681	985
682	297
682	667
682	717
682	776
682	945
682	988
682	993
682	999
683	148
683	593
683	786
683	837
683	904
683	929
683	964
683	965
684	922
684	948
684	966
684	978
684	983
684	984
684	985
684	987
685	216
685	245
685	251
685	483
685	774
685	812
685	941
685	981
686	51
686	111
686	154
686	563
686	626
686	808
686	981
686	997
687	642
687	800
687	842
687	849
687	881
687	893
687	963
687	978
688	631
688	840
688	851
688	936
688	957
688	973
688	977
688	989
689	524
689	650
689	706
689	854
689	920
689	952
689	953
689	996
690	6
690	204
690	915
690	930
690	938
690	968
690	988
690	993
690	999
691	667
691	922
691	931
691	966
691	974
691	984
691	985
691	998
691	1000
692	710
692	903
692	913
692	924
692	925
692	933
692	986
692	990
692	995
693	421
693	748
693	763
693	876
693	914
693	933
693	936
693	972
693	973
694	201
694	331
694	660
694	904
694	910
694	949
694	967
694	971
694	991
695	321
695	584
695	752
695	780
695	844
695	892
695	923
695	942
695	958
696	160
696	681
696	829
696	884
696	890
696	931
696	966
696	984
696	1000
697	188
697	381
697	487
697	534
697	676
697	746
697	822
697	891
697	955
698	307
698	673
698	764
698	930
698	945
698	948
698	960
698	988
698	993
699	77
699	654
699	656
699	771
699	956
699	959
699	972
699	973
699	989
700	386
700	804
700	811
700	847
700	886
700	954
700	959
700	977
700	989
701	147
701	593
701	729
701	822
701	888
701	907
701	943
701	954
701	955
702	50
702	725
702	733
702	836
702	889
702	896
702	923
702	937
702	958
703	775
703	776
703	785
703	913
703	924
703	933
703	962
703	990
703	995
704	352
704	503
704	635
704	713
704	765
704	951
704	988
704	993
704	999
705	641
705	873
705	877
705	899
705	952
705	969
705	982
705	994
705	996
706	335
706	689
706	797
706	894
706	912
706	920
706	952
706	969
706	996
707	442
707	720
707	865
707	921
707	932
707	935
707	970
707	974
707	987
708	65
708	238
708	836
708	844
708	880
708	896
708	937
708	942
708	958
709	39
709	231
709	454
709	484
709	774
709	875
709	939
709	941
709	989
710	692
710	734
710	901
710	903
710	944
710	979
710	990
710	992
710	995
711	191
711	325
711	744
711	836
711	923
711	937
711	942
711	958
711	959
712	2
712	392
712	439
712	737
712	906
712	924
712	990
712	991
712	992
713	320
713	494
713	559
713	635
713	704
713	960
713	988
713	993
713	999
714	513
714	551
714	825
714	894
714	929
714	956
714	971
714	980
714	991
715	475
715	585
715	723
715	798
715	850
715	877
715	879
715	982
715	996
716	386
716	409
716	719
716	932
716	957
716	967
716	983
716	984
716	998
717	622
717	682
717	753
717	757
717	792
717	835
717	951
717	968
717	988
718	165
718	563
718	612
718	813
718	910
718	914
718	918
718	939
718	959
719	582
719	716
719	916
719	922
719	966
719	976
719	978
719	987
719	998
720	519
720	707
720	957
720	966
720	976
720	983
720	985
720	998
720	1000
721	386
721	630
721	829
721	874
721	921
721	974
721	976
721	986
721	1000
722	98
722	486
722	739
722	871
722	918
722	931
722	970
722	984
722	998
723	264
723	559
723	715
723	927
723	953
723	961
723	982
723	994
723	996
724	639
724	758
724	901
724	903
724	925
724	948
724	979
724	992
724	995
725	702
725	807
725	905
725	919
725	934
725	948
725	970
725	976
725	985
726	485
726	497
726	636
726	769
726	839
726	842
726	861
726	868
726	893
726	963
727	613
727	754
727	803
727	848
727	894
727	921
727	929
727	949
727	980
727	991
728	187
728	660
728	774
728	867
728	872
728	926
728	950
728	971
728	991
728	997
729	509
729	670
729	701
729	796
729	819
729	888
729	907
729	943
729	950
729	975
730	792
730	877
730	912
730	935
730	952
730	953
730	969
730	982
730	994
730	996
731	215
731	807
731	850
731	919
731	934
731	962
731	976
731	978
731	986
731	1000
732	535
732	818
732	831
732	839
732	883
732	918
732	972
732	973
732	977
732	979
733	36
733	271
733	329
733	702
733	744
733	880
733	896
733	923
733	942
733	958
734	710
734	775
734	901
734	906
734	925
734	962
734	979
734	992
734	993
734	995
735	237
735	803
735	826
735	846
735	848
735	926
735	929
735	950
735	991
735	997
736	475
736	559
736	599
736	742
736	789
736	899
736	920
736	949
736	994
736	996
737	512
737	712
737	906
737	917
737	933
737	979
737	983
737	990
737	992
737	995
738	859
738	957
738	966
738	976
738	978
738	985
738	986
738	995
738	998
738	1000
739	358
739	592
739	722
739	919
739	922
739	970
739	974
739	978
739	998
739	1000
740	863
740	884
740	939
740	970
740	974
740	976
740	978
740	984
740	987
740	1000
741	508
741	902
741	924
741	933
741	944
741	946
741	947
741	979
741	992
741	995
742	89
742	736
742	762
742	879
742	927
742	953
742	982
742	993
742	994
742	996
743	416
743	878
743	924
743	925
743	928
743	946
743	962
743	979
743	990
743	992
744	66
744	257
744	361
744	711
744	733
744	896
744	923
744	937
744	942
744	958
745	760
745	866
745	957
745	970
745	976
745	985
745	986
745	998
745	999
745	1000
746	349
746	661
746	697
746	764
746	882
746	945
746	951
746	988
746	993
746	999
747	40
747	158
747	418
747	841
747	872
747	904
747	950
747	967
747	991
747	997
748	533
748	693
748	813
748	862
748	918
748	936
748	972
748	973
748	977
748	989
749	585
749	885
749	899
749	912
749	920
749	940
749	952
749	972
749	994
749	996
750	72
750	370
750	510
750	578
750	844
750	870
750	889
750	923
750	937
750	942
751	768
751	781
751	811
751	892
751	914
751	956
751	961
751	981
751	985
751	989
752	238
752	364
752	601
752	695
752	870
752	880
752	896
752	915
752	937
752	942
753	322
753	557
753	717
753	816
753	832
753	897
753	945
753	960
753	988
753	999
754	115
754	274
754	727
754	894
754	908
754	967
754	971
754	989
754	991
754	997
755	324
755	377
755	830
755	926
755	929
755	965
755	967
755	971
755	980
755	991
755	994
756	122
756	292
756	412
756	661
756	667
756	759
756	832
756	882
756	938
756	993
756	999
757	401
757	514
757	538
757	590
757	717
757	951
757	968
757	969
757	988
757	993
757	999
758	443
758	529
758	724
758	906
758	944
758	946
758	979
758	980
758	990
758	992
758	995
759	390
759	571
759	652
759	756
759	776
759	843
759	882
759	951
759	960
759	993
759	999
760	581
760	745
760	809
760	932
760	970
760	976
760	983
760	985
760	986
760	987
760	998
761	30
761	31
761	226
761	451
761	648
761	653
761	842
761	861
761	868
761	963
761	999
762	141
762	302
762	655
762	679
762	742
762	788
762	797
762	912
762	927
762	969
762	994
763	223
763	693
763	808
763	857
763	865
763	911
763	941
763	961
763	972
763	989
763	998
764	20
764	469
764	470
764	556
764	698
764	746
764	816
764	838
764	895
764	988
764	999
765	28
765	61
765	192
765	225
765	330
765	704
765	820
765	835
765	915
765	993
765	999
766	14
766	170
766	226
766	382
766	451
766	609
766	653
766	769
766	854
766	893
766	963
767	129
767	340
767	486
767	553
767	884
767	948
767	958
767	978
767	984
767	985
767	987
768	146
768	563
768	583
768	598
768	751
768	831
768	876
768	892
768	941
768	954
768	989
769	170
769	422
769	463
769	591
769	646
769	726
769	766
769	842
769	868
769	881
769	963
770	393
770	825
770	830
770	856
770	926
770	952
770	964
770	965
770	971
770	991
770	997
771	371
771	602
771	649
771	699
771	799
771	875
771	947
771	954
771	981
771	988
771	989
772	196
772	500
772	628
772	784
772	885
772	937
772	940
772	953
772	982
772	994
772	996
773	47
773	530
773	651
773	656
773	831
773	851
773	853
773	956
773	961
773	977
773	981
774	251
774	572
774	631
774	638
774	685
774	709
774	728
774	939
774	954
774	959
774	973
775	443
775	643
775	703
775	734
775	785
775	909
775	917
775	924
775	962
775	979
775	995
776	99
776	629
776	667
776	682
776	703
776	759
776	897
776	951
776	968
776	993
776	999
777	366
777	447
777	911
777	918
777	928
777	954
777	959
777	972
777	981
777	985
777	989
778	357
778	681
778	786
778	821
778	908
778	949
778	950
778	971
778	980
778	991
778	997
779	98
779	531
779	545
779	625
779	905
779	922
779	932
779	957
779	983
779	984
779	1000
780	257
780	321
780	510
780	584
780	695
780	844
780	870
780	880
780	937
780	942
780	958
780	970
781	565
781	602
781	627
781	638
781	751
781	883
781	903
781	918
781	959
781	977
781	981
781	989
782	450
782	615
782	860
782	901
782	934
782	966
782	970
782	974
782	978
782	985
782	986
782	998
783	130
783	288
783	456
783	560
783	645
783	678
783	800
783	861
783	881
783	886
783	963
783	970
784	133
784	361
784	537
784	599
784	772
784	797
784	828
784	940
784	982
784	994
784	995
784	996
785	8
785	194
785	505
785	600
785	703
785	775
785	916
785	933
785	946
785	979
785	990
785	995
786	207
786	331
786	683
786	778
786	794
786	798
786	826
786	908
786	950
786	964
786	971
786	997
787	518
787	554
787	590
787	597
787	647
787	835
787	838
787	930
787	945
787	951
787	988
787	999
788	385
788	572
788	762
788	899
788	920
788	927
788	940
788	969
788	975
788	982
788	994
788	996
789	72
789	346
789	420
789	423
789	644
789	659
789	736
789	899
789	953
789	982
789	994
789	996
790	812
790	867
790	900
790	904
790	926
790	949
790	950
790	964
790	965
790	971
790	980
790	997
791	120
791	299
791	671
791	821
791	830
791	837
791	855
791	864
791	959
791	964
791	991
791	997
792	644
792	717
792	730
792	879
792	912
792	927
792	940
792	952
792	969
792	982
792	994
792	996
793	174
793	603
793	879
793	890
793	921
793	934
793	970
793	978
793	983
793	987
793	998
793	1000
794	665
794	786
794	832
794	838
794	882
794	898
794	930
794	938
794	945
794	951
794	988
794	993
795	192
795	328
795	407
795	865
795	919
795	921
795	934
795	970
795	983
795	986
795	998
795	1000
796	188
796	287
796	356
796	526
796	593
796	620
796	729
796	819
796	891
796	943
796	955
796	975
797	496
797	612
797	625
797	659
797	706
797	762
797	784
797	920
797	940
797	953
797	982
797	994
798	282
798	555
798	567
798	573
798	715
798	786
798	929
798	965
798	971
798	980
798	991
798	997
799	68
799	231
799	318
799	495
799	540
799	652
799	771
799	827
799	910
799	918
799	959
799	977
800	165
800	169
800	179
800	379
800	485
800	636
800	648
800	678
800	687
800	783
800	868
800	890
801	346
801	504
801	839
801	857
801	892
801	895
801	911
801	939
801	946
801	947
801	961
801	989
802	255
802	503
802	643
802	827
802	840
802	847
802	892
802	914
802	936
802	939
802	973
802	977
802	981
803	296
803	635
803	727
803	735
803	825
803	826
803	872
803	929
803	950
803	964
803	967
803	980
803	991
804	95
804	604
804	700
804	853
804	910
804	936
804	950
804	953
804	956
804	961
804	973
804	977
804	981
805	250
805	463
805	846
805	858
805	867
805	926
805	929
805	949
805	950
805	965
805	967
805	974
805	997
806	177
806	365
806	443
806	501
806	845
806	869
806	901
806	944
806	962
806	979
806	987
806	990
806	995
807	389
807	449
807	725
807	731
807	890
807	920
807	921
807	932
807	976
807	985
807	986
807	987
807	998
808	552
808	601
808	686
808	763
808	871
808	895
808	910
808	911
808	914
808	954
808	959
808	972
808	989
809	33
809	760
809	863
809	905
809	921
809	931
809	936
809	948
809	983
809	984
809	986
809	998
809	1000
810	32
810	417
810	636
810	904
810	929
810	949
810	950
810	964
810	965
810	967
810	971
810	980
810	997
811	275
811	700
811	751
811	857
811	876
811	892
811	928
811	947
811	954
811	959
811	961
811	977
811	989
812	240
812	316
812	685
812	790
812	823
812	826
812	846
812	926
812	950
812	965
812	980
812	987
812	997
813	70
813	142
813	484
813	495
813	583
813	718
813	748
813	876
813	918
813	936
813	952
813	956
813	981
814	310
814	415
814	817
814	903
814	909
814	913
814	917
814	932
814	944
814	946
814	990
814	992
814	995
815	472
815	860
815	916
815	922
815	931
815	976
815	978
815	984
815	985
815	986
815	987
815	998
815	1000
816	307
816	522
816	665
816	753
816	764
816	898
816	930
816	945
816	951
816	968
816	969
816	993
816	999
817	440
817	539
817	574
817	632
817	814
817	845
817	902
817	933
817	944
817	962
817	979
817	992
817	995
818	302
818	732
818	831
818	853
818	887
818	911
818	928
818	941
818	947
818	959
818	973
818	981
818	999
819	123
819	268
819	569
819	586
819	618
819	729
819	796
819	891
819	896
819	928
819	943
819	955
819	975
820	167
820	452
820	556
820	661
820	765
820	938
820	945
820	960
820	968
820	986
820	988
820	993
820	999
821	248
821	372
821	778
821	791
821	825
821	831
821	864
821	872
821	894
821	950
821	971
821	980
821	997
822	347
822	363
822	373
822	586
822	620
822	676
822	697
822	701
822	888
822	891
822	907
822	943
822	975
823	362
823	414
823	513
823	812
823	846
823	904
823	908
823	949
823	950
823	967
823	980
823	991
823	997
824	921
824	931
824	932
824	965
824	966
824	970
824	974
824	976
824	983
824	986
824	987
824	998
824	1000
825	294
825	502
825	714
825	770
825	803
825	821
825	856
825	926
825	949
825	964
825	967
825	980
825	991
825	997
826	45
826	448
826	502
826	735
826	786
826	803
826	812
826	949
826	950
826	964
826	971
826	980
826	997
826	999
827	309
827	479
827	566
827	627
827	799
827	802
827	833
827	887
827	920
827	939
827	954
827	977
827	981
827	989
828	433
828	436
828	546
828	577
828	625
828	784
828	885
828	940
828	952
828	953
828	966
828	969
828	982
828	994
829	13
829	164
829	696
829	721
829	921
829	922
829	935
829	970
829	982
829	983
829	984
829	986
829	987
829	996
830	24
830	519
830	561
830	755
830	770
830	791
830	929
830	932
830	949
830	964
830	971
830	980
830	991
830	997
831	21
831	474
831	732
831	768
831	773
831	818
831	821
831	840
831	847
831	853
831	892
831	936
831	941
831	959
832	458
832	605
832	637
832	753
832	756
832	794
832	897
832	930
832	936
832	951
832	960
832	968
832	993
832	999
833	125
833	267
833	341
833	358
833	645
833	827
833	900
833	941
833	947
833	952
833	954
833	961
833	981
833	989
834	269
834	570
834	672
834	856
834	864
834	872
834	883
834	926
834	951
834	965
834	967
834	971
834	980
834	991
835	84
835	330
835	503
835	511
835	717
835	765
835	787
835	882
835	915
835	930
835	938
835	951
835	993
835	999
836	66
836	108
836	478
836	641
836	702
836	708
836	711
836	889
836	896
836	923
836	937
836	942
836	956
836	958
837	199
837	205
837	490
837	648
837	660
837	672
837	683
837	791
837	872
837	949
837	950
837	967
837	980
837	991
838	487
838	522
838	629
838	634
838	665
838	764
838	787
838	794
838	898
838	930
838	951
838	960
838	993
838	999
839	154
839	358
839	583
839	726
839	732
839	801
839	876
839	936
839	954
839	971
839	972
839	973
839	977
839	989
840	268
840	688
840	802
840	831
840	847
840	876
840	883
840	918
840	936
840	947
840	972
840	973
840	977
840	981
840	987
841	273
841	280
841	323
841	747
841	902
841	903
841	913
841	917
841	924
841	925
841	933
841	944
841	946
841	962
841	995
842	34
842	75
842	422
842	560
842	591
842	646
842	648
842	687
842	726
842	761
842	769
842	849
842	893
842	963
842	983
843	15
843	86
843	256
843	339
843	401
843	547
843	759
843	897
843	938
843	945
843	968
843	976
843	988
843	993
843	999
844	313
844	431
844	507
844	544
844	695
844	708
844	750
844	780
844	880
844	889
844	909
844	923
844	937
844	942
844	958
845	241
845	565
845	616
845	674
845	806
845	817
845	909
845	917
845	924
845	925
845	933
845	962
845	990
845	992
845	995
846	175
846	384
846	448
846	735
846	805
846	812
846	823
846	848
846	908
846	919
846	926
846	964
846	971
846	980
846	997
847	506
847	647
847	651
847	700
847	802
847	831
847	840
847	883
847	911
847	939
847	954
847	956
847	959
847	972
847	973
848	589
848	727
848	735
848	846
848	908
848	926
848	949
848	950
848	965
848	967
848	971
848	980
848	991
848	996
848	997
849	83
849	130
849	183
849	190
849	543
849	646
849	648
849	653
849	687
849	842
849	854
849	861
849	893
849	964
849	996
850	258
850	394
850	409
850	548
850	715
850	731
850	890
850	935
850	942
850	974
850	983
850	986
850	987
850	998
850	1000
851	315
851	457
851	688
851	773
851	874
851	875
851	930
851	936
851	941
851	947
851	954
851	977
851	981
851	989
851	990
852	160
852	402
852	457
852	572
852	604
852	862
852	874
852	879
852	886
852	895
852	941
852	959
852	973
852	981
852	989
853	255
853	266
853	323
853	454
853	506
853	651
853	773
853	804
853	818
853	831
853	914
853	918
853	961
853	977
853	989
854	16
854	31
854	83
854	173
854	308
854	636
854	642
854	645
854	653
854	689
854	766
854	849
854	861
854	868
854	963
855	174
855	263
855	414
855	791
855	905
855	921
855	922
855	931
855	934
855	935
855	951
855	970
855	976
855	987
855	998
856	3
856	395
856	428
856	671
856	770
856	825
856	834
856	926
856	929
856	945
856	950
856	964
856	971
856	980
856	997
857	504
857	640
857	763
857	801
857	811
857	874
857	892
857	895
857	928
857	939
857	941
857	956
857	959
857	961
857	991
858	128
858	202
858	403
858	418
858	660
858	805
858	880
858	904
858	949
858	950
858	965
858	971
858	985
858	991
858	997
859	553
859	674
859	738
859	865
859	934
859	935
859	945
859	966
859	973
859	974
859	976
859	978
859	985
859	987
859	998
859	1000
860	429
860	491
860	782
860	815
860	866
860	931
860	932
860	934
860	970
860	974
860	978
860	984
860	985
860	987
860	994
860	998
861	82
861	155
861	360
861	379
861	451
861	485
861	642
861	678
861	726
861	761
861	783
861	849
861	854
861	868
861	881
861	963
862	217
862	405
862	581
862	656
862	748
862	852
862	910
862	928
862	936
862	941
862	954
862	972
862	973
862	977
862	989
862	996
863	76
863	462
863	571
863	674
863	740
863	809
863	866
863	931
863	934
863	955
863	970
863	983
863	986
863	987
863	992
863	1000
864	419
864	446
864	567
864	613
864	791
864	821
864	834
864	894
864	904
864	949
864	962
864	964
864	967
864	980
864	991
864	997
865	317
865	614
865	707
865	763
865	795
865	859
865	884
865	888
865	921
865	922
865	934
865	935
865	966
865	974
865	998
865	1000
866	317
866	449
866	564
866	745
866	860
866	863
866	867
866	905
866	931
866	932
866	948
866	970
866	974
866	976
866	985
866	1000
867	12
867	144
867	201
867	426
867	633
867	728
867	790
867	805
867	866
867	903
867	908
867	950
867	971
867	980
867	991
867	997
868	79
868	226
868	485
868	543
868	636
868	646
868	648
868	678
868	726
868	761
868	769
868	800
868	854
868	861
868	881
868	963
869	303
869	806
869	900
869	901
869	902
869	917
869	925
869	933
869	944
869	945
869	946
869	962
869	979
869	990
869	992
869	995
870	91
870	212
870	370
870	433
870	662
870	750
870	752
870	780
870	880
870	889
870	896
870	923
870	937
870	942
870	958
870	982
871	52
871	55
871	531
871	548
871	722
871	808
871	884
871	931
871	957
871	966
871	970
871	978
871	984
871	987
871	998
871	1000
872	120
872	198
872	324
872	671
872	672
872	728
872	747
872	803
872	821
872	834
872	837
872	908
872	929
872	964
872	965
872	991
873	272
873	397
873	445
873	468
873	595
873	599
873	677
873	705
873	879
873	920
873	940
873	953
873	969
873	978
873	980
873	982
873	996
874	309
874	341
874	548
874	619
874	721
874	851
874	852
874	857
874	875
874	936
874	939
874	947
874	956
874	959
874	973
874	977
874	989
875	211
875	476
875	709
875	771
875	851
875	874
875	900
875	914
875	939
875	956
875	959
875	972
875	973
875	976
875	981
875	983
875	989
876	107
876	371
876	405
876	506
876	610
876	643
876	693
876	768
876	811
876	813
876	839
876	840
876	892
876	924
876	935
876	947
876	961
877	151
877	220
877	363
877	594
877	650
877	705
877	715
877	730
877	920
877	940
877	953
877	969
877	982
877	986
877	994
877	996
877	998
878	26
878	41
878	234
878	247
878	252
878	303
878	743
878	901
878	917
878	922
878	924
878	925
878	933
878	962
878	979
878	990
878	992
878	995
879	400
879	468
879	475
879	577
879	677
879	715
879	742
879	792
879	793
879	852
879	873
879	927
879	940
879	953
879	969
879	982
879	994
879	996
880	91
880	238
880	425
880	544
880	601
880	708
880	733
880	752
880	780
880	844
880	858
880	870
880	889
880	896
880	923
880	937
880	942
880	958
881	97
881	165
881	360
881	485
881	543
881	580
881	642
881	653
881	678
881	687
881	769
881	783
881	861
881	868
881	893
881	921
881	934
881	963
882	126
882	293
882	435
882	538
882	634
882	746
882	756
882	759
882	794
882	835
882	938
882	945
882	951
882	968
882	988
882	993
882	997
882	999
883	219
883	221
883	366
883	539
883	552
883	626
883	631
883	732
883	781
883	834
883	840
883	847
883	900
883	939
883	954
883	972
883	973
883	989
884	362
884	696
884	740
884	767
884	865
884	871
884	919
884	931
884	935
884	957
884	966
884	974
884	976
884	983
884	985
884	986
884	987
884	1000
885	5
885	27
885	298
885	420
885	541
885	599
885	680
885	749
885	772
885	828
885	899
885	916
885	927
885	940
885	953
885	969
885	994
885	996
886	47
886	114
886	178
886	447
886	540
886	700
886	783
886	852
886	905
886	910
886	911
886	918
886	941
886	947
886	954
886	959
886	972
886	973
886	977
887	9
887	68
887	216
887	461
887	479
887	581
887	818
887	827
887	895
887	905
887	910
887	956
887	959
887	961
887	972
887	977
887	981
887	989
887	998
888	123
888	336
888	357
888	391
888	562
888	569
888	586
888	620
888	670
888	676
888	701
888	729
888	822
888	865
888	907
888	943
888	955
888	975
888	993
889	139
889	214
889	364
889	446
889	510
889	544
889	662
889	702
889	750
889	836
889	844
889	870
889	880
889	896
889	923
889	942
889	949
889	958
889	978
890	317
890	388
890	592
890	696
890	793
890	800
890	807
890	850
890	935
890	957
890	966
890	976
890	983
890	984
890	985
890	986
890	987
890	998
890	1000
891	90
891	138
891	276
891	342
891	487
891	569
891	588
891	618
891	620
891	670
891	697
891	796
891	819
891	822
891	907
891	931
891	943
891	955
891	969
891	975
892	398
892	638
892	655
892	695
892	751
892	768
892	801
892	802
892	811
892	831
892	857
892	876
892	910
892	914
892	928
892	936
892	941
892	972
892	973
892	981
893	75
893	101
893	255
893	270
893	308
893	543
893	560
893	580
893	591
893	636
893	642
893	678
893	687
893	726
893	766
893	842
893	849
893	881
893	963
893	984
894	248
894	269
894	372
894	463
894	502
894	519
894	570
894	662
894	706
894	714
894	727
894	754
894	821
894	864
894	964
894	965
894	967
894	980
894	991
894	997
895	211
895	243
895	302
895	306
895	338
895	537
895	539
895	764
895	801
895	808
895	852
895	857
895	887
895	918
895	928
895	956
895	972
895	977
895	981
895	984
896	66
896	139
896	191
896	212
896	265
896	431
896	507
896	584
896	702
896	708
896	733
896	744
896	752
896	819
896	836
896	870
896	880
896	889
896	923
896	942
897	61
897	300
897	328
897	542
897	605
897	629
897	637
897	753
897	776
897	832
897	843
897	915
897	938
897	942
897	960
897	964
897	968
897	988
897	993
897	999
898	1
898	137
898	311
898	339
898	518
898	520
898	538
898	597
898	613
898	637
898	664
898	794
898	816
898	838
898	930
898	960
898	968
898	984
898	988
898	999
899	298
899	433
899	650
899	663
899	705
899	736
899	749
899	788
899	789
899	885
899	920
899	927
899	940
899	952
899	953
899	963
899	969
899	982
899	994
899	999
900	47
900	121
900	285
900	535
900	790
900	833
900	869
900	875
900	883
900	914
900	936
900	939
900	941
900	954
900	956
900	959
900	961
900	977
900	981
900	989
901	364
901	378
901	606
901	639
901	710
901	724
901	734
901	782
901	806
901	869
901	878
901	902
901	909
901	913
901	925
901	933
901	944
901	946
901	962
901	990
901	995
902	294
902	411
902	459
902	532
902	741
902	817
902	841
902	869
902	901
902	917
902	925
902	933
902	944
902	946
902	958
902	962
902	979
902	984
902	990
902	992
902	995
903	8
903	467
903	575
903	692
903	710
903	724
903	781
903	814
903	841
903	867
903	909
903	913
903	924
903	925
903	944
903	946
903	962
903	979
903	990
903	992
903	995
904	158
904	259
904	403
904	506
904	573
904	683
904	694
904	747
904	790
904	810
904	823
904	858
904	864
904	926
904	949
904	950
904	965
904	971
904	991
904	994
904	997
905	332
905	394
905	587
905	598
905	725
905	779
905	809
905	855
905	866
905	886
905	887
905	931
905	932
905	935
905	948
905	966
905	976
905	978
905	983
905	985
905	986
905	1000
906	37
906	482
906	529
906	549
906	562
906	575
906	632
906	666
906	712
906	734
906	737
906	758
906	917
906	925
906	933
906	944
906	946
906	962
906	979
906	990
906	992
906	995
907	90
907	188
907	260
907	281
907	349
907	408
907	516
907	525
907	534
907	588
907	593
907	618
907	623
907	670
907	701
907	729
907	822
907	888
907	891
907	943
907	955
907	975
908	56
908	168
908	377
908	488
908	490
908	561
908	754
908	778
908	786
908	823
908	846
908	848
908	867
908	872
908	926
908	929
908	950
908	964
908	965
908	971
908	981
908	997
909	200
909	241
909	378
909	415
909	466
909	467
909	575
909	775
909	814
909	844
909	845
909	901
909	903
909	924
909	939
909	944
909	946
909	962
909	979
909	990
909	992
909	995
910	384
910	405
910	454
910	476
910	483
910	516
910	694
910	718
910	799
910	804
910	808
910	862
910	886
910	887
910	892
910	911
910	936
910	954
910	956
910	959
910	972
910	989
911	51
911	270
911	374
911	430
911	509
911	523
911	540
911	610
911	649
911	763
911	777
911	801
911	808
911	818
911	847
911	886
911	910
911	956
911	972
911	973
911	977
911	981
911	989
912	244
912	279
912	295
912	442
912	453
912	470
912	515
912	541
912	546
912	594
912	628
912	641
912	680
912	706
912	730
912	749
912	762
912	792
912	920
912	933
912	952
912	982
912	994
912	996
913	4
913	8
913	41
913	483
913	501
913	545
913	549
913	600
913	692
913	703
913	814
913	841
913	901
913	903
913	917
913	924
913	925
913	944
913	946
913	962
913	979
913	990
913	992
913	995
914	444
914	560
914	563
914	572
914	638
914	649
914	659
914	693
914	718
914	751
914	802
914	808
914	853
914	875
914	892
914	900
914	936
914	939
914	947
914	954
914	972
914	973
914	981
914	989
915	127
915	225
915	301
915	438
915	452
915	472
915	520
915	624
915	629
915	635
915	652
915	690
915	752
915	765
915	835
915	897
915	938
915	945
915	951
915	960
915	968
915	986
915	988
915	993
915	999
916	305
916	536
916	611
916	669
916	719
916	785
916	815
916	885
916	931
916	932
916	934
916	935
916	948
916	957
916	966
916	970
916	974
916	976
916	978
916	983
916	984
916	985
916	986
916	987
916	1000
917	236
917	439
917	508
917	632
917	737
917	775
917	814
917	841
917	845
917	869
917	878
917	902
917	906
917	913
917	925
917	933
917	944
917	946
917	947
917	962
917	979
917	981
917	990
917	992
917	995
918	161
918	428
918	539
918	604
918	610
918	626
918	627
918	631
918	649
918	718
918	722
918	732
918	748
918	777
918	781
918	799
918	813
918	840
918	853
918	886
918	895
918	928
918	947
918	961
918	972
918	989
919	209
919	489
919	527
919	550
919	615
919	675
919	681
919	725
919	731
919	739
919	795
919	846
919	884
919	948
919	957
919	966
919	972
919	974
919	976
919	978
919	983
919	984
919	985
919	987
919	998
919	1000
920	180
920	500
920	521
920	616
920	644
920	663
920	689
920	706
920	736
920	749
920	788
920	797
920	807
920	827
920	873
920	877
920	899
920	912
920	927
920	940
920	952
920	953
920	969
920	982
920	994
920	996
921	29
921	164
921	377
921	425
921	429
921	707
921	721
921	727
921	793
921	795
921	807
921	809
921	824
921	829
921	855
921	865
921	881
921	957
921	966
921	970
921	974
921	984
921	985
921	987
921	998
921	1000
922	38
922	233
922	600
922	640
922	684
922	691
922	719
922	739
922	779
922	815
922	829
922	855
922	865
922	878
922	934
922	935
922	964
922	966
922	970
922	974
922	983
922	984
922	985
922	986
922	987
922	1000
923	222
923	271
923	283
923	304
923	313
923	412
923	431
923	507
923	510
923	557
923	578
923	695
923	702
923	711
923	733
923	744
923	750
923	836
923	844
923	870
923	880
923	889
923	896
923	937
923	938
923	942
923	958
923	978
924	74
924	374
924	439
924	459
924	467
924	529
924	631
924	666
924	692
924	703
924	712
924	741
924	743
924	775
924	841
924	845
924	876
924	878
924	903
924	909
924	913
924	944
924	962
924	979
924	990
924	992
924	993
924	995
925	10
925	404
925	526
925	549
925	600
925	669
925	692
925	724
925	734
925	743
925	841
925	845
925	869
925	878
925	901
925	902
925	903
925	906
925	913
925	917
925	933
925	944
925	946
925	979
925	990
925	992
925	995
925	996
925	1000
926	44
926	175
926	275
926	406
926	551
926	658
926	728
926	735
926	755
926	770
926	790
926	805
926	812
926	825
926	834
926	846
926	848
926	856
926	904
926	908
926	929
926	949
926	950
926	964
926	971
926	972
926	973
926	980
926	991
927	89
927	159
927	206
927	272
927	337
927	361
927	400
927	453
927	641
927	655
927	680
927	723
927	742
927	762
927	788
927	792
927	879
927	885
927	899
927	920
927	940
927	946
927	952
927	969
927	974
927	982
927	994
927	996
927	999
928	77
928	95
928	186
928	224
928	309
928	402
928	430
928	434
928	457
928	476
928	479
928	484
928	619
928	743
928	777
928	811
928	818
928	819
928	857
928	862
928	892
928	895
928	918
928	947
928	959
928	961
928	973
928	977
928	981
929	45
929	148
929	248
929	299
929	573
929	621
929	671
929	683
929	714
929	727
929	735
929	755
929	798
929	803
929	805
929	810
929	830
929	856
929	872
929	908
929	926
929	934
929	967
929	971
929	974
929	980
929	991
929	993
929	997
930	57
930	113
930	126
930	204
930	435
930	460
930	538
930	597
930	605
930	622
930	624
930	664
930	665
930	690
930	698
930	787
930	794
930	816
930	832
930	835
930	838
930	851
930	898
930	937
930	951
930	960
930	968
930	988
930	993
930	999
931	14
931	549
931	681
931	691
931	696
931	722
931	809
931	815
931	824
931	855
931	860
931	863
931	866
931	871
931	884
931	891
931	905
931	916
931	932
931	935
931	948
931	965
931	974
931	976
931	984
931	985
931	987
931	991
931	998
931	1000
932	55
932	376
932	389
932	427
932	527
932	603
932	611
932	617
932	707
932	716
932	760
932	779
932	807
932	814
932	824
932	830
932	860
932	866
932	905
932	916
932	931
932	948
932	966
932	976
932	978
932	981
932	984
932	986
932	998
932	1000
933	71
933	294
933	344
933	532
933	568
933	606
933	616
933	692
933	693
933	703
933	737
933	741
933	785
933	817
933	841
933	845
933	869
933	878
933	901
933	902
933	906
933	912
933	917
933	925
933	944
933	946
933	962
933	980
933	992
933	995
934	93
934	587
934	617
934	630
934	654
934	657
934	668
934	725
934	731
934	782
934	793
934	795
934	855
934	859
934	860
934	863
934	865
934	881
934	916
934	922
934	929
934	935
934	970
934	976
934	983
934	984
934	987
934	994
934	998
934	1000
935	520
935	611
935	630
935	674
935	675
935	707
935	730
935	829
935	850
935	855
935	859
935	865
935	876
935	884
935	890
935	905
935	916
935	922
935	931
935	934
935	957
935	966
935	970
935	978
935	983
935	984
935	985
935	986
935	987
935	998
935	1000
936	217
936	308
936	398
936	579
936	610
936	619
936	688
936	693
936	748
936	802
936	804
936	809
936	813
936	831
936	832
936	839
936	840
936	851
936	862
936	874
936	892
936	900
936	910
936	914
936	947
936	954
936	956
936	972
936	973
936	981
936	989
937	6
937	36
937	50
937	191
937	222
937	325
937	370
937	446
937	478
937	507
937	578
937	601
937	662
937	702
937	708
937	711
937	744
937	750
937	752
937	772
937	780
937	836
937	844
937	870
937	880
937	923
937	930
937	942
937	958
937	974
937	988
938	57
938	122
938	300
938	352
938	410
938	438
938	452
938	488
938	511
938	590
938	596
938	624
938	635
938	661
938	690
938	756
938	794
938	820
938	835
938	843
938	882
938	897
938	915
938	923
938	945
938	951
938	960
938	968
938	993
938	997
938	998
938	999
939	36
939	53
939	219
939	224
939	338
939	495
939	523
939	540
939	552
939	709
939	718
939	740
939	774
939	801
939	802
939	827
939	847
939	857
939	874
939	875
939	883
939	900
939	909
939	914
939	947
939	956
939	961
939	971
939	972
939	973
939	977
939	981
940	193
940	322
940	385
940	397
940	441
940	471
940	564
940	608
940	644
940	650
940	659
940	679
940	749
940	772
940	784
940	788
940	792
940	797
940	828
940	873
940	877
940	879
940	885
940	899
940	920
940	927
940	954
940	957
940	969
940	982
940	994
940	996
941	121
941	134
941	189
941	219
941	318
941	333
941	508
941	516
941	552
941	610
941	619
941	643
941	685
941	709
941	763
941	768
941	818
941	831
941	833
941	851
941	852
941	857
941	862
941	886
941	892
941	900
941	951
941	956
941	959
941	961
941	962
941	975
941	977
942	49
942	54
942	108
942	117
942	213
942	304
942	325
942	412
942	446
942	510
942	544
942	578
942	601
942	662
942	695
942	708
942	711
942	733
942	744
942	750
942	752
942	780
942	836
942	844
942	850
942	870
942	880
942	889
942	896
942	897
942	923
942	937
942	958
943	90
943	97
943	103
943	132
943	138
943	171
943	261
943	287
943	327
943	334
943	336
943	347
943	408
943	417
943	437
943	487
943	534
943	562
943	569
943	583
943	593
943	618
943	670
943	676
943	701
943	729
943	796
943	819
943	822
943	888
943	891
943	907
943	975
944	344
944	411
944	427
944	481
944	526
944	632
944	666
944	669
944	710
944	741
944	758
944	806
944	814
944	817
944	841
944	869
944	901
944	902
944	903
944	906
944	909
944	913
944	917
944	924
944	925
944	933
944	946
944	962
944	979
944	990
944	992
944	994
944	995
944	997
945	57
945	127
945	167
945	256
945	292
945	293
945	300
945	470
945	530
945	557
945	576
945	622
945	624
945	664
945	682
945	698
945	746
945	753
945	787
945	794
945	816
945	820
945	843
945	856
945	859
945	869
945	882
945	915
945	938
945	951
945	968
945	988
945	993
945	999
946	4
946	41
946	145
946	200
946	440
946	459
946	549
946	568
946	574
946	741
946	743
946	758
946	785
946	801
946	814
946	841
946	869
946	901
946	902
946	903
946	906
946	909
946	913
946	917
946	925
946	927
946	933
946	944
946	962
946	975
946	979
946	985
946	990
946	992
946	995
947	94
947	223
947	254
947	309
947	318
947	474
947	539
947	604
947	649
947	741
947	771
947	801
947	811
947	818
947	833
947	840
947	851
947	874
947	876
947	886
947	914
947	917
947	918
947	928
947	936
947	939
947	956
947	959
947	961
947	972
947	973
947	977
947	981
947	989
947	998
948	76
948	185
948	221
948	258
948	265
948	345
948	414
948	425
948	517
948	533
948	545
948	592
948	611
948	614
948	617
948	640
948	684
948	698
948	724
948	725
948	767
948	809
948	866
948	905
948	916
948	919
948	931
948	932
948	970
948	974
948	976
948	977
948	983
948	985
948	986
948	987
948	998
949	5
949	22
949	40
949	56
949	73
949	81
949	115
949	158
949	210
949	299
949	316
949	384
949	406
949	502
949	555
949	653
949	660
949	694
949	727
949	736
949	778
949	790
949	805
949	810
949	823
949	825
949	826
949	830
949	837
949	848
949	858
949	864
949	889
949	904
949	926
949	967
949	980
949	991
950	106
950	228
950	253
950	393
950	419
950	426
950	570
950	658
950	728
950	729
950	735
950	747
950	778
950	786
950	790
950	803
950	804
950	805
950	810
950	812
950	821
950	823
950	826
950	837
950	848
950	856
950	858
950	867
950	904
950	908
950	926
950	964
950	965
950	967
950	980
950	990
950	991
950	997
951	7
951	284
951	292
951	330
951	410
951	493
951	518
951	596
951	605
951	629
951	647
951	667
951	673
951	678
951	704
951	717
951	746
951	757
951	759
951	776
951	787
951	794
951	816
951	832
951	834
951	835
951	838
951	855
951	882
951	915
951	930
951	938
951	941
951	945
951	960
951	968
951	993
951	999
952	59
952	69
952	82
952	136
952	297
952	335
952	363
952	442
952	455
952	471
952	496
952	521
952	546
952	585
952	599
952	625
952	659
952	677
952	679
952	689
952	705
952	706
952	730
952	749
952	770
952	792
952	813
952	828
952	833
952	899
952	912
952	920
952	927
952	969
952	982
952	988
952	994
952	996
953	151
953	208
953	244
953	291
953	295
953	303
953	385
953	413
953	423
953	445
953	455
953	608
953	628
953	641
953	644
953	655
953	663
953	689
953	723
953	730
953	742
953	772
953	789
953	797
953	804
953	828
953	873
953	877
953	879
953	885
953	899
953	920
953	969
953	982
953	994
953	995
953	996
953	1000
954	43
954	179
954	312
954	318
954	430
954	444
954	454
954	495
954	535
954	563
954	581
954	619
954	638
954	700
954	701
954	768
954	771
954	774
954	777
954	808
954	811
954	827
954	833
954	839
954	847
954	851
954	862
954	883
954	886
954	900
954	910
954	914
954	936
954	940
954	956
954	972
954	977
954	981
954	989
955	157
955	247
955	268
955	276
955	281
955	287
955	327
955	334
955	336
955	342
955	347
955	357
955	373
955	381
955	391
955	408
955	480
955	498
955	504
955	509
955	525
955	534
955	562
955	588
955	593
955	618
955	620
955	623
955	670
955	697
955	701
955	796
955	819
955	863
955	888
955	891
955	907
955	960
955	975
956	25
956	118
956	121
956	218
956	338
956	372
956	444
956	460
956	581
956	602
956	631
956	656
956	699
956	714
956	751
956	773
956	804
956	813
956	836
956	847
956	857
956	874
956	875
956	887
956	895
956	900
956	910
956	911
956	936
956	939
956	941
956	947
956	954
956	957
956	959
956	961
956	972
956	981
956	989
957	85
957	140
957	289
957	369
957	383
957	407
957	464
957	486
957	550
957	607
957	615
957	668
957	675
957	688
957	716
957	720
957	738
957	745
957	779
957	871
957	884
957	890
957	916
957	919
957	921
957	935
957	940
957	956
957	966
957	974
957	978
957	983
957	984
957	985
957	986
957	987
957	991
957	998
957	1000
958	6
958	33
958	91
958	117
958	139
958	212
958	213
958	214
958	283
958	295
958	313
958	321
958	343
958	370
958	412
958	431
958	478
958	507
958	578
958	584
958	601
958	662
958	695
958	702
958	708
958	711
958	733
958	744
958	767
958	780
958	836
958	844
958	870
958	880
958	889
958	902
958	923
958	937
958	942
959	40
959	229
959	245
959	285
959	387
959	523
959	627
959	656
959	699
959	700
959	711
959	718
959	774
959	777
959	781
959	791
959	799
959	808
959	811
959	818
959	831
959	847
959	852
959	857
959	874
959	875
959	886
959	887
959	900
959	910
959	928
959	941
959	947
959	956
959	961
959	972
959	973
959	977
959	987
959	989
960	42
960	96
960	224
960	277
960	293
960	301
960	348
960	438
960	458
960	469
960	477
960	492
960	493
960	494
960	530
960	597
960	622
960	624
960	634
960	660
960	664
960	667
960	698
960	713
960	753
960	759
960	820
960	832
960	838
960	897
960	898
960	915
960	930
960	938
960	951
960	955
960	968
960	988
960	993
960	999
960	1000
961	107
961	125
961	143
961	178
961	186
961	229
961	304
961	306
961	332
961	457
961	476
961	484
961	516
961	565
961	566
961	572
961	602
961	612
961	643
961	723
961	751
961	763
961	773
961	801
961	804
961	811
961	833
961	853
961	857
961	876
961	887
961	900
961	918
961	928
961	939
961	941
961	947
961	956
961	959
961	973
961	981
961	998
962	2
962	10
962	39
962	166
962	172
962	177
962	310
962	365
962	374
962	392
962	482
962	554
962	606
962	703
962	731
962	734
962	743
962	775
962	806
962	817
962	841
962	845
962	864
962	869
962	878
962	901
962	902
962	903
962	906
962	909
962	913
962	917
962	924
962	933
962	941
962	944
962	946
962	979
962	987
962	990
962	992
962	995
963	16
963	31
963	34
963	64
963	101
963	135
963	162
963	169
963	183
963	243
963	288
963	360
963	379
963	382
963	451
963	456
963	497
963	543
963	580
963	591
963	609
963	636
963	642
963	645
963	646
963	648
963	651
963	653
963	687
963	726
963	761
963	766
963	769
963	783
963	842
963	854
963	861
963	868
963	881
963	893
963	899
963	972
963	991
964	32
964	63
964	81
964	106
964	228
964	242
964	274
964	286
964	367
964	372
964	515
964	558
964	570
964	594
964	633
964	683
964	770
964	786
964	790
964	791
964	803
964	810
964	825
964	826
964	830
964	846
964	849
964	856
964	864
964	872
964	894
964	897
964	908
964	922
964	926
964	950
964	965
964	967
964	971
964	980
964	991
964	997
964	1000
965	106
965	175
965	250
965	282
965	326
965	367
965	380
965	393
965	399
965	513
965	528
965	551
965	561
965	566
965	567
965	613
965	658
965	660
965	683
965	755
965	770
965	790
965	798
965	805
965	810
965	812
965	824
965	834
965	848
965	858
965	872
965	894
965	904
965	908
965	931
965	950
965	964
965	967
965	971
965	980
965	984
965	991
965	997
966	49
966	156
966	337
966	350
966	407
966	449
966	462
966	553
966	564
966	589
966	614
966	617
966	675
966	684
966	691
966	696
966	719
966	720
966	738
966	782
966	824
966	828
966	859
966	865
966	871
966	884
966	890
966	905
966	916
966	919
966	921
966	922
966	932
966	935
966	957
966	974
966	976
966	978
966	983
966	984
966	985
966	986
966	990
966	1000
967	3
967	5
967	144
967	176
967	246
967	253
967	259
967	286
967	296
967	367
967	393
967	432
967	436
967	515
967	551
967	555
967	558
967	561
967	582
967	613
967	621
967	694
967	716
967	747
967	754
967	755
967	803
967	805
967	810
967	823
967	825
967	834
967	837
967	848
967	864
967	894
967	929
967	949
967	950
967	964
967	965
967	976
967	980
967	997
968	1
968	23
968	48
968	163
968	249
968	277
968	301
968	339
968	375
968	401
968	434
968	435
968	472
968	493
968	503
968	547
968	556
968	576
968	617
968	622
968	637
968	652
968	673
968	690
968	717
968	757
968	776
968	816
968	820
968	832
968	843
968	882
968	897
968	898
968	915
968	930
968	938
968	945
968	951
968	960
968	988
968	993
968	999
968	1000
969	19
969	62
969	150
969	163
969	279
969	291
969	337
969	352
969	353
969	354
969	355
969	361
969	441
969	496
969	524
969	541
969	546
969	595
969	650
969	663
969	679
969	680
969	705
969	706
969	730
969	757
969	762
969	788
969	792
969	816
969	828
969	873
969	877
969	879
969	885
969	891
969	899
969	920
969	927
969	940
969	952
969	953
969	982
969	994
969	996
970	92
970	156
970	230
970	305
970	368
970	369
970	382
970	389
970	404
970	527
970	531
970	592
970	603
970	607
970	672
970	707
970	722
970	725
970	739
970	740
970	745
970	760
970	780
970	782
970	783
970	793
970	795
970	824
970	829
970	855
970	860
970	863
970	866
970	871
970	916
970	921
970	922
970	934
970	935
970	948
970	974
970	978
970	983
970	985
970	986
970	989
970	998
971	12
971	25
971	32
971	73
971	242
971	246
971	380
971	395
971	426
971	432
971	444
971	448
971	528
971	558
971	570
971	573
971	589
971	671
971	694
971	714
971	728
971	754
971	755
971	770
971	778
971	786
971	790
971	798
971	810
971	821
971	826
971	830
971	834
971	839
971	846
971	848
971	856
971	858
971	867
971	904
971	908
971	926
971	929
971	939
971	964
971	965
971	978
971	980
971	997
972	107
972	134
972	154
972	245
972	285
972	358
972	398
972	402
972	457
972	461
972	474
972	504
972	535
972	583
972	693
972	699
972	732
972	748
972	749
972	763
972	777
972	808
972	839
972	840
972	847
972	862
972	875
972	883
972	886
972	887
972	892
972	895
972	910
972	911
972	914
972	918
972	919
972	926
972	936
972	939
972	947
972	954
972	956
972	959
972	963
972	973
972	981
972	987
972	989
973	51
973	53
973	69
973	186
973	218
973	237
973	254
973	434
973	461
973	504
973	523
973	567
973	602
973	612
973	638
973	643
973	651
973	688
973	693
973	699
973	732
973	748
973	774
973	802
973	804
973	818
973	839
973	840
973	847
973	852
973	859
973	862
973	874
973	875
973	883
973	886
973	892
973	911
973	914
973	926
973	928
973	936
973	939
973	947
973	959
973	961
973	972
973	977
973	981
973	988
973	989
974	149
974	227
974	273
974	351
974	359
974	376
974	405
974	407
974	462
974	464
974	531
974	550
974	598
974	603
974	614
974	640
974	691
974	707
974	721
974	739
974	740
974	782
974	805
974	824
974	850
974	859
974	860
974	865
974	866
974	884
974	916
974	919
974	921
974	922
974	927
974	929
974	931
974	937
974	948
974	957
974	966
974	970
974	976
974	978
974	983
974	984
974	985
974	986
974	987
974	998
974	1000
975	103
975	123
975	132
975	138
975	147
975	153
975	247
975	260
975	261
975	276
975	281
975	325
975	327
975	334
975	342
975	347
975	356
975	357
975	373
975	381
975	408
975	417
975	437
975	480
975	498
975	509
975	525
975	534
975	562
975	569
975	585
975	586
975	588
975	593
975	618
975	620
975	623
975	670
975	676
975	729
975	788
975	796
975	819
975	822
975	888
975	891
975	907
975	941
975	943
975	946
975	955
976	142
976	149
976	289
976	305
976	312
976	329
976	389
976	409
976	465
976	482
976	499
976	533
976	536
976	545
976	582
976	611
976	646
976	674
976	719
976	720
976	721
976	725
976	731
976	738
976	740
976	745
976	760
976	807
976	815
976	824
976	843
976	855
976	859
976	866
976	875
976	884
976	890
976	905
976	916
976	919
976	931
976	932
976	934
976	948
976	966
976	967
976	974
976	978
976	984
976	985
976	998
976	1000
977	43
977	114
977	153
977	155
977	196
977	198
977	216
977	218
977	346
977	360
977	371
977	402
977	430
977	441
977	516
977	566
977	579
977	583
977	619
977	626
977	643
977	688
977	700
977	732
977	748
977	773
977	781
977	799
977	802
977	804
977	811
977	827
977	839
977	840
977	851
977	853
977	862
977	874
977	886
977	887
977	895
977	900
977	911
977	928
977	939
977	941
977	947
977	948
977	954
977	959
977	973
977	981
977	989
978	14
978	262
978	263
978	278
978	317
978	340
978	345
978	414
978	425
978	465
978	489
978	536
978	571
978	598
978	603
978	650
978	654
978	668
978	681
978	684
978	687
978	719
978	731
978	738
978	739
978	740
978	767
978	782
978	793
978	815
978	859
978	860
978	871
978	873
978	889
978	905
978	916
978	919
978	923
978	932
978	935
978	957
978	966
978	970
978	971
978	974
978	976
978	983
978	984
978	985
978	986
978	987
978	998
978	1000
979	26
979	74
979	145
979	166
979	172
979	236
979	319
979	326
979	344
979	365
979	368
979	410
979	411
979	415
979	466
979	467
979	481
979	526
979	532
979	575
979	587
979	600
979	616
979	639
979	666
979	669
979	710
979	724
979	732
979	734
979	737
979	741
979	743
979	758
979	775
979	785
979	806
979	817
979	869
979	878
979	902
979	903
979	906
979	909
979	913
979	917
979	924
979	925
979	944
979	946
979	962
979	990
979	992
979	995
979	998
980	67
980	73
980	184
980	203
980	240
980	246
980	250
980	269
980	275
980	319
980	380
980	399
980	403
980	448
980	463
980	490
980	515
980	519
980	555
980	672
980	714
980	727
980	755
980	758
980	778
980	790
980	798
980	803
980	810
980	812
980	821
980	823
980	825
980	826
980	830
980	834
980	837
980	846
980	848
980	856
980	864
980	867
980	873
980	894
980	926
980	929
980	933
980	949
980	950
980	964
980	965
980	967
980	971
980	982
980	991
980	993
980	997
981	21
981	58
981	94
981	111
981	155
981	189
981	217
981	315
981	333
981	366
981	461
981	479
981	500
981	535
981	537
981	552
981	565
981	566
981	602
981	656
981	685
981	686
981	751
981	771
981	773
981	777
981	781
981	802
981	804
981	813
981	818
981	827
981	833
981	840
981	851
981	852
981	875
981	887
981	892
981	895
981	900
981	908
981	911
981	914
981	917
981	928
981	932
981	936
981	939
981	947
981	954
981	956
981	961
981	972
981	973
981	977
981	1000
982	17
982	69
982	82
982	88
982	89
982	136
982	163
982	220
982	235
982	297
982	298
982	354
982	413
982	433
982	436
982	453
982	455
982	468
982	475
982	500
982	524
982	546
982	577
982	594
982	608
982	629
982	644
982	659
982	666
982	677
982	680
982	705
982	715
982	723
982	730
982	742
982	772
982	784
982	788
982	789
982	792
982	797
982	828
982	829
982	870
982	873
982	877
982	879
982	899
982	912
982	920
982	927
982	940
982	952
982	953
982	969
982	980
982	994
982	996
983	80
983	128
983	146
983	197
983	278
983	305
983	314
983	350
983	359
983	369
983	394
983	396
983	404
983	427
983	429
983	465
983	498
983	499
983	550
983	571
983	587
983	657
983	668
983	674
983	675
983	684
983	716
983	720
983	737
983	760
983	779
983	793
983	795
983	809
983	824
983	829
983	842
983	850
983	863
983	875
983	884
983	890
983	905
983	916
983	919
983	922
983	934
983	935
983	948
983	957
983	966
983	970
983	974
983	978
983	984
983	985
983	986
983	987
983	1000
984	13
984	85
984	88
984	104
984	105
984	124
984	230
984	232
984	233
984	258
984	314
984	376
984	449
984	486
984	499
984	533
984	548
984	582
984	598
984	603
984	607
984	614
984	681
984	684
984	691
984	696
984	716
984	722
984	740
984	767
984	779
984	809
984	815
984	829
984	860
984	871
984	890
984	893
984	895
984	898
984	902
984	916
984	919
984	921
984	922
984	931
984	932
984	934
984	935
984	957
984	965
984	966
984	974
984	976
984	978
984	983
984	987
984	996
984	998
984	1000
985	38
985	65
985	105
985	109
985	112
985	124
985	289
985	359
985	388
985	489
985	523
985	531
985	545
985	564
985	571
985	582
985	587
985	598
985	607
985	617
985	654
985	681
985	684
985	691
985	720
985	725
985	738
985	745
985	751
985	760
985	767
985	777
985	782
985	807
985	815
985	858
985	859
985	860
985	866
985	884
985	890
985	905
985	916
985	919
985	921
985	922
985	931
985	935
985	946
985	948
985	957
985	966
985	970
985	974
985	976
985	978
985	983
985	986
985	987
985	998
985	1000
986	11
986	13
986	29
986	35
986	92
986	104
986	141
986	314
986	335
986	340
986	350
986	386
986	388
986	517
986	527
986	533
986	536
986	553
986	564
986	582
986	607
986	611
986	614
986	615
986	657
986	668
986	692
986	721
986	731
986	738
986	745
986	760
986	782
986	795
986	807
986	809
986	815
986	820
986	824
986	829
986	850
986	863
986	877
986	884
986	890
986	905
986	915
986	916
986	922
986	932
986	935
986	948
986	957
986	966
986	970
986	974
986	978
986	983
986	985
986	998
986	1000
987	46
987	55
987	88
987	185
987	209
987	351
987	368
987	369
987	383
987	396
987	427
987	462
987	489
987	531
987	592
987	607
987	615
987	617
987	654
987	674
987	675
987	684
987	707
987	719
987	740
987	760
987	767
987	793
987	806
987	807
987	812
987	815
987	824
987	829
987	840
987	850
987	855
987	859
987	860
987	863
987	871
987	884
987	890
987	916
987	919
987	921
987	922
987	931
987	934
987	935
987	948
987	957
987	959
987	962
987	972
987	974
987	978
987	983
987	984
987	985
987	995
987	1000
988	1
988	15
988	42
988	95
988	99
988	119
988	126
988	182
988	239
988	249
988	277
988	307
988	320
988	348
988	349
988	375
988	458
988	469
988	477
988	492
988	494
988	511
988	522
988	556
988	576
988	590
988	596
988	597
988	605
988	634
988	635
988	647
988	652
988	664
988	667
988	682
988	690
988	698
988	704
988	713
988	717
988	746
988	753
988	757
988	764
988	771
988	787
988	794
988	820
988	843
988	882
988	897
988	898
988	915
988	930
988	937
988	945
988	952
988	960
988	968
988	973
988	992
988	993
989	21
989	44
989	78
989	125
989	143
989	160
989	181
989	198
989	284
989	302
989	346
989	387
989	434
989	444
989	447
989	474
989	506
989	523
989	555
989	563
989	579
989	604
989	612
989	626
989	671
989	688
989	699
989	700
989	709
989	748
989	751
989	754
989	763
989	768
989	771
989	777
989	781
989	801
989	808
989	811
989	827
989	833
989	839
989	851
989	852
989	853
989	862
989	874
989	875
989	883
989	887
989	900
989	910
989	911
989	914
989	918
989	936
989	947
989	954
989	956
989	959
989	970
989	972
989	973
989	977
989	999
990	18
990	100
990	111
990	145
990	166
990	171
990	236
990	280
990	310
990	319
990	351
990	378
990	440
990	456
990	466
990	473
990	482
990	501
990	505
990	512
990	529
990	532
990	549
990	554
990	568
990	574
990	575
990	600
990	606
990	616
990	632
990	639
990	666
990	669
990	692
990	703
990	710
990	712
990	737
990	743
990	758
990	785
990	806
990	814
990	845
990	851
990	869
990	878
990	901
990	902
990	903
990	906
990	909
990	913
990	917
990	924
990	925
990	944
990	946
990	950
990	962
990	966
990	979
990	992
990	995
990	1000
991	3
991	102
991	120
991	144
991	148
991	202
991	205
991	210
991	259
991	274
991	275
991	282
991	296
991	316
991	367
991	381
991	428
991	490
991	519
991	555
991	558
991	567
991	613
991	621
991	633
991	660
991	671
991	672
991	694
991	712
991	714
991	727
991	728
991	735
991	747
991	754
991	755
991	770
991	778
991	791
991	798
991	803
991	823
991	825
991	830
991	834
991	837
991	848
991	857
991	858
991	864
991	867
991	872
991	894
991	904
991	926
991	929
991	931
991	949
991	950
991	957
991	963
991	964
991	965
991	980
991	995
991	997
992	4
992	18
992	67
992	74
992	100
992	116
992	133
992	171
992	194
992	234
992	303
992	310
992	365
992	416
992	424
992	443
992	466
992	481
992	496
992	501
992	505
992	508
992	512
992	526
992	529
992	532
992	554
992	568
992	574
992	606
992	616
992	632
992	639
992	649
992	657
992	666
992	669
992	710
992	712
992	724
992	734
992	737
992	741
992	743
992	758
992	814
992	817
992	845
992	863
992	869
992	878
992	902
992	903
992	906
992	909
992	913
992	917
992	924
992	925
992	933
992	944
992	946
992	962
992	979
992	988
992	990
992	995
993	15
993	20
993	23
993	48
993	54
993	58
993	87
993	99
993	113
993	119
993	122
993	131
993	137
993	152
993	167
993	173
993	182
993	225
993	301
993	320
993	328
993	339
993	352
993	410
993	435
993	452
993	469
993	492
993	493
993	494
993	511
993	522
993	530
993	547
993	556
993	557
993	576
993	590
993	596
993	597
993	622
993	634
993	637
993	652
993	665
993	673
993	682
993	690
993	698
993	704
993	713
993	734
993	742
993	746
993	756
993	757
993	759
993	765
993	776
993	794
993	816
993	820
993	832
993	835
993	838
993	843
993	882
993	888
993	897
993	915
993	924
993	929
993	930
993	938
993	945
993	951
993	960
993	968
993	980
993	988
993	994
993	998
993	999
994	17
994	19
994	37
994	62
994	78
994	141
994	159
994	180
994	193
994	196
994	206
994	235
994	264
994	272
994	290
994	297
994	298
994	337
994	353
994	363
994	385
994	413
994	420
994	423
994	436
994	441
994	445
994	453
994	468
994	471
994	496
994	517
994	521
994	524
994	541
994	559
994	577
994	594
994	595
994	599
994	608
994	625
994	641
994	644
994	650
994	655
994	663
994	677
994	679
994	705
994	723
994	730
994	736
994	742
994	749
994	755
994	762
994	772
994	784
994	788
994	789
994	792
994	797
994	828
994	860
994	877
994	879
994	885
994	899
994	904
994	912
994	920
994	927
994	934
994	940
994	944
994	952
994	953
994	969
994	982
994	993
994	996
994	1000
995	10
995	18
995	23
995	39
995	71
995	85
995	116
995	172
995	177
995	194
995	200
995	234
995	252
995	280
995	319
995	323
995	344
995	374
995	378
995	392
995	411
995	415
995	416
995	439
995	440
995	459
995	466
995	473
995	482
995	501
995	505
995	508
995	512
995	514
995	526
995	529
995	532
995	554
995	568
995	574
995	575
995	595
995	600
995	616
995	632
995	666
995	669
995	692
995	703
995	710
995	724
995	734
995	737
995	738
995	741
995	758
995	775
995	784
995	785
995	806
995	814
995	817
995	841
995	845
995	869
995	878
995	901
995	902
995	903
995	906
995	909
995	913
995	917
995	924
995	925
995	933
995	944
995	946
995	953
995	962
995	979
995	987
995	990
995	991
995	992
996	17
996	19
996	27
996	60
996	62
996	72
996	133
996	151
996	159
996	180
996	193
996	206
996	220
996	235
996	244
996	279
996	290
996	291
996	353
996	354
996	355
996	397
996	400
996	420
996	421
996	433
996	436
996	441
996	442
996	453
996	455
996	471
996	474
996	475
996	521
996	524
996	541
996	546
996	577
996	585
996	595
996	599
996	608
996	625
996	628
996	641
996	650
996	655
996	659
996	661
996	663
996	677
996	679
996	680
996	689
996	705
996	706
996	715
996	723
996	730
996	736
996	742
996	749
996	772
996	784
996	788
996	789
996	792
996	829
996	848
996	849
996	862
996	873
996	877
996	879
996	885
996	912
996	920
996	925
996	927
996	940
996	952
996	953
996	969
996	982
996	984
996	994
997	12
997	22
997	27
997	45
997	56
997	63
997	102
997	140
997	176
997	184
997	201
997	202
997	207
997	240
997	242
997	253
997	274
997	282
997	286
997	299
997	324
997	326
997	331
997	362
997	377
997	384
997	399
997	403
997	406
997	426
997	428
997	429
997	432
997	463
997	465
997	513
997	515
997	551
997	558
997	561
997	570
997	573
997	589
997	613
997	621
997	633
997	665
997	671
997	672
997	686
997	728
997	735
997	747
997	754
997	770
997	778
997	786
997	790
997	791
997	798
997	805
997	810
997	812
997	821
997	823
997	825
997	826
997	830
997	846
997	848
997	856
997	858
997	864
997	867
997	882
997	894
997	904
997	908
997	929
997	938
997	944
997	950
997	964
997	965
997	967
997	971
997	980
997	991
998	11
998	35
998	65
998	76
998	80
998	84
998	93
998	109
998	129
998	164
998	185
998	192
998	197
998	262
998	271
998	273
998	312
998	329
998	332
998	345
998	351
998	359
998	368
998	376
998	383
998	394
998	396
998	404
998	450
998	464
998	489
998	491
998	517
998	533
998	553
998	571
998	614
998	630
998	640
998	654
998	657
998	668
998	691
998	716
998	719
998	720
998	722
998	738
998	739
998	745
998	760
998	763
998	782
998	793
998	795
998	807
998	809
998	815
998	824
998	850
998	855
998	859
998	860
998	865
998	871
998	877
998	887
998	890
998	919
998	921
998	931
998	932
998	934
998	935
998	938
998	947
998	948
998	957
998	961
998	970
998	974
998	976
998	978
998	979
998	984
998	985
998	986
998	993
998	1000
999	7
999	20
999	28
999	48
999	58
999	61
999	113
999	131
999	137
999	152
999	168
999	173
999	239
999	249
999	256
999	277
999	284
999	300
999	307
999	328
999	348
999	349
999	388
999	390
999	401
999	435
999	438
999	458
999	467
999	469
999	470
999	472
999	477
999	488
999	492
999	493
999	494
999	503
999	514
999	520
999	522
999	530
999	538
999	542
999	556
999	557
999	576
999	596
999	605
999	629
999	634
999	635
999	637
999	647
999	664
999	665
999	667
999	673
999	675
999	682
999	690
999	704
999	713
999	745
999	746
999	753
999	756
999	757
999	759
999	761
999	764
999	765
999	776
999	787
999	816
999	818
999	820
999	826
999	832
999	835
999	838
999	843
999	882
999	897
999	898
999	899
999	915
999	927
999	930
999	938
999	945
999	951
999	960
999	968
999	989
999	993
1000	29
1000	33
1000	35
1000	38
1000	46
1000	98
1000	104
1000	105
1000	110
1000	140
1000	149
1000	197
1000	209
1000	221
1000	230
1000	232
1000	233
1000	263
1000	265
1000	278
1000	289
1000	314
1000	329
1000	340
1000	345
1000	383
1000	396
1000	409
1000	450
1000	462
1000	464
1000	465
1000	491
1000	499
1000	517
1000	527
1000	536
1000	545
1000	550
1000	597
1000	598
1000	605
1000	611
1000	640
1000	657
1000	674
1000	691
1000	696
1000	720
1000	721
1000	731
1000	738
1000	739
1000	740
1000	745
1000	779
1000	793
1000	795
1000	809
1000	815
1000	824
1000	850
1000	859
1000	863
1000	865
1000	866
1000	871
1000	884
1000	890
1000	905
1000	916
1000	919
1000	921
1000	922
1000	925
1000	931
1000	932
1000	934
1000	935
1000	953
1000	957
1000	960
1000	964
1000	966
1000	968
1000	974
1000	976
1000	978
1000	981
1000	983
1000	984
1000	985
1000	986
1000	987
1000	990
1000	994
1000	998
