1	938
1	978
1	980
2	930
2	969
2	990
3	497
3	984
3	996
4	925
4	968
4	994
5	692
5	996
5	998
6	45
6	657
6	956
7	184
7	337
7	983
8	563
8	980
8	996
9	418
9	796
9	995
10	806
10	884
10	970
11	317
11	550
11	952
12	791
12	988
12	996
13	858
13	926
13	985
14	966
14	993
14	997
15	823
15	827
15	988
16	735
16	993
16	1000
17	973
17	991
17	998
18	649
18	790
18	998
19	835
19	989
19	999
20	281
20	726
20	963
21	785
21	912
21	988
22	97
22	994
22	999
23	799
23	940
23	953
24	224
24	948
24	995
25	735
25	991
25	1000
26	77
26	931
26	990
27	386
27	675
27	921
28	895
28	935
28	992
29	703
29	889
29	963
30	736
30	897
30	996
31	937
31	989
31	999
32	940
32	953
32	985
33	639
33	905
33	1000
34	968
34	984
34	994
35	272
35	967
35	989
36	306
36	881
36	982
37	920
37	950
37	982
38	889
38	916
38	963
39	740
39	971
39	997
40	903
40	983
40	998
41	929
41	981
41	1000
42	398
42	997
42	1000
43	945
43	991
43	1000
44	912
44	987
44	996
45	6
45	525
45	809
46	482
46	862
46	960
47	729
47	787
47	995
48	961
48	989
48	999
49	993
49	997
49	1000
50	329
50	832
50	981
51	956
51	992
51	999
52	319
52	907
52	954
53	553
53	778
53	997
54	818
54	922
54	963
55	818
55	907
55	996
56	855
56	946
56	996
57	570
57	972
57	999
58	681
58	993
58	1000
59	256
59	931
59	959
60	674
60	910
60	940
61	339
61	939
61	980
62	789
62	986
62	996
63	545
63	947
63	1000
64	841
64	878
64	1000
65	411
65	592
65	712
66	715
66	811
66	992
67	744
67	913
67	987
68	692
68	728
68	986
69	940
69	983
69	985
70	941
70	968
70	1000
71	954
71	989
71	998
72	901
72	906
72	958
73	558
73	989
73	999
74	823
74	932
74	996
75	404
75	961
75	999
76	699
76	899
76	907
77	26
77	896
77	964
78	557
78	951
78	953
79	955
79	965
79	981
80	725
80	958
80	996
81	759
81	886
81	964
82	840
82	958
82	996
83	840
83	958
83	996
84	636
84	907
84	954
85	870
85	935
85	967
86	451
86	477
86	869
87	575
87	879
87	983
88	575
88	953
88	983
89	803
89	947
89	975
90	225
90	970
90	976
91	909
91	988
91	998
92	883
92	926
92	985
93	728
93	994
93	998
94	975
94	982
94	995
95	606
95	910
95	983
96	438
96	784
96	952
97	22
97	992
97	999
98	833
98	933
98	949
99	522
99	915
99	949
100	382
100	954
100	988
101	684
101	813
101	995
102	919
102	947
102	992
103	978
103	979
103	980
104	944
104	969
104	990
105	957
105	968
105	994
106	905
106	970
106	976
107	396
107	918
107	988
108	947
108	975
108	982
109	958
109	996
109	998
110	571
110	766
110	784
111	774
111	965
111	997
112	765
112	902
112	939
113	530
113	730
113	896
114	484
114	585
114	948
115	826
115	894
115	1000
116	988
116	996
116	998
117	959
117	967
117	998
118	783
118	893
118	989
119	616
119	859
119	990
120	217
120	431
120	952
121	754
121	957
121	994
122	968
122	984
122	994
123	865
123	910
123	940
124	831
124	991
124	997
125	591
125	982
125	995
126	821
126	902
126	963
127	135
127	973
127	996
128	764
128	978
128	980
129	600
129	852
129	895
130	652
130	992
130	999
131	851
131	874
131	996
132	756
132	970
132	976
133	310
133	993
133	997
134	900
134	927
134	994
135	127
135	981
135	986
136	839
136	983
136	985
137	709
137	812
137	994
138	882
138	971
138	991
139	853
139	939
139	978
140	821
140	942
140	997
141	618
141	824
141	983
142	859
142	933
142	988
143	566
143	917
143	994
144	839
144	983
144	990
145	888
145	902
145	980
146	960
146	998
146	1000
147	706
147	948
147	990
148	770
148	809
148	959
149	486
149	997
149	999
150	427
150	889
150	963
151	846
151	916
151	995
152	928
152	971
152	1000
153	563
153	912
153	996
154	581
154	769
154	921
155	193
155	582
155	874
156	865
156	926
156	983
157	801
157	946
157	987
158	752
158	901
158	979
159	899
159	912
159	979
160	651
160	919
160	940
161	778
161	916
161	995
162	883
162	986
162	996
163	977
163	997
163	1000
164	732
164	817
164	891
165	882
165	955
165	997
166	444
166	991
166	997
167	233
167	673
167	975
168	953
168	983
168	992
169	777
169	859
169	976
170	225
170	978
170	980
171	533
171	922
171	963
172	208
172	482
172	908
173	718
173	953
173	985
174	479
174	965
174	977
175	928
175	997
175	1000
176	376
176	875
176	978
177	641
177	949
177	976
178	757
178	759
178	922
179	645
179	793
179	958
180	940
180	951
180	983
181	989
181	992
181	999
182	455
182	761
182	978
183	948
183	965
183	990
184	7
184	718
184	910
185	812
185	984
185	994
186	861
186	984
186	994
187	889
187	891
187	922
188	959
188	960
188	998
189	413
189	964
189	993
190	400
190	962
190	981
191	951
191	983
191	985
192	862
192	934
192	994
193	155
193	705
193	988
194	489
194	935
194	991
195	868
195	961
195	999
196	973
196	986
196	996
197	451
197	870
197	952
198	827
198	958
198	988
199	611
199	857
199	972
200	908
200	987
200	998
201	599
201	906
201	946
202	978
202	979
202	980
203	818
203	959
203	974
204	272
204	632
204	969
205	650
205	928
205	991
206	824
206	983
206	985
207	303
207	887
207	911
208	172
208	425
208	998
209	454
209	931
209	932
210	945
210	993
210	1000
211	546
211	873
211	964
212	982
212	990
212	995
213	959
213	974
213	998
214	330
214	927
214	994
215	915
215	942
215	980
216	927
216	984
216	994
217	120
217	784
217	967
218	777
218	914
218	949
219	331
219	430
219	998
220	915
220	970
220	976
221	633
221	750
221	982
222	749
222	975
222	995
223	928
223	929
223	962
224	24
224	969
224	982
225	90
225	170
225	978
226	877
226	970
226	976
227	712
227	969
227	975
228	369
228	950
228	995
229	966
229	989
229	999
230	979
230	980
230	987
231	966
231	989
231	999
232	873
232	886
232	920
233	167
233	890
233	975
234	389
234	847
234	980
235	742
235	962
235	997
236	613
236	986
236	988
237	848
237	891
237	937
238	901
238	996
238	998
239	975
239	990
239	995
240	464
240	983
240	985
241	828
241	845
241	897
242	363
242	494
242	989
243	321
243	941
243	981
244	301
244	970
244	976
245	962
245	993
245	997
246	955
246	977
246	993
247	794
247	952
247	983
248	932
248	973
248	987
249	648
249	984
249	994
250	731
250	915
250	970
251	432
251	940
251	953
252	483
252	973
252	986
253	663
253	936
253	994
254	322
254	358
254	985
255	300
255	911
255	965
256	59
256	800
256	960
257	345
257	983
257	985
258	302
258	711
258	1000
259	480
259	993
259	994
260	877
260	949
260	956
261	822
261	931
261	965
262	767
262	857
262	919
263	811
263	992
263	999
264	807
264	986
264	996
265	299
265	345
265	967
266	721
266	957
266	994
267	871
267	966
267	972
268	503
268	715
268	999
269	983
269	984
269	994
270	569
270	899
270	996
271	782
271	969
271	1000
272	35
272	204
272	830
273	989
273	992
273	999
274	757
274	763
274	889
275	941
275	993
275	997
276	977
276	991
276	1000
277	726
277	912
277	932
278	577
278	829
278	963
279	861
279	984
279	994
280	776
280	987
280	998
281	20
281	582
281	887
282	339
282	997
282	1000
283	320
283	734
283	838
284	940
284	983
284	985
285	945
285	991
285	997
286	792
286	869
286	877
287	934
287	936
287	994
288	354
288	659
288	989
289	812
289	957
289	994
290	886
290	887
290	911
291	755
291	784
291	897
292	620
292	992
292	999
293	959
293	977
293	993
294	955
294	993
294	997
295	329
295	944
295	950
296	936
296	957
296	994
297	820
297	894
297	945
297	1000
298	332
298	959
298	996
298	998
299	265
299	787
299	935
299	967
300	255
300	655
300	763
300	918
301	244
301	346
301	970
301	976
302	258
302	841
302	971
302	1000
303	207
303	642
303	978
303	980
304	400
304	929
304	977
304	991
305	662
305	880
305	964
305	996
306	36
306	947
306	950
306	969
307	853
307	876
307	881
307	997
308	479
308	909
308	987
308	996
309	841
309	913
309	971
309	1000
310	133
310	804
310	860
310	960
311	636
311	906
311	960
311	996
312	883
312	974
312	984
312	986
313	820
313	945
313	993
313	997
314	880
314	894
314	908
314	988
315	784
315	786
315	845
315	897
316	830
316	870
316	952
316	967
317	11
317	939
317	942
317	979
318	451
318	625
318	933
318	976
319	52
319	937
319	986
319	998
320	283
320	673
320	941
320	993
321	243
321	863
321	916
321	1000
322	254
322	337
322	872
322	953
323	825
323	961
323	992
323	999
324	606
324	664
324	904
324	951
325	848
325	857
325	972
325	999
326	725
326	763
326	946
326	973
327	551
327	937
327	961
327	999
328	371
328	567
328	918
328	963
329	50
329	295
329	964
329	995
330	214
330	462
330	775
330	995
331	219
331	509
331	959
331	974
332	298
332	487
332	589
332	959
333	442
333	549
333	749
333	995
334	574
334	598
334	953
334	985
335	644
335	934
335	984
335	994
336	950
336	963
336	964
336	995
337	7
337	322
337	983
337	985
338	961
338	966
338	989
338	992
339	61
339	282
339	860
339	1000
340	839
340	953
340	983
340	985
341	849
341	900
341	936
341	994
342	962
342	991
342	997
342	1000
343	692
343	776
343	958
343	986
344	619
344	938
344	978
344	979
345	257
345	265
345	921
345	935
346	301
346	978
346	979
346	980
347	619
347	875
347	942
347	979
348	866
348	903
348	949
348	956
349	807
349	919
349	972
349	999
350	424
350	839
350	926
350	985
351	602
351	906
351	943
351	996
352	736
352	784
352	921
352	967
353	710
353	973
353	996
353	998
354	288
354	462
354	720
354	780
355	801
355	946
355	962
355	1000
356	577
356	628
356	732
356	887
357	772
357	900
357	957
357	994
358	254
358	420
358	542
358	992
359	485
359	502
359	908
359	996
360	789
360	946
360	986
360	987
361	588
361	966
361	989
361	999
362	592
362	709
362	984
362	994
363	242
363	767
363	992
363	999
364	858
364	953
364	966
364	985
365	865
365	926
365	951
365	953
366	682
366	770
366	960
366	986
367	527
367	828
367	935
367	967
368	385
368	857
368	893
368	999
369	228
369	947
369	948
369	990
370	863
370	928
370	993
370	1000
371	328
371	637
371	886
371	893
372	503
372	936
372	957
372	968
373	808
373	991
373	997
373	1000
374	536
374	819
374	922
374	963
375	831
375	866
375	915
375	970
376	176
376	825
376	848
376	999
377	914
377	915
377	970
377	976
378	410
378	437
378	618
378	983
379	802
379	919
379	966
379	992
380	852
380	864
380	892
380	967
381	879
381	961
381	992
381	999
382	100
382	561
382	878
382	990
383	605
383	887
383	911
383	995
384	535
384	951
384	983
384	985
385	368
385	783
385	937
385	992
386	27
386	559
386	761
386	967
387	876
387	924
387	941
387	1000
388	659
388	966
388	972
388	999
389	234
389	518
389	942
389	979
390	877
390	923
390	959
390	996
391	516
391	958
391	996
391	998
392	922
392	982
392	990
392	995
393	791
393	960
393	996
393	998
394	702
394	961
394	979
394	980
395	470
395	556
395	755
395	766
396	107
396	512
396	874
396	987
397	896
397	930
397	964
397	969
398	42
398	961
398	972
398	999
399	812
399	849
399	984
399	994
400	190
400	304
400	924
400	997
401	929
401	955
401	977
401	1000
402	613
402	793
402	931
402	954
403	756
403	904
403	933
403	976
404	75
404	611
404	807
404	989
405	489
405	830
405	892
405	935
406	945
406	955
406	977
406	997
407	811
407	981
407	991
407	1000
408	705
408	937
408	966
408	999
409	914
409	938
409	979
409	980
410	378
410	951
410	983
410	985
411	65
411	710
411	983
411	985
412	629
412	742
412	981
412	993
413	189
413	474
413	975
413	982
414	909
414	972
414	992
414	999
415	600
415	699
415	892
415	967
416	608
416	943
416	971
416	973
417	594
417	899
417	931
417	943
418	9
418	469
418	943
418	982
419	709
419	936
419	957
419	984
420	358
420	847
420	992
420	999
421	965
421	981
421	997
421	1000
422	823
422	827
422	834
422	978
423	705
423	990
423	996
423	998
424	350
424	614
424	953
424	983
425	208
425	660
425	966
425	989
426	646
426	868
426	919
426	992
427	150
427	703
427	795
427	918
428	847
428	887
428	989
428	999
429	566
429	718
429	983
429	985
430	219
430	487
430	798
430	987
431	120
431	493
431	892
431	899
432	251
432	508
432	618
432	983
433	603
433	965
433	977
433	1000
434	863
434	882
434	955
434	1000
435	790
435	973
435	977
435	988
436	874
436	908
436	943
436	988
437	378
437	858
437	953
437	985
438	96
438	600
438	828
438	892
439	582
439	798
439	909
439	973
440	783
440	901
440	939
440	942
441	720
441	871
441	890
441	995
442	333
442	700
442	930
442	990
443	866
443	904
443	956
443	976
444	166
444	773
444	984
444	994
445	520
445	921
445	935
445	952
446	741
446	882
446	894
446	971
447	588
447	878
447	930
447	975
448	839
448	865
448	983
448	985
449	730
449	758
449	975
449	990
450	964
450	975
450	990
450	995
451	86
451	197
451	318
451	970
452	945
452	977
452	981
452	991
453	696
453	721
453	978
453	980
454	209
454	739
454	954
454	996
455	182
455	942
455	979
455	980
456	908
456	960
456	987
456	988
457	477
457	561
457	947
457	975
458	532
458	850
458	987
458	998
459	866
459	869
459	956
459	970
460	851
460	913
460	960
460	974
461	628
461	882
461	955
461	993
462	330
462	354
462	729
462	990
463	913
463	943
463	954
463	974
464	240
464	614
464	824
464	839
464	985
465	696
465	725
465	846
465	923
465	986
466	553
466	599
466	774
466	970
466	991
467	646
467	869
467	877
467	914
467	976
468	551
468	610
468	966
468	989
468	999
469	418
469	569
469	635
469	916
469	975
470	395
470	861
470	934
470	984
470	994
471	846
471	916
471	982
471	990
471	995
472	719
472	945
472	978
472	979
472	980
473	881
473	962
473	977
473	993
473	1000
474	413
474	920
474	944
474	982
474	990
475	871
475	966
475	989
475	992
475	999
476	577
476	623
476	747
476	819
476	922
477	86
477	457
477	969
477	975
477	982
478	873
478	896
478	904
478	969
478	995
479	174
479	308
479	907
479	996
479	998
480	259
480	840
480	936
480	984
480	994
481	653
481	853
481	971
481	991
481	997
482	46
482	172
482	874
482	974
482	986
483	252
483	787
483	944
483	947
483	982
484	114
484	907
484	958
484	974
484	988
485	359
485	964
485	969
485	990
485	995
486	149
486	919
486	961
486	992
486	999
487	332
487	430
487	613
487	974
487	998
488	853
488	941
488	977
488	997
488	1000
489	194
489	405
489	581
489	870
489	987
490	823
490	960
490	973
490	988
490	998
491	840
491	883
491	986
491	996
491	998
492	635
492	780
492	797
492	947
492	975
493	431
493	736
493	794
493	845
493	870
494	242
494	821
494	938
494	942
494	979
495	652
495	814
495	876
495	901
495	978
496	792
496	799
496	867
496	949
496	956
497	3
497	906
497	908
497	943
497	988
498	975
498	982
498	990
498	995
498	998
499	503
499	866
499	879
499	989
499	999
500	640
500	746
500	977
500	991
500	997
501	619
501	888
501	942
501	978
501	979
502	359
502	563
502	880
502	943
502	996
503	268
503	372
503	499
503	751
503	999
504	520
504	788
504	895
504	959
504	967
505	535
505	605
505	655
505	918
505	963
506	858
506	872
506	933
506	940
506	983
507	821
507	923
507	954
507	958
507	996
508	432
508	685
508	710
508	926
508	983
509	331
509	910
509	940
509	951
509	983
510	971
510	991
510	993
510	997
510	1000
511	727
511	902
511	938
511	979
511	980
512	396
512	903
512	907
512	973
512	995
513	519
513	826
513	911
513	918
513	963
514	606
514	858
514	872
514	983
514	985
515	884
515	904
515	933
515	949
515	956
516	391
516	667
516	959
516	973
516	996
517	727
517	823
517	938
517	978
517	980
518	389
518	721
518	764
518	938
518	978
519	513
519	577
519	703
519	795
519	963
520	445
520	504
520	864
520	921
520	952
521	821
521	846
521	939
521	942
521	978
522	99
522	877
522	904
522	949
522	976
523	924
523	938
523	939
523	978
523	979
524	534
524	781
524	968
524	984
524	994
525	45
525	858
525	872
525	926
525	940
526	594
526	850
526	927
526	988
526	998
527	367
527	845
527	852
527	935
527	967
528	834
528	879
528	931
528	973
528	988
529	778
529	872
529	890
529	920
529	948
530	113
530	671
530	964
530	969
530	975
531	773
531	934
531	968
531	984
531	994
532	458
532	708
532	851
532	974
532	986
533	171
533	703
533	723
533	918
533	963
534	524
534	641
534	831
534	877
534	976
535	384
535	505
535	940
535	983
535	985
536	374
536	732
536	886
536	887
536	998
537	804
537	876
537	924
537	991
537	1000
538	874
538	960
538	988
538	996
538	998
539	815
539	898
539	929
539	962
539	997
540	724
540	830
540	892
540	952
540	967
541	911
541	943
541	974
541	987
541	996
542	358
542	842
542	847
542	992
542	999
543	663
543	925
543	936
543	968
543	994
544	760
544	851
544	880
544	954
544	998
545	63
545	991
545	997
545	999
545	1000
546	211
546	878
546	982
546	990
546	995
547	912
547	973
547	974
547	987
547	998
548	890
548	951
548	953
548	983
548	985
549	333
549	693
549	878
549	990
549	995
550	11
550	794
550	852
550	897
550	952
551	327
551	468
551	937
551	992
551	999
552	655
552	668
552	698
552	763
552	963
553	53
553	466
553	738
553	809
553	965
554	769
554	852
554	921
554	967
554	985
555	879
555	972
555	989
555	992
555	1000
556	395
556	794
556	892
556	935
556	952
557	78
557	915
557	949
557	956
557	970
558	73
558	825
558	966
558	989
558	999
559	386
559	734
559	897
559	935
559	967
560	783
560	826
560	868
560	989
560	992
560	999
561	382
561	457
561	775
561	906
561	975
561	995
562	635
562	672
562	947
562	950
562	969
562	982
563	8
563	153
563	502
563	850
563	913
563	954
564	892
564	900
564	934
564	968
564	984
564	994
565	821
565	888
565	942
565	978
565	980
565	997
566	143
566	429
566	710
566	910
566	983
566	985
567	328
567	722
567	829
567	889
567	891
567	963
568	798
568	805
568	936
568	957
568	968
568	994
569	270
569	469
569	947
569	950
569	975
569	982
570	57
570	865
570	926
570	940
570	951
570	985
571	110
571	892
571	897
571	921
571	937
571	967
572	719
572	737
572	875
572	938
572	948
572	978
573	733
573	836
573	947
573	969
573	982
573	995
574	334
574	810
574	856
574	972
574	992
574	999
575	87
575	88
575	674
575	890
575	953
575	985
576	697
576	844
576	914
576	924
576	981
576	997
577	278
577	356
577	476
577	519
577	829
577	889
578	741
578	965
578	970
578	991
578	993
578	1000
579	905
579	936
579	941
579	962
579	991
579	997
580	900
580	925
580	927
580	958
580	984
580	994
581	154
581	489
581	584
581	697
581	769
581	935
582	155
582	281
582	439
582	656
582	822
582	943
583	737
583	781
583	917
583	927
583	968
583	984
584	581
584	794
584	852
584	892
584	895
584	935
585	114
585	723
585	759
585	982
585	990
585	995
586	642
586	653
586	815
586	875
586	901
586	938
587	794
587	894
587	895
587	921
587	952
587	967
588	361
588	447
588	665
588	873
588	975
588	995
589	332
589	690
589	725
589	827
589	854
589	988
590	734
590	752
590	929
590	943
590	971
590	997
591	125
591	813
591	896
591	947
591	969
591	996
592	65
592	362
592	685
592	951
592	953
592	983
593	625
593	731
593	777
593	867
593	933
593	957
594	417
594	526
594	874
594	903
594	954
594	976
595	671
595	805
595	925
595	957
595	984
595	994
596	622
596	709
596	903
596	946
596	960
596	986
597	690
597	770
597	790
597	850
597	864
597	998
598	334
598	858
598	947
598	951
598	983
598	985
599	201
599	466
599	774
599	945
599	955
599	997
600	129
600	415
600	438
600	632
600	845
600	952
601	711
601	898
601	981
601	990
601	997
601	1000
602	351
602	900
602	934
602	957
602	984
602	994
603	433
603	770
603	827
603	906
603	954
603	986
604	757
604	819
604	886
604	911
604	942
604	963
605	383
605	505
605	621
605	891
605	929
605	963
606	95
606	324
606	514
606	926
606	940
606	985
607	885
607	928
607	980
607	993
607	997
607	1000
608	416
608	790
608	798
608	913
608	986
608	988
609	619
609	708
609	843
609	958
609	974
609	988
610	468
610	850
610	868
610	961
610	972
610	999
611	199
611	404
611	617
611	758
611	989
611	999
612	925
612	927
612	968
612	982
612	984
612	994
613	236
613	402
613	487
613	880
613	918
613	931
614	424
614	464
614	799
614	824
614	865
614	951
615	704
615	785
615	923
615	946
615	973
615	998
616	119
616	836
616	964
616	982
616	990
616	995
617	611
617	810
617	937
617	966
617	992
617	999
618	141
618	378
618	432
618	762
618	910
618	953
619	344
619	347
619	501
619	609
619	888
619	979
620	292
620	937
620	972
620	989
620	992
620	999
621	605
621	628
621	726
621	795
621	891
621	995
622	596
622	954
622	987
622	989
622	996
622	998
623	476
623	757
623	829
623	911
623	918
623	963
624	825
624	937
624	961
624	986
624	989
624	992
625	318
625	593
625	904
625	956
625	970
625	976
626	837
626	855
626	971
626	981
626	993
626	997
627	859
627	904
627	914
627	950
627	956
627	976
628	356
628	461
628	621
628	726
628	795
628	889
629	412
629	885
629	924
629	929
629	977
629	991
630	835
630	871
630	972
630	989
630	992
630	999
631	806
631	865
631	867
631	869
631	884
631	933
631	976
632	204
632	600
632	828
632	864
632	897
632	935
632	952
633	221
633	700
633	813
633	948
633	964
633	975
633	990
634	647
634	691
634	922
634	938
634	939
634	942
634	979
635	469
635	492
635	562
635	720
635	947
635	948
635	990
636	84
636	311
636	809
636	899
636	935
636	996
636	998
637	371
637	757
637	763
637	891
637	922
637	963
637	975
638	729
638	748
638	780
638	948
638	950
638	982
638	990
639	33
639	890
639	896
639	916
639	944
639	950
639	995
640	500
640	713
640	898
640	971
640	981
640	991
640	993
641	177
641	534
641	792
641	868
641	933
641	949
641	956
642	303
642	586
642	647
642	764
642	939
642	978
642	980
643	790
643	793
643	906
643	923
643	987
643	996
643	998
644	335
644	768
644	773
644	917
644	927
644	984
644	994
645	179
645	649
645	903
645	960
645	966
645	974
645	996
646	426
646	467
646	893
646	972
646	989
646	992
646	999
647	634
647	642
647	727
647	880
647	901
647	939
647	980
648	249
648	733
648	778
648	916
648	930
648	982
648	995
649	18
649	645
649	854
649	987
649	988
649	998
649	999
650	205
650	675
650	874
650	928
650	971
650	977
650	997
651	160
651	741
651	810
651	837
651	961
651	992
651	999
652	130
652	495
652	821
652	939
652	942
652	978
652	979
653	481
653	586
653	764
653	888
653	902
653	942
653	979
654	683
654	691
654	833
654	859
654	867
654	914
654	970
655	300
655	505
655	552
655	668
655	698
655	763
655	963
656	582
656	896
656	932
656	960
656	987
656	996
656	998
657	6
657	903
657	909
657	946
657	960
657	974
657	998
658	738
658	898
658	945
658	965
658	979
658	993
658	997
659	288
659	388
659	666
659	813
659	916
659	982
659	990
660	425
660	680
660	803
660	837
660	989
660	992
660	999
661	846
661	877
661	930
661	944
661	964
661	990
661	995
662	305
662	856
662	880
662	906
662	954
662	973
662	988
663	253
663	543
663	900
663	917
663	957
663	994
663	1000
664	324
664	799
664	910
664	926
664	940
664	985
664	989
665	588
665	733
665	759
665	947
665	962
665	982
665	990
666	659
666	750
666	873
666	896
666	930
666	950
666	969
667	516
667	896
667	931
667	959
667	973
667	986
667	998
668	552
668	655
668	732
668	916
668	918
668	922
668	963
669	857
669	891
669	961
669	972
669	989
669	992
669	999
670	862
670	917
670	925
670	936
670	957
670	984
670	994
671	530
671	595
671	917
671	927
671	968
671	984
671	994
672	562
672	730
672	836
672	969
672	975
672	982
672	990
673	167
673	320
673	965
673	981
673	991
673	993
673	1000
674	60
674	575
674	872
674	926
674	940
674	951
674	985
675	27
675	650
675	844
675	860
675	991
675	997
675	1000
676	814
676	888
676	901
676	938
676	978
676	979
676	980
677	818
677	827
677	932
677	973
677	984
677	988
677	998
678	850
678	907
678	973
678	974
678	986
678	988
678	998
679	888
679	902
679	930
679	939
679	978
679	979
679	980
680	660
680	693
680	961
680	966
680	972
680	989
680	999
681	58
681	885
681	975
681	977
681	981
681	997
681	1000
682	366
682	928
682	962
682	965
682	993
682	997
682	1000
683	654
683	816
683	904
683	914
683	956
683	970
683	976
684	101
684	872
684	920
684	930
684	944
684	948
684	990
685	508
685	592
685	872
685	951
685	952
685	953
685	985
686	848
686	893
686	972
686	989
686	992
686	994
686	999
687	692
687	789
687	959
687	974
687	975
687	987
687	996
688	781
688	876
688	881
688	945
688	977
688	993
688	997
689	774
689	779
689	797
689	832
689	977
689	988
689	993
690	589
690	597
690	840
690	843
690	849
690	912
690	974
691	634
691	654
691	765
691	821
691	938
691	979
691	980
692	5
692	68
692	343
692	687
692	907
692	987
692	998
693	549
693	680
693	751
693	847
693	871
693	972
693	992
693	999
694	744
694	848
694	919
694	937
694	966
694	972
694	989
694	992
695	905
695	928
695	971
695	977
695	981
695	991
695	994
695	997
696	453
696	465
696	746
696	909
696	973
696	986
696	988
696	998
697	576
697	581
697	962
697	965
697	977
697	981
697	993
697	1000
698	552
698	655
698	788
698	829
698	886
698	889
698	918
698	922
699	76
699	415
699	766
699	845
699	870
699	935
699	952
699	967
700	442
700	633
700	846
700	890
700	920
700	964
700	995
700	998
701	767
701	844
701	847
701	856
701	966
701	989
701	992
701	999
702	394
702	814
702	901
702	902
702	939
702	978
702	979
702	980
703	29
703	427
703	519
703	533
703	886
703	891
703	963
703	984
704	615
704	735
704	789
704	931
704	932
704	958
704	974
704	986
705	193
705	408
705	423
705	708
705	747
705	974
705	996
705	998
706	147
706	730
706	871
706	873
706	930
706	944
706	947
706	982
707	816
707	831
707	867
707	904
707	914
707	949
707	956
707	970
708	532
708	609
708	705
708	976
708	986
708	987
708	988
708	998
709	137
709	362
709	419
709	596
709	917
709	968
709	984
709	994
710	353
710	411
710	508
710	566
710	940
710	951
710	983
710	985
711	258
711	601
711	882
711	920
711	962
711	993
711	997
711	1000
712	65
712	227
712	775
712	890
712	947
712	969
712	982
712	990
713	640
713	738
713	898
713	917
713	941
713	991
713	997
713	1000
714	905
714	919
714	924
714	977
714	981
714	991
714	993
714	1000
715	66
715	268
715	758
715	811
715	961
715	989
715	992
715	999
716	896
716	920
716	947
716	948
716	950
716	975
716	990
716	993
717	813
717	846
717	930
717	944
717	947
717	972
717	990
717	995
718	173
718	184
718	429
718	872
718	910
718	926
718	951
718	985
719	472
719	572
719	745
719	875
719	901
719	907
719	942
719	979
720	354
720	441
720	635
720	728
720	916
720	948
720	950
720	995
721	266
721	453
721	518
721	727
721	875
721	978
721	979
721	980
722	567
722	732
722	817
722	886
722	911
722	918
722	951
722	963
723	533
723	585
723	763
723	886
723	889
723	891
723	911
723	922
724	540
724	766
724	769
724	788
724	852
724	895
724	921
724	952
725	80
725	326
725	465
725	589
725	880
725	908
725	935
725	996
725	998
726	20
726	277
726	621
726	628
726	817
726	911
726	918
726	922
726	963
727	511
727	517
727	647
727	721
727	814
727	961
727	978
727	979
727	980
728	68
728	93
728	720
728	776
728	793
728	854
728	946
728	986
728	996
729	47
729	462
729	638
729	950
729	969
729	982
729	990
729	995
729	997
730	113
730	449
730	672
730	706
730	948
730	964
730	967
730	990
730	995
731	250
731	593
731	792
731	874
731	884
731	949
731	956
731	970
731	976
732	164
732	356
732	536
732	668
732	722
732	891
732	922
732	963
732	971
733	573
733	648
733	665
733	787
733	846
733	910
733	920
733	944
733	990
734	283
734	559
734	590
734	738
734	815
734	885
734	924
734	962
734	1000
735	16
735	25
735	704
735	898
735	941
735	971
735	981
735	993
735	1000
736	30
736	352
736	493
736	751
736	788
736	892
736	895
736	921
736	967
737	572
737	583
737	875
737	938
737	939
737	942
737	978
737	979
737	980
738	553
738	658
738	713
738	734
738	884
738	965
738	981
738	993
738	997
739	454
739	854
739	909
739	913
739	973
739	987
739	988
739	996
739	997
740	39
740	791
740	820
740	876
740	924
740	929
740	971
740	977
740	1000
741	446
741	578
741	651
741	855
741	929
741	941
741	962
741	993
741	1000
742	235
742	412
742	928
742	945
742	955
742	958
742	965
742	981
742	991
743	773
743	776
743	849
743	934
743	936
743	957
743	968
743	984
743	994
744	67
744	694
744	751
744	783
744	811
744	835
744	837
744	972
744	999
745	719
745	888
745	901
745	902
745	938
745	974
745	978
745	979
745	980
746	500
746	696
746	770
746	954
746	973
746	986
746	988
746	996
746	998
747	476
747	705
747	753
747	931
747	946
747	959
747	987
747	996
747	998
748	638
748	826
748	857
748	868
748	966
748	972
748	989
748	992
748	999
749	222
749	333
749	902
749	930
749	944
749	964
749	975
749	990
749	995
750	221
750	666
750	796
750	890
750	948
750	975
750	977
750	990
750	995
751	503
751	693
751	736
751	744
751	835
751	848
751	972
751	989
751	999
752	158
752	590
752	820
752	844
752	853
752	855
752	928
752	981
752	997
753	747
753	843
753	908
753	932
753	960
753	986
753	987
753	996
753	998
754	121
754	813
754	862
754	925
754	927
754	957
754	968
754	984
754	994
755	291
755	395
755	828
755	830
755	870
755	895
755	897
755	921
755	993
756	132
756	403
756	808
756	884
756	914
756	915
756	949
756	976
756	992
757	178
757	274
757	604
757	623
757	637
757	819
757	838
757	886
757	963
758	449
758	611
758	715
758	826
758	856
758	871
758	879
758	989
758	992
759	81
759	178
759	585
759	665
759	920
759	944
759	964
759	969
759	990
759	995
760	544
760	802
760	829
760	851
760	899
760	912
760	987
760	988
760	996
760	998
761	182
761	386
761	888
761	901
761	902
761	939
761	942
761	978
761	979
761	980
762	618
762	805
762	824
762	839
762	910
762	926
762	951
762	953
762	983
762	985
763	274
763	300
763	326
763	552
763	637
763	655
763	723
763	817
763	911
763	963
764	128
764	518
764	642
764	653
764	888
764	902
764	975
764	978
764	979
764	980
765	112
765	691
765	814
765	899
765	902
765	938
765	939
765	978
765	979
765	980
766	110
766	395
766	699
766	724
766	782
766	828
766	892
766	921
766	952
766	967
767	262
767	363
767	701
767	783
767	893
767	923
767	966
767	989
767	992
767	999
768	644
768	917
768	925
768	927
768	936
768	943
768	957
768	968
768	984
768	994
769	154
769	554
769	581
769	724
769	772
769	845
769	852
769	870
769	921
769	967
770	148
770	366
770	597
770	603
770	746
770	880
770	898
770	907
770	931
770	932
771	783
771	842
771	843
771	893
771	919
771	961
771	966
771	989
771	992
771	999
772	357
772	769
772	781
772	925
772	934
772	936
772	957
772	968
772	984
772	994
773	444
773	531
773	644
773	743
773	900
773	934
773	968
773	979
773	984
773	994
774	111
774	466
774	599
774	689
774	955
774	971
774	986
774	991
774	993
774	997
775	330
775	561
775	712
775	793
775	944
775	947
775	948
775	950
775	990
775	995
776	280
776	343
776	728
776	743
776	923
776	932
776	954
776	974
776	987
776	998
777	169
777	218
777	593
777	833
777	875
777	904
777	914
777	949
777	956
777	976
778	53
778	161
778	529
778	648
778	920
778	947
778	948
778	964
778	982
778	995
779	689
779	804
779	815
779	924
779	945
779	955
779	971
779	982
779	993
779	997
780	354
780	492
780	638
780	916
780	930
780	948
780	964
780	982
780	995
780	996
781	524
781	583
781	688
781	772
781	925
781	934
781	957
781	968
781	984
781	994
782	271
782	766
782	815
782	838
782	855
782	882
782	981
782	991
782	997
782	1000
783	118
783	385
783	440
783	560
783	744
783	767
783	771
783	961
783	966
783	999
784	96
784	110
784	217
784	291
784	315
784	352
784	788
784	864
784	967
784	972
785	21
785	615
785	827
785	828
785	851
785	946
785	986
785	987
785	988
785	998
786	315
786	792
786	806
786	816
786	859
786	884
786	914
786	949
786	970
786	976
787	47
787	299
787	483
787	733
787	836
787	916
787	950
787	964
787	969
787	995
788	504
788	698
788	724
788	736
788	784
788	828
788	852
788	864
788	892
788	935
789	62
789	360
789	687
789	704
789	818
789	934
789	946
789	954
789	959
789	996
790	18
790	435
790	597
790	608
790	643
790	885
790	906
790	986
790	987
790	988
791	12
791	393
791	740
791	793
791	874
791	932
791	958
791	960
791	974
791	996
792	286
792	496
792	641
792	731
792	786
792	867
792	904
792	912
792	915
792	933
793	179
793	402
793	643
793	728
793	775
793	791
793	798
793	834
793	946
793	987
794	247
794	493
794	550
794	556
794	584
794	587
794	870
794	952
794	967
794	994
795	427
795	519
795	621
795	628
795	819
795	886
795	891
795	918
795	922
795	992
796	9
796	750
796	878
796	948
796	950
796	969
796	975
796	990
796	995
796	1000
797	492
797	689
797	841
797	876
797	955
797	962
797	965
797	977
797	991
797	1000
798	430
798	439
798	568
798	608
798	793
798	800
798	883
798	946
798	960
798	973
798	998
799	23
799	496
799	614
799	664
799	865
799	872
799	907
799	926
799	940
799	983
799	985
800	256
800	798
800	834
800	880
800	881
800	907
800	908
800	913
800	923
800	946
800	998
801	157
801	355
801	905
801	955
801	962
801	965
801	971
801	977
801	991
801	993
801	997
802	379
802	760
802	843
802	854
802	906
802	912
802	923
802	943
802	959
802	987
802	998
803	89
803	660
803	861
803	917
803	925
803	927
803	934
803	936
803	957
803	968
803	984
804	310
804	537
804	779
804	860
804	885
804	924
804	981
804	991
804	996
804	997
804	1000
805	568
805	595
805	762
805	812
805	862
805	900
805	927
805	936
805	968
805	984
805	994
806	10
806	631
806	786
806	816
806	867
806	904
806	939
806	956
806	970
806	976
806	978
807	264
807	349
807	404
807	871
807	879
807	919
807	937
807	961
807	966
807	989
807	999
808	373
808	756
808	833
808	859
808	914
808	915
808	933
808	949
808	956
808	970
808	976
809	45
809	148
809	553
809	636
809	907
809	932
809	946
809	958
809	987
809	988
809	998
810	574
810	617
810	651
810	826
810	856
810	871
810	919
810	972
810	973
810	989
810	999
811	66
811	263
811	407
811	715
811	744
811	854
811	937
811	966
811	989
811	992
811	999
812	137
812	185
812	289
812	399
812	805
812	917
812	934
812	968
812	978
812	984
812	994
813	101
813	591
813	633
813	659
813	717
813	754
813	916
813	944
813	950
813	969
813	995
814	495
814	676
814	702
814	727
814	765
814	939
814	942
814	951
814	979
814	980
814	993
815	539
815	586
815	734
815	779
815	782
815	928
815	945
815	955
815	993
815	997
815	1000
816	683
816	707
816	786
816	806
816	831
816	877
816	884
816	914
816	933
816	949
816	956
817	164
817	722
817	726
817	763
817	819
817	829
817	886
817	887
817	908
817	911
817	922
818	54
818	55
818	203
818	677
818	789
818	822
818	912
818	943
818	974
818	987
818	998
819	374
819	476
819	604
819	757
819	795
819	817
819	887
819	891
819	911
819	918
819	922
819	986
820	297
820	313
820	740
820	752
820	881
820	894
820	945
820	955
820	982
820	993
820	997
820	1000
821	126
821	140
821	494
821	507
821	521
821	565
821	652
821	691
821	938
821	939
821	978
821	980
822	261
822	582
822	818
822	913
822	923
822	954
822	959
822	974
822	986
822	988
822	995
822	999
823	15
823	74
823	422
823	490
823	517
823	854
823	899
823	923
823	931
823	958
823	960
823	998
824	141
824	206
824	464
824	614
824	762
824	858
824	861
824	865
824	926
824	940
824	951
824	985
825	323
825	376
825	558
825	624
825	835
825	842
825	879
825	937
825	954
825	989
825	992
825	999
826	115
826	513
826	560
826	748
826	758
826	810
826	837
826	842
826	893
826	919
826	937
826	999
827	15
827	198
827	422
827	589
827	603
827	677
827	785
827	874
827	919
827	973
827	987
827	996
828	241
828	367
828	438
828	632
828	755
828	766
828	785
828	788
828	864
828	897
828	935
828	952
829	278
829	567
829	577
829	623
829	698
829	760
829	817
829	887
829	889
829	918
829	922
829	963
830	272
830	316
830	405
830	540
830	755
830	841
830	845
830	852
830	870
830	895
830	921
830	952
830	967
831	124
831	375
831	534
831	707
831	816
831	869
831	884
831	933
831	949
831	956
831	970
831	976
831	999
832	50
832	689
832	853
832	863
832	881
832	905
832	971
832	977
832	981
832	991
832	997
832	998
832	1000
833	98
833	654
833	777
833	808
833	866
833	869
833	884
833	915
833	940
833	949
833	956
833	970
833	976
834	422
834	528
834	793
834	800
834	839
834	899
834	946
834	958
834	959
834	960
834	987
834	988
834	996
835	19
835	630
835	744
835	751
835	825
835	848
835	919
835	937
835	972
835	989
835	991
835	992
835	999
836	573
836	616
836	672
836	787
836	867
836	916
836	920
836	930
836	950
836	969
836	990
836	995
836	996
837	626
837	651
837	660
837	744
837	826
837	856
837	879
837	893
837	961
837	972
837	989
837	992
837	999
838	283
838	757
838	782
838	860
838	881
838	885
838	895
838	924
838	955
838	991
838	993
838	997
838	1000
839	136
839	144
839	340
839	350
839	448
839	464
839	762
839	834
839	852
839	910
839	940
839	951
839	983
840	82
840	83
840	480
840	491
840	690
840	899
840	903
840	909
840	943
840	946
840	974
840	986
840	996
841	64
841	302
841	309
841	797
841	830
841	844
841	885
841	974
841	981
841	991
841	993
841	997
841	1000
842	542
842	771
842	825
842	826
842	857
842	871
842	919
842	938
842	961
842	962
842	966
842	972
842	992
842	999
843	609
843	690
843	753
843	771
843	802
843	899
843	906
843	913
843	946
843	958
843	973
843	986
843	996
843	998
844	576
844	675
844	701
844	752
844	841
844	894
844	941
844	962
844	971
844	977
844	991
844	993
844	997
844	1000
845	241
845	315
845	493
845	527
845	600
845	699
845	769
845	830
845	861
845	895
845	935
845	952
845	967
845	980
846	151
846	465
846	471
846	521
846	661
846	700
846	717
846	733
846	944
846	948
846	950
846	964
846	990
846	995
847	234
847	420
847	428
847	542
847	693
847	701
847	856
847	857
847	868
847	966
847	972
847	989
847	992
847	999
848	237
848	325
848	376
848	686
848	694
848	751
848	835
848	856
848	869
848	879
848	961
848	966
848	992
848	999
849	341
849	399
849	690
849	743
849	857
849	900
849	925
849	927
849	934
849	936
849	957
849	968
849	984
849	994
850	458
850	526
850	563
850	597
850	610
850	678
850	880
850	909
850	923
850	973
850	974
850	988
850	996
850	998
851	131
851	460
851	532
851	544
851	760
851	785
851	883
851	903
851	913
851	943
851	956
851	958
851	959
851	987
852	129
852	380
852	527
852	550
852	554
852	584
852	724
852	769
852	788
852	830
852	839
852	870
852	897
852	910
852	967
853	139
853	307
853	481
853	488
853	752
853	832
853	863
853	894
853	924
853	941
853	965
853	981
853	993
853	997
853	1000
854	589
854	649
854	728
854	739
854	802
854	811
854	823
854	883
854	906
854	946
854	958
854	959
854	970
854	986
854	998
855	56
855	626
855	741
855	752
855	782
855	860
855	955
855	962
855	965
855	971
855	981
855	991
855	993
855	997
855	1000
856	574
856	662
856	701
856	758
856	810
856	837
856	847
856	848
856	868
856	879
856	937
856	961
856	966
856	992
856	999
857	199
857	262
857	325
857	368
857	669
857	748
857	842
857	847
857	849
857	895
857	919
857	961
857	989
857	992
857	999
858	13
858	364
858	437
858	506
858	514
858	525
858	598
858	824
858	910
858	926
858	937
858	942
858	953
858	983
858	985
859	119
859	142
859	169
859	627
859	654
859	786
859	808
859	877
859	884
859	914
859	933
859	949
859	956
859	970
859	976
860	310
860	339
860	675
860	804
860	838
860	855
860	898
860	928
860	962
860	981
860	991
860	993
860	997
860	999
860	1000
861	186
861	279
861	470
861	803
861	824
861	845
861	862
861	925
861	927
861	934
861	936
861	957
861	968
861	984
861	994
862	46
862	192
862	670
862	754
862	805
862	861
862	917
862	925
862	927
862	934
862	936
862	957
862	968
862	984
862	994
863	321
863	370
863	434
863	832
863	853
863	894
863	928
863	932
863	941
863	965
863	971
863	977
863	991
863	993
863	997
863	1000
864	380
864	520
864	597
864	632
864	784
864	788
864	828
864	870
864	892
864	895
864	897
864	921
864	935
864	952
864	967
864	980
865	123
865	156
865	365
865	448
865	570
865	614
865	631
865	799
865	824
865	910
865	926
865	940
865	951
865	953
865	983
865	985
866	348
866	375
866	443
866	459
866	499
866	833
866	869
866	877
866	884
866	915
866	933
866	949
866	956
866	970
866	976
866	1000
867	496
867	593
867	631
867	654
867	707
867	792
867	806
867	836
867	869
867	877
867	904
867	915
867	933
867	956
867	970
867	976
868	195
868	426
868	560
868	610
868	641
868	748
868	847
868	856
868	893
868	919
868	937
868	961
868	972
868	989
868	992
868	999
869	86
869	286
869	459
869	467
869	631
869	831
869	833
869	848
869	866
869	867
869	884
869	904
869	933
869	956
869	976
869	985
870	85
870	197
870	316
870	489
870	493
870	699
870	755
870	769
870	794
870	830
870	852
870	864
870	880
870	895
870	952
870	967
871	267
871	441
871	475
871	630
871	693
871	706
871	758
871	807
871	810
871	842
871	879
871	893
871	961
871	966
871	992
871	999
872	322
872	506
872	514
872	525
872	529
872	674
872	684
872	685
872	718
872	799
872	926
872	940
872	951
872	953
872	983
872	985
873	211
873	232
873	478
873	588
873	666
873	706
873	878
873	896
873	930
873	944
873	964
873	969
873	971
873	982
873	990
873	995
874	131
874	155
874	396
874	436
874	482
874	538
874	594
874	650
874	731
874	791
874	827
874	883
874	974
874	987
874	988
874	996
875	176
875	347
875	572
875	586
875	719
875	721
875	737
875	777
875	888
875	902
875	938
875	942
875	957
875	978
875	979
875	980
876	307
876	387
876	495
876	537
876	688
876	740
876	797
876	929
876	941
876	950
876	962
876	965
876	991
876	993
876	997
876	1000
877	226
877	260
877	286
877	390
877	467
877	522
877	534
877	661
877	816
877	859
877	866
877	867
877	914
877	915
877	956
877	976
878	64
878	382
878	447
878	546
878	549
878	796
878	873
878	890
878	896
878	916
878	923
878	950
878	964
878	975
878	982
878	990
878	995
879	87
879	381
879	499
879	528
879	555
879	758
879	807
879	825
879	837
879	848
879	856
879	871
879	893
879	937
879	966
879	992
879	999
880	305
880	314
880	502
880	544
880	613
880	647
880	662
880	725
880	770
880	800
880	850
880	870
880	912
880	931
880	958
880	987
880	988
881	36
881	307
881	473
881	688
881	800
881	820
881	832
881	838
881	885
881	905
881	924
881	977
881	981
881	991
881	993
881	997
881	1000
882	138
882	165
882	434
882	446
882	461
882	711
882	782
882	905
882	924
882	945
882	951
882	952
882	962
882	965
882	977
882	991
882	993
883	92
883	162
883	312
883	491
883	798
883	851
883	854
883	874
883	909
883	911
883	913
883	943
883	954
883	959
883	986
883	996
883	998
884	10
884	515
884	631
884	731
884	738
884	756
884	786
884	816
884	831
884	833
884	859
884	866
884	869
884	904
884	933
884	956
884	970
885	607
885	629
885	681
885	734
885	790
885	804
885	838
885	841
885	881
885	965
885	971
885	977
885	981
885	989
885	991
885	993
885	1000
886	81
886	232
886	290
886	371
886	536
886	604
886	698
886	703
886	722
886	723
886	757
886	795
886	817
886	887
886	911
886	918
886	922
886	963
887	207
887	281
887	290
887	356
887	383
887	428
887	536
887	817
887	819
887	829
887	886
887	889
887	891
887	911
887	918
887	922
887	963
887	981
888	145
888	501
888	565
888	619
888	653
888	676
888	679
888	745
888	761
888	764
888	875
888	900
888	901
888	939
888	942
888	978
888	979
888	980
889	29
889	38
889	150
889	187
889	274
889	567
889	577
889	628
889	698
889	723
889	829
889	887
889	891
889	911
889	918
889	953
889	963
889	990
890	233
890	441
890	529
890	548
890	575
890	639
890	700
890	712
890	750
890	878
890	930
890	947
890	948
890	950
890	975
890	982
890	990
890	995
891	164
891	187
891	237
891	567
891	605
891	621
891	637
891	669
891	703
891	723
891	732
891	795
891	819
891	887
891	889
891	918
891	922
891	963
892	380
892	405
892	415
892	431
892	438
892	540
892	556
892	564
892	571
892	584
892	736
892	766
892	788
892	864
892	921
892	936
892	952
892	967
893	118
893	368
893	371
893	646
893	686
893	767
893	771
893	826
893	837
893	868
893	871
893	879
893	937
893	961
893	966
893	972
893	989
893	992
893	999
894	115
894	297
894	314
894	446
894	587
894	820
894	844
894	853
894	863
894	924
894	928
894	945
894	962
894	965
894	977
894	981
894	991
894	993
894	1000
895	28
895	129
895	504
895	584
895	587
895	724
895	736
895	755
895	830
895	838
895	845
895	857
895	864
895	870
895	897
895	921
895	935
895	952
895	967
896	77
896	113
896	397
896	478
896	591
896	639
896	656
896	666
896	667
896	716
896	873
896	878
896	930
896	944
896	947
896	964
896	982
896	990
896	995
897	30
897	241
897	291
897	315
897	550
897	559
897	571
897	632
897	755
897	828
897	852
897	864
897	895
897	921
897	935
897	952
897	967
897	979
897	981
898	539
898	601
898	640
898	658
898	713
898	735
898	770
898	860
898	905
898	929
898	962
898	971
898	977
898	981
898	988
898	991
898	993
898	997
898	1000
899	76
899	159
899	270
899	417
899	431
899	636
899	760
899	765
899	823
899	834
899	840
899	843
899	943
899	954
899	958
899	960
899	986
899	988
899	998
900	134
900	341
900	357
900	564
900	580
900	602
900	663
900	773
900	805
900	849
900	888
900	917
900	927
900	934
900	949
900	957
900	968
900	984
900	994
901	72
901	158
901	238
901	440
901	495
901	586
901	647
901	676
901	702
901	719
901	745
901	761
901	888
901	938
901	939
901	942
901	978
901	979
901	980
902	112
902	126
902	145
902	511
902	653
902	679
902	702
902	745
902	749
902	761
902	764
902	765
902	875
902	938
902	939
902	942
902	978
902	979
902	980
902	998
903	40
903	348
903	512
903	594
903	596
903	645
903	657
903	840
903	851
903	907
903	913
903	923
903	931
903	943
903	945
903	959
903	973
903	974
903	987
903	998
904	324
904	403
904	443
904	478
904	515
904	522
904	625
904	627
904	683
904	707
904	777
904	792
904	806
904	867
904	869
904	884
904	915
904	933
904	970
904	976
905	33
905	106
905	579
905	695
905	714
905	801
905	832
905	881
905	882
905	898
905	929
905	941
905	955
905	962
905	965
905	973
905	977
905	991
905	997
905	1000
906	72
906	201
906	311
906	351
906	497
906	561
906	603
906	643
906	662
906	790
906	802
906	843
906	854
906	932
906	954
906	959
906	960
906	988
906	998
906	999
907	52
907	55
907	76
907	84
907	479
907	484
907	512
907	678
907	692
907	719
907	770
907	799
907	800
907	809
907	903
907	932
907	959
907	987
907	988
907	996
907	998
908	172
908	200
908	314
908	359
908	436
908	456
908	497
908	725
908	753
908	800
908	817
908	912
908	930
908	932
908	943
908	946
908	958
908	973
908	986
908	996
908	998
909	91
909	308
909	414
909	439
909	657
909	696
909	739
909	840
909	850
909	883
909	912
909	913
909	923
909	932
909	960
909	968
909	973
909	986
909	987
909	996
909	998
910	60
910	95
910	123
910	184
910	509
910	566
910	618
910	664
910	718
910	733
910	762
910	839
910	852
910	858
910	865
910	926
910	940
910	951
910	953
910	983
910	985
911	207
911	255
911	290
911	383
911	513
911	541
911	604
911	623
911	722
911	723
911	726
911	763
911	817
911	819
911	883
911	886
911	887
911	889
911	918
911	922
911	963
912	21
912	44
912	153
912	159
912	277
912	547
912	690
912	760
912	792
912	802
912	818
912	880
912	908
912	909
912	913
912	923
912	931
912	932
912	960
912	994
912	996
913	67
913	309
913	460
913	463
913	563
913	608
913	739
913	800
913	822
913	843
913	851
913	883
913	903
913	909
913	912
913	923
913	974
913	981
913	986
913	996
913	998
914	218
914	377
914	409
914	467
914	576
914	627
914	654
914	683
914	707
914	756
914	777
914	786
914	808
914	816
914	859
914	877
914	915
914	933
914	949
914	954
914	970
914	976
915	99
915	215
915	220
915	250
915	375
915	377
915	557
915	756
915	792
915	808
915	833
915	866
915	867
915	877
915	904
915	914
915	933
915	949
915	956
915	970
915	976
915	992
916	38
916	151
916	161
916	321
916	469
916	471
916	639
916	648
916	659
916	668
916	720
916	780
916	787
916	813
916	836
916	878
916	920
916	944
916	964
916	969
916	990
916	995
917	143
917	583
917	644
917	663
917	670
917	671
917	709
917	713
917	768
917	803
917	812
917	862
917	900
917	925
917	927
917	934
917	936
917	957
917	968
917	984
917	990
917	994
918	107
918	300
918	328
918	427
918	505
918	513
918	533
918	613
918	623
918	668
918	698
918	722
918	726
918	795
918	819
918	829
918	886
918	887
918	889
918	891
918	911
918	963
919	102
919	160
919	262
919	349
919	379
919	426
919	486
919	694
919	714
919	771
919	807
919	810
919	826
919	827
919	835
919	842
919	857
919	868
919	961
919	972
919	992
919	999
920	37
920	232
920	474
920	529
920	684
920	700
920	711
920	716
920	733
920	759
920	778
920	836
920	916
920	944
920	947
920	948
920	950
920	964
920	969
920	982
920	990
920	995
920	999
921	27
921	154
921	345
921	352
921	445
921	520
921	554
921	571
921	587
921	724
921	736
921	755
921	766
921	769
921	830
921	864
921	892
921	895
921	897
921	926
921	935
921	952
921	967
921	988
922	54
922	171
922	178
922	187
922	374
922	392
922	476
922	634
922	637
922	668
922	698
922	723
922	726
922	732
922	795
922	817
922	819
922	829
922	886
922	887
922	891
922	911
922	935
922	963
923	390
923	465
923	507
923	615
923	643
923	767
923	776
923	800
923	802
923	822
923	823
923	850
923	878
923	903
923	909
923	912
923	913
923	943
923	946
923	954
923	987
923	988
923	996
923	998
924	387
924	400
924	523
924	537
924	576
924	629
924	714
924	734
924	740
924	779
924	804
924	838
924	853
924	881
924	882
924	894
924	929
924	945
924	955
924	962
924	981
924	991
924	996
924	997
924	1000
925	4
925	543
925	580
925	595
925	612
925	670
925	754
925	768
925	772
925	781
925	803
925	849
925	861
925	862
925	917
925	927
925	928
925	934
925	936
925	954
925	957
925	968
925	984
925	994
925	1000
926	13
926	92
926	156
926	350
926	365
926	508
926	525
926	570
926	606
926	664
926	674
926	718
926	762
926	799
926	824
926	858
926	865
926	872
926	910
926	921
926	951
926	953
926	983
926	985
926	997
927	134
927	214
927	216
927	526
927	580
927	583
927	612
927	644
927	671
927	754
927	768
927	803
927	805
927	849
927	861
927	862
927	900
927	917
927	925
927	934
927	957
927	968
927	984
927	985
927	994
928	152
928	175
928	205
928	223
928	370
928	607
928	650
928	682
928	695
928	742
928	752
928	815
928	860
928	863
928	894
928	925
928	945
928	953
928	955
928	971
928	981
928	991
928	993
928	997
928	1000
929	41
929	223
929	304
929	401
929	539
929	590
929	605
929	629
929	740
929	741
929	876
929	898
929	905
929	924
929	941
929	945
929	960
929	962
929	965
929	971
929	977
929	981
929	991
929	993
929	997
930	2
930	397
930	442
930	447
930	648
930	661
930	666
930	679
930	684
930	706
930	717
930	749
930	780
930	836
930	873
930	890
930	896
930	908
930	944
930	948
930	964
930	969
930	975
930	990
930	995
931	26
931	59
931	209
931	261
931	402
931	417
931	528
931	613
931	667
931	704
931	747
931	770
931	823
931	880
931	903
931	912
931	943
931	958
931	959
931	960
931	974
931	987
931	990
931	996
931	998
932	74
932	209
932	248
932	277
932	656
932	677
932	704
932	753
932	770
932	776
932	791
932	809
932	863
932	906
932	907
932	908
932	909
932	912
932	943
932	960
932	973
932	974
932	987
932	988
932	992
933	98
933	142
933	318
933	403
933	506
933	515
933	593
933	631
933	641
933	792
933	808
933	816
933	831
933	859
933	866
933	867
933	869
933	884
933	904
933	914
933	915
933	949
933	955
933	956
933	970
933	976
934	192
934	287
934	335
934	470
934	531
934	564
934	602
934	743
934	772
934	773
934	781
934	789
934	803
934	812
934	849
934	861
934	862
934	900
934	917
934	925
934	927
934	957
934	968
934	984
934	994
934	997
935	28
935	85
935	194
935	299
935	345
935	367
935	405
935	445
935	527
935	556
935	559
935	581
935	584
935	632
935	636
935	699
935	725
935	788
935	828
935	845
935	864
935	895
935	897
935	921
935	922
935	952
936	253
936	287
936	296
936	341
936	372
936	419
936	480
936	543
936	568
936	579
936	670
936	743
936	768
936	772
936	803
936	805
936	849
936	861
936	862
936	892
936	917
936	925
936	957
936	968
936	976
936	984
936	994
937	31
937	237
937	319
937	327
937	385
937	408
937	551
937	571
937	617
937	620
937	624
937	694
937	807
937	811
937	825
937	826
937	835
937	856
937	858
937	868
937	879
937	893
937	961
937	972
937	989
937	992
937	999
938	1
938	344
938	409
938	494
938	511
938	517
938	518
938	523
938	572
938	586
938	634
938	676
938	691
938	737
938	745
938	765
938	821
938	842
938	875
938	901
938	902
938	942
938	956
938	978
938	979
938	980
938	982
939	61
939	112
939	139
939	317
939	440
939	521
939	523
939	634
939	642
939	647
939	652
939	679
939	702
939	737
939	761
939	765
939	806
939	814
939	821
939	888
939	901
939	902
939	942
939	978
939	979
939	980
939	999
940	23
940	32
940	60
940	69
940	123
940	160
940	180
940	251
940	284
940	506
940	509
940	525
940	535
940	570
940	606
940	664
940	674
940	710
940	799
940	824
940	833
940	839
940	865
940	872
940	910
940	951
940	953
940	983
941	70
941	243
941	275
941	320
941	387
941	488
941	579
941	713
941	735
941	741
941	844
941	853
941	863
941	876
941	905
941	929
941	945
941	955
941	962
941	965
941	978
941	979
941	981
941	991
941	993
941	997
941	998
941	1000
942	140
942	215
942	317
942	347
942	389
942	440
942	455
942	494
942	501
942	521
942	565
942	604
942	634
942	652
942	653
942	719
942	737
942	761
942	814
942	858
942	875
942	888
942	901
942	902
942	938
942	939
942	953
942	978
942	979
942	980
943	351
943	416
943	417
943	418
943	436
943	463
943	497
943	502
943	541
943	582
943	590
943	768
943	802
943	818
943	840
943	851
943	883
943	899
943	903
943	908
943	923
943	931
943	932
943	954
943	958
943	973
943	974
943	986
943	988
943	998
944	104
944	295
944	474
944	483
944	639
944	661
944	684
944	706
944	717
944	733
944	749
944	759
944	775
944	813
944	846
944	873
944	896
944	916
944	920
944	930
944	950
944	964
944	968
944	969
944	973
944	975
944	982
944	987
944	990
944	995
945	43
945	210
945	285
945	297
945	313
945	406
945	452
945	472
945	599
945	658
945	688
945	742
945	779
945	815
945	820
945	882
945	894
945	903
945	924
945	928
945	929
945	941
945	955
945	969
945	971
945	977
945	981
945	991
945	993
945	997
945	1000
946	56
946	157
946	201
946	326
946	355
946	360
946	596
946	615
946	657
946	728
946	747
946	785
946	789
946	793
946	798
946	800
946	809
946	834
946	840
946	843
946	854
946	908
946	923
946	954
946	960
946	962
946	974
946	986
946	987
946	991
946	998
947	63
947	89
947	102
947	108
947	306
947	369
947	457
947	483
947	492
947	562
947	569
947	573
947	591
947	598
947	635
947	665
947	706
947	712
947	716
947	717
947	775
947	778
947	890
947	896
947	920
947	948
947	964
947	969
947	982
947	990
947	995
948	24
948	114
948	147
948	183
948	369
948	529
948	572
948	633
948	635
948	638
948	684
948	716
948	720
948	730
948	750
948	775
948	778
948	780
948	796
948	846
948	890
948	920
948	930
948	947
948	950
948	969
948	975
948	982
948	991
948	995
948	996
949	98
949	99
949	177
949	218
949	260
949	348
949	496
949	515
949	522
949	557
949	641
949	707
949	731
949	756
949	777
949	786
949	808
949	816
949	831
949	833
949	859
949	866
949	900
949	914
949	915
949	933
949	956
949	970
949	976
949	980
949	998
950	37
950	228
950	295
950	306
950	336
950	562
950	569
950	627
950	638
950	639
950	666
950	716
950	720
950	729
950	775
950	787
950	796
950	813
950	836
950	846
950	876
950	878
950	890
950	920
950	944
950	948
950	959
950	969
950	975
950	990
950	995
951	78
951	180
951	191
951	324
951	365
951	384
951	410
951	509
951	548
951	570
951	592
951	598
951	614
951	674
951	685
951	710
951	718
951	722
951	762
951	814
951	824
951	839
951	865
951	872
951	882
951	910
951	926
951	940
951	953
951	961
951	983
951	985
952	11
952	96
952	120
952	197
952	247
952	316
952	445
952	520
952	540
952	550
952	556
952	587
952	600
952	632
952	685
952	699
952	724
952	766
952	794
952	828
952	830
952	845
952	864
952	870
952	882
952	892
952	895
952	897
952	921
952	935
952	967
952	987
953	23
953	32
953	78
953	88
953	168
953	173
953	251
953	322
953	334
953	340
953	364
953	365
953	424
953	437
953	548
953	575
953	592
953	618
953	685
953	762
953	858
953	865
953	872
953	889
953	910
953	926
953	928
953	940
953	942
953	951
953	983
953	985
954	52
954	71
954	84
954	100
954	402
954	454
954	463
954	507
954	544
954	563
954	594
954	603
954	622
954	662
954	746
954	776
954	789
954	822
954	825
954	883
954	899
954	906
954	914
954	923
954	925
954	943
954	946
954	958
954	960
954	986
954	987
954	988
954	996
954	998
955	79
955	165
955	246
955	294
955	401
955	406
955	434
955	461
955	599
955	742
955	774
955	779
955	797
955	801
955	815
955	820
955	838
955	855
955	905
955	924
955	928
955	933
955	941
955	945
955	957
955	962
955	965
955	971
955	972
955	977
955	991
955	993
955	997
955	1000
956	6
956	51
956	260
956	348
956	443
956	459
956	496
956	515
956	557
956	625
956	627
956	641
956	683
956	707
956	731
956	777
956	806
956	808
956	816
956	831
956	833
956	851
956	859
956	866
956	867
956	869
956	877
956	884
956	915
956	933
956	938
956	949
956	970
956	976
957	105
957	121
957	266
957	289
957	296
957	357
957	372
957	419
957	568
957	593
957	595
957	602
957	663
957	670
957	743
957	754
957	768
957	772
957	781
957	803
957	849
957	861
957	862
957	875
957	900
957	917
957	925
957	927
957	934
957	936
957	955
957	968
957	984
957	994
958	72
958	80
958	82
958	83
958	109
958	179
958	198
958	343
958	391
958	484
958	507
958	580
958	609
958	704
958	742
958	791
958	809
958	823
958	834
958	843
958	851
958	854
958	880
958	899
958	908
958	931
958	943
958	954
958	959
958	974
958	984
958	986
958	988
958	996
958	998
959	59
959	117
959	148
959	188
959	203
959	213
959	293
959	298
959	331
959	332
959	390
959	504
959	516
959	667
959	687
959	747
959	789
959	802
959	822
959	834
959	851
959	854
959	883
959	903
959	906
959	907
959	931
959	950
959	958
959	973
959	986
959	987
959	988
959	996
959	998
960	46
960	146
960	188
960	256
960	310
960	311
960	366
960	393
960	456
960	460
960	490
960	538
960	596
960	645
960	656
960	657
960	753
960	791
960	798
960	823
960	834
960	899
960	906
960	909
960	912
960	929
960	931
960	932
960	946
960	954
960	974
960	986
960	987
960	988
960	994
960	996
961	48
961	75
961	195
961	323
961	327
961	338
961	381
961	394
961	398
961	486
961	610
961	624
961	651
961	669
961	680
961	715
961	727
961	771
961	783
961	807
961	837
961	842
961	848
961	856
961	857
961	868
961	871
961	893
961	919
961	937
961	951
961	966
961	972
961	986
961	989
961	999
962	190
962	223
962	235
962	245
962	342
962	355
962	473
962	539
962	579
962	665
962	682
962	697
962	711
962	734
962	741
962	797
962	801
962	842
962	844
962	855
962	860
962	876
962	882
962	894
962	898
962	905
962	924
962	929
962	941
962	946
962	955
962	965
962	971
962	981
962	993
962	997
962	1000
963	20
963	29
963	38
963	54
963	126
963	150
963	171
963	278
963	328
963	336
963	374
963	505
963	513
963	519
963	533
963	552
963	567
963	604
963	605
963	623
963	637
963	655
963	668
963	703
963	722
963	726
963	732
963	757
963	763
963	829
963	886
963	887
963	889
963	891
963	911
963	918
963	922
963	964
964	77
964	81
964	189
964	211
964	305
964	329
964	336
964	397
964	450
964	485
964	530
964	616
964	633
964	661
964	700
964	730
964	749
964	759
964	778
964	780
964	787
964	846
964	873
964	878
964	896
964	916
964	920
964	930
964	944
964	947
964	963
964	969
964	973
964	975
964	982
964	990
964	995
964	997
965	79
965	111
965	174
965	183
965	255
965	261
965	421
965	433
965	553
965	578
965	658
965	673
965	682
965	697
965	738
965	742
965	797
965	801
965	853
965	855
965	863
965	876
965	882
965	885
965	894
965	905
965	929
965	941
965	955
965	962
965	971
965	977
965	981
965	991
965	993
965	997
965	998
965	1000
966	14
966	229
966	231
966	267
966	338
966	361
966	364
966	379
966	388
966	408
966	425
966	468
966	475
966	558
966	617
966	645
966	680
966	694
966	701
966	748
966	767
966	771
966	783
966	807
966	811
966	842
966	847
966	848
966	856
966	871
966	879
966	893
966	961
966	972
966	982
966	989
966	992
966	999
967	35
967	85
967	117
967	217
967	265
967	299
967	316
967	352
967	367
967	380
967	386
967	415
967	504
967	527
967	540
967	554
967	559
967	571
967	587
967	699
967	730
967	736
967	766
967	769
967	784
967	794
967	830
967	845
967	852
967	864
967	870
967	892
967	895
967	897
967	921
967	952
967	988
967	1000
968	4
968	34
968	70
968	105
968	122
968	372
968	524
968	531
968	543
968	564
968	568
968	583
968	612
968	671
968	709
968	743
968	754
968	768
968	772
968	773
968	781
968	803
968	805
968	812
968	849
968	861
968	862
968	900
968	909
968	917
968	925
968	927
968	934
968	936
968	944
968	957
968	972
968	984
968	994
969	2
969	104
969	204
969	224
969	227
969	271
969	306
969	397
969	477
969	478
969	485
969	530
969	562
969	573
969	591
969	666
969	672
969	712
969	729
969	759
969	787
969	796
969	813
969	836
969	873
969	916
969	920
969	930
969	944
969	945
969	947
969	948
969	950
969	964
969	975
969	981
969	982
969	990
969	995
970	10
970	90
970	106
970	132
970	220
970	226
970	244
970	250
970	301
970	375
970	377
970	451
970	459
970	466
970	557
970	578
970	625
970	654
970	683
970	707
970	731
970	786
970	806
970	808
970	831
970	833
970	854
970	859
970	866
970	867
970	884
970	904
970	914
970	915
970	933
970	949
970	956
970	976
970	995
971	39
971	138
971	152
971	302
971	309
971	416
971	446
971	481
971	510
971	590
971	626
971	640
971	650
971	695
971	732
971	735
971	740
971	774
971	779
971	801
971	832
971	844
971	855
971	863
971	873
971	885
971	898
971	928
971	929
971	945
971	955
971	962
971	965
971	976
971	977
971	981
971	991
971	993
971	997
971	1000
972	57
972	199
972	267
972	325
972	349
972	388
972	398
972	414
972	555
972	574
972	610
972	620
972	630
972	646
972	669
972	680
972	686
972	693
972	694
972	717
972	744
972	748
972	751
972	784
972	810
972	835
972	837
972	842
972	847
972	868
972	893
972	919
972	937
972	955
972	961
972	966
972	968
972	989
972	992
972	999
973	17
973	127
973	196
973	248
973	252
973	326
973	353
973	416
973	435
973	439
973	490
973	512
973	516
973	528
973	547
973	615
973	662
973	667
973	677
973	678
973	696
973	739
973	746
973	798
973	810
973	827
973	843
973	850
973	903
973	905
973	908
973	909
973	932
973	943
973	944
973	959
973	964
973	986
973	987
973	988
973	996
973	998
974	203
974	213
974	312
974	331
974	460
974	463
974	482
974	484
974	487
974	532
974	541
974	547
974	609
974	645
974	657
974	678
974	687
974	690
974	704
974	705
974	745
974	776
974	791
974	818
974	822
974	840
974	841
974	850
974	874
974	903
974	913
974	931
974	932
974	943
974	946
974	958
974	960
974	975
974	986
974	987
974	990
974	996
974	998
975	89
975	94
975	108
975	167
975	222
975	227
975	233
975	239
975	413
975	447
975	449
975	450
975	457
975	469
975	477
975	492
975	498
975	530
975	561
975	569
975	588
975	633
975	637
975	672
975	681
975	687
975	716
975	749
975	750
975	764
975	796
975	878
975	890
975	930
975	944
975	948
975	950
975	964
975	969
975	974
975	982
975	990
975	995
976	90
976	106
976	132
976	169
976	177
976	220
976	226
976	244
976	301
976	318
976	377
976	403
976	443
976	467
976	522
976	534
976	594
976	625
976	627
976	631
976	683
976	708
976	731
976	756
976	777
976	786
976	806
976	808
976	831
976	833
976	859
976	866
976	867
976	869
976	877
976	904
976	914
976	915
976	933
976	936
976	949
976	956
976	970
976	971
977	163
977	174
977	246
977	276
977	293
977	304
977	401
977	406
977	433
977	435
977	452
977	473
977	488
977	500
977	629
977	650
977	681
977	688
977	689
977	695
977	697
977	714
977	740
977	750
977	797
977	801
977	832
977	844
977	863
977	881
977	882
977	885
977	894
977	898
977	905
977	929
977	945
977	955
977	965
977	971
977	981
977	983
977	991
977	993
977	995
977	997
977	1000
978	1
978	103
978	128
978	139
978	170
978	176
978	182
978	202
978	225
978	303
978	344
978	346
978	422
978	453
978	472
978	495
978	501
978	517
978	518
978	521
978	523
978	565
978	572
978	642
978	652
978	676
978	679
978	702
978	721
978	727
978	737
978	745
978	761
978	764
978	765
978	806
978	812
978	821
978	875
978	888
978	901
978	902
978	938
978	939
978	941
978	942
978	979
978	980
979	103
979	158
979	159
979	202
979	230
979	317
979	344
979	346
979	347
979	389
979	394
979	409
979	455
979	472
979	494
979	501
979	511
979	523
979	619
979	634
979	652
979	653
979	658
979	676
979	679
979	691
979	702
979	719
979	721
979	727
979	737
979	745
979	761
979	764
979	765
979	773
979	814
979	875
979	888
979	897
979	901
979	902
979	938
979	939
979	941
979	942
979	978
979	980
980	1
980	8
980	61
980	103
980	128
980	145
980	170
980	202
980	215
980	230
980	234
980	303
980	346
980	394
980	409
980	453
980	455
980	472
980	511
980	517
980	565
980	607
980	642
980	647
980	676
980	679
980	691
980	702
980	721
980	727
980	737
980	745
980	761
980	764
980	765
980	814
980	821
980	845
980	864
980	875
980	888
980	901
980	902
980	938
980	939
980	942
980	949
980	978
980	979
981	41
981	50
981	79
981	135
981	190
981	243
981	407
981	412
981	421
981	452
981	576
981	601
981	626
981	640
981	673
981	681
981	695
981	697
981	714
981	735
981	738
981	742
981	752
981	782
981	804
981	832
981	841
981	853
981	855
981	860
981	881
981	885
981	887
981	894
981	897
981	898
981	913
981	924
981	928
981	929
981	941
981	945
981	962
981	965
981	969
981	971
981	977
981	993
981	997
981	1000
982	36
982	37
982	94
982	108
982	125
982	212
982	221
982	224
982	392
982	413
982	418
982	471
982	474
982	477
982	483
982	498
982	546
982	562
982	569
982	573
982	585
982	612
982	616
982	638
982	648
982	659
982	665
982	672
982	706
982	712
982	729
982	778
982	779
982	780
982	820
982	873
982	878
982	890
982	896
982	920
982	938
982	944
982	947
982	948
982	964
982	966
982	969
982	975
982	990
982	995
983	7
983	40
983	69
983	87
983	88
983	95
983	136
983	141
983	144
983	156
983	168
983	180
983	191
983	206
983	240
983	247
983	257
983	269
983	284
983	337
983	340
983	378
983	384
983	410
983	411
983	424
983	429
983	432
983	448
983	506
983	508
983	509
983	514
983	535
983	548
983	566
983	592
983	598
983	710
983	762
983	799
983	839
983	858
983	865
983	872
983	910
983	926
983	940
983	951
983	953
983	977
983	985
983	987
984	3
984	34
984	122
984	185
984	186
984	216
984	249
984	269
984	279
984	312
984	335
984	362
984	399
984	419
984	444
984	470
984	480
984	524
984	531
984	564
984	580
984	583
984	595
984	602
984	612
984	644
984	670
984	671
984	677
984	703
984	709
984	743
984	754
984	768
984	772
984	773
984	781
984	803
984	805
984	812
984	849
984	861
984	862
984	900
984	917
984	925
984	927
984	934
984	936
984	957
984	958
984	968
984	994
985	13
985	32
985	69
985	92
985	136
985	173
985	191
985	206
985	240
985	254
985	257
985	284
985	334
985	337
985	340
985	350
985	364
985	384
985	410
985	411
985	429
985	437
985	448
985	464
985	514
985	535
985	548
985	554
985	566
985	570
985	575
985	598
985	606
985	664
985	674
985	685
985	710
985	718
985	762
985	799
985	824
985	858
985	865
985	869
985	872
985	910
985	926
985	927
985	951
985	953
985	983
985	991
985	999
986	62
986	68
986	135
986	162
986	196
986	236
986	252
986	264
986	312
986	319
986	343
986	360
986	366
986	465
986	482
986	491
986	532
986	596
986	603
986	608
986	624
986	667
986	678
986	696
986	704
986	708
986	728
986	746
986	753
986	774
986	785
986	790
986	819
986	822
986	840
986	843
986	854
986	883
986	899
986	908
986	909
986	913
986	943
986	946
986	954
986	958
986	959
986	960
986	961
986	973
986	974
986	987
986	996
986	998
986	1000
987	44
987	67
987	157
987	200
987	230
987	248
987	280
987	308
987	360
987	396
987	430
987	456
987	458
987	489
987	541
987	547
987	622
987	643
987	649
987	656
987	687
987	692
987	708
987	739
987	747
987	753
987	760
987	776
987	785
987	790
987	793
987	802
987	809
987	818
987	827
987	834
987	851
987	874
987	880
987	903
987	907
987	909
987	923
987	931
987	932
987	944
987	946
987	952
987	954
987	959
987	960
987	973
987	974
987	983
987	986
987	993
987	998
988	12
988	15
988	21
988	91
988	100
988	107
988	116
988	142
988	193
988	198
988	236
988	314
988	435
988	436
988	456
988	484
988	490
988	497
988	526
988	528
988	538
988	589
988	608
988	609
988	649
988	662
988	677
988	678
988	689
988	696
988	708
988	739
988	746
988	760
988	785
988	790
988	809
988	822
988	834
988	850
988	874
988	880
988	898
988	899
988	906
988	907
988	921
988	923
988	932
988	943
988	954
988	958
988	959
988	960
988	967
988	973
988	996
988	998
989	19
989	31
989	35
989	48
989	71
989	73
989	118
989	181
989	229
989	231
989	242
989	273
989	288
989	338
989	361
989	404
989	425
989	428
989	468
989	475
989	499
989	555
989	558
989	560
989	611
989	620
989	622
989	624
989	630
989	646
989	660
989	664
989	669
989	680
989	686
989	694
989	701
989	715
989	748
989	751
989	758
989	767
989	771
989	807
989	810
989	811
989	825
989	835
989	837
989	847
989	857
989	868
989	885
989	893
989	937
989	961
989	966
989	972
989	992
989	999
990	2
990	26
990	104
990	119
990	144
990	147
990	183
990	212
990	239
990	369
990	382
990	392
990	423
990	442
990	449
990	450
990	462
990	471
990	474
990	485
990	498
990	546
990	549
990	585
990	601
990	616
990	633
990	635
990	638
990	659
990	661
990	665
990	672
990	684
990	712
990	716
990	717
990	729
990	730
990	733
990	749
990	750
990	759
990	775
990	796
990	836
990	846
990	873
990	878
990	889
990	890
990	896
990	916
990	917
990	920
990	930
990	931
990	944
990	947
990	950
990	964
990	969
990	974
990	975
990	982
990	995
991	17
991	25
991	43
991	124
991	138
991	166
991	194
991	205
991	276
991	285
991	304
991	342
991	373
991	407
991	452
991	466
991	481
991	500
991	510
991	537
991	545
991	578
991	579
991	629
991	640
991	673
991	675
991	695
991	713
991	714
991	742
991	774
991	782
991	797
991	801
991	804
991	832
991	835
991	838
991	841
991	844
991	855
991	860
991	863
991	876
991	881
991	882
991	885
991	894
991	898
991	905
991	924
991	928
991	929
991	941
991	945
991	946
991	948
991	955
991	965
991	971
991	977
991	985
991	993
991	997
991	998
991	1000
992	28
992	51
992	66
992	97
992	102
992	130
992	168
992	181
992	263
992	273
992	292
992	323
992	338
992	358
992	363
992	379
992	381
992	385
992	414
992	420
992	426
992	475
992	486
992	542
992	551
992	555
992	560
992	574
992	617
992	620
992	624
992	630
992	646
992	651
992	660
992	669
992	686
992	693
992	694
992	701
992	715
992	748
992	756
992	758
992	767
992	771
992	795
992	811
992	825
992	835
992	837
992	842
992	847
992	848
992	856
992	857
992	868
992	871
992	879
992	893
992	915
992	919
992	932
992	937
992	966
992	972
992	989
992	999
992	1000
993	14
993	16
993	49
993	58
993	133
993	189
993	210
993	245
993	246
993	259
993	275
993	293
993	294
993	313
993	320
993	370
993	412
993	461
993	473
993	510
993	578
993	607
993	626
993	640
993	658
993	673
993	682
993	688
993	689
993	697
993	711
993	714
993	716
993	735
993	738
993	741
993	755
993	774
993	779
993	801
993	814
993	815
993	820
993	838
993	841
993	844
993	853
993	855
993	860
993	863
993	876
993	881
993	882
993	885
993	894
993	898
993	928
993	929
993	941
993	945
993	955
993	962
993	965
993	971
993	977
993	981
993	987
993	991
993	995
993	997
993	1000
994	4
994	22
994	34
994	93
994	105
994	121
994	122
994	134
994	137
994	143
994	185
994	186
994	192
994	214
994	216
994	249
994	253
994	259
994	266
994	269
994	279
994	287
994	289
994	296
994	335
994	341
994	357
994	362
994	399
994	444
994	470
994	480
994	524
994	531
994	543
994	564
994	568
994	580
994	595
994	602
994	612
994	644
994	663
994	670
994	671
994	686
994	695
994	709
994	743
994	754
994	768
994	772
994	773
994	781
994	794
994	805
994	812
994	849
994	861
994	862
994	900
994	912
994	917
994	925
994	927
994	934
994	936
994	957
994	960
994	968
994	984
994	997
995	9
995	24
995	47
995	94
995	101
995	125
995	151
995	161
995	212
995	222
995	228
995	239
995	329
995	330
995	333
995	336
995	383
995	392
995	441
995	450
995	471
995	478
995	485
995	498
995	512
995	546
995	549
995	561
995	573
995	585
995	588
995	616
995	621
995	639
995	648
995	661
995	700
995	717
995	720
995	729
995	730
995	749
995	750
995	759
995	775
995	778
995	780
995	787
995	796
995	813
995	822
995	836
995	846
995	873
995	878
995	890
995	896
995	916
995	920
995	930
995	944
995	947
995	948
995	950
995	964
995	969
995	970
995	975
995	977
995	982
995	990
995	993
995	996
996	3
996	5
996	8
996	12
996	30
996	44
996	55
996	56
996	62
996	74
996	80
996	82
996	83
996	109
996	116
996	127
996	131
996	153
996	162
996	196
996	238
996	264
996	270
996	298
996	305
996	308
996	311
996	351
996	353
996	359
996	390
996	391
996	393
996	423
996	454
996	479
996	491
996	502
996	507
996	516
996	538
996	541
996	591
996	622
996	636
996	643
996	645
996	656
996	687
996	705
996	725
996	728
996	739
996	746
996	747
996	753
996	760
996	780
996	789
996	791
996	804
996	827
996	834
996	836
996	840
996	843
996	850
996	874
996	883
996	907
996	908
996	909
996	912
996	913
996	923
996	924
996	931
996	948
996	954
996	958
996	959
996	960
996	973
996	974
996	986
996	988
996	995
996	998
997	14
997	39
997	42
997	49
997	53
997	111
997	124
997	133
997	140
997	149
997	163
997	165
997	166
997	175
997	235
997	245
997	275
997	282
997	285
997	294
997	307
997	313
997	342
997	373
997	400
997	406
997	421
997	481
997	488
997	500
997	510
997	539
997	545
997	565
997	576
997	579
997	590
997	599
997	601
997	607
997	626
997	650
997	658
997	675
997	681
997	682
997	688
997	695
997	711
997	713
997	729
997	738
997	739
997	752
997	774
997	779
997	782
997	801
997	804
997	815
997	820
997	832
997	838
997	841
997	844
997	853
997	855
997	860
997	863
997	876
997	881
997	898
997	905
997	924
997	926
997	928
997	929
997	934
997	941
997	945
997	955
997	962
997	964
997	965
997	971
997	977
997	981
997	991
997	993
997	994
997	1000
998	5
998	17
998	18
998	40
998	71
998	91
998	93
998	109
998	116
998	117
998	146
998	188
998	200
998	208
998	213
998	219
998	238
998	280
998	298
998	319
998	353
998	391
998	393
998	423
998	458
998	479
998	487
998	490
998	491
998	498
998	526
998	536
998	538
998	544
998	547
998	597
998	615
998	622
998	636
998	643
998	649
998	656
998	657
998	667
998	677
998	678
998	692
998	696
998	700
998	705
998	708
998	725
998	746
998	747
998	753
998	760
998	776
998	785
998	798
998	800
998	802
998	809
998	818
998	823
998	832
998	843
998	850
998	854
998	883
998	899
998	902
998	903
998	906
998	907
998	908
998	909
998	913
998	923
998	931
998	941
998	943
998	946
998	949
998	954
998	958
998	959
998	965
998	973
998	974
998	986
998	987
998	988
998	991
998	996
999	19
999	22
999	31
999	48
999	51
999	57
999	73
999	75
999	97
999	130
999	149
999	181
999	195
999	229
999	231
999	263
999	268
999	273
999	292
999	323
999	325
999	327
999	349
999	361
999	363
999	368
999	376
999	381
999	388
999	398
999	408
999	414
999	420
999	428
999	468
999	475
999	486
999	499
999	503
999	542
999	545
999	551
999	558
999	560
999	574
999	610
999	611
999	617
999	620
999	630
999	646
999	649
999	651
999	660
999	669
999	680
999	686
999	693
999	701
999	715
999	744
999	748
999	751
999	767
999	771
999	783
999	807
999	810
999	811
999	822
999	825
999	826
999	831
999	835
999	837
999	842
999	847
999	848
999	856
999	857
999	860
999	868
999	871
999	879
999	893
999	906
999	919
999	920
999	937
999	939
999	961
999	966
999	972
999	985
999	989
999	992
1000	16
1000	25
1000	33
1000	41
1000	42
1000	43
1000	49
1000	58
1000	63
1000	64
1000	70
1000	115
1000	146
1000	152
1000	163
1000	175
1000	210
1000	258
1000	271
1000	276
1000	282
1000	297
1000	302
1000	309
1000	321
1000	339
1000	342
1000	355
1000	370
1000	373
1000	387
1000	401
1000	407
1000	421
1000	433
1000	434
1000	473
1000	488
1000	510
1000	537
1000	545
1000	555
1000	578
1000	601
1000	607
1000	663
1000	673
1000	675
1000	681
1000	682
1000	697
1000	711
1000	713
1000	714
1000	734
1000	735
1000	740
1000	741
1000	782
1000	796
1000	797
1000	804
1000	815
1000	820
1000	832
1000	838
1000	841
1000	844
1000	853
1000	855
1000	860
1000	863
1000	866
1000	876
1000	881
1000	885
1000	894
1000	898
1000	905
1000	924
1000	925
1000	928
1000	941
1000	945
1000	955
1000	962
1000	965
1000	967
1000	971
1000	977
1000	981
1000	986
1000	991
1000	992
1000	993
1000	997
