1	812
1	933
1	958
2	914
2	927
2	971
3	459
3	845
3	966
4	922
4	965
4	1000
5	366
5	956
5	976
6	896
6	921
6	989
7	607
7	729
7	989
8	906
8	912
8	948
9	533
9	945
9	989
10	60
10	863
10	999
11	473
11	878
11	955
12	806
12	813
12	990
13	896
13	945
13	989
14	843
14	880
14	896
15	913
15	962
15	996
16	85
16	514
16	960
17	766
17	847
17	997
18	380
18	690
18	906
19	952
19	983
19	990
20	624
20	782
20	998
21	930
21	949
21	994
22	364
22	474
22	984
23	559
23	899
23	999
24	795
24	931
24	987
25	200
25	949
25	1000
26	439
26	974
26	975
27	499
27	992
27	1000
28	886
28	950
28	1000
29	371
29	950
29	973
30	926
30	955
30	999
31	836
31	951
31	996
32	567
32	657
32	975
33	828
33	950
33	987
34	847
34	960
34	994
35	835
35	901
35	1000
36	889
36	968
36	999
37	911
37	941
37	994
38	601
38	985
38	986
39	938
39	942
39	962
40	457
40	757
40	985
41	655
41	864
41	960
42	860
42	896
42	989
43	378
43	953
43	998
44	974
44	987
44	992
45	345
45	880
45	947
46	895
46	897
46	981
47	818
47	943
47	995
48	495
48	951
48	995
49	910
49	938
49	943
50	951
50	980
50	995
51	658
51	975
51	992
52	868
52	924
52	926
53	883
53	972
53	993
54	940
54	994
54	997
55	67
55	976
55	988
56	319
56	923
56	968
57	917
57	977
57	993
58	956
58	983
58	988
59	904
59	933
59	978
60	10
60	998
60	999
61	976
61	988
61	990
62	760
62	840
62	971
63	970
63	983
63	988
64	575
64	813
64	980
65	768
65	914
65	981
66	822
66	876
66	920
67	55
67	457
67	984
68	320
68	905
68	913
69	287
69	961
69	997
70	242
70	763
70	966
71	645
71	810
71	846
72	346
72	856
72	882
73	165
73	938
73	995
74	973
74	978
74	1000
75	915
75	917
75	948
76	945
76	960
76	989
77	977
77	982
77	993
78	298
78	463
78	878
79	618
79	925
79	981
80	256
80	980
80	996
81	806
81	995
81	996
82	965
82	978
82	1000
83	961
83	982
83	993
84	925
84	974
84	992
85	16
85	932
85	963
86	351
86	826
86	986
87	939
87	988
87	990
88	626
88	926
88	979
89	728
89	790
89	973
90	976
90	983
90	988
91	926
91	998
91	999
92	362
92	967
92	1000
93	913
93	938
93	995
94	221
94	932
94	994
95	588
95	722
95	882
96	754
96	853
96	989
97	916
97	936
97	977
98	612
98	654
98	996
99	761
99	844
99	1000
100	800
100	980
100	996
101	676
101	974
101	998
102	516
102	831
102	981
103	725
103	906
103	986
104	626
104	912
104	998
105	873
105	937
105	953
106	256
106	950
106	984
107	199
107	822
107	857
108	417
108	933
108	958
109	765
109	946
109	987
110	450
110	984
110	997
111	440
111	900
111	966
112	117
112	505
112	987
113	891
113	963
113	992
114	912
114	937
114	999
115	972
115	977
115	993
116	951
116	980
116	995
117	112
117	603
117	1000
118	961
118	964
118	993
119	303
119	473
119	996
120	714
120	768
120	971
121	475
121	735
121	944
122	717
122	772
122	981
123	712
123	845
123	999
124	694
124	962
124	996
125	170
125	503
125	992
126	914
126	971
126	981
127	870
127	930
127	997
128	300
128	636
128	992
129	508
129	935
129	974
130	178
130	882
130	954
131	793
131	948
131	986
132	976
132	988
132	990
133	872
133	938
133	996
134	743
134	810
134	904
135	393
135	985
135	998
136	526
136	580
136	950
137	891
137	975
137	992
138	925
138	948
138	986
139	703
139	980
139	996
140	774
140	975
140	992
141	914
141	981
141	995
142	920
142	969
142	991
143	846
143	984
143	1000
144	704
144	770
144	931
145	769
145	966
145	998
146	166
146	954
146	962
147	355
147	897
147	981
148	983
148	988
148	990
149	731
149	945
149	989
150	838
150	893
150	999
151	721
151	965
151	1000
152	916
152	982
152	993
153	970
153	983
153	990
154	884
154	953
154	985
155	629
155	899
155	904
156	178
156	786
156	975
157	970
157	976
157	988
158	655
158	854
158	938
159	973
159	978
159	987
160	822
160	977
160	993
161	754
161	945
161	989
162	754
162	898
162	989
163	552
163	920
163	1000
164	736
164	836
164	954
165	73
165	557
165	872
166	146
166	943
166	962
167	916
167	961
167	977
168	409
168	846
168	986
169	566
169	921
169	989
170	125
170	313
170	992
171	780
171	788
171	998
172	826
172	888
172	905
173	640
173	721
173	968
174	977
174	982
174	993
175	332
175	910
175	980
176	840
176	897
176	981
177	585
177	633
177	935
178	130
178	156
178	996
179	809
179	905
179	992
180	350
180	874
180	999
181	489
181	631
181	669
182	952
182	983
182	988
183	983
183	985
183	998
184	602
184	919
184	949
185	849
185	960
185	997
186	282
186	793
186	885
187	965
187	991
187	1000
188	909
188	964
188	993
189	869
189	951
189	995
190	970
190	988
190	990
191	957
191	967
191	1000
192	948
192	986
192	999
193	833
193	912
193	998
194	437
194	914
194	971
195	399
195	894
195	989
196	939
196	983
196	990
197	776
197	974
197	975
198	272
198	469
198	981
199	107
199	553
199	879
200	25
200	967
200	991
201	649
201	673
201	989
202	938
202	982
202	993
203	624
203	908
203	937
204	968
204	998
204	999
205	893
205	986
205	998
206	472
206	861
206	876
207	760
207	998
207	999
208	618
208	796
208	981
209	603
209	852
209	887
210	967
210	978
210	1000
211	451
211	500
211	570
212	785
212	941
212	944
213	255
213	506
213	989
214	598
214	809
214	974
215	898
215	989
215	997
216	948
216	955
216	999
217	952
217	983
217	990
218	327
218	989
218	999
219	503
219	889
219	955
220	902
220	975
220	992
221	94
221	792
221	960
222	374
222	724
222	1000
223	769
223	912
223	917
224	773
224	824
224	997
225	799
225	903
225	993
226	976
226	988
226	990
227	776
227	974
227	975
228	854
228	908
228	995
229	733
229	994
229	997
230	850
230	897
230	971
231	944
231	984
231	991
232	950
232	959
232	1000
233	797
233	974
233	992
234	623
234	843
234	923
235	354
235	866
235	969
236	951
236	980
236	995
237	590
237	974
237	992
238	781
238	894
238	989
239	886
239	965
239	991
240	958
240	969
240	978
241	932
241	994
241	997
242	70
242	610
242	782
243	716
243	796
243	861
244	833
244	957
244	978
245	297
245	378
245	828
246	649
246	921
246	989
247	961
247	982
247	993
248	970
248	983
248	990
249	960
249	963
249	997
250	837
250	974
250	992
251	639
251	937
251	995
252	928
252	956
252	990
253	557
253	678
253	998
254	805
254	994
254	997
255	213
255	877
255	994
256	80
256	106
256	513
257	940
257	982
257	993
258	312
258	704
258	947
259	927
259	971
259	994
260	958
260	967
260	1000
261	724
261	994
261	997
262	879
262	959
262	967
263	837
263	945
263	975
264	382
264	990
264	995
265	982
265	988
265	993
266	980
266	995
266	996
267	881
267	961
267	964
268	860
268	930
268	994
269	642
269	813
269	954
270	579
270	950
270	991
270	1000
271	468
271	857
271	901
271	1000
272	198
272	557
272	979
272	985
273	657
273	890
273	918
273	993
274	421
274	731
274	921
274	989
275	849
275	909
275	949
275	994
276	462
276	748
276	968
276	979
277	623
277	937
277	998
277	999
278	875
278	983
278	988
278	990
279	448
279	450
279	556
279	888
280	508
280	870
280	919
280	997
281	512
281	798
281	951
281	996
282	186
282	774
282	900
282	966
283	956
283	970
283	983
283	988
284	915
284	984
284	998
284	999
285	844
285	957
285	984
285	1000
286	573
286	931
286	969
286	978
287	69
287	867
287	963
287	994
288	360
288	373
288	650
288	994
289	936
289	972
289	977
289	993
290	952
290	983
290	984
290	990
291	970
291	983
291	988
291	990
292	928
292	934
292	970
292	990
293	791
293	834
293	927
293	971
294	828
294	947
294	989
294	1000
295	529
295	841
295	904
295	984
296	314
296	956
296	976
296	988
297	245
297	752
297	879
297	969
298	78
298	665
298	926
298	953
299	574
299	677
299	902
299	992
300	128
300	891
300	929
300	935
301	785
301	960
301	963
301	997
302	530
302	933
302	959
302	973
303	119
303	922
303	954
303	996
304	972
304	977
304	982
304	993
305	546
305	684
305	945
305	989
306	834
306	961
306	977
306	993
307	869
307	956
307	976
307	988
308	328
308	388
308	768
308	981
309	791
309	859
309	927
309	981
310	428
310	847
310	994
310	997
311	955
311	979
311	985
311	998
312	258
312	666
312	843
312	989
313	170
313	735
313	905
313	992
314	296
314	922
314	951
314	995
315	697
315	970
315	976
315	990
316	550
316	919
316	979
316	994
317	547
317	561
317	962
317	995
318	902
318	943
318	975
318	992
319	56
319	899
319	955
319	968
320	68
320	913
320	920
320	996
321	835
321	838
321	881
321	952
322	946
322	978
322	987
322	995
323	956
323	983
323	988
323	990
324	740
324	951
324	980
324	996
325	760
325	914
325	927
325	981
326	885
326	978
326	979
326	985
327	218
327	571
327	778
327	989
328	308
328	840
328	859
328	971
329	583
329	633
329	738
329	996
330	346
330	363
330	487
330	980
331	956
331	966
331	985
331	999
332	175
332	800
332	962
332	995
333	951
333	954
333	962
333	963
334	499
334	837
334	974
334	975
335	757
335	820
335	923
335	986
336	938
336	980
336	995
336	996
337	748
337	906
337	979
337	986
338	797
338	829
338	935
338	992
339	683
339	866
339	920
339	967
340	401
340	709
340	875
340	953
341	951
341	964
341	972
341	982
342	712
342	838
342	885
342	948
343	960
343	994
343	995
343	997
344	921
344	945
344	989
344	996
345	45
345	408
345	762
345	989
346	72
346	330
346	909
346	997
347	969
347	978
347	984
347	1000
348	518
348	910
348	951
348	996
349	753
349	925
349	974
349	992
350	180
350	933
350	968
350	998
351	86
351	458
351	796
351	968
352	586
352	870
352	930
352	997
353	597
353	949
353	994
353	997
354	235
354	593
354	659
354	698
355	147
355	933
355	987
355	1000
356	753
356	929
356	935
356	992
357	504
357	908
357	937
357	998
358	819
358	911
358	994
358	997
359	964
359	972
359	977
359	982
360	288
360	949
360	994
360	997
361	507
361	693
361	991
361	1000
362	92
362	562
362	790
362	978
363	330
363	942
363	951
363	995
364	22
364	841
364	933
364	991
365	952
365	970
365	976
365	990
366	5
366	847
366	909
366	960
367	525
367	976
367	983
367	990
368	769
368	956
368	983
368	988
369	671
369	858
369	951
369	996
370	960
370	970
370	976
370	990
371	29
371	936
371	982
371	993
372	961
372	964
372	977
372	993
373	288
373	787
373	902
373	949
374	222
374	663
374	895
374	981
375	874
375	900
375	909
375	986
376	934
376	952
376	983
376	988
377	919
377	949
377	960
377	963
378	43
378	245
378	947
378	958
379	940
379	949
379	960
379	994
380	18
380	599
380	720
380	948
381	938
381	942
381	943
381	995
382	264
382	630
382	872
382	957
383	773
383	915
383	930
383	997
384	825
384	899
384	906
384	979
385	878
385	966
385	985
385	999
386	568
386	844
386	958
386	1000
387	883
387	972
387	982
387	993
388	308
388	715
388	859
388	981
389	894
389	896
389	945
389	989
390	791
390	801
390	971
390	981
391	964
391	977
391	982
391	993
392	979
392	986
392	998
392	999
393	135
393	952
393	976
393	990
394	928
394	934
394	976
394	990
395	952
395	970
395	988
395	990
396	729
396	888
396	974
396	992
397	874
397	976
397	986
397	998
398	892
398	973
398	991
398	1000
399	195
399	616
399	843
399	945
400	537
400	774
400	974
400	992
401	340
401	820
401	893
401	998
402	849
402	873
402	994
402	997
403	508
403	929
403	943
403	975
404	460
404	833
404	906
404	999
405	426
405	944
405	958
405	1000
406	925
406	975
406	979
406	992
407	927
407	971
407	977
407	981
408	345
408	566
408	981
408	989
409	168
409	713
409	919
409	999
410	808
410	897
410	971
410	981
411	727
411	728
411	987
411	991
412	598
412	949
412	960
412	963
413	964
413	972
413	977
413	993
414	719
414	849
414	949
414	997
415	774
415	837
415	925
415	930
416	719
416	823
416	881
416	968
417	108
417	614
417	870
417	946
418	532
418	663
418	755
418	999
419	864
419	972
419	977
419	993
420	937
420	953
420	979
420	999
421	274
421	649
421	672
421	989
422	738
422	976
422	988
422	990
423	634
423	966
423	968
423	999
424	448
424	891
424	974
424	992
425	871
425	964
425	972
425	993
426	405
426	935
426	987
426	1000
427	836
427	913
427	943
427	951
428	310
428	952
428	988
428	990
429	972
429	977
429	982
429	993
430	872
430	951
430	954
430	995
431	680
431	898
431	989
431	1000
432	626
432	955
432	979
432	999
433	612
433	818
433	943
433	991
434	827
434	909
434	941
434	994
435	607
435	781
435	880
435	989
436	661
436	802
436	995
436	996
437	194
437	745
437	971
437	981
438	596
438	817
438	926
438	971
438	981
439	26
439	531
439	649
439	691
439	945
440	111
440	857
440	944
440	959
440	984
441	660
441	785
441	912
441	994
441	997
442	856
442	867
442	868
442	907
442	997
443	851
443	866
443	887
443	993
443	1000
444	506
444	672
444	731
444	898
444	921
445	612
445	910
445	942
445	943
445	980
446	714
446	897
446	927
446	936
446	971
447	582
447	671
447	848
447	943
447	996
448	279
448	424
448	780
448	967
448	992
449	508
449	625
449	925
449	974
449	992
450	110
450	279
450	852
450	967
450	973
451	211
451	489
451	541
451	904
451	991
452	836
452	940
452	960
452	963
452	997
453	906
453	917
453	966
453	986
453	998
454	555
454	872
454	938
454	954
454	996
455	501
455	719
455	812
455	919
455	940
456	529
456	941
456	960
456	994
456	997
457	40
457	67
457	698
457	852
457	1000
458	351
458	758
458	819
458	953
458	986
459	3
459	740
459	937
459	959
459	966
460	404
460	713
460	979
460	998
460	999
461	813
461	956
461	970
461	976
461	988
462	276
462	708
462	900
462	948
462	999
463	78
463	473
463	788
463	840
463	998
464	937
464	948
464	968
464	973
464	998
465	652
465	944
465	950
465	957
465	958
466	613
466	642
466	938
466	954
466	996
467	972
467	977
467	982
467	986
467	993
468	271
468	904
468	978
468	984
468	987
469	198
469	760
469	817
469	913
469	971
470	495
470	811
470	935
470	975
470	992
471	643
471	953
471	984
471	991
471	1000
472	206
472	886
472	901
472	959
472	987
473	11
473	119
473	463
473	788
473	985
474	22
474	958
474	959
474	980
474	987
475	121
475	939
475	970
475	983
475	990
476	733
476	860
476	877
476	930
476	997
477	524
477	894
477	910
477	980
477	996
478	828
478	854
478	913
478	980
478	995
479	732
479	938
479	962
479	980
479	995
480	644
480	661
480	797
480	929
480	974
481	815
481	823
481	926
481	985
481	990
482	838
482	979
482	986
482	998
482	999
483	685
483	772
483	927
483	959
483	981
484	795
484	863
484	878
484	923
484	968
485	543
485	882
485	951
485	954
485	996
486	831
486	887
486	950
486	984
486	987
487	330
487	942
487	951
487	980
487	996
488	961
488	972
488	978
488	982
488	993
489	181
489	451
489	698
489	858
489	987
490	961
490	964
490	972
490	982
490	993
491	758
491	939
491	970
491	983
491	990
492	934
492	952
492	976
492	981
492	988
493	827
493	868
493	949
493	994
493	997
494	680
494	894
494	896
494	945
494	989
495	48
495	470
495	729
495	975
495	992
496	959
496	969
496	987
496	991
496	1000
497	810
497	960
497	963
497	994
497	997
498	588
498	938
498	962
498	979
498	996
499	27
499	334
499	905
499	956
499	975
500	211
500	622
500	947
500	967
500	978
501	455
501	864
501	949
501	979
501	997
502	756
502	884
502	904
502	946
502	965
503	125
503	219
503	590
503	975
503	992
504	357
504	961
504	964
504	977
504	993
505	112
505	853
505	946
505	965
505	969
506	213
506	444
506	894
506	896
506	989
507	361
507	851
507	958
507	967
507	987
508	129
508	280
508	403
508	449
508	974
509	892
509	970
509	987
509	988
509	990
510	577
510	802
510	913
510	943
510	991
511	751
511	923
511	944
511	991
511	1000
512	281
512	882
512	951
512	954
512	995
513	256
513	794
513	973
513	984
513	1000
514	16
514	919
514	960
514	997
514	998
515	586
515	949
515	963
515	994
515	997
516	102
516	663
516	859
516	895
516	971
517	555
517	867
517	910
517	980
517	996
518	348
518	547
518	916
518	938
518	942
519	571
519	919
519	940
519	949
519	988
520	780
520	902
520	975
520	978
520	992
521	663
521	895
521	927
521	955
521	971
522	748
522	826
522	839
522	880
522	999
523	717
523	850
523	895
523	927
523	981
524	477
524	546
524	582
524	951
524	962
525	367
525	952
525	976
525	988
525	990
526	136
526	743
526	781
526	973
526	1000
527	793
527	949
527	960
527	994
527	997
528	568
528	965
528	967
528	969
528	991
529	295
529	456
529	947
529	965
529	991
530	302
530	697
530	939
530	970
530	988
531	439
531	532
531	558
531	673
531	989
532	418
532	531
532	674
532	908
532	998
533	9
533	734
533	880
533	945
533	989
534	873
534	899
534	981
534	985
534	998
535	759
535	893
535	901
535	955
535	999
536	857
536	866
536	901
536	965
536	967
537	400
537	811
537	866
537	929
537	975
538	627
538	886
538	887
538	931
538	1000
539	961
539	973
539	977
539	982
539	993
540	614
540	795
540	878
540	915
540	937
541	451
541	768
541	931
541	946
541	978
542	714
542	889
542	933
542	968
542	979
543	485
543	854
543	943
543	962
543	996
544	741
544	890
544	907
544	936
544	977
544	993
545	759
545	825
545	885
545	985
545	998
545	999
546	305
546	524
546	734
546	778
546	945
546	989
547	317
547	518
547	613
547	747
547	980
547	996
548	578
548	773
548	785
548	870
548	963
548	994
549	556
549	797
549	809
549	929
549	961
549	975
550	316
550	578
550	860
550	870
550	949
550	997
551	717
551	961
551	964
551	977
551	982
551	993
552	163
552	618
552	801
552	897
552	971
552	981
553	199
553	630
553	767
553	962
553	995
553	996
554	884
554	957
554	969
554	973
554	984
554	991
555	454
555	517
555	951
555	954
555	980
555	996
556	279
556	549
556	774
556	974
556	975
556	992
557	165
557	253
557	272
557	628
557	998
557	999
558	531
558	762
558	778
558	896
558	964
558	989
559	23
559	815
559	825
559	937
559	966
559	979
560	961
560	972
560	977
560	982
560	988
560	993
561	317
561	654
561	806
561	854
561	941
561	996
562	362
562	756
562	786
562	957
562	959
562	978
563	739
563	843
563	943
563	951
563	962
563	996
564	830
564	892
564	927
564	939
564	952
564	990
565	843
565	880
565	896
565	945
565	989
565	999
566	169
566	408
566	680
566	702
566	945
566	989
567	32
567	726
567	811
567	902
567	905
567	992
568	386
568	528
568	698
568	851
568	933
568	944
569	934
569	952
569	956
569	970
569	988
569	990
570	211
570	947
570	957
570	969
570	973
570	987
571	327
571	519
571	932
571	963
571	994
571	997
572	911
572	930
572	941
572	992
572	994
572	997
573	286
573	931
573	947
573	959
573	969
573	987
574	299
574	753
574	925
574	974
574	992
574	1000
575	64
575	806
575	910
575	954
575	980
575	995
576	680
576	706
576	880
576	898
576	921
576	989
577	510
577	854
577	943
577	980
577	995
577	996
578	548
578	550
578	960
578	963
578	994
578	997
579	270
579	844
579	923
579	959
579	967
579	1000
580	136
580	828
580	931
580	947
580	959
580	991
581	776
581	919
581	925
581	974
581	975
581	992
582	447
582	524
582	588
582	622
582	639
582	996
583	329
583	686
583	910
583	913
583	951
583	995
584	883
584	918
584	964
584	972
584	977
584	993
585	177
585	644
585	797
585	949
585	974
585	992
586	352
586	515
586	849
586	910
586	949
586	997
587	595
587	953
587	979
587	985
587	986
587	999
588	95
588	498
588	582
588	854
588	922
588	954
589	692
589	803
589	973
589	978
589	987
589	991
590	237
590	503
590	753
590	905
590	974
590	992
591	627
591	961
591	964
591	972
591	982
591	993
592	725
592	793
592	953
592	966
592	998
592	999
593	354
593	946
593	958
593	973
593	987
593	1000
594	785
594	837
594	960
594	963
594	994
594	997
595	587
595	738
595	786
595	942
595	954
595	995
596	438
596	685
596	914
596	927
596	971
596	981
597	353
597	792
597	824
597	909
597	963
597	997
598	214
598	412
598	932
598	960
598	963
598	997
599	380
599	874
599	917
599	986
599	998
599	999
600	742
600	964
600	972
600	977
600	982
600	993
601	38
601	751
601	893
601	955
601	979
601	998
602	184
602	867
602	940
602	963
602	994
602	997
603	117
603	209
603	614
603	822
603	887
603	946
604	668
604	703
604	787
604	849
604	960
604	994
605	643
605	866
605	901
605	935
605	987
605	991
606	620
606	829
606	888
606	905
606	935
606	992
607	7
607	435
607	693
607	743
607	763
607	945
607	989
608	861
608	866
608	944
608	950
608	965
608	987
608	991
609	939
609	952
609	956
609	970
609	983
609	988
609	990
610	242
610	720
610	839
610	881
610	924
610	966
610	999
611	838
611	873
611	875
611	889
611	970
611	979
611	985
612	98
612	433
612	445
612	686
612	938
612	986
612	995
613	466
613	547
613	762
613	938
613	962
613	980
613	996
614	417
614	540
614	603
614	810
614	967
614	973
614	984
615	616
615	702
615	778
615	898
615	921
615	957
615	989
616	399
616	615
616	623
616	688
616	894
616	921
616	989
617	867
617	941
617	949
617	963
617	992
617	994
617	997
618	79
618	208
618	552
618	875
618	897
618	971
618	981
619	679
619	801
619	895
619	914
619	963
619	971
619	981
620	606
620	661
620	837
620	888
620	929
620	974
620	992
621	826
621	839
621	847
621	875
621	915
621	985
621	998
622	500
622	582
622	851
622	933
622	958
622	965
622	984
623	234
623	277
623	616
623	628
623	690
623	912
623	966
624	20
624	203
624	826
624	885
624	912
624	937
624	953
625	449
625	724
625	925
625	935
625	974
625	975
625	992
626	88
626	104
626	432
626	750
626	889
626	958
626	966
627	538
627	591
627	841
627	957
627	965
627	991
627	1000
628	557
628	623
628	830
628	839
628	966
628	985
628	999
629	155
629	699
629	815
629	835
629	839
629	979
629	985
630	382
630	553
630	836
630	882
630	913
630	995
630	996
631	181
631	810
631	857
631	969
631	978
631	991
631	1000
632	810
632	876
632	879
632	933
632	958
632	965
632	973
633	177
633	329
633	818
633	922
633	951
633	954
633	995
634	423
634	686
634	739
634	848
634	954
634	962
634	996
635	738
635	924
635	938
635	954
635	980
635	995
635	996
636	128
636	811
636	888
636	929
636	972
636	974
636	992
637	670
637	857
637	931
637	934
637	957
637	959
637	991
638	671
638	683
638	816
638	913
638	943
638	980
638	995
639	251
639	582
639	699
639	836
639	938
639	951
639	995
640	173
640	856
640	863
640	985
640	986
640	998
640	999
641	672
641	680
641	688
641	778
641	880
641	921
641	998
642	269
642	466
642	736
642	821
642	943
642	954
642	996
643	471
643	605
643	946
643	956
643	957
643	991
643	1000
644	480
644	585
644	905
644	929
644	942
644	975
644	992
645	71
645	727
645	751
645	857
645	876
645	946
645	957
646	747
646	773
646	792
646	941
646	963
646	994
646	997
647	891
647	939
647	970
647	976
647	983
647	988
647	990
648	737
648	850
648	914
648	927
648	968
648	971
648	981
649	201
649	246
649	421
649	439
649	673
649	691
649	991
650	288
650	722
650	787
650	856
650	944
650	963
650	997
651	798
651	881
651	908
651	923
651	953
651	986
651	998
652	465
652	920
652	947
652	967
652	969
652	987
652	1000
653	928
653	952
653	956
653	976
653	983
653	988
653	996
654	98
654	561
654	767
654	798
654	922
654	995
654	996
655	41
655	158
655	703
655	827
655	930
655	932
655	940
655	997
656	883
656	918
656	961
656	964
656	972
656	977
656	982
656	993
657	32
657	273
657	811
657	891
657	905
657	935
657	974
657	992
658	51
658	813
658	891
658	902
658	905
658	929
658	974
658	975
659	354
659	698
659	920
659	931
659	955
659	958
659	978
659	1000
660	441
660	868
660	903
660	909
660	911
660	941
660	949
660	994
661	436
661	480
661	620
661	774
661	925
661	935
661	975
661	992
662	920
662	931
662	946
662	959
662	965
662	984
662	987
662	1000
663	374
663	418
663	516
663	521
663	914
663	927
663	971
663	981
664	690
664	796
664	833
664	845
664	928
664	937
664	948
664	998
665	298
665	873
665	893
665	948
665	953
665	980
665	986
665	999
666	312
666	693
666	702
666	720
666	898
666	921
666	945
666	989
667	806
667	913
667	942
667	954
667	962
667	992
667	995
667	996
668	604
668	928
668	952
668	956
668	970
668	983
668	988
668	990
669	181
669	810
669	884
669	897
669	950
669	958
669	973
669	1000
670	637
670	764
670	876
670	897
670	959
670	967
670	973
670	1000
671	369
671	447
671	638
671	699
671	942
671	990
671	995
671	996
672	421
672	444
672	641
672	673
672	886
672	894
672	898
672	945
673	201
673	531
673	649
673	672
673	702
673	880
673	898
673	989
674	532
674	721
674	745
674	893
674	953
674	985
674	986
674	999
675	713
675	878
675	893
675	926
675	955
675	998
675	999
675	1000
676	101
676	889
676	896
676	906
676	955
676	968
676	986
676	999
677	299
677	842
677	845
677	902
677	925
677	929
677	935
677	975
678	253
678	725
678	769
678	875
678	917
678	953
678	965
678	998
679	619
679	734
679	808
679	850
679	895
679	914
679	971
679	981
680	431
680	494
680	566
680	576
680	641
680	691
680	693
680	945
681	901
681	946
681	947
681	965
681	984
681	987
681	991
681	1000
682	700
682	785
682	805
682	856
682	860
682	919
682	930
682	941
683	339
683	638
683	699
683	747
683	806
683	848
683	954
683	996
684	305
684	785
684	932
684	941
684	949
684	960
684	963
684	997
685	483
685	596
685	737
685	745
685	817
685	914
685	927
685	971
686	583
686	612
686	634
686	816
686	938
686	954
686	962
686	996
687	786
687	813
687	818
687	872
687	951
687	954
687	962
687	996
688	616
688	641
688	691
688	783
688	896
688	898
688	921
688	989
689	821
689	862
689	965
689	970
689	976
689	983
689	988
689	990
690	18
690	623
690	664
690	716
690	954
690	966
690	979
690	999
691	439
691	649
691	680
691	688
691	763
691	772
691	781
691	894
692	589
692	812
692	851
692	887
692	973
692	984
692	995
692	1000
693	361
693	607
693	666
693	680
693	843
693	898
693	945
693	989
694	124
694	738
694	747
694	836
694	872
694	980
694	996
694	1000
695	865
695	890
695	936
695	964
695	968
695	972
695	982
695	993
696	733
696	785
696	877
696	919
696	960
696	963
696	971
696	997
697	315
697	530
697	846
697	952
697	956
697	970
697	976
697	983
697	988
698	354
698	457
698	489
698	568
698	659
698	751
698	753
698	879
698	987
699	629
699	639
699	671
699	683
699	922
699	943
699	980
699	995
699	996
700	682
700	928
700	952
700	956
700	970
700	976
700	983
700	988
700	990
701	804
701	936
701	961
701	964
701	972
701	977
701	982
701	983
701	993
702	566
702	615
702	666
702	673
702	734
702	763
702	804
702	894
702	989
703	139
703	604
703	655
703	909
703	932
703	940
703	960
703	994
703	997
704	144
704	258
704	920
704	933
704	957
704	958
704	965
704	967
704	991
705	825
705	893
705	906
705	923
705	953
705	968
705	979
705	985
705	999
706	576
706	731
706	763
706	778
706	843
706	898
706	945
706	976
706	989
707	869
707	928
707	934
707	956
707	970
707	976
707	983
707	988
707	990
708	462
708	819
708	827
708	911
708	932
708	940
708	949
708	963
708	994
709	340
709	771
709	908
709	915
709	953
709	955
709	986
709	998
709	999
710	775
710	910
710	913
710	922
710	942
710	962
710	980
710	995
710	996
711	874
711	890
711	936
711	961
711	964
711	972
711	977
711	982
711	993
712	123
712	342
712	841
712	900
712	915
712	968
712	985
712	998
712	999
713	409
713	460
713	675
713	835
713	845
713	917
713	948
713	970
713	985
714	120
714	446
714	542
714	801
714	840
714	895
714	914
714	971
714	981
715	388
715	728
715	790
715	812
715	886
715	950
715	957
715	984
715	1000
716	243
716	690
716	727
716	838
716	893
716	908
716	985
716	998
716	999
717	122
717	523
717	551
717	745
717	840
717	895
717	914
717	971
717	981
718	748
718	790
718	884
718	959
718	967
718	984
718	987
718	991
718	1000
719	414
719	416
719	455
719	773
719	930
719	940
719	963
719	994
719	997
720	380
720	610
720	666
720	839
720	878
720	908
720	924
720	955
720	998
721	151
721	173
721	674
721	757
721	863
721	885
721	917
721	968
721	999
722	95
722	650
722	773
722	785
722	870
722	932
722	960
722	994
722	997
723	758
723	809
723	815
723	838
723	873
723	923
723	948
723	966
723	999
724	222
724	261
724	625
724	829
724	891
724	902
724	935
724	975
724	992
725	103
725	592
725	678
725	758
725	893
725	899
725	946
725	966
725	986
726	567
726	829
726	837
726	902
726	925
726	929
726	954
726	974
726	992
727	411
727	645
727	716
727	743
727	751
727	950
727	959
727	978
727	1000
728	89
728	411
728	715
728	942
728	959
728	969
728	973
728	987
728	1000
729	7
729	396
729	495
729	811
729	837
729	905
729	974
729	975
729	992
730	752
730	884
730	931
730	944
730	947
730	972
730	984
730	987
730	1000
731	149
731	274
731	444
731	706
731	778
731	894
731	921
731	945
731	989
732	479
732	816
732	836
732	897
732	951
732	954
732	962
732	995
732	996
733	229
733	476
733	696
733	819
733	864
733	926
733	963
733	994
733	997
734	533
734	546
734	679
734	702
734	781
734	843
734	894
734	921
734	945
735	121
735	313
735	794
735	855
735	861
735	920
735	965
735	973
735	978
736	164
736	642
736	800
736	938
736	942
736	962
736	973
736	980
736	995
737	648
737	685
737	745
737	768
737	850
737	859
737	927
737	971
737	981
738	329
738	422
738	595
738	635
738	694
738	910
738	938
738	942
738	995
738	996
739	563
739	634
739	786
739	802
739	854
739	912
739	943
739	980
739	995
739	996
740	324
740	459
740	788
740	845
740	893
740	955
740	985
740	986
740	998
740	999
741	544
741	746
741	878
741	907
741	916
741	936
741	961
741	964
741	982
741	993
742	600
742	775
742	823
742	865
742	961
742	964
742	972
742	977
742	982
742	993
743	134
743	526
743	607
743	727
743	852
743	933
743	957
743	967
743	973
743	1000
744	807
744	928
744	934
744	939
744	952
744	956
744	970
744	976
744	983
744	990
745	437
745	674
745	685
745	717
745	737
745	895
745	897
745	927
745	971
745	981
746	741
746	903
746	916
746	961
746	964
746	972
746	977
746	982
746	987
746	993
747	547
747	646
747	683
747	694
747	872
747	910
747	938
747	980
747	995
747	996
748	276
748	337
748	522
748	718
748	874
748	889
748	908
748	923
748	979
748	998
749	832
749	892
749	933
749	939
749	956
749	970
749	976
749	983
749	988
749	990
750	626
750	875
750	881
750	926
750	953
750	955
750	966
750	968
750	970
750	998
751	511
751	601
751	645
751	698
751	727
751	944
751	957
751	967
751	984
751	991
752	297
752	730
752	844
752	944
752	957
752	958
752	969
752	978
752	998
752	1000
753	349
753	356
753	574
753	590
753	698
753	837
753	929
753	935
753	975
753	992
754	96
754	161
754	162
754	762
754	823
754	894
754	896
754	898
754	945
754	989
755	418
755	850
755	873
755	900
755	926
755	948
755	955
755	968
755	985
755	999
756	502
756	562
756	901
756	931
756	951
756	958
756	969
756	978
756	991
756	1000
757	40
757	335
757	721
757	881
757	912
757	923
757	926
757	954
757	986
757	999
758	458
758	491
758	723
758	725
758	875
758	955
758	966
758	968
758	986
758	998
759	535
759	545
759	771
759	937
759	948
759	955
759	960
759	966
759	985
759	999
760	62
760	207
760	325
760	469
760	801
760	817
760	840
760	859
760	971
760	981
761	99
761	812
761	828
761	902
761	931
761	950
761	957
761	965
761	969
761	984
761	1000
762	345
762	558
762	613
762	754
762	778
762	781
762	843
762	880
762	921
762	945
762	989
763	70
763	607
763	691
763	702
763	706
763	781
763	880
763	894
763	896
763	898
763	989
764	670
764	810
764	841
764	901
764	957
764	958
764	961
764	969
764	973
764	978
764	984
765	109
765	821
765	830
765	869
765	928
765	934
765	956
765	976
765	983
765	988
765	990
766	17
766	773
766	824
766	864
766	911
766	919
766	940
766	962
766	963
766	994
766	997
767	553
767	654
767	913
767	922
767	942
767	962
767	980
767	986
767	995
767	996
767	999
768	65
768	120
768	308
768	541
768	737
768	801
768	850
768	897
768	970
768	971
768	981
769	145
769	223
769	368
769	678
769	833
769	845
769	889
769	908
769	915
769	953
769	998
770	144
770	887
770	904
770	916
770	920
770	946
770	950
770	959
770	967
770	969
770	978
771	709
771	759
771	796
771	899
771	924
771	953
771	966
771	968
771	975
771	979
771	985
772	122
772	483
772	691
772	791
772	808
772	817
772	850
772	897
772	914
772	971
772	981
773	224
773	383
773	548
773	646
773	719
773	722
773	766
773	867
773	911
773	981
773	994
774	140
774	282
774	400
774	415
774	556
774	661
774	888
774	891
774	925
774	929
774	992
775	710
775	742
775	903
775	907
775	918
775	961
775	964
775	972
775	977
775	982
775	993
776	197
776	227
776	581
776	837
776	888
776	927
776	929
776	935
776	974
776	975
776	992
777	892
777	928
777	934
777	939
777	952
777	956
777	970
777	976
777	988
777	990
777	993
778	327
778	546
778	558
778	615
778	641
778	706
778	731
778	762
778	896
778	921
778	958
778	989
779	928
779	934
779	939
779	952
779	956
779	970
779	971
779	976
779	983
779	988
779	990
779	997
780	171
780	448
780	520
780	809
780	811
780	837
780	842
780	891
780	935
780	974
780	975
780	992
781	238
781	435
781	526
781	691
781	734
781	762
781	763
781	894
781	896
781	898
781	921
781	989
782	20
782	242
782	833
782	835
782	838
782	881
782	899
782	924
782	926
782	955
782	990
782	999
783	688
783	788
783	875
783	908
783	915
783	917
783	924
783	966
783	978
783	986
783	998
783	999
784	799
784	816
784	871
784	903
784	918
784	924
784	961
784	964
784	972
784	977
784	982
784	993
785	212
785	301
785	441
785	548
785	594
785	682
785	684
785	696
785	722
785	937
785	949
785	997
786	156
786	562
786	595
786	687
786	739
786	798
786	816
786	836
786	942
786	951
786	954
786	995
787	373
787	604
787	650
787	909
787	930
787	932
787	940
787	941
787	960
787	963
787	980
787	997
788	171
788	463
788	473
788	740
788	783
788	792
788	815
788	885
788	966
788	968
788	979
788	998
789	862
789	892
789	928
789	939
789	952
789	956
789	968
789	970
789	976
789	983
789	988
789	990
790	89
790	362
790	715
790	718
790	831
790	861
790	939
790	958
790	965
790	969
790	987
790	991
791	293
791	309
791	390
791	772
791	808
791	840
791	859
791	895
791	897
791	959
791	971
791	981
792	221
792	597
792	646
792	788
792	877
792	909
792	911
792	940
792	960
792	963
792	994
792	997
793	131
793	186
793	527
793	592
793	838
793	873
793	874
793	915
793	985
793	986
793	998
793	999
794	513
794	735
794	810
794	846
794	927
794	944
794	950
794	959
794	967
794	978
794	987
794	1000
795	24
795	484
795	540
795	820
795	833
795	845
795	895
795	968
795	979
795	986
795	998
795	999
796	208
796	243
796	351
796	664
796	771
796	820
796	833
796	874
796	908
796	924
796	986
796	998
797	233
797	338
797	480
797	549
797	585
797	829
797	905
797	929
797	935
797	974
797	980
797	992
798	281
798	651
798	654
798	786
798	816
798	938
798	943
798	951
798	960
798	962
798	995
798	996
799	225
799	784
799	807
799	818
799	907
799	939
799	961
799	964
799	972
799	977
799	982
799	993
800	100
800	332
800	736
800	813
800	836
800	943
800	951
800	954
800	962
800	969
800	995
800	996
801	390
801	552
801	619
801	714
801	760
801	768
801	805
801	808
801	914
801	927
801	971
801	981
802	436
802	510
802	739
802	834
802	848
802	910
802	938
802	962
802	980
802	995
802	996
802	998
803	589
803	830
803	892
803	928
803	934
803	939
803	952
803	956
803	970
803	976
803	983
803	988
803	990
804	701
804	702
804	857
804	865
804	903
804	916
804	936
804	961
804	964
804	972
804	977
804	982
804	993
805	254
805	682
805	801
805	870
805	909
805	911
805	919
805	932
805	940
805	941
805	963
805	994
805	997
806	12
806	81
806	561
806	575
806	667
806	683
806	818
806	882
806	910
806	942
806	986
806	995
806	996
807	744
807	799
807	853
807	871
807	907
807	916
807	918
807	936
807	961
807	964
807	972
807	982
807	993
808	410
808	679
808	772
808	791
808	801
808	817
808	837
808	840
808	859
808	897
808	914
808	971
808	981
809	179
809	214
809	549
809	723
809	780
809	842
809	891
809	902
809	905
809	974
809	975
809	992
809	998
810	71
810	134
810	497
810	614
810	631
810	632
810	669
810	764
810	794
810	857
810	944
810	947
810	958
811	470
811	537
811	567
811	636
811	657
811	729
811	780
811	888
811	902
811	944
811	974
811	975
811	992
812	1
812	455
812	692
812	715
812	761
812	861
812	920
812	950
812	959
812	969
812	973
812	991
812	1000
813	12
813	64
813	269
813	461
813	658
813	687
813	800
813	882
813	954
813	962
813	980
813	995
813	996
814	853
814	865
814	883
814	890
814	907
814	918
814	936
814	961
814	964
814	966
814	972
814	993
814	999
815	481
815	559
815	629
815	723
815	788
815	893
815	915
815	924
815	937
815	953
815	979
815	985
815	995
816	638
816	686
816	732
816	784
816	786
816	798
816	882
816	922
816	942
816	962
816	980
816	995
816	996
817	438
817	469
817	685
817	760
817	772
817	808
817	840
817	850
817	879
817	895
817	927
817	971
817	981
818	47
818	433
818	633
818	687
818	799
818	806
818	854
818	910
818	922
818	943
818	962
818	995
818	996
819	358
819	458
819	708
819	733
819	829
819	849
819	877
819	911
819	930
819	940
819	963
819	994
819	997
820	335
820	401
820	795
820	796
820	832
820	863
820	874
820	912
820	924
820	968
820	979
820	998
820	999
821	642
821	689
821	765
821	869
821	934
821	939
821	952
821	956
821	970
821	976
821	979
821	983
821	988
821	990
822	66
822	107
822	160
822	603
822	851
822	884
822	901
822	933
822	958
822	959
822	969
822	978
822	987
822	1000
823	416
823	481
823	742
823	754
823	826
823	875
823	878
823	953
823	955
823	966
823	968
823	979
823	985
823	998
824	224
824	597
824	766
824	847
824	856
824	870
824	909
824	919
824	938
824	940
824	941
824	960
824	963
824	997
825	384
825	545
825	559
825	705
825	873
825	874
825	926
825	958
825	968
825	979
825	985
825	986
825	998
825	999
826	86
826	172
826	522
826	621
826	624
826	823
826	835
826	838
826	923
826	924
826	955
826	979
826	998
826	999
827	434
827	493
827	655
827	708
827	864
827	868
827	932
827	941
827	949
827	960
827	963
827	967
827	994
827	997
828	33
828	245
828	294
828	478
828	580
828	761
828	831
828	957
828	965
828	967
828	985
828	987
828	991
828	1000
829	338
829	606
829	724
829	726
829	797
829	819
829	842
829	888
829	905
829	925
829	935
829	974
829	975
829	992
830	564
830	628
830	765
830	803
830	934
830	939
830	952
830	956
830	969
830	970
830	976
830	983
830	988
830	990
831	102
831	486
831	790
831	828
831	886
831	933
831	957
831	958
831	967
831	969
831	973
831	984
831	987
831	991
832	749
832	820
832	858
832	862
832	892
832	906
832	934
832	939
832	952
832	956
832	970
832	976
832	983
832	988
832	990
833	193
833	244
833	404
833	664
833	769
833	782
833	795
833	796
833	953
833	955
833	959
833	966
833	979
833	998
833	999
834	293
834	306
834	802
834	871
834	883
834	890
834	903
834	916
834	918
834	936
834	961
834	972
834	977
834	982
834	993
835	35
835	321
835	629
835	713
835	782
835	826
835	874
835	885
835	889
835	926
835	953
835	966
835	979
835	998
835	999
836	31
836	164
836	427
836	452
836	630
836	639
836	694
836	732
836	786
836	800
836	913
836	943
836	962
836	980
836	996
837	250
837	263
837	334
837	415
837	594
837	620
837	726
837	729
837	753
837	776
837	780
837	808
837	974
837	975
837	992
838	150
838	321
838	342
838	482
838	611
838	716
838	723
838	782
838	793
838	826
838	908
838	923
838	953
838	982
838	986
839	522
839	610
839	621
839	628
839	629
839	720
839	889
839	912
839	915
839	917
839	953
839	958
839	985
839	998
839	999
840	62
840	176
840	328
840	463
840	714
840	717
840	760
840	791
840	808
840	817
840	859
840	914
840	927
840	971
840	981
841	295
841	364
841	627
841	712
841	764
841	843
841	855
841	858
841	866
841	947
841	957
841	967
841	973
841	978
841	987
842	677
842	780
842	809
842	829
842	888
842	891
842	902
842	905
842	922
842	925
842	929
842	935
842	974
842	975
842	992
843	14
843	234
843	312
843	399
843	563
843	565
843	693
843	706
843	734
843	762
843	841
843	880
843	921
843	945
843	989
844	99
844	285
844	386
844	579
844	752
844	920
844	929
844	946
844	957
844	965
844	973
844	974
844	978
844	984
844	1000
845	3
845	123
845	664
845	677
845	713
845	740
845	769
845	795
845	863
845	878
845	912
845	939
845	948
845	966
845	998
846	71
846	143
846	168
846	697
846	794
846	851
846	866
846	931
846	933
846	946
846	958
846	973
846	984
846	987
846	991
847	17
847	34
847	310
847	366
847	621
847	824
847	877
847	909
847	930
847	932
847	940
847	960
847	963
847	994
847	997
848	447
848	634
848	683
848	802
848	882
848	910
848	922
848	942
848	943
848	954
848	962
848	966
848	980
848	995
848	996
849	185
849	275
849	402
849	414
849	586
849	604
849	819
849	890
849	932
849	941
849	949
849	960
849	963
849	994
849	997
850	230
850	523
850	648
850	679
850	737
850	755
850	768
850	772
850	817
850	895
850	897
850	927
850	971
850	981
850	1000
851	443
851	507
851	568
851	622
851	692
851	822
851	846
851	884
851	936
851	944
851	959
851	965
851	969
851	991
851	1000
852	209
852	450
852	457
852	743
852	876
852	932
852	957
852	958
852	967
852	973
852	978
852	984
852	987
852	991
852	999
853	96
853	505
853	807
853	814
853	865
853	883
853	903
853	907
853	916
853	918
853	936
853	961
853	964
853	972
853	977
853	993
854	158
854	228
854	478
854	543
854	561
854	577
854	588
854	739
854	818
854	922
854	942
854	954
854	980
854	995
854	996
854	997
855	735
855	841
855	907
855	944
855	946
855	947
855	950
855	957
855	958
855	959
855	969
855	973
855	977
855	984
855	987
855	991
856	72
856	442
856	640
856	650
856	682
856	824
856	864
856	867
856	877
856	911
856	932
856	941
856	949
856	950
856	994
856	997
857	107
857	271
857	440
857	536
857	631
857	637
857	645
857	804
857	810
857	901
857	950
857	965
857	969
857	978
857	984
857	1000
858	369
858	489
858	832
858	841
858	886
858	931
858	933
858	950
858	957
858	958
858	965
858	973
858	984
858	987
858	991
858	1000
859	309
859	328
859	388
859	516
859	737
859	760
859	791
859	808
859	840
859	897
859	914
859	918
859	927
859	971
859	973
859	981
860	42
860	268
860	476
860	550
860	682
860	864
860	870
860	909
860	919
860	932
860	940
860	941
860	949
860	984
860	994
860	997
861	206
861	243
861	608
861	735
861	790
861	812
861	876
861	904
861	944
861	946
861	950
861	967
861	969
861	978
861	991
861	1000
862	689
862	789
862	832
862	869
862	892
862	894
862	928
862	934
862	939
862	952
862	956
862	970
862	976
862	983
862	988
862	990
863	10
863	484
863	640
863	721
863	820
863	845
863	889
863	899
863	921
863	924
863	932
863	948
863	955
863	966
863	979
863	999
864	41
864	419
864	501
864	733
864	766
864	827
864	856
864	860
864	868
864	877
864	895
864	932
864	940
864	960
864	994
864	997
865	695
865	742
865	804
865	814
865	853
865	871
865	874
865	883
865	903
865	907
865	918
865	964
865	972
865	977
865	982
865	993
866	235
866	339
866	443
866	536
866	537
866	605
866	608
866	841
866	846
866	920
866	944
866	947
866	950
866	959
866	967
866	984
866	1000
867	287
867	442
867	517
867	602
867	617
867	773
867	856
867	909
867	919
867	932
867	941
867	949
867	960
867	963
867	994
867	995
867	997
868	52
868	442
868	493
868	660
868	827
868	864
868	870
868	911
868	930
868	932
868	940
868	941
868	949
868	963
868	968
868	994
868	997
869	189
869	307
869	707
869	765
869	821
869	862
869	892
869	934
869	939
869	952
869	956
869	970
869	976
869	983
869	988
869	990
869	993
870	127
870	280
870	352
870	417
870	548
870	550
870	722
870	805
870	824
870	860
870	868
870	911
870	930
870	940
870	957
870	963
870	997
871	425
871	784
871	807
871	834
871	865
871	876
871	903
871	907
871	913
871	916
871	918
871	936
871	961
871	972
871	977
871	982
871	993
872	133
872	165
872	382
872	430
872	454
872	687
872	694
872	747
872	882
872	913
872	922
872	948
872	958
872	962
872	980
872	995
872	996
873	105
873	402
873	534
873	611
873	665
873	723
873	755
873	793
873	825
873	885
873	900
873	908
873	937
873	966
873	985
873	986
873	998
874	180
874	375
874	397
874	599
874	711
874	748
874	793
874	796
874	820
874	825
874	835
874	865
874	875
874	915
874	923
874	953
874	955
874	999
875	278
875	340
875	611
875	618
875	621
875	678
875	750
875	758
875	783
875	823
875	874
875	906
875	912
875	948
875	955
875	968
875	998
875	999
876	66
876	206
876	632
876	645
876	670
876	852
876	861
876	871
876	879
876	888
876	944
876	946
876	950
876	959
876	969
876	973
876	978
876	984
877	255
877	476
877	696
877	792
877	819
877	847
877	856
877	864
877	911
877	919
877	930
877	940
877	941
877	949
877	967
877	994
877	995
877	997
878	11
878	78
878	385
878	484
878	540
878	675
878	720
878	741
878	823
878	845
878	889
878	924
878	940
878	948
878	955
878	979
878	998
878	999
879	199
879	262
879	297
879	632
879	698
879	817
879	876
879	887
879	944
879	945
879	950
879	957
879	959
879	965
879	973
879	987
879	991
879	1000
880	14
880	45
880	435
880	522
880	533
880	565
880	576
880	641
880	673
880	762
880	763
880	843
880	894
880	896
880	898
880	921
880	931
880	989
881	267
881	321
881	416
881	610
881	651
881	750
881	757
881	782
881	889
881	899
881	906
881	917
881	923
881	924
881	937
881	948
881	968
881	998
881	999
882	72
882	95
882	130
882	485
882	512
882	630
882	806
882	813
882	816
882	848
882	872
882	910
882	943
882	951
882	954
882	961
882	962
882	995
882	996
883	53
883	387
883	584
883	656
883	814
883	834
883	853
883	865
883	890
883	916
883	918
883	932
883	936
883	961
883	964
883	972
883	977
883	982
883	993
884	154
884	502
884	554
884	669
884	718
884	730
884	822
884	851
884	893
884	904
884	946
884	950
884	967
884	969
884	973
884	984
884	987
884	991
884	1000
885	186
885	326
885	342
885	545
885	624
885	721
885	788
885	835
885	873
885	908
885	926
885	937
885	953
885	966
885	974
885	979
885	985
885	986
885	999
886	28
886	239
886	472
886	538
886	672
886	715
886	831
886	858
886	887
886	920
886	933
886	944
886	945
886	946
886	950
886	965
886	967
886	973
886	984
887	209
887	443
887	486
887	538
887	603
887	692
887	770
887	879
887	886
887	931
887	947
887	957
887	959
887	965
887	967
887	978
887	993
887	999
887	1000
888	172
888	279
888	396
888	606
888	620
888	636
888	774
888	776
888	811
888	829
888	842
888	876
888	891
888	925
888	929
888	935
888	963
888	974
888	975
888	992
889	36
889	219
889	542
889	611
889	626
889	676
889	748
889	769
889	835
889	839
889	863
889	878
889	881
889	896
889	924
889	925
889	955
889	968
889	998
889	999
890	273
890	544
890	695
890	711
890	814
890	834
890	849
890	883
890	893
890	903
890	907
890	916
890	918
890	936
890	961
890	964
890	972
890	977
890	982
890	993
891	113
891	137
891	300
891	424
891	647
891	657
891	658
891	724
891	774
891	780
891	809
891	842
891	888
891	902
891	925
891	935
891	974
891	975
891	987
891	992
892	398
892	509
892	564
892	749
892	777
892	789
892	803
892	832
892	862
892	869
892	928
892	934
892	952
892	956
892	970
892	971
892	976
892	983
892	988
892	990
893	150
893	205
893	401
893	535
893	601
893	665
893	674
893	675
893	705
893	716
893	725
893	740
893	815
893	884
893	890
893	912
893	937
893	979
893	985
893	999
894	195
894	238
894	389
894	477
894	494
894	506
894	616
894	672
894	691
894	702
894	731
894	734
894	754
894	763
894	781
894	862
894	880
894	898
894	945
894	989
895	46
895	374
895	516
895	521
895	523
895	619
895	679
895	714
895	717
895	745
895	791
895	795
895	817
895	850
895	864
895	897
895	914
895	927
895	971
895	981
896	6
896	13
896	14
896	42
896	389
896	494
896	506
896	558
896	565
896	676
896	688
896	754
896	763
896	778
896	781
896	880
896	889
896	921
896	945
896	989
897	46
897	147
897	176
897	230
897	410
897	446
897	552
897	618
897	669
897	670
897	732
897	745
897	768
897	772
897	791
897	808
897	850
897	859
897	895
897	971
897	981
898	162
898	215
898	431
898	444
898	576
898	615
898	666
898	672
898	673
898	688
898	693
898	706
898	754
898	763
898	781
898	880
898	894
898	902
898	945
898	971
898	989
899	23
899	155
899	319
899	384
899	534
899	725
899	771
899	782
899	863
899	881
899	906
899	912
899	917
899	924
899	950
899	968
899	985
899	986
899	988
899	998
899	999
900	111
900	282
900	375
900	462
900	712
900	755
900	873
900	906
900	915
900	917
900	923
900	926
900	943
900	953
900	966
900	971
900	979
900	985
900	986
900	998
900	999
901	35
901	271
901	472
901	535
901	536
901	605
901	681
901	756
901	764
901	822
901	857
901	904
901	944
901	946
901	947
901	959
901	974
901	978
901	984
901	991
901	1000
902	220
902	299
902	318
902	373
902	520
902	567
902	658
902	677
902	724
902	726
902	761
902	809
902	811
902	842
902	891
902	898
902	925
902	929
902	935
902	974
902	975
902	992
903	225
903	660
903	746
903	775
903	784
903	804
903	834
903	853
903	865
903	871
903	890
903	907
903	916
903	918
903	936
903	961
903	964
903	972
903	977
903	982
903	993
903	1000
904	59
904	134
904	155
904	295
904	451
904	468
904	502
904	770
904	861
904	884
904	901
904	933
904	950
904	957
904	965
904	967
904	969
904	973
904	978
904	987
904	991
904	993
905	68
905	172
905	179
905	313
905	499
905	567
905	590
905	606
905	644
905	657
905	658
905	729
905	797
905	809
905	829
905	842
905	925
905	928
905	929
905	974
905	975
905	992
906	8
906	18
906	103
906	337
906	384
906	404
906	453
906	676
906	705
906	832
906	875
906	881
906	899
906	900
906	926
906	937
906	948
906	968
906	985
906	986
906	996
906	998
906	999
907	442
907	544
907	741
907	775
907	799
907	807
907	814
907	853
907	855
907	865
907	871
907	890
907	903
907	916
907	918
907	936
907	946
907	961
907	964
907	972
907	977
907	982
907	993
908	203
908	228
908	357
908	532
908	651
908	709
908	716
908	720
908	748
908	769
908	783
908	796
908	838
908	873
908	885
908	923
908	953
908	955
908	968
908	977
908	986
908	998
908	999
909	188
909	275
909	346
909	366
909	375
909	434
909	597
909	660
909	703
909	787
909	792
909	805
909	824
909	847
909	860
909	867
909	911
909	930
909	932
909	940
909	941
909	994
909	997
910	49
910	175
910	348
910	445
910	477
910	517
910	575
910	583
910	586
910	710
910	738
910	747
910	802
910	806
910	818
910	848
910	882
910	913
910	951
910	962
910	980
910	995
910	998
911	37
911	358
911	572
911	660
911	708
911	766
911	773
911	792
911	805
911	819
911	856
911	868
911	870
911	877
911	909
911	932
911	940
911	941
911	960
911	970
911	974
911	994
911	997
912	8
912	104
912	114
912	193
912	223
912	441
912	623
912	624
912	739
912	757
912	820
912	839
912	845
912	875
912	893
912	899
912	917
912	948
912	955
912	968
912	985
912	986
912	999
913	15
913	68
913	93
913	320
913	427
913	469
913	478
913	510
913	583
913	630
913	638
913	667
913	710
913	767
913	836
913	871
913	872
913	910
913	922
913	942
913	962
913	969
913	995
913	996
914	2
914	65
914	126
914	141
914	194
914	325
914	596
914	619
914	648
914	663
914	679
914	685
914	714
914	717
914	772
914	801
914	808
914	840
914	859
914	895
914	964
914	966
914	971
914	981
915	75
915	284
915	383
915	540
915	621
915	709
915	712
915	769
915	783
915	793
915	815
915	839
915	874
915	900
915	917
915	937
915	953
915	961
915	966
915	979
915	985
915	986
915	998
915	999
916	97
916	152
916	167
916	518
916	741
916	746
916	770
916	804
916	807
916	834
916	853
916	871
916	883
916	890
916	903
916	907
916	936
916	956
916	961
916	964
916	972
916	977
916	982
916	993
917	57
917	75
917	223
917	453
917	599
917	678
917	713
917	721
917	783
917	839
917	881
917	899
917	900
917	912
917	915
917	924
917	926
917	937
917	968
917	979
917	985
917	986
917	996
917	998
918	273
918	584
918	656
918	775
918	784
918	807
918	814
918	834
918	853
918	859
918	865
918	871
918	883
918	890
918	903
918	907
918	936
918	961
918	964
918	972
918	977
918	982
918	990
918	993
919	184
919	280
919	316
919	377
919	409
919	455
919	514
919	519
919	581
919	682
919	696
919	766
919	805
919	824
919	860
919	867
919	877
919	930
919	937
919	941
919	949
919	960
919	994
919	997
920	66
920	142
920	163
920	320
920	339
920	652
920	659
920	662
920	704
920	735
920	770
920	812
920	844
920	866
920	886
920	931
920	947
920	958
920	969
920	973
920	978
920	985
920	991
920	1000
921	6
921	169
921	246
921	274
921	344
921	444
921	576
921	615
921	616
921	641
921	666
921	688
921	731
921	734
921	762
921	778
921	781
921	843
921	863
921	880
921	896
921	945
921	952
921	989
922	4
922	303
922	314
922	588
922	633
922	654
922	699
922	710
922	767
922	816
922	818
922	842
922	848
922	854
922	872
922	913
922	942
922	943
922	951
922	954
922	962
922	980
922	995
922	996
923	56
923	234
923	335
923	484
923	511
923	579
923	651
923	705
923	723
923	748
923	757
923	826
923	838
923	874
923	881
923	900
923	908
923	948
923	955
923	968
923	984
923	985
923	986
923	999
924	52
924	610
924	635
924	720
924	771
924	782
924	783
924	784
924	796
924	815
924	820
924	826
924	863
924	878
924	881
924	889
924	899
924	917
924	948
924	955
924	964
924	966
924	979
924	998
924	999
925	79
925	84
925	138
925	349
925	406
925	415
925	449
925	574
925	581
925	625
925	661
925	677
925	726
925	774
925	829
925	842
925	888
925	889
925	891
925	902
925	905
925	929
925	935
925	974
925	975
925	992
926	30
926	52
926	88
926	91
926	298
926	438
926	481
926	675
926	733
926	750
926	755
926	757
926	782
926	825
926	835
926	885
926	900
926	906
926	917
926	948
926	953
926	966
926	968
926	979
926	989
926	999
927	2
927	259
927	293
927	309
927	325
927	407
927	446
927	483
927	521
927	523
927	564
927	596
927	648
927	663
927	685
927	737
927	745
927	776
927	794
927	801
927	817
927	840
927	850
927	859
927	895
927	971
927	981
928	252
928	292
928	394
928	653
928	664
928	668
928	700
928	707
928	744
928	765
928	777
928	779
928	789
928	803
928	862
928	892
928	905
928	934
928	939
928	952
928	956
928	970
928	971
928	976
928	983
928	988
928	990
929	300
929	356
929	403
929	480
929	537
929	549
929	620
929	636
929	644
929	658
929	677
929	726
929	753
929	774
929	776
929	797
929	842
929	844
929	888
929	902
929	905
929	925
929	935
929	952
929	974
929	975
929	992
930	21
930	127
930	268
930	352
930	383
930	415
930	476
930	572
930	655
930	682
930	719
930	787
930	819
930	847
930	868
930	870
930	877
930	909
930	919
930	940
930	941
930	949
930	960
930	963
930	990
930	994
930	997
931	24
931	144
931	286
931	538
931	541
931	573
931	580
931	637
931	659
931	662
931	730
931	756
931	761
931	846
931	858
931	880
931	887
931	920
931	946
931	948
931	950
931	958
931	959
931	969
931	982
931	987
931	991
931	1000
932	85
932	94
932	241
932	571
932	598
932	655
932	684
932	703
932	708
932	722
932	787
932	805
932	827
932	847
932	849
932	852
932	856
932	860
932	863
932	864
932	867
932	868
932	883
932	909
932	911
932	963
932	994
932	997
933	1
933	59
933	108
933	302
933	350
933	355
933	364
933	542
933	568
933	622
933	632
933	704
933	743
933	749
933	822
933	831
933	846
933	858
933	886
933	904
933	947
933	957
933	959
933	965
933	973
933	978
933	984
933	987
933	1000
934	292
934	376
934	394
934	492
934	569
934	637
934	707
934	744
934	765
934	777
934	779
934	803
934	821
934	830
934	832
934	862
934	869
934	892
934	928
934	939
934	952
934	956
934	970
934	976
934	980
934	983
934	988
934	990
934	994
935	129
935	177
935	300
935	338
935	356
935	426
935	470
935	605
935	606
935	625
935	657
935	661
935	677
935	724
935	753
935	776
935	780
935	797
935	829
935	842
935	888
935	891
935	902
935	925
935	929
935	974
935	975
935	986
935	992
936	97
936	289
936	371
936	446
936	544
936	695
936	701
936	711
936	741
936	804
936	807
936	814
936	834
936	851
936	853
936	871
936	883
936	890
936	903
936	907
936	916
936	918
936	961
936	964
936	972
936	977
936	982
936	985
936	993
937	105
937	114
937	203
937	251
937	277
937	357
937	420
937	459
937	464
937	540
937	559
937	624
937	664
937	759
937	785
937	815
937	873
937	881
937	885
937	893
937	906
937	915
937	917
937	919
937	948
937	955
937	966
937	986
937	998
937	999
938	39
938	49
938	73
938	93
938	133
938	158
938	202
938	336
938	381
938	454
938	466
938	479
938	498
938	518
938	612
938	613
938	635
938	639
938	686
938	736
938	738
938	747
938	798
938	802
938	824
938	941
938	942
938	943
938	954
938	980
938	996
939	87
939	196
939	475
939	491
939	530
939	564
939	609
939	647
939	744
939	749
939	777
939	779
939	789
939	790
939	799
939	803
939	821
939	830
939	832
939	845
939	862
939	869
939	928
939	934
939	952
939	956
939	970
939	976
939	983
939	988
939	990
940	54
940	257
940	379
940	452
940	455
940	519
940	602
940	655
940	703
940	708
940	719
940	766
940	787
940	792
940	805
940	819
940	824
940	847
940	860
940	864
940	868
940	870
940	877
940	878
940	909
940	911
940	930
940	960
940	985
940	994
940	997
941	37
941	212
941	434
941	456
941	561
941	572
941	617
941	646
941	660
941	682
941	684
941	787
941	805
941	824
941	827
941	849
941	856
941	860
941	867
941	868
941	877
941	909
941	911
941	919
941	930
941	938
941	959
941	960
941	963
941	966
941	997
942	39
942	363
942	381
942	445
942	487
942	518
942	595
942	644
942	667
942	671
942	710
942	728
942	736
942	738
942	767
942	786
942	806
942	816
942	848
942	854
942	913
942	922
942	938
942	943
942	951
942	954
942	962
942	980
942	983
942	995
942	996
943	47
943	49
943	166
943	318
943	381
943	403
943	427
943	433
943	445
943	447
943	510
943	543
943	563
943	577
943	638
943	642
943	699
943	739
943	798
943	800
943	818
943	836
943	848
943	882
943	900
943	922
943	938
943	942
943	954
943	980
943	995
943	996
944	121
944	212
944	231
944	405
944	440
944	465
944	511
944	568
944	608
944	650
944	730
944	751
944	752
944	794
944	810
944	811
944	851
944	855
944	861
944	866
944	876
944	879
944	886
944	901
944	946
944	950
944	959
944	965
944	967
944	969
944	977
944	991
945	9
945	13
945	76
945	149
945	161
945	263
945	305
945	344
945	389
945	399
945	439
945	494
945	533
945	546
945	565
945	566
945	607
945	666
945	672
945	680
945	693
945	706
945	731
945	734
945	754
945	762
945	843
945	879
945	886
945	894
945	896
945	898
945	921
946	109
946	322
946	417
946	502
946	505
946	541
946	593
946	603
946	643
946	645
946	662
946	681
946	725
946	770
946	844
946	846
946	855
946	861
946	876
946	884
946	886
946	901
946	907
946	931
946	944
946	965
946	967
946	969
946	984
946	987
946	991
946	992
946	1000
947	45
947	258
947	294
947	378
947	500
947	529
947	570
947	573
947	580
947	652
947	681
947	730
947	810
947	841
947	855
947	866
947	887
947	901
947	920
947	933
947	950
947	955
947	958
947	959
947	965
947	967
947	969
947	973
947	978
947	984
947	987
947	991
947	999
947	1000
948	8
948	75
948	131
948	138
948	192
948	216
948	342
948	380
948	462
948	464
948	664
948	665
948	713
948	723
948	755
948	759
948	845
948	863
948	872
948	875
948	878
948	881
948	906
948	912
948	923
948	924
948	926
948	931
948	937
948	966
948	968
948	979
948	985
948	986
948	989
948	998
949	21
949	25
949	184
949	275
949	353
949	360
949	373
949	377
949	379
949	412
949	414
949	493
949	501
949	515
949	519
949	527
949	550
949	585
949	586
949	617
949	660
949	684
949	708
949	785
949	827
949	849
949	856
949	860
949	867
949	868
949	877
949	919
949	930
949	960
949	963
949	975
949	984
950	28
950	29
950	33
950	106
950	136
950	232
950	270
950	465
950	486
950	608
950	669
950	715
950	727
950	761
950	770
950	794
950	812
950	855
950	856
950	857
950	858
950	861
950	866
950	876
950	879
950	884
950	886
950	899
950	904
950	931
950	944
950	947
950	957
950	965
950	973
950	978
950	984
950	991
950	997
950	998
950	1000
951	31
951	48
951	50
951	116
951	189
951	236
951	281
951	314
951	324
951	333
951	341
951	348
951	363
951	369
951	427
951	430
951	485
951	487
951	512
951	524
951	555
951	563
951	583
951	633
951	639
951	687
951	732
951	756
951	786
951	798
951	800
951	882
951	910
951	922
951	942
951	962
951	980
951	982
951	995
951	996
951	1000
952	19
952	182
952	217
952	290
952	321
952	365
952	376
952	393
952	395
952	428
952	492
952	525
952	564
952	569
952	609
952	653
952	668
952	697
952	700
952	744
952	777
952	779
952	789
952	803
952	821
952	830
952	832
952	862
952	869
952	892
952	921
952	928
952	929
952	934
952	939
952	956
952	970
952	975
952	976
952	983
952	988
952	990
953	43
953	105
953	154
953	298
953	340
953	420
953	458
953	471
953	587
953	592
953	624
953	651
953	665
953	674
953	678
953	705
953	709
953	750
953	769
953	771
953	815
953	823
953	833
953	835
953	838
953	839
953	874
953	885
953	900
953	908
953	915
953	926
953	955
953	968
953	972
953	979
953	985
953	986
953	988
953	997
953	998
953	999
954	130
954	146
954	164
954	269
954	303
954	333
954	430
954	454
954	466
954	485
954	512
954	555
954	575
954	588
954	595
954	633
954	634
954	635
954	642
954	667
954	683
954	686
954	687
954	690
954	726
954	732
954	757
954	786
954	800
954	813
954	848
954	854
954	882
954	922
954	938
954	942
954	943
954	962
954	980
954	987
954	995
954	996
955	11
955	30
955	216
955	219
955	311
955	319
955	432
955	521
955	535
955	601
955	659
955	675
955	676
955	709
955	720
955	740
955	750
955	755
955	758
955	759
955	782
955	823
955	826
955	833
955	863
955	874
955	875
955	878
955	889
955	908
955	912
955	923
955	924
955	937
955	947
955	953
955	966
955	968
955	973
955	985
955	986
955	998
955	999
956	5
956	58
956	252
956	283
956	296
956	307
956	323
956	331
956	368
956	461
956	499
956	569
956	609
956	643
956	653
956	668
956	697
956	700
956	707
956	744
956	749
956	765
956	777
956	779
956	789
956	803
956	821
956	830
956	832
956	862
956	869
956	892
956	916
956	928
956	934
956	939
956	952
956	970
956	976
956	983
956	988
956	990
956	994
957	191
957	244
957	285
957	382
957	465
957	554
957	562
957	570
957	615
957	627
957	637
957	643
957	645
957	704
957	715
957	743
957	751
957	752
957	761
957	764
957	828
957	831
957	841
957	844
957	852
957	855
957	858
957	870
957	879
957	887
957	904
957	933
957	950
957	958
957	965
957	967
957	969
957	972
957	978
957	984
957	987
957	991
957	996
957	1000
958	1
958	108
958	240
958	260
958	378
958	386
958	405
958	465
958	474
958	507
958	593
958	622
958	626
958	632
958	659
958	669
958	704
958	752
958	756
958	764
958	778
958	790
958	810
958	822
958	825
958	831
958	839
958	846
958	852
958	855
958	858
958	872
958	920
958	931
958	947
958	957
958	965
958	967
958	969
958	978
958	984
958	987
958	991
958	1000
959	232
959	262
959	302
959	440
959	459
959	472
959	474
959	483
959	496
959	562
959	573
959	579
959	580
959	637
959	662
959	670
959	718
959	727
959	728
959	770
959	791
959	794
959	812
959	822
959	833
959	851
959	855
959	866
959	876
959	879
959	887
959	901
959	931
959	933
959	941
959	944
959	947
959	965
959	967
959	973
959	978
959	984
959	987
959	991
959	1000
960	16
960	34
960	41
960	76
960	185
960	221
960	249
960	301
960	343
960	366
960	370
960	377
960	379
960	412
960	452
960	456
960	497
960	514
960	527
960	578
960	594
960	598
960	604
960	684
960	696
960	703
960	722
960	759
960	787
960	792
960	798
960	824
960	827
960	847
960	849
960	864
960	867
960	911
960	919
960	930
960	940
960	941
960	949
960	963
960	994
960	997
961	69
961	83
961	118
961	167
961	247
961	267
961	306
961	372
961	488
961	490
961	504
961	539
961	549
961	551
961	560
961	591
961	656
961	701
961	711
961	741
961	742
961	746
961	764
961	775
961	784
961	799
961	804
961	807
961	814
961	834
961	853
961	871
961	882
961	883
961	890
961	903
961	907
961	915
961	916
961	918
961	936
961	964
961	972
961	977
961	982
961	993
962	15
962	39
962	124
962	146
962	166
962	317
962	332
962	333
962	479
962	498
962	524
962	543
962	553
962	563
962	613
962	634
962	667
962	686
962	687
962	710
962	732
962	736
962	766
962	767
962	798
962	800
962	802
962	813
962	816
962	818
962	836
962	848
962	872
962	882
962	910
962	913
962	922
962	942
962	951
962	954
962	969
962	980
962	983
962	995
962	996
962	998
963	85
963	113
963	249
963	287
963	301
963	333
963	377
963	412
963	452
963	497
963	515
963	548
963	571
963	578
963	594
963	597
963	598
963	602
963	617
963	619
963	646
963	650
963	684
963	696
963	708
963	719
963	733
963	766
963	787
963	792
963	805
963	819
963	824
963	827
963	847
963	849
963	867
963	868
963	870
963	888
963	930
963	932
963	941
963	949
963	960
963	994
963	997
964	118
964	188
964	267
964	341
964	359
964	372
964	391
964	413
964	425
964	490
964	504
964	551
964	558
964	584
964	591
964	600
964	656
964	695
964	701
964	711
964	741
964	742
964	746
964	775
964	784
964	799
964	804
964	807
964	814
964	853
964	865
964	883
964	890
964	903
964	907
964	914
964	916
964	918
964	924
964	936
964	961
964	972
964	977
964	981
964	982
964	991
964	993
965	4
965	82
965	151
965	187
965	239
965	502
965	505
965	528
965	529
965	536
965	608
965	622
965	627
965	632
965	662
965	678
965	681
965	689
965	704
965	735
965	761
965	790
965	828
965	844
965	851
965	857
965	858
965	879
965	886
965	887
965	904
965	933
965	944
965	946
965	947
965	950
965	957
965	958
965	959
965	967
965	969
965	976
965	982
965	986
965	987
965	991
965	1000
966	3
966	70
966	111
966	145
966	282
966	331
966	385
966	423
966	453
966	459
966	559
966	592
966	610
966	623
966	626
966	628
966	690
966	723
966	725
966	750
966	758
966	759
966	771
966	783
966	788
966	814
966	823
966	833
966	835
966	845
966	848
966	863
966	873
966	885
966	900
966	914
966	915
966	924
966	926
966	937
966	941
966	948
966	955
966	968
966	979
966	985
966	986
966	995
966	999
967	92
967	191
967	200
967	210
967	260
967	262
967	339
967	448
967	450
967	500
967	507
967	528
967	536
967	579
967	614
967	652
967	670
967	704
967	718
967	743
967	751
967	770
967	794
967	827
967	828
967	831
967	841
967	852
967	861
967	866
967	877
967	884
967	886
967	887
967	904
967	944
967	946
967	947
967	957
967	958
967	959
967	965
967	969
967	973
967	975
967	978
967	984
967	989
967	1000
968	36
968	56
968	173
968	204
968	276
968	319
968	350
968	351
968	416
968	423
968	464
968	484
968	542
968	648
968	676
968	695
968	705
968	712
968	721
968	750
968	755
968	758
968	771
968	788
968	789
968	795
968	820
968	823
968	825
968	868
968	875
968	881
968	889
968	899
968	906
968	908
968	912
968	917
968	923
968	926
968	948
968	953
968	955
968	966
968	979
968	985
968	986
968	991
968	998
969	142
969	235
969	240
969	286
969	297
969	347
969	496
969	505
969	528
969	554
969	570
969	573
969	631
969	652
969	728
969	752
969	756
969	761
969	764
969	770
969	790
969	800
969	812
969	822
969	830
969	831
969	851
969	855
969	857
969	861
969	876
969	884
969	904
969	913
969	920
969	931
969	944
969	946
969	947
969	957
969	958
969	962
969	965
969	967
969	973
969	978
969	987
969	991
969	1000
970	63
970	153
970	157
970	190
970	248
970	283
970	291
970	292
970	315
970	365
970	370
970	395
970	461
970	475
970	491
970	509
970	530
970	569
970	609
970	611
970	647
970	668
970	689
970	697
970	700
970	707
970	713
970	744
970	749
970	750
970	768
970	777
970	779
970	789
970	803
970	821
970	830
970	832
970	862
970	869
970	892
970	911
970	928
970	934
970	939
970	952
970	956
970	976
970	983
970	988
970	990
971	2
971	62
971	120
971	126
971	194
971	230
971	259
971	293
971	328
971	390
971	407
971	410
971	437
971	438
971	446
971	469
971	516
971	521
971	552
971	596
971	618
971	619
971	648
971	663
971	679
971	685
971	696
971	714
971	717
971	737
971	745
971	760
971	768
971	772
971	779
971	791
971	801
971	808
971	817
971	840
971	850
971	859
971	892
971	895
971	897
971	898
971	900
971	914
971	927
971	928
971	981
972	53
972	115
972	289
972	304
972	341
972	359
972	387
972	413
972	419
972	425
972	429
972	467
972	488
972	490
972	560
972	584
972	591
972	600
972	636
972	656
972	695
972	701
972	711
972	730
972	742
972	746
972	775
972	784
972	799
972	804
972	807
972	814
972	834
972	853
972	865
972	871
972	883
972	890
972	903
972	907
972	916
972	918
972	936
972	953
972	957
972	961
972	964
972	977
972	982
972	993
972	997
973	29
973	74
973	89
973	159
973	302
973	398
973	450
973	464
973	513
973	526
973	539
973	554
973	570
973	589
973	593
973	614
973	632
973	669
973	670
973	692
973	728
973	735
973	736
973	743
973	764
973	812
973	831
973	841
973	844
973	846
973	852
973	855
973	858
973	859
973	876
973	879
973	884
973	886
973	904
973	920
973	933
973	947
973	950
973	955
973	959
973	967
973	969
973	978
973	984
973	987
973	991
973	1000
974	26
974	44
974	84
974	101
974	129
974	197
974	214
974	227
974	233
974	237
974	250
974	334
974	349
974	396
974	400
974	424
974	449
974	480
974	508
974	556
974	574
974	581
974	585
974	590
974	620
974	625
974	636
974	657
974	658
974	726
974	729
974	776
974	780
974	797
974	809
974	811
974	829
974	837
974	842
974	844
974	885
974	888
974	891
974	901
974	902
974	905
974	911
974	925
974	929
974	935
974	975
974	992
975	26
975	32
975	51
975	137
975	140
975	156
975	197
975	220
975	227
975	263
975	318
975	334
975	403
975	406
975	470
975	495
975	499
975	503
975	520
975	537
975	549
975	556
975	581
975	625
975	644
975	658
975	661
975	677
975	724
975	729
975	753
975	771
975	776
975	780
975	809
975	811
975	829
975	837
975	842
975	888
975	891
975	902
975	905
975	925
975	929
975	935
975	949
975	952
975	967
975	974
975	983
975	992
976	5
976	55
976	61
976	90
976	132
976	157
976	226
976	296
976	307
976	315
976	365
976	367
976	370
976	393
976	394
976	397
976	422
976	461
976	492
976	525
976	647
976	653
976	689
976	697
976	700
976	706
976	707
976	744
976	749
976	765
976	777
976	779
976	789
976	803
976	821
976	830
976	832
976	862
976	869
976	892
976	928
976	934
976	939
976	952
976	956
976	965
976	970
976	982
976	983
976	985
976	988
976	990
977	57
977	77
977	97
977	115
977	160
977	167
977	174
977	289
977	304
977	306
977	359
977	372
977	391
977	407
977	413
977	419
977	429
977	467
977	504
977	539
977	544
977	551
977	560
977	584
977	600
977	656
977	701
977	711
977	742
977	746
977	775
977	784
977	799
977	804
977	834
977	853
977	855
977	865
977	871
977	883
977	890
977	903
977	907
977	908
977	916
977	918
977	936
977	944
977	961
977	964
977	972
977	982
977	993
977	997
978	59
978	74
978	82
978	159
978	210
978	240
978	244
978	286
978	322
978	326
978	347
978	362
978	468
978	488
978	500
978	520
978	541
978	562
978	589
978	631
978	659
978	727
978	735
978	752
978	756
978	764
978	770
978	783
978	794
978	822
978	841
978	844
978	852
978	857
978	861
978	876
978	887
978	901
978	904
978	920
978	933
978	947
978	950
978	957
978	958
978	959
978	967
978	969
978	973
978	984
978	987
978	991
978	999
978	1000
979	88
979	272
979	276
979	311
979	316
979	326
979	337
979	384
979	392
979	406
979	420
979	432
979	460
979	482
979	498
979	501
979	542
979	559
979	587
979	601
979	611
979	629
979	690
979	705
979	748
979	771
979	788
979	795
979	815
979	820
979	821
979	823
979	825
979	826
979	833
979	835
979	863
979	878
979	885
979	893
979	900
979	915
979	917
979	924
979	926
979	948
979	953
979	966
979	968
979	985
979	986
979	993
979	998
979	999
980	50
980	64
980	80
980	100
980	116
980	139
980	175
980	236
980	266
980	324
980	330
980	336
980	445
980	474
980	477
980	478
980	479
980	487
980	517
980	547
980	555
980	575
980	577
980	613
980	635
980	638
980	665
980	694
980	699
980	710
980	736
980	739
980	747
980	767
980	787
980	797
980	802
980	813
980	816
980	836
980	848
980	854
980	872
980	910
980	922
980	934
980	938
980	942
980	943
980	951
980	954
980	962
980	995
980	996
981	46
981	65
981	79
981	102
981	122
981	126
981	141
981	147
981	176
981	198
981	208
981	308
981	309
981	325
981	374
981	388
981	390
981	407
981	408
981	410
981	437
981	438
981	483
981	492
981	523
981	534
981	552
981	596
981	618
981	619
981	648
981	663
981	679
981	714
981	717
981	737
981	745
981	760
981	768
981	772
981	773
981	791
981	801
981	808
981	817
981	840
981	850
981	859
981	895
981	897
981	914
981	927
981	964
981	971
981	989
982	77
982	83
982	152
982	174
982	202
982	247
982	257
982	265
982	304
982	341
982	359
982	371
982	387
982	391
982	429
982	467
982	488
982	490
982	539
982	551
982	560
982	591
982	600
982	656
982	695
982	701
982	711
982	741
982	742
982	746
982	775
982	784
982	799
982	804
982	807
982	834
982	838
982	865
982	871
982	883
982	890
982	903
982	907
982	916
982	918
982	931
982	936
982	951
982	961
982	964
982	965
982	972
982	976
982	977
982	993
983	19
983	58
983	63
983	90
983	148
983	153
983	182
983	183
983	196
983	217
983	248
983	278
983	283
983	290
983	291
983	323
983	367
983	368
983	376
983	475
983	491
983	609
983	647
983	653
983	668
983	689
983	697
983	700
983	701
983	707
983	744
983	749
983	765
983	779
983	789
983	803
983	821
983	830
983	832
983	862
983	869
983	892
983	928
983	934
983	939
983	942
983	952
983	956
983	962
983	970
983	975
983	976
983	988
983	990
983	992
984	22
984	67
984	106
984	110
984	143
984	231
984	284
984	285
984	290
984	295
984	347
984	440
984	468
984	471
984	486
984	513
984	554
984	614
984	622
984	662
984	681
984	692
984	715
984	718
984	730
984	751
984	761
984	764
984	831
984	844
984	846
984	852
984	855
984	857
984	858
984	860
984	866
984	876
984	884
984	886
984	901
984	923
984	933
984	946
984	947
984	949
984	950
984	957
984	958
984	959
984	967
984	973
984	978
984	987
984	991
984	1000
985	38
985	40
985	135
985	154
985	183
985	272
985	311
985	326
985	331
985	385
985	473
985	481
985	534
985	545
985	587
985	611
985	621
985	628
985	629
985	640
985	674
985	705
985	712
985	713
985	716
985	740
985	755
985	759
985	771
985	793
985	815
985	823
985	825
985	828
985	839
985	873
985	885
985	893
985	899
985	900
985	906
985	912
985	915
985	917
985	920
985	923
985	936
985	940
985	948
985	953
985	955
985	966
985	968
985	976
985	979
985	986
985	998
985	999
986	38
986	86
986	103
986	131
986	138
986	168
986	192
986	205
986	335
986	337
986	375
986	392
986	397
986	453
986	458
986	467
986	482
986	587
986	599
986	612
986	640
986	651
986	665
986	674
986	676
986	709
986	725
986	740
986	757
986	758
986	767
986	783
986	793
986	795
986	796
986	806
986	825
986	838
986	873
986	885
986	899
986	900
986	906
986	908
986	912
986	915
986	917
986	923
986	935
986	937
986	948
986	953
986	955
986	965
986	966
986	968
986	979
986	985
986	998
986	999
987	24
987	33
987	44
987	109
987	112
987	159
987	322
987	355
987	411
987	426
987	468
987	472
987	474
987	486
987	489
987	496
987	507
987	509
987	570
987	573
987	589
987	593
987	605
987	608
987	652
987	662
987	681
987	698
987	718
987	728
987	730
987	746
987	790
987	794
987	822
987	828
987	831
987	841
987	846
987	852
987	855
987	858
987	879
987	884
987	891
987	904
987	931
987	933
987	946
987	947
987	954
987	957
987	958
987	959
987	965
987	969
987	973
987	978
987	984
987	991
987	998
987	1000
988	55
988	58
988	61
988	63
988	87
988	90
988	132
988	148
988	157
988	182
988	190
988	226
988	265
988	278
988	283
988	291
988	296
988	307
988	323
988	368
988	376
988	395
988	422
988	428
988	461
988	492
988	509
988	519
988	525
988	530
988	560
988	569
988	609
988	647
988	653
988	668
988	689
988	697
988	700
988	707
988	749
988	765
988	777
988	779
988	789
988	803
988	821
988	830
988	832
988	862
988	869
988	892
988	899
988	928
988	934
988	939
988	952
988	953
988	956
988	970
988	976
988	983
988	990
988	992
989	6
989	7
989	9
989	13
989	42
989	76
989	96
989	149
989	161
989	162
989	169
989	195
989	201
989	213
989	215
989	218
989	238
989	246
989	274
989	294
989	305
989	312
989	327
989	344
989	345
989	389
989	408
989	421
989	431
989	435
989	494
989	506
989	531
989	533
989	546
989	558
989	565
989	566
989	576
989	607
989	615
989	616
989	666
989	673
989	688
989	693
989	702
989	706
989	731
989	754
989	762
989	763
989	778
989	781
989	843
989	880
989	894
989	896
989	898
989	921
989	926
989	948
989	967
989	981
989	994
989	996
990	12
990	19
990	61
990	87
990	132
990	148
990	153
990	190
990	196
990	217
990	226
990	248
990	252
990	264
990	278
990	290
990	291
990	292
990	315
990	323
990	365
990	367
990	370
990	393
990	394
990	395
990	422
990	428
990	475
990	481
990	491
990	509
990	525
990	564
990	569
990	609
990	647
990	668
990	671
990	689
990	700
990	707
990	744
990	749
990	765
990	777
990	779
990	782
990	789
990	803
990	821
990	830
990	832
990	862
990	869
990	892
990	918
990	928
990	930
990	934
990	939
990	952
990	956
990	970
990	976
990	983
990	988
991	142
991	187
991	200
991	231
991	239
991	270
991	361
991	364
991	398
991	411
991	433
991	451
991	471
991	496
991	510
991	511
991	528
991	529
991	554
991	580
991	589
991	605
991	608
991	627
991	631
991	637
991	643
991	649
991	681
991	704
991	718
991	751
991	756
991	790
991	812
991	828
991	831
991	846
991	851
991	852
991	855
991	858
991	861
991	879
991	884
991	901
991	904
991	920
991	931
991	944
991	946
991	947
991	950
991	957
991	958
991	959
991	964
991	965
991	968
991	969
991	973
991	978
991	984
991	987
991	992
991	994
991	1000
992	27
992	44
992	51
992	84
992	113
992	125
992	128
992	137
992	140
992	170
992	179
992	220
992	233
992	237
992	250
992	299
992	313
992	318
992	338
992	349
992	356
992	396
992	400
992	406
992	424
992	448
992	449
992	470
992	495
992	503
992	520
992	556
992	567
992	572
992	574
992	581
992	585
992	590
992	606
992	617
992	620
992	625
992	636
992	644
992	657
992	661
992	667
992	724
992	726
992	729
992	753
992	774
992	776
992	780
992	797
992	809
992	811
992	829
992	837
992	842
992	888
992	891
992	902
992	905
992	925
992	929
992	935
992	946
992	974
992	975
992	983
992	988
992	991
993	53
993	57
993	77
993	83
993	115
993	118
993	152
993	160
993	174
993	188
993	202
993	225
993	247
993	257
993	265
993	273
993	289
993	304
993	306
993	371
993	372
993	387
993	391
993	413
993	419
993	425
993	429
993	443
993	467
993	488
993	490
993	504
993	539
993	544
993	551
993	560
993	584
993	591
993	600
993	656
993	695
993	701
993	711
993	741
993	742
993	746
993	775
993	777
993	784
993	799
993	804
993	807
993	814
993	834
993	853
993	865
993	869
993	871
993	883
993	887
993	890
993	903
993	904
993	907
993	916
993	918
993	936
993	961
993	964
993	972
993	977
993	979
993	982
993	997
994	21
994	34
994	37
994	54
994	94
994	229
994	241
994	254
994	255
994	259
994	261
994	268
994	275
994	287
994	288
994	310
994	316
994	343
994	353
994	358
994	360
994	379
994	402
994	434
994	441
994	456
994	493
994	497
994	515
994	527
994	548
994	571
994	572
994	578
994	594
994	602
994	604
994	617
994	646
994	660
994	703
994	708
994	719
994	722
994	733
994	766
994	773
994	792
994	805
994	819
994	827
994	847
994	849
994	856
994	860
994	864
994	867
994	868
994	877
994	909
994	911
994	919
994	930
994	932
994	934
994	940
994	956
994	960
994	963
994	989
994	991
994	997
994	999
994	1000
995	47
995	48
995	50
995	73
995	81
995	93
995	116
995	141
995	189
995	228
995	236
995	251
995	264
995	266
995	314
995	317
995	322
995	332
995	336
995	343
995	363
995	381
995	430
995	436
995	478
995	479
995	512
995	553
995	575
995	577
995	583
995	595
995	612
995	630
995	633
995	635
995	638
995	639
995	654
995	667
995	671
995	692
995	699
995	710
995	732
995	736
995	738
995	739
995	747
995	767
995	786
995	798
995	800
995	802
995	806
995	813
995	815
995	816
995	818
995	848
995	854
995	867
995	872
995	877
995	882
995	910
995	913
995	922
995	942
995	943
995	951
995	954
995	962
995	966
995	980
995	996
996	15
996	31
996	80
996	81
996	98
996	100
996	119
996	124
996	133
996	139
996	178
996	266
996	281
996	303
996	320
996	324
996	329
996	336
996	344
996	348
996	369
996	436
996	447
996	454
996	466
996	477
996	485
996	487
996	498
996	517
996	543
996	547
996	553
996	555
996	561
996	563
996	577
996	582
996	613
996	630
996	634
996	635
996	642
996	653
996	654
996	667
996	671
996	683
996	686
996	687
996	694
996	699
996	710
996	732
996	738
996	739
996	747
996	767
996	798
996	800
996	802
996	806
996	813
996	816
996	818
996	836
996	848
996	854
996	872
996	882
996	906
996	913
996	917
996	922
996	938
996	942
996	943
996	951
996	954
996	957
996	962
996	980
996	989
996	995
996	998
996	999
997	17
997	54
997	69
997	110
997	127
997	185
997	215
997	224
997	229
997	241
997	249
997	254
997	261
997	280
997	301
997	310
997	343
997	346
997	352
997	353
997	358
997	360
997	383
997	402
997	414
997	441
997	442
997	452
997	456
997	476
997	493
997	497
997	501
997	514
997	515
997	527
997	550
997	571
997	572
997	578
997	586
997	594
997	597
997	598
997	602
997	617
997	646
997	650
997	655
997	684
997	696
997	703
997	719
997	722
997	733
997	766
997	779
997	785
997	787
997	792
997	805
997	819
997	824
997	827
997	847
997	849
997	854
997	856
997	860
997	864
997	867
997	868
997	870
997	877
997	909
997	911
997	919
997	930
997	932
997	940
997	941
997	950
997	953
997	960
997	963
997	972
997	977
997	993
997	994
998	20
998	43
998	60
998	91
998	101
998	104
998	135
998	145
998	171
998	183
998	193
998	204
998	205
998	207
998	253
998	277
998	284
998	311
998	350
998	357
998	392
998	397
998	401
998	453
998	460
998	463
998	464
998	482
998	514
998	532
998	534
998	545
998	557
998	592
998	599
998	601
998	621
998	640
998	641
998	651
998	664
998	675
998	678
998	709
998	712
998	716
998	720
998	740
998	748
998	750
998	752
998	758
998	769
998	783
998	788
998	793
998	795
998	796
998	802
998	809
998	820
998	823
998	825
998	826
998	833
998	835
998	839
998	845
998	873
998	875
998	878
998	881
998	889
998	899
998	900
998	906
998	908
998	910
998	915
998	917
998	924
998	937
998	948
998	950
998	953
998	955
998	962
998	968
998	979
998	985
998	986
998	987
998	996
998	999
999	10
999	23
999	30
999	36
999	60
999	91
999	114
999	123
999	150
999	180
999	192
999	204
999	207
999	216
999	218
999	277
999	284
999	331
999	385
999	392
999	404
999	409
999	418
999	420
999	423
999	432
999	460
999	462
999	482
999	522
999	535
999	545
999	557
999	565
999	587
999	592
999	599
999	610
999	628
999	640
999	665
999	674
999	675
999	676
999	690
999	705
999	709
999	712
999	716
999	721
999	723
999	740
999	755
999	757
999	759
999	767
999	782
999	783
999	793
999	795
999	814
999	820
999	825
999	826
999	833
999	835
999	839
999	852
999	863
999	874
999	875
999	878
999	881
999	885
999	887
999	889
999	893
999	899
999	900
999	906
999	908
999	912
999	915
999	923
999	924
999	926
999	937
999	947
999	953
999	955
999	966
999	978
999	979
999	985
999	986
999	994
999	996
999	998
1000	4
1000	25
1000	27
1000	28
1000	35
1000	74
1000	82
1000	92
1000	99
1000	117
1000	143
1000	151
1000	163
1000	187
1000	191
1000	210
1000	222
1000	232
1000	260
1000	270
1000	271
1000	285
1000	294
1000	347
1000	355
1000	361
1000	386
1000	398
1000	405
1000	426
1000	431
1000	443
1000	457
1000	471
1000	496
1000	511
1000	513
1000	526
1000	538
1000	574
1000	579
1000	593
1000	627
1000	631
1000	643
1000	652
1000	659
1000	662
1000	669
1000	670
1000	675
1000	681
1000	692
1000	694
1000	715
1000	718
1000	727
1000	728
1000	730
1000	743
1000	752
1000	756
1000	761
1000	794
1000	812
1000	822
1000	828
1000	844
1000	850
1000	851
1000	857
1000	858
1000	861
1000	866
1000	879
1000	884
1000	887
1000	901
1000	903
1000	920
1000	931
1000	933
1000	946
1000	947
1000	950
1000	951
1000	957
1000	958
1000	959
1000	965
1000	967
1000	969
1000	973
1000	978
1000	984
1000	987
1000	991
1000	994
