1	686
1	904
1	998
2	991
2	993
2	999
3	135
3	169
3	996
4	930
4	992
4	1000
5	821
5	928
5	993
6	876
6	939
6	996
7	115
7	950
7	981
8	955
8	976
8	995
9	724
9	958
9	962
10	895
10	929
10	966
11	931
11	985
11	995
12	960
12	980
12	988
13	888
13	924
13	956
14	946
14	969
14	1000
15	819
15	880
15	881
16	884
16	972
16	1000
17	865
17	957
17	981
18	643
18	961
18	987
19	983
19	991
19	999
20	865
20	923
20	957
21	798
21	916
21	928
22	733
22	960
22	988
23	333
23	967
23	997
24	983
24	990
24	999
25	123
25	838
25	928
26	87
26	787
26	939
27	636
27	838
27	916
28	159
28	946
28	1000
29	935
29	992
29	1000
30	428
30	463
30	533
31	969
31	992
31	1000
32	947
32	987
32	997
33	892
33	991
33	994
34	624
34	630
34	880
35	917
35	966
35	1000
36	737
36	802
36	940
37	435
37	953
37	998
38	690
38	868
38	978
39	970
39	975
39	997
40	931
40	984
40	997
41	990
41	993
41	999
42	905
42	992
42	1000
43	990
43	991
43	999
44	465
44	475
44	867
45	832
45	870
45	948
46	91
46	979
46	1000
47	444
47	871
47	952
48	682
48	939
48	996
49	180
49	991
49	999
50	322
50	556
50	830
51	465
51	731
51	952
52	595
52	963
52	981
53	950
53	980
53	988
54	70
54	913
54	978
55	972
55	979
55	1000
56	943
56	977
56	989
57	933
57	992
57	1000
58	821
58	846
58	899
59	468
59	974
59	998
60	741
60	800
60	970
61	859
61	918
61	984
62	835
62	913
62	952
63	953
63	971
63	998
64	638
64	855
64	987
65	941
65	964
65	989
66	676
66	817
66	928
67	872
67	974
67	998
68	982
68	991
68	999
69	512
69	962
69	977
70	54
70	941
70	989
71	640
71	751
71	899
72	784
72	925
72	996
73	715
73	928
73	955
74	824
74	934
74	940
75	218
75	855
75	953
76	623
76	920
76	984
77	955
77	980
77	988
78	819
78	876
78	880
79	244
79	902
79	921
80	991
80	993
80	999
81	638
81	949
81	974
82	881
82	991
82	999
83	892
83	947
83	958
84	100
84	884
84	959
85	970
85	976
85	995
86	976
86	987
86	997
87	26
87	866
87	897
88	951
88	970
88	996
89	677
89	846
89	928
90	959
90	971
90	998
91	46
91	968
91	995
92	215
92	806
92	996
93	752
93	957
93	965
94	638
94	742
94	971
95	923
95	965
95	966
96	888
96	901
96	948
97	913
97	952
97	978
98	693
98	809
98	912
99	835
99	917
99	952
100	84
100	975
100	976
101	961
101	984
101	985
102	971
102	995
102	998
103	884
103	943
103	989
104	889
104	987
104	997
105	339
105	823
105	981
106	516
106	924
106	956
107	967
107	987
107	1000
108	990
108	993
108	999
109	419
109	893
109	921
110	825
110	986
110	999
111	524
111	846
111	928
112	983
112	990
112	991
113	959
113	964
113	977
114	973
114	992
114	1000
115	7
115	849
115	981
116	927
116	948
116	956
117	955
117	961
117	984
118	259
118	690
118	978
119	326
119	677
119	991
120	820
120	907
120	938
121	900
121	967
121	1000
122	608
122	700
122	838
123	25
123	462
123	899
124	710
124	732
124	989
125	976
125	995
125	997
126	893
126	982
126	996
127	969
127	992
127	1000
128	693
128	971
128	998
129	549
129	975
129	984
130	168
130	195
130	890
131	299
131	602
131	998
132	990
132	993
132	999
133	276
133	939
133	954
134	926
134	985
134	997
135	3
135	777
135	967
136	946
136	973
136	1000
137	982
137	983
137	999
138	391
138	421
138	819
139	949
139	971
139	998
140	799
140	941
140	962
141	529
141	855
141	904
142	986
142	991
142	999
143	815
143	967
143	975
144	772
144	963
144	965
145	954
145	961
145	976
146	826
146	980
146	988
147	836
147	915
147	959
148	838
148	952
148	978
149	247
149	860
149	912
150	969
150	992
150	1000
151	825
151	932
151	996
152	711
152	734
152	840
153	919
153	960
153	988
154	973
154	992
154	1000
155	325
155	839
155	978
156	950
156	960
156	988
157	760
157	964
157	989
158	872
158	919
158	998
159	28
159	973
159	1000
160	923
160	993
160	999
161	838
161	846
161	916
162	976
162	984
162	987
163	415
163	973
163	992
164	830
164	951
164	954
165	646
165	886
165	918
166	966
166	972
166	992
167	949
167	974
167	998
168	130
168	835
168	978
169	3
169	907
169	977
170	892
170	995
170	997
171	958
171	984
171	997
172	991
172	994
172	999
173	517
173	953
173	998
174	991
174	994
174	999
175	858
175	948
175	964
176	539
176	576
176	988
177	887
177	901
177	914
178	742
178	893
178	998
179	559
179	967
179	997
180	49
180	779
180	866
181	805
181	950
181	988
182	986
182	990
182	999
183	904
183	932
183	949
184	960
184	980
184	988
185	794
185	881
185	977
186	926
186	979
186	980
187	979
187	984
187	992
188	854
188	896
188	951
189	935
189	973
189	1000
190	437
190	916
190	928
191	986
191	991
191	999
192	858
192	878
192	948
193	993
193	994
193	999
194	231
194	972
194	1000
195	130
195	754
195	978
196	983
196	993
196	994
197	941
197	943
197	962
198	761
198	782
198	988
199	614
199	987
199	997
200	479
200	784
200	954
201	773
201	872
201	998
202	832
202	888
202	924
203	927
203	948
203	982
204	910
204	963
204	981
205	963
205	965
205	981
206	963
206	965
206	981
207	765
207	907
207	937
208	984
208	995
208	997
209	833
209	980
209	988
210	280
210	820
210	996
211	845
211	859
211	978
212	585
212	897
212	937
213	877
213	969
213	1000
214	973
214	992
214	1000
215	92
215	974
215	998
216	957
216	965
216	981
217	635
217	763
217	907
218	75
218	750
218	998
219	968
219	987
219	995
220	969
220	992
220	1000
221	894
221	957
221	981
222	993
222	994
222	999
223	950
223	980
223	988
224	958
224	968
224	995
225	692
225	941
225	962
226	953
226	974
226	998
227	799
227	949
227	998
228	982
228	990
228	999
229	950
229	980
229	988
230	986
230	991
230	999
231	194
231	934
231	951
232	827
232	949
232	998
233	375
233	619
233	928
234	644
234	855
234	998
235	883
235	957
235	965
236	820
236	863
236	954
237	944
237	970
237	997
238	780
238	894
238	963
239	274
239	399
239	619
240	971
240	974
240	998
241	444
241	665
241	812
242	301
242	600
242	809
243	639
243	760
243	940
244	79
244	808
244	939
245	851
245	913
245	976
246	966
246	992
246	1000
247	149
247	902
247	921
248	910
248	923
248	963
249	967
249	985
249	995
250	706
250	920
250	978
251	938
251	958
251	995
252	922
252	979
252	1000
253	865
253	965
253	981
254	955
254	967
254	985
255	815
255	848
255	998
256	930
256	966
256	973
257	767
257	957
257	981
258	816
258	936
258	968
259	118
259	581
259	978
260	533
260	649
260	934
261	836
261	946
261	978
262	957
262	963
262	981
263	962
263	964
263	977
264	887
264	948
264	956
265	975
265	985
265	987
266	942
266	960
266	988
267	980
267	982
267	988
268	556
268	893
268	937
269	943
269	963
269	981
270	900
270	966
270	979
271	937
271	962
271	977
272	770
272	946
272	972
273	958
273	976
273	984
274	239
274	629
274	888
275	736
275	776
275	867
276	133
276	806
276	812
277	835
277	867
277	952
277	989
278	990
278	993
278	994
278	999
279	950
279	960
279	980
279	988
280	210
280	657
280	812
280	954
281	950
281	960
281	980
281	988
282	878
282	914
282	927
282	956
283	497
283	957
283	965
283	981
284	467
284	810
284	919
284	989
285	695
285	852
285	870
285	948
286	678
286	919
286	974
286	998
287	951
287	993
287	994
287	999
288	863
288	866
288	940
288	954
289	625
289	971
289	974
289	998
290	889
290	975
290	987
290	995
291	694
291	697
291	888
291	956
292	867
292	868
292	978
292	985
293	519
293	967
293	987
293	995
294	890
294	986
294	993
294	994
295	871
295	890
295	952
295	978
296	334
296	881
296	934
296	939
297	334
297	801
297	812
297	996
298	926
298	960
298	980
298	988
299	131
299	447
299	974
299	998
300	983
300	986
300	993
300	999
301	242
301	613
301	818
301	881
302	337
302	543
302	732
302	925
303	716
303	775
303	860
303	960
304	936
304	961
304	985
304	997
305	904
305	971
305	974
305	998
306	975
306	976
306	985
306	995
307	775
307	804
307	951
307	996
308	970
308	975
308	987
308	997
309	833
309	960
309	980
309	988
310	890
310	896
310	952
310	978
311	972
311	973
311	992
311	1000
312	886
312	908
312	942
312	976
313	833
313	991
313	994
313	999
314	609
314	819
314	850
314	907
315	321
315	976
315	995
315	997
316	766
316	833
316	950
316	988
317	730
317	871
317	952
317	978
318	935
318	979
318	993
318	1000
319	645
319	943
319	959
319	977
320	922
320	979
320	992
320	1000
321	315
321	695
321	832
321	914
322	50
322	393
322	834
322	921
323	853
323	854
323	940
323	978
324	858
324	901
324	922
324	927
325	155
325	763
325	854
325	978
326	119
326	798
326	846
326	928
327	426
327	912
327	932
327	945
328	342
328	384
328	521
328	844
329	346
329	779
329	834
329	937
330	659
330	775
330	934
330	940
331	803
331	855
331	971
331	998
332	982
332	993
332	994
332	999
333	23
333	970
333	984
333	995
334	296
334	297
334	809
334	925
335	983
335	993
335	994
335	999
336	659
336	931
336	942
336	970
337	302
337	932
337	954
337	996
338	599
338	785
338	980
338	988
339	105
339	923
339	957
339	981
340	852
340	873
340	927
340	956
341	918
341	990
341	994
341	999
342	328
342	707
342	755
342	916
343	970
343	976
343	984
343	997
344	750
344	953
344	974
344	998
345	594
345	709
345	836
345	868
346	329
346	361
346	861
346	962
347	885
347	955
347	984
347	997
348	923
348	947
348	965
348	981
349	926
349	960
349	980
349	988
350	911
350	942
350	976
350	987
351	683
351	697
351	866
351	881
352	903
352	934
352	939
352	996
353	915
353	941
353	962
353	977
354	926
354	960
354	980
354	988
355	873
355	941
355	944
355	959
356	476
356	972
356	979
356	1000
357	703
357	868
357	896
357	952
358	856
358	967
358	985
358	997
359	917
359	936
359	974
359	998
360	949
360	971
360	974
360	998
361	346
361	704
361	944
361	989
362	405
362	574
362	864
362	921
363	884
363	944
363	977
363	989
364	955
364	968
364	995
364	997
365	947
365	970
365	995
365	997
366	967
366	985
366	995
366	997
367	885
367	911
367	947
367	975
368	574
368	653
368	794
368	936
369	670
369	741
369	941
369	989
370	754
370	801
370	835
370	913
371	662
371	786
371	842
371	924
372	770
372	848
372	869
372	998
373	922
373	993
373	994
373	999
374	862
374	944
374	962
374	989
375	233
375	524
375	755
375	928
376	946
376	969
376	979
376	1000
377	631
377	677
377	773
377	928
378	797
378	950
378	980
378	988
379	456
379	849
379	953
379	971
380	935
380	973
380	992
380	1000
381	986
381	991
381	993
381	999
382	833
382	918
382	980
382	988
383	684
383	876
383	897
383	945
384	328
384	983
384	990
384	994
385	464
385	849
385	923
385	981
386	733
386	950
386	980
386	988
387	982
387	990
387	991
387	993
388	749
388	906
388	925
388	939
389	842
389	924
389	927
389	956
390	908
390	915
390	941
390	977
391	138
391	716
391	932
391	996
392	816
392	899
392	916
392	928
393	322
393	865
393	897
393	940
394	889
394	986
394	990
394	999
395	860
395	926
395	951
395	954
396	973
396	979
396	992
396	1000
397	953
397	957
397	963
397	965
398	863
398	881
398	923
398	996
399	239
399	411
399	585
399	928
400	853
400	868
400	913
400	978
401	527
401	949
401	971
401	998
402	915
402	944
402	962
402	989
403	936
403	967
403	970
403	985
404	619
404	628
404	846
404	899
405	362
405	634
405	850
405	996
406	933
406	966
406	979
406	1000
407	749
407	959
407	964
407	989
408	919
408	953
408	974
408	998
409	498
409	799
409	953
409	974
410	983
410	986
410	993
410	994
411	399
411	957
411	963
411	981
412	856
412	867
412	882
412	978
413	521
413	636
413	844
413	899
414	848
414	953
414	971
414	974
415	163
415	969
415	992
415	1000
416	601
416	880
416	937
416	938
417	879
417	966
417	979
417	1000
418	982
418	990
418	991
418	999
419	109
419	919
419	974
419	998
420	762
420	949
420	953
420	998
421	138
421	880
421	937
421	945
422	779
422	975
422	976
422	984
423	694
423	878
423	927
423	956
424	966
424	973
424	979
424	1000
425	869
425	992
425	998
425	1000
426	327
426	979
426	992
426	1000
427	809
427	877
427	921
427	937
427	945
428	30
428	541
428	759
428	866
428	996
429	852
429	870
429	914
429	948
429	999
430	493
430	915
430	944
430	977
430	989
431	947
431	984
431	985
431	995
431	997
432	729
432	885
432	919
432	971
432	998
433	616
433	926
433	960
433	980
433	988
434	537
434	542
434	941
434	943
434	989
435	37
435	648
435	708
435	974
435	998
436	983
436	990
436	991
436	993
436	999
437	190
437	990
437	993
437	994
437	999
438	745
438	891
438	901
438	914
438	956
439	961
439	968
439	985
439	995
439	997
440	807
440	923
440	957
440	965
440	981
441	986
441	991
441	993
441	994
441	999
442	504
442	651
442	926
442	980
442	988
443	771
443	916
443	941
443	964
443	989
444	47
444	241
444	709
444	868
444	978
445	986
445	990
445	991
445	994
445	999
446	933
446	946
446	966
446	972
446	979
447	299
447	555
447	690
447	854
447	978
448	968
448	970
448	987
448	995
448	997
449	956
449	990
449	991
449	993
449	999
450	589
450	735
450	950
450	980
450	988
451	990
451	991
451	993
451	994
451	999
452	674
452	779
452	812
452	863
452	939
453	615
453	634
453	859
453	881
453	939
454	986
454	990
454	993
454	994
454	999
455	911
455	943
455	964
455	977
455	989
456	379
456	855
456	949
456	971
456	998
457	764
457	942
457	962
457	964
457	989
458	637
458	947
458	961
458	976
458	997
459	543
459	729
459	932
459	951
459	996
460	784
460	860
460	863
460	903
460	912
461	903
461	904
461	971
461	974
461	998
462	123
462	567
462	715
462	928
462	931
463	30
463	575
463	825
463	886
463	996
464	385
464	804
464	818
464	903
464	945
465	44
465	51
465	551
465	895
465	978
466	823
466	910
466	963
466	965
466	981
467	284
467	943
467	944
467	959
467	977
468	59
468	919
468	949
468	953
468	998
469	923
469	925
469	963
469	965
469	981
470	701
470	986
470	991
470	993
470	999
471	771
471	943
471	962
471	964
471	977
472	843
472	929
472	966
472	992
472	1000
473	983
473	986
473	990
473	993
473	994
474	837
474	940
474	954
474	980
474	996
475	44
475	482
475	871
475	896
475	913
476	356
476	973
476	979
476	992
476	1000
477	633
477	874
477	959
477	977
477	989
478	941
478	943
478	959
478	964
478	989
479	200
479	550
479	918
479	932
479	954
480	861
480	959
480	964
480	977
480	989
481	629
481	970
481	984
481	985
481	987
482	475
482	930
482	972
482	979
482	1000
483	772
483	892
483	920
483	985
483	997
484	858
484	870
484	901
484	924
484	943
485	570
485	729
485	855
485	872
485	998
486	568
486	915
486	964
486	977
486	989
487	800
487	946
487	968
487	975
487	997
488	983
488	990
488	993
488	994
488	999
489	930
489	933
489	957
489	992
489	1000
490	512
490	748
490	809
490	837
490	918
491	768
491	915
491	930
491	943
491	959
492	982
492	983
492	986
492	991
492	999
493	430
493	666
493	861
493	884
493	964
494	990
494	991
494	993
494	994
494	999
495	969
495	972
495	976
495	979
495	1000
496	983
496	986
496	991
496	994
496	999
497	283
497	894
497	957
497	963
497	965
498	409
498	580
498	648
498	872
498	998
499	942
499	970
499	984
499	987
499	995
500	706
500	757
500	776
500	868
500	896
501	873
501	914
501	924
501	927
501	948
502	930
502	935
502	966
502	969
502	1000
503	786
503	924
503	927
503	948
503	956
504	442
504	926
504	960
504	980
504	988
505	861
505	944
505	962
505	989
505	991
506	658
506	953
506	971
506	974
506	998
507	932
507	990
507	991
507	993
507	994
508	742
508	949
508	971
508	974
508	998
509	736
509	891
509	901
509	927
509	956
510	693
510	824
510	945
510	954
510	996
511	690
511	890
511	952
511	978
511	1000
512	69
512	490
512	938
512	954
512	996
513	949
513	986
513	991
513	993
513	999
514	754
514	784
514	913
514	952
514	978
515	678
515	803
515	919
515	971
515	998
516	106
516	887
516	901
516	927
516	956
517	173
517	559
517	949
517	953
517	998
518	756
518	824
518	845
518	934
518	954
519	293
519	976
519	984
519	995
519	997
520	783
520	840
520	923
520	934
520	981
521	328
521	413
521	821
521	846
521	899
521	916
522	705
522	787
522	795
522	809
522	893
522	987
523	966
523	969
523	973
523	979
523	992
523	1000
524	111
524	375
524	737
524	746
524	899
524	916
525	941
525	943
525	944
525	964
525	977
525	989
526	541
526	763
526	808
526	860
526	893
526	996
527	401
527	770
527	803
527	904
527	971
527	998
528	983
528	990
528	991
528	993
528	994
528	999
529	141
529	603
529	917
529	946
529	969
529	1000
530	713
530	732
530	859
530	866
530	897
530	934
531	943
531	944
531	962
531	964
531	971
531	989
532	926
532	947
532	950
532	960
532	980
532	988
533	30
533	260
533	937
533	939
533	996
533	997
534	884
534	941
534	943
534	959
534	977
534	989
535	716
535	850
535	890
535	906
535	939
535	996
536	730
536	739
536	856
536	890
536	978
536	989
537	434
537	810
537	915
537	964
537	977
537	989
538	744
538	778
538	786
538	852
538	914
538	956
539	176
539	797
539	960
539	973
539	980
539	988
540	851
540	854
540	856
540	913
540	952
540	978
541	428
541	526
541	684
541	893
541	912
541	951
542	434
542	762
542	904
542	953
542	974
542	998
543	302
543	459
543	850
543	886
543	921
543	937
544	711
544	767
544	957
544	963
544	965
544	981
545	720
545	936
545	967
545	970
545	984
545	997
546	637
546	897
546	903
546	906
546	954
546	996
547	560
547	874
547	944
547	962
547	964
547	969
548	576
548	651
548	926
548	950
548	980
548	988
549	129
549	990
549	991
549	993
549	994
549	999
550	479
550	827
550	949
550	953
550	971
550	998
551	465
551	566
551	586
551	796
551	882
551	978
552	775
552	915
552	943
552	944
552	977
552	989
553	758
553	802
553	804
553	925
553	945
553	996
554	892
554	958
554	976
554	987
554	995
554	997
555	447
555	736
555	796
555	854
555	935
555	952
556	50
556	268
556	801
556	925
556	937
556	945
557	857
557	898
557	961
557	968
557	985
557	995
558	779
558	886
558	918
558	932
558	996
558	998
559	179
559	517
559	773
559	919
559	974
559	998
560	547
560	862
560	884
560	959
560	977
560	989
561	725
561	966
561	972
561	991
561	992
561	1000
562	982
562	983
562	990
562	993
562	994
562	999
563	787
563	860
563	893
563	903
563	921
563	996
564	955
564	968
564	984
564	987
564	995
564	997
565	721
565	786
565	878
565	924
565	948
565	956
566	551
566	782
566	926
566	960
566	980
566	988
567	462
567	798
567	838
567	899
567	916
567	932
568	486
568	671
568	684
568	862
568	977
568	989
569	620
569	622
569	785
569	977
569	989
569	992
570	485
570	848
570	904
570	953
570	974
570	998
571	825
571	845
571	883
571	897
571	934
571	938
572	626
572	761
572	926
572	960
572	980
572	988
573	916
573	935
573	972
573	979
573	992
573	1000
574	362
574	368
574	802
574	837
574	880
574	907
575	463
575	931
575	967
575	968
575	976
575	995
576	176
576	548
576	926
576	950
576	980
576	988
577	958
577	975
577	976
577	984
577	985
577	995
578	773
578	855
578	872
578	949
578	971
578	974
579	922
579	935
579	958
579	972
579	992
579	1000
580	498
580	779
580	794
580	918
580	938
580	996
581	259
581	923
581	957
581	963
581	965
581	981
582	830
582	883
582	957
582	963
582	965
582	981
583	735
583	826
583	950
583	960
583	980
583	988
584	853
584	856
584	871
584	890
584	952
584	978
585	212
585	399
585	631
585	715
585	916
585	928
586	551
586	665
586	835
586	836
586	854
586	978
586	999
587	627
587	920
587	955
587	967
587	968
587	975
587	987
588	778
588	858
588	888
588	891
588	924
588	927
588	956
589	450
589	735
589	874
589	950
589	960
589	980
589	988
590	983
590	986
590	987
590	990
590	991
590	993
590	994
591	911
591	955
591	970
591	984
591	987
591	995
591	997
592	760
592	763
592	779
592	806
592	907
592	918
592	938
593	904
593	958
593	961
593	968
593	976
593	987
593	995
594	345
594	739
594	836
594	851
594	882
594	890
594	978
595	52
595	710
595	883
595	910
595	957
595	965
595	981
596	922
596	946
596	972
596	979
596	983
596	992
596	1000
597	925
597	982
597	983
597	990
597	991
597	994
597	999
598	869
598	929
598	969
598	972
598	979
598	992
598	1000
599	338
599	761
599	882
599	950
599	960
599	980
599	988
600	242
600	646
600	876
600	881
600	949
600	951
600	996
601	416
601	763
601	825
601	876
601	934
601	940
601	951
602	131
602	872
602	953
602	971
602	974
602	998
602	1000
603	529
603	929
603	933
603	969
603	972
603	992
603	1000
604	982
604	986
604	990
604	991
604	993
604	994
604	999
605	880
605	904
605	919
605	949
605	971
605	974
605	998
606	755
606	947
606	958
606	967
606	987
606	995
606	997
607	933
607	935
607	969
607	972
607	973
607	992
607	1000
608	122
608	640
608	700
608	751
608	899
608	916
608	928
609	314
609	920
609	961
609	968
609	975
609	976
609	987
610	955
610	970
610	976
610	987
610	995
610	996
610	997
611	925
611	967
611	968
611	976
611	985
611	987
611	997
612	807
612	840
612	923
612	963
612	965
612	981
612	995
613	301
613	775
613	795
613	850
613	859
613	945
613	996
614	199
614	961
614	975
614	984
614	985
614	987
614	997
615	453
615	666
615	863
615	880
615	925
615	934
615	951
616	433
616	942
616	958
616	961
616	975
616	976
616	997
617	778
617	891
617	914
617	924
617	927
617	948
617	977
618	637
618	653
618	737
618	834
618	866
618	905
618	932
619	233
619	239
619	404
619	676
619	821
619	899
619	916
620	569
620	874
620	943
620	944
620	959
620	964
620	989
621	823
621	865
621	910
621	923
621	957
621	963
621	965
622	569
622	698
622	874
622	941
622	959
622	964
622	989
623	76
623	697
623	906
623	912
623	921
623	932
623	939
624	34
624	761
624	926
624	950
624	960
624	980
624	988
625	289
625	681
625	803
625	919
625	953
625	971
625	998
626	572
626	733
626	761
626	797
626	809
626	980
626	988
627	587
627	942
627	955
627	967
627	975
627	984
627	997
628	404
628	640
628	700
628	746
628	838
628	868
628	916
629	274
629	481
629	654
629	701
629	778
629	786
629	948
630	34
630	674
630	763
630	921
630	928
630	934
630	937
631	377
631	585
631	636
631	700
631	755
631	792
631	798
632	942
632	970
632	975
632	985
632	994
632	995
632	997
633	477
633	903
633	943
633	962
633	964
633	977
633	989
634	405
634	453
634	795
634	879
634	932
634	951
634	954
635	217
635	839
635	895
635	966
635	969
635	992
635	1000
636	27
636	413
636	631
636	714
636	838
636	846
636	916
637	458
637	546
637	618
637	775
637	940
637	945
637	996
638	64
638	81
638	94
638	872
638	919
638	974
638	998
639	243
639	764
639	944
639	959
639	962
639	964
639	977
640	71
640	608
640	628
640	899
640	916
640	928
640	979
641	942
641	947
641	955
641	967
641	985
641	995
641	997
642	983
642	986
642	990
642	991
642	993
642	994
642	999
643	18
643	983
643	986
643	991
643	993
643	994
643	999
644	234
644	717
644	778
644	852
644	870
644	878
644	948
645	319
645	669
645	851
645	868
645	882
645	952
645	978
646	165
646	600
646	863
646	881
646	886
646	918
646	921
647	810
647	941
647	962
647	964
647	977
647	986
647	989
648	435
648	498
648	848
648	902
648	919
648	971
648	974
649	260
649	682
649	859
649	951
649	954
649	980
649	996
650	927
650	983
650	986
650	990
650	991
650	994
650	999
651	442
651	548
651	924
651	950
651	960
651	980
651	988
652	678
652	770
652	803
652	949
652	974
652	998
652	1000
653	368
653	618
653	802
653	806
653	903
653	907
653	978
654	629
654	664
654	888
654	901
654	924
654	948
654	956
655	689
655	911
655	942
655	955
655	961
655	968
655	987
656	767
656	983
656	986
656	990
656	991
656	994
656	999
657	280
657	732
657	796
657	886
657	893
657	907
657	921
658	506
658	983
658	990
658	991
658	993
658	994
658	999
659	330
659	336
659	845
659	850
659	925
659	945
659	954
660	750
660	762
660	852
660	904
660	919
660	949
660	953
660	998
661	982
661	983
661	986
661	990
661	991
661	993
661	994
661	999
662	371
662	799
662	855
662	949
662	953
662	971
662	974
662	998
663	825
663	849
663	865
663	883
663	923
663	963
663	965
663	981
664	654
664	841
664	842
664	852
664	888
664	891
664	914
664	948
665	241
665	586
665	730
665	853
665	868
665	882
665	896
665	952
666	493
666	615
666	712
666	862
666	944
666	959
666	977
666	989
667	784
667	819
667	889
667	906
667	925
667	940
667	945
667	996
668	865
668	894
668	900
668	923
668	957
668	963
668	965
668	981
669	645
669	776
669	836
669	867
669	871
669	913
669	964
669	978
670	369
670	727
670	766
670	833
670	926
670	960
670	980
670	988
671	568
671	810
671	941
671	943
671	959
671	964
671	977
671	988
672	807
672	883
672	910
672	957
672	963
672	965
672	978
672	981
673	982
673	983
673	986
673	990
673	991
673	993
673	994
673	999
674	452
674	630
674	759
674	863
674	906
674	907
674	938
674	996
675	843
675	869
675	930
675	972
675	979
675	983
675	992
675	1000
676	66
676	619
676	798
676	844
676	849
676	899
676	916
676	928
677	89
677	119
677	377
677	816
677	838
677	844
677	928
677	974
678	286
678	515
678	652
678	708
678	827
678	848
678	992
678	998
679	704
679	723
679	878
679	943
679	944
679	959
679	962
679	989
680	744
680	842
680	887
680	888
680	901
680	924
680	948
680	956
681	625
681	727
681	782
681	826
681	950
681	960
681	980
681	988
682	48
682	649
682	759
682	806
682	812
682	845
682	932
682	945
683	351
683	784
683	804
683	824
683	902
683	954
683	965
683	996
684	383
684	541
684	568
684	705
684	834
684	866
684	906
684	938
685	966
685	982
685	983
685	986
685	990
685	993
685	994
685	999
686	1
686	827
686	904
686	919
686	949
686	953
686	971
686	998
687	722
687	797
687	926
687	939
687	950
687	960
687	980
687	988
688	800
688	982
688	983
688	986
688	990
688	993
688	994
688	999
689	655
689	849
689	883
689	894
689	910
689	923
689	965
689	981
690	38
690	118
690	447
690	511
690	853
690	856
690	952
690	978
691	723
691	732
691	830
691	834
691	912
691	918
691	925
691	996
692	225
692	982
692	983
692	986
692	991
692	993
692	994
692	999
693	98
693	128
693	510
693	866
693	880
693	886
693	937
693	996
694	291
694	423
694	832
694	870
694	873
694	887
694	924
694	948
695	285
695	321
695	832
695	873
695	924
695	927
695	956
695	992
696	903
696	920
696	931
696	958
696	967
696	985
696	987
696	995
697	291
697	351
697	623
697	818
697	903
697	918
697	951
697	954
698	622
698	866
698	874
698	884
698	915
698	959
698	962
698	989
699	936
699	947
699	955
699	970
699	985
699	987
699	993
699	997
700	122
700	608
700	628
700	631
700	798
700	844
700	899
700	916
701	470
701	629
701	842
701	878
701	914
701	924
701	927
701	956
702	758
702	781
702	783
702	805
702	883
702	894
702	957
702	963
702	981
703	357
703	851
703	856
703	868
703	882
703	913
703	952
703	978
703	995
704	361
704	679
704	780
704	870
704	874
704	915
704	962
704	977
704	989
705	522
705	684
705	737
705	787
705	795
705	902
705	907
705	951
705	997
706	250
706	500
706	736
706	836
706	856
706	882
706	952
706	976
706	978
707	342
707	746
707	798
707	813
707	816
707	821
707	844
707	899
707	928
708	435
708	678
708	750
708	919
708	930
708	949
708	953
708	971
708	974
709	345
709	444
709	739
709	853
709	871
709	890
709	913
709	952
709	978
710	124
710	595
710	862
710	943
710	959
710	962
710	964
710	977
710	989
711	152
711	544
711	758
711	865
711	894
711	924
711	963
711	965
711	981
712	666
712	741
712	831
712	861
712	884
712	944
712	964
712	977
712	989
713	530
713	905
713	935
713	946
713	948
713	966
713	973
713	992
713	1000
714	636
714	982
714	983
714	986
714	990
714	991
714	993
714	994
714	999
715	73
715	462
715	585
715	746
715	751
715	755
715	816
715	844
715	968
716	303
716	391
716	535
716	779
716	830
716	875
716	921
716	932
716	934
717	644
717	852
717	858
717	870
717	873
717	887
717	901
717	914
717	992
718	936
718	942
718	967
718	969
718	970
718	975
718	987
718	995
718	997
719	848
719	982
719	983
719	986
719	990
719	991
719	993
719	994
719	999
720	545
720	982
720	983
720	986
720	990
720	991
720	993
720	994
720	999
721	565
721	772
721	865
721	894
721	910
721	957
721	963
721	965
721	981
722	687
722	733
722	782
722	797
722	833
722	926
722	960
722	980
722	988
723	679
723	691
723	764
723	771
723	959
723	962
723	964
723	977
723	989
724	9
724	915
724	941
724	943
724	962
724	964
724	975
724	977
724	989
725	561
725	743
725	930
725	966
725	969
725	973
725	979
725	992
725	1000
726	946
726	982
726	983
726	986
726	990
726	991
726	993
726	994
726	999
727	670
727	681
727	826
727	926
727	950
727	960
727	980
727	988
727	991
728	822
728	922
728	931
728	958
728	975
728	984
728	985
728	995
728	997
729	432
729	459
729	485
729	827
729	904
729	949
729	971
729	974
729	998
730	317
730	536
730	665
730	867
730	890
730	896
730	913
730	952
730	999
731	51
731	936
731	947
731	961
731	968
731	970
731	975
731	976
731	995
732	124
732	302
732	530
732	657
732	691
732	794
732	820
732	937
732	938
733	22
733	386
733	626
733	722
733	926
733	950
733	960
733	980
733	988
734	152
734	982
734	983
734	986
734	990
734	991
734	993
734	994
734	999
735	450
735	583
735	589
735	926
735	941
735	950
735	960
735	980
735	988
736	275
736	509
736	555
736	706
736	796
736	867
736	890
736	952
736	978
737	36
737	524
737	618
737	705
737	802
737	859
737	880
737	903
737	996
738	919
738	929
738	935
738	946
738	969
738	973
738	979
738	992
738	1000
739	536
739	594
739	709
739	854
739	871
739	890
739	952
739	978
739	979
740	766
740	797
740	826
740	833
740	898
740	926
740	950
740	960
740	988
741	60
741	369
741	712
741	810
741	874
741	944
741	962
741	977
741	989
742	94
742	178
742	508
742	803
742	827
742	848
742	949
742	953
742	994
742	998
743	725
743	860
743	922
743	929
743	930
743	933
743	966
743	973
743	992
743	1000
744	538
744	680
744	852
744	873
744	887
744	891
744	924
744	948
744	956
744	961
745	438
745	832
745	858
745	870
745	873
745	891
745	924
745	927
745	956
745	966
746	524
746	628
746	707
746	715
746	816
746	821
746	844
746	846
746	928
746	996
747	955
747	958
747	975
747	976
747	984
747	985
747	987
747	988
747	995
747	997
748	490
748	917
748	929
748	933
748	966
748	969
748	972
748	973
748	992
748	1000
749	388
749	407
749	808
749	818
749	820
749	860
749	938
749	939
749	940
749	996
750	218
750	344
750	660
750	708
750	799
750	919
750	971
750	974
750	994
750	998
751	71
751	608
751	715
751	755
751	816
751	827
751	844
751	846
751	899
751	928
752	93
752	767
752	823
752	894
752	923
752	957
752	963
752	965
752	981
752	998
753	756
753	808
753	824
753	860
753	902
753	918
753	929
753	938
753	951
753	996
754	195
754	370
754	514
754	796
754	835
754	853
754	882
754	896
754	913
754	920
755	342
755	375
755	606
755	631
755	715
755	751
755	821
755	838
755	846
755	928
756	518
756	753
756	830
756	860
756	886
756	897
756	918
756	940
756	945
756	948
757	500
757	776
757	851
757	853
757	868
757	890
757	896
757	952
757	978
757	994
758	553
758	702
758	711
758	781
758	894
758	910
758	923
758	957
758	963
758	981
759	428
759	674
759	682
759	837
759	866
759	867
759	902
759	934
759	954
759	996
760	157
760	243
760	592
760	861
760	862
760	944
760	962
760	964
760	977
760	989
761	198
761	572
761	599
761	624
761	626
761	926
761	950
761	960
761	970
761	980
761	988
762	420
762	542
762	660
762	803
762	827
762	904
762	914
762	953
762	971
762	974
762	998
763	217
763	325
763	526
763	592
763	601
763	630
763	809
763	824
763	903
763	918
763	925
764	457
764	639
764	723
764	768
764	861
764	907
764	941
764	943
764	959
764	964
764	989
765	207
765	877
765	895
765	922
765	930
765	966
765	972
765	973
765	979
765	992
765	1000
766	316
766	670
766	740
766	789
766	826
766	833
766	926
766	950
766	960
766	980
766	988
767	257
767	544
767	656
767	752
767	840
767	910
767	923
767	957
767	963
767	965
767	981
768	491
768	764
768	884
768	915
768	940
768	943
768	959
768	962
768	964
768	977
768	989
769	822
769	908
769	931
769	936
769	958
769	967
769	984
769	987
769	990
769	995
769	997
770	272
770	372
770	527
770	652
770	848
770	855
770	919
770	949
770	953
770	974
770	998
771	443
771	471
771	723
771	780
771	910
771	943
771	959
771	962
771	964
771	977
771	989
772	144
772	483
772	721
772	807
772	840
772	865
772	894
772	957
772	963
772	965
772	981
773	201
773	377
773	559
773	578
773	848
773	872
773	919
773	953
773	971
773	974
773	998
774	874
774	909
774	961
774	982
774	983
774	986
774	990
774	991
774	993
774	994
774	999
775	303
775	307
775	330
775	552
775	613
775	637
775	830
775	860
775	886
775	918
775	945
776	275
776	500
776	669
776	757
776	796
776	851
776	853
776	882
776	936
776	952
776	978
777	135
777	931
777	955
777	961
777	970
777	984
777	985
777	987
777	995
777	997
777	999
778	538
778	588
778	617
778	629
778	644
778	873
778	882
778	887
778	901
778	948
778	956
779	180
779	329
779	422
779	452
779	558
779	580
779	592
779	716
779	795
779	893
779	954
780	238
780	704
780	771
780	785
780	915
780	941
780	944
780	962
780	964
780	977
780	989
781	702
781	758
781	840
781	849
781	883
781	891
781	894
781	910
781	923
781	965
781	981
782	198
782	566
782	681
782	722
782	826
782	926
782	939
782	950
782	960
782	980
782	988
783	520
783	702
783	840
783	843
783	883
783	910
783	923
783	957
783	963
783	965
783	981
784	72
784	200
784	460
784	514
784	667
784	683
784	850
784	921
784	937
784	954
784	996
785	338
785	569
785	780
785	861
785	862
785	941
785	943
785	944
785	959
785	977
785	989
786	371
786	503
786	538
786	565
786	629
786	832
786	858
786	891
786	914
786	927
786	948
786	971
787	26
787	522
787	563
787	705
787	819
787	912
787	925
787	934
787	940
787	951
787	971
787	996
788	814
788	929
788	930
788	933
788	946
788	966
788	969
788	973
788	979
788	992
788	993
788	1000
789	766
789	841
789	875
789	909
789	982
789	983
789	986
789	990
789	991
789	993
789	994
789	999
790	889
790	920
790	931
790	951
790	967
790	968
790	975
790	976
790	984
790	985
790	987
790	995
791	829
791	839
791	845
791	917
791	930
791	935
791	966
791	972
791	973
791	979
791	992
791	1000
792	631
792	841
792	875
792	909
792	982
792	983
792	986
792	990
792	991
792	993
792	994
792	999
793	817
793	864
793	909
793	957
793	982
793	983
793	986
793	990
793	991
793	993
793	994
793	999
794	185
794	368
794	580
794	732
794	830
794	881
794	920
794	925
794	932
794	938
794	940
794	945
795	522
795	613
795	634
795	705
795	779
795	802
795	818
795	834
795	902
795	907
795	939
795	968
796	551
796	555
796	657
796	736
796	754
796	776
796	835
796	854
796	856
796	871
796	896
796	976
797	378
797	539
797	626
797	687
797	722
797	740
797	814
797	826
797	926
797	950
797	960
797	988
798	21
798	326
798	567
798	631
798	676
798	700
798	707
798	838
798	899
798	916
798	928
798	988
799	140
799	227
799	409
799	662
799	750
799	904
799	919
799	949
799	953
799	971
799	974
799	998
800	60
800	487
800	688
800	908
800	920
800	961
800	967
800	976
800	984
800	985
800	995
800	997
801	297
801	370
801	556
801	804
801	863
801	893
801	934
801	937
801	938
801	939
801	940
801	945
801	996
802	36
802	553
802	574
802	653
802	737
802	795
802	863
802	893
802	900
802	906
802	937
802	940
802	995
803	331
803	515
803	527
803	625
803	652
803	742
803	762
803	949
803	953
803	971
803	974
803	976
803	998
804	307
804	464
804	553
804	683
804	801
804	810
804	837
804	845
804	902
804	906
804	921
804	925
804	932
805	181
805	702
805	898
805	911
805	942
805	947
805	967
805	968
805	975
805	984
805	985
805	987
805	997
806	92
806	276
806	592
806	653
806	682
806	820
806	921
806	932
806	945
806	954
806	965
806	979
806	996
807	440
807	612
807	672
807	772
807	840
807	849
807	883
807	910
807	923
807	961
807	963
807	965
807	981
808	244
808	526
808	749
808	753
808	819
808	863
808	925
808	934
808	940
808	950
808	951
808	965
808	996
809	98
809	242
809	334
809	427
809	490
809	522
809	626
809	763
809	912
809	933
809	938
809	940
809	996
810	284
810	537
810	647
810	671
810	741
810	804
810	884
810	915
810	941
810	944
810	959
810	962
810	989
811	905
811	917
811	922
811	929
811	933
811	943
811	946
811	966
811	969
811	972
811	973
811	979
811	992
811	1000
812	241
812	276
812	280
812	297
812	452
812	682
812	876
812	886
812	903
812	925
812	938
812	939
812	940
812	951
813	707
813	831
813	864
813	875
813	909
813	970
813	982
813	983
813	986
813	990
813	991
813	993
813	994
813	999
814	788
814	797
814	877
814	905
814	922
814	930
814	933
814	946
814	969
814	972
814	973
814	989
814	992
814	1000
815	143
815	255
815	841
815	864
815	875
815	909
815	982
815	983
815	986
815	990
815	991
815	993
815	994
815	999
816	258
816	392
816	677
816	707
816	715
816	746
816	751
816	821
816	838
816	844
816	846
816	855
816	899
816	916
817	66
817	793
817	864
817	875
817	909
817	982
817	983
817	986
817	990
817	991
817	993
817	994
817	997
817	999
818	301
818	464
818	697
818	749
818	795
818	834
818	845
818	860
818	912
818	925
818	932
818	938
818	987
818	996
819	15
819	78
819	138
819	314
819	667
819	787
819	808
819	893
819	896
819	902
819	934
819	937
819	951
819	996
820	120
820	210
820	236
820	732
820	749
820	806
820	837
820	859
820	886
820	897
820	937
820	945
820	991
820	996
821	5
821	58
821	521
821	619
821	707
821	746
821	755
821	816
821	833
821	844
821	869
821	899
821	916
821	928
822	728
822	769
822	931
822	942
822	947
822	955
822	958
822	967
822	968
822	970
822	985
822	995
822	997
822	999
823	105
823	466
823	621
823	752
823	828
823	849
823	865
823	879
823	883
823	910
823	957
823	963
823	965
823	981
824	74
824	510
824	518
824	683
824	753
824	763
824	854
824	897
824	906
824	907
824	938
824	939
824	940
824	945
825	110
825	151
825	463
825	571
825	601
825	663
825	881
825	897
825	921
825	932
825	934
825	939
825	951
825	954
826	146
826	583
826	681
826	727
826	740
826	766
826	782
826	797
826	833
826	926
826	950
826	957
826	960
826	988
827	232
827	550
827	678
827	686
827	729
827	742
827	751
827	762
827	904
827	919
827	940
827	949
827	971
827	974
827	998
828	823
828	831
828	841
828	855
828	864
828	875
828	909
828	982
828	983
828	986
828	990
828	991
828	993
828	994
828	999
829	791
829	905
829	906
829	917
829	929
829	933
829	935
829	946
829	966
829	969
829	972
829	973
829	979
829	992
829	1000
830	50
830	164
830	582
830	691
830	716
830	756
830	775
830	794
830	881
830	903
830	934
830	937
830	939
830	945
830	996
831	712
831	813
831	828
831	864
831	875
831	909
831	963
831	982
831	983
831	986
831	990
831	991
831	993
831	994
831	999
832	45
832	202
832	321
832	694
832	695
832	745
832	786
832	834
832	870
832	878
832	901
832	924
832	927
832	938
832	956
833	209
833	309
833	313
833	316
833	382
833	670
833	722
833	740
833	766
833	821
833	826
833	950
833	960
833	980
833	988
834	322
834	329
834	618
834	684
834	691
834	795
834	818
834	832
834	863
834	880
834	893
834	903
834	907
834	925
834	938
835	62
835	99
835	168
835	277
835	370
835	586
835	754
835	796
835	851
835	853
835	867
835	868
835	913
835	952
835	994
836	147
836	261
836	345
836	586
836	594
836	669
836	706
836	867
836	868
836	882
836	890
836	896
836	913
836	952
836	978
837	474
837	490
837	574
837	759
837	804
837	820
837	859
837	893
837	902
837	906
837	921
837	925
837	945
837	951
837	971
837	996
838	25
838	27
838	122
838	148
838	161
838	567
838	628
838	636
838	677
838	755
838	798
838	816
838	844
838	916
838	928
838	988
839	155
839	635
839	791
839	905
839	917
839	929
839	933
839	935
839	943
839	946
839	969
839	972
839	973
839	979
839	992
839	1000
840	152
840	520
840	612
840	767
840	772
840	781
840	783
840	807
840	894
840	910
840	923
840	957
840	963
840	965
840	981
840	996
841	664
841	789
841	792
841	815
841	828
841	864
841	875
841	909
841	982
841	983
841	986
841	990
841	991
841	993
841	994
841	999
842	371
842	389
842	664
842	680
842	701
842	870
842	878
842	887
842	888
842	891
842	901
842	914
842	924
842	948
842	956
842	969
843	472
843	675
843	783
843	879
843	900
843	917
843	922
843	929
843	930
843	966
843	969
843	972
843	973
843	979
843	992
843	1000
844	328
844	413
844	676
844	677
844	700
844	707
844	715
844	746
844	751
844	816
844	821
844	838
844	846
844	896
844	904
844	916
845	211
845	518
845	571
845	659
845	682
845	791
845	804
845	818
845	850
845	902
845	906
845	934
845	945
845	951
845	995
845	996
846	58
846	89
846	111
846	161
846	326
846	404
846	521
846	636
846	746
846	751
846	755
846	816
846	844
846	857
846	916
846	928
847	857
847	898
847	908
847	920
847	931
847	947
847	955
847	970
847	975
847	976
847	983
847	984
847	985
847	987
847	995
847	997
848	255
848	372
848	414
848	570
848	648
848	678
848	719
848	742
848	770
848	773
848	872
848	919
848	949
848	953
848	959
848	974
848	998
849	115
849	379
849	385
849	663
849	676
849	689
849	781
849	807
849	823
849	865
849	883
849	894
849	923
849	957
849	963
849	965
849	981
850	314
850	405
850	535
850	543
850	613
850	659
850	784
850	845
850	881
850	886
850	906
850	937
850	938
850	945
850	951
850	959
850	1000
851	245
851	540
851	594
851	645
851	703
851	757
851	776
851	835
851	853
851	856
851	871
851	882
851	896
851	913
851	948
851	952
851	962
852	285
852	340
852	429
852	538
852	644
852	660
852	664
852	717
852	744
852	870
852	888
852	901
852	914
852	927
852	948
852	954
852	956
853	323
853	400
853	584
853	665
853	690
853	709
853	754
853	757
853	776
853	835
853	851
853	854
853	871
853	878
853	896
853	913
853	978
854	188
854	323
854	325
854	447
854	540
854	555
854	586
854	739
854	796
854	824
854	853
854	856
854	867
854	896
854	913
854	927
854	978
855	64
855	75
855	141
855	234
855	331
855	456
855	485
855	578
855	662
855	770
855	816
855	828
855	904
855	953
855	971
855	974
855	998
856	358
856	412
856	536
856	540
856	584
856	690
856	703
856	706
856	796
856	851
856	854
856	867
856	882
856	896
856	952
856	967
856	978
857	557
857	846
857	847
857	885
857	892
857	936
857	942
857	958
857	961
857	968
857	970
857	975
857	976
857	985
857	987
857	995
857	997
858	175
858	192
858	324
858	484
858	588
858	717
858	745
858	786
858	887
858	888
858	891
858	914
858	924
858	927
858	948
858	956
858	992
859	61
859	211
859	453
859	530
859	613
859	649
859	737
859	820
859	837
859	918
859	927
859	937
859	938
859	939
859	940
859	954
859	988
859	996
860	149
860	303
860	395
860	460
860	526
860	563
860	743
860	749
860	753
860	756
860	775
860	818
860	902
860	939
860	951
860	954
860	983
860	996
861	346
861	480
861	493
861	505
861	712
861	760
861	764
861	785
861	862
861	874
861	915
861	941
861	943
861	944
861	959
861	962
861	977
861	989
862	374
862	560
862	568
862	666
862	710
862	760
862	785
862	861
862	915
862	941
862	944
862	953
862	959
862	962
862	964
862	977
862	988
862	989
863	236
863	288
863	398
863	452
863	460
863	615
863	646
863	674
863	801
863	802
863	808
863	834
863	876
863	880
863	918
863	940
863	972
863	990
864	362
864	793
864	813
864	815
864	817
864	828
864	831
864	841
864	909
864	982
864	983
864	986
864	990
864	991
864	993
864	994
864	996
864	999
865	17
865	20
865	253
865	393
865	621
865	663
865	668
865	711
865	721
865	772
865	823
865	849
865	871
865	923
865	957
865	963
865	965
865	981
866	87
866	180
866	288
866	351
866	428
866	530
866	618
866	684
866	693
866	698
866	759
866	880
866	906
866	918
866	925
866	932
866	934
866	938
867	44
867	275
867	277
867	292
867	412
867	669
867	730
867	736
867	759
867	835
867	836
867	854
867	856
867	882
867	890
867	896
867	952
867	955
868	38
868	292
868	345
868	357
868	400
868	444
868	500
868	628
868	645
868	665
868	703
868	757
868	835
868	836
868	882
868	890
868	952
868	978
869	372
869	425
869	598
869	675
869	821
869	877
869	900
869	905
869	922
869	935
869	946
869	966
869	969
869	972
869	973
869	979
869	992
869	1000
870	45
870	285
870	429
870	484
870	644
870	694
870	704
870	717
870	745
870	832
870	842
870	852
870	887
870	891
870	901
870	914
870	948
870	956
871	47
871	295
871	317
871	475
871	584
871	669
871	709
871	739
871	796
871	851
871	853
871	865
871	882
871	890
871	913
871	952
871	978
871	990
872	67
872	158
872	201
872	485
872	498
872	578
872	602
872	638
872	773
872	848
872	904
872	909
872	919
872	949
872	953
872	971
872	975
872	998
873	340
873	355
873	501
873	694
873	695
873	717
873	744
873	745
873	778
873	878
873	887
873	888
873	914
873	924
873	927
873	939
873	948
873	956
874	477
874	547
874	589
874	620
874	622
874	698
874	704
874	741
874	774
874	861
874	884
874	915
874	941
874	943
874	959
874	962
874	964
874	977
874	989
875	716
875	789
875	792
875	813
875	815
875	817
875	828
875	831
875	841
875	909
875	982
875	983
875	985
875	986
875	990
875	991
875	993
875	994
875	999
876	6
876	78
876	383
876	600
876	601
876	812
876	863
876	880
876	897
876	902
876	912
876	932
876	938
876	945
876	951
876	954
876	958
876	987
876	996
877	213
877	427
877	765
877	814
877	869
877	879
877	895
877	917
877	922
877	929
877	946
877	966
877	969
877	972
877	973
877	979
877	992
877	994
877	1000
878	192
878	282
878	423
878	565
878	644
878	679
878	701
878	832
878	842
878	853
878	873
878	888
878	891
878	901
878	914
878	924
878	927
878	948
878	956
879	417
879	634
879	823
879	843
879	877
879	900
879	905
879	917
879	922
879	929
879	930
879	933
879	935
879	946
879	969
879	972
879	979
879	992
879	1000
880	15
880	34
880	78
880	416
880	421
880	574
880	605
880	615
880	693
880	737
880	834
880	863
880	866
880	876
880	893
880	912
880	945
880	951
880	954
881	15
881	82
881	185
881	296
881	301
881	351
881	398
881	453
881	600
881	646
881	794
881	825
881	830
881	850
881	903
881	925
881	932
881	951
881	995
881	996
882	412
882	551
882	594
882	599
882	645
882	665
882	703
882	706
882	754
882	776
882	778
882	836
882	851
882	856
882	867
882	868
882	871
882	890
882	913
882	978
883	235
883	571
883	582
883	595
883	663
883	672
883	689
883	702
883	781
883	783
883	807
883	823
883	849
883	894
883	910
883	944
883	957
883	963
883	965
883	981
884	16
884	84
884	103
884	363
884	493
884	534
884	560
884	698
884	712
884	768
884	810
884	874
884	913
884	915
884	941
884	944
884	959
884	962
884	964
884	977
885	347
885	367
885	432
885	857
885	892
885	911
885	936
885	947
885	955
885	958
885	961
885	967
885	975
885	976
885	984
885	985
885	987
885	994
885	995
885	997
886	165
886	312
886	463
886	543
886	558
886	646
886	657
886	693
886	756
886	775
886	812
886	820
886	850
886	902
886	912
886	918
886	925
886	932
886	937
886	989
886	996
887	177
887	264
887	516
887	680
887	694
887	717
887	744
887	778
887	842
887	858
887	870
887	873
887	891
887	901
887	914
887	924
887	927
887	933
887	948
887	956
887	992
888	13
888	96
888	202
888	274
888	291
888	588
888	654
888	664
888	680
888	842
888	852
888	858
888	873
888	878
888	891
888	901
888	914
888	927
888	956
888	957
888	999
889	104
889	290
889	394
889	667
889	790
889	908
889	911
889	920
889	931
889	936
889	942
889	955
889	958
889	961
889	968
889	970
889	975
889	985
889	987
889	995
889	997
890	130
890	294
890	295
890	310
890	511
890	535
890	536
890	584
890	594
890	709
890	730
890	736
890	739
890	757
890	836
890	867
890	868
890	871
890	882
890	891
890	896
890	978
891	438
891	509
891	588
891	617
891	664
891	744
891	745
891	781
891	786
891	842
891	858
891	870
891	878
891	887
891	888
891	890
891	901
891	914
891	924
891	927
891	948
891	956
892	33
892	83
892	170
892	483
892	554
892	857
892	885
892	936
892	942
892	947
892	955
892	958
892	961
892	967
892	968
892	970
892	975
892	980
892	984
892	987
892	995
892	997
893	109
893	126
893	178
893	268
893	522
893	526
893	541
893	563
893	657
893	779
893	801
893	802
893	819
893	834
893	837
893	880
893	932
893	937
893	939
893	945
893	987
893	996
894	221
894	238
894	497
894	668
894	689
894	702
894	711
894	721
894	752
894	758
894	772
894	781
894	840
894	849
894	883
894	910
894	954
894	957
894	963
894	965
894	981
894	992
895	10
895	465
895	635
895	765
895	877
895	900
895	905
895	917
895	922
895	929
895	930
895	933
895	935
895	946
895	966
895	969
895	972
895	973
895	979
895	989
895	992
895	1000
896	188
896	310
896	357
896	475
896	500
896	665
896	730
896	754
896	757
896	796
896	819
896	836
896	844
896	851
896	853
896	854
896	856
896	867
896	890
896	913
896	945
896	978
897	87
897	212
897	383
897	393
897	530
897	546
897	571
897	756
897	820
897	824
897	825
897	876
897	903
897	912
897	918
897	921
897	925
897	937
897	951
897	953
897	954
897	985
898	557
898	740
898	805
898	847
898	908
898	920
898	928
898	942
898	947
898	955
898	958
898	961
898	967
898	968
898	970
898	975
898	976
898	984
898	985
898	987
898	995
898	997
899	58
899	71
899	123
899	392
899	404
899	413
899	521
899	524
899	567
899	608
899	619
899	640
899	676
899	700
899	707
899	751
899	798
899	816
899	821
899	916
899	928
899	997
899	1000
900	121
900	270
900	668
900	802
900	843
900	869
900	879
900	895
900	905
900	917
900	922
900	929
900	930
900	933
900	935
900	946
900	966
900	969
900	972
900	973
900	979
900	992
900	1000
901	96
901	177
901	324
901	438
901	484
901	509
901	516
901	654
901	680
901	717
901	778
901	832
901	842
901	852
901	870
901	878
901	887
901	888
901	891
901	918
901	927
901	944
901	948
901	956
902	79
902	247
902	648
902	683
902	705
902	753
902	759
902	795
902	804
902	819
902	837
902	845
902	860
902	876
902	886
902	912
902	932
902	938
902	939
902	940
902	954
902	975
902	996
902	997
903	352
903	460
903	461
903	464
903	546
903	563
903	633
903	653
903	696
903	697
903	737
903	763
903	812
903	830
903	834
903	881
903	897
903	907
903	912
903	934
903	937
903	938
903	951
903	996
904	1
904	141
904	183
904	305
904	461
904	527
904	542
904	570
904	593
904	605
904	660
904	686
904	729
904	762
904	799
904	827
904	844
904	855
904	872
904	949
904	953
904	971
904	974
904	998
905	42
905	618
905	713
905	811
905	814
905	829
905	839
905	869
905	879
905	895
905	900
905	910
905	917
905	929
905	930
905	933
905	935
905	966
905	969
905	972
905	973
905	979
905	992
905	1000
906	388
906	535
906	546
906	623
906	667
906	674
906	684
906	802
906	804
906	824
906	829
906	837
906	845
906	850
906	866
906	907
906	912
906	921
906	925
906	934
906	938
906	940
906	945
906	975
906	996
907	120
907	169
907	207
907	217
907	314
907	574
907	592
907	653
907	657
907	674
907	705
907	764
907	795
907	824
907	834
907	903
907	906
907	921
907	932
907	934
907	938
907	940
907	951
907	954
907	990
908	312
908	390
908	769
908	800
908	847
908	889
908	898
908	911
908	934
908	936
908	942
908	947
908	955
908	958
908	961
908	967
908	968
908	970
908	975
908	976
908	984
908	985
908	987
908	995
908	997
909	774
909	789
909	792
909	793
909	813
909	815
909	817
909	828
909	831
909	841
909	864
909	872
909	875
909	956
909	982
909	983
909	986
909	990
909	991
909	993
909	994
909	999
910	204
910	248
910	466
910	595
910	621
910	672
910	689
910	721
910	758
910	767
910	771
910	781
910	783
910	807
910	823
910	840
910	883
910	894
910	905
910	923
910	957
910	963
910	965
910	981
910	988
911	350
911	367
911	455
911	591
911	655
911	805
911	885
911	889
911	908
911	920
911	931
911	936
911	942
911	947
911	955
911	957
911	958
911	961
911	968
911	970
911	975
911	984
911	985
911	995
911	997
911	1000
912	98
912	149
912	327
912	460
912	541
912	623
912	691
912	787
912	809
912	818
912	876
912	880
912	886
912	897
912	902
912	903
912	906
912	932
912	937
912	938
912	939
912	940
912	954
912	977
912	987
912	996
913	54
913	62
913	97
913	245
913	370
913	400
913	475
913	514
913	540
913	669
913	703
913	709
913	730
913	754
913	835
913	836
913	851
913	853
913	854
913	871
913	882
913	884
913	896
913	952
913	953
913	978
914	177
914	282
914	321
914	429
914	438
914	501
914	538
914	617
914	664
914	701
914	717
914	762
914	786
914	842
914	852
914	858
914	870
914	873
914	878
914	887
914	888
914	891
914	924
914	927
914	948
914	956
914	962
915	147
915	353
915	390
915	402
915	430
915	486
915	491
915	537
915	552
915	698
915	704
915	724
915	768
915	780
915	810
915	861
915	862
915	874
915	884
915	943
915	944
915	956
915	959
915	964
915	977
915	989
915	999
916	21
916	27
916	161
916	190
916	342
916	392
916	443
916	521
916	524
916	567
916	573
916	585
916	608
916	619
916	628
916	636
916	640
916	676
916	700
916	798
916	816
916	821
916	838
916	844
916	846
916	899
916	938
916	991
917	35
917	99
917	359
917	529
917	748
917	791
917	811
917	829
917	839
917	843
917	877
917	879
917	895
917	900
917	905
917	922
917	929
917	930
917	933
917	935
917	946
917	966
917	969
917	972
917	973
917	979
917	983
917	992
917	1000
918	61
918	165
918	341
918	382
918	479
918	490
918	558
918	580
918	592
918	646
918	691
918	697
918	753
918	756
918	763
918	775
918	859
918	863
918	866
918	886
918	897
918	901
918	932
918	934
918	937
918	939
918	940
918	951
918	954
919	153
919	158
919	284
919	286
919	408
919	419
919	432
919	468
919	515
919	559
919	605
919	625
919	638
919	648
919	660
919	686
919	708
919	738
919	750
919	770
919	773
919	799
919	827
919	848
919	872
919	949
919	971
919	974
919	998
920	76
920	250
920	483
920	587
920	609
920	696
920	754
920	790
920	794
920	800
920	847
920	889
920	898
920	911
920	931
920	936
920	947
920	955
920	958
920	961
920	967
920	968
920	970
920	975
920	984
920	985
920	987
920	995
920	997
921	79
921	109
921	247
921	322
921	362
921	427
921	543
921	563
921	623
921	630
921	646
921	657
921	716
921	784
921	804
921	806
921	825
921	837
921	897
921	906
921	907
921	925
921	930
921	932
921	937
921	940
921	963
921	972
921	996
922	252
922	320
922	324
922	373
922	579
922	596
922	728
922	743
922	765
922	811
922	814
922	843
922	869
922	877
922	879
922	895
922	900
922	917
922	929
922	930
922	933
922	935
922	946
922	966
922	969
922	972
922	973
922	979
922	992
922	1000
923	20
923	95
923	160
923	248
923	339
923	348
923	385
923	398
923	440
923	469
923	520
923	581
923	612
923	621
923	663
923	668
923	689
923	752
923	758
923	767
923	781
923	783
923	807
923	840
923	849
923	865
923	910
923	963
923	965
923	974
923	981
924	13
924	106
924	202
924	371
924	389
924	484
924	501
924	503
924	565
924	588
924	617
924	651
924	654
924	680
924	694
924	695
924	701
924	711
924	744
924	745
924	832
924	842
924	858
924	873
924	878
924	887
924	891
924	914
924	948
924	956
924	969
925	72
925	302
925	334
925	388
925	469
925	553
925	556
925	597
925	611
925	615
925	659
925	667
925	691
925	763
925	787
925	794
925	804
925	808
925	812
925	818
925	834
925	837
925	866
925	881
925	886
925	897
925	906
925	921
925	938
925	951
925	996
926	134
926	186
926	298
926	349
926	354
926	395
926	433
926	442
926	504
926	532
926	548
926	566
926	572
926	576
926	624
926	670
926	687
926	722
926	727
926	733
926	735
926	740
926	761
926	766
926	782
926	797
926	826
926	950
926	960
926	980
926	984
926	988
927	116
927	203
927	282
927	324
927	340
927	389
927	423
927	501
927	503
927	509
927	516
927	588
927	617
927	650
927	695
927	701
927	745
927	786
927	832
927	852
927	854
927	858
927	859
927	873
927	878
927	887
927	888
927	891
927	901
927	914
927	948
927	956
928	5
928	21
928	25
928	66
928	73
928	89
928	111
928	190
928	233
928	326
928	375
928	377
928	392
928	399
928	462
928	585
928	608
928	630
928	640
928	676
928	677
928	707
928	746
928	751
928	755
928	798
928	821
928	838
928	846
928	898
928	899
928	944
929	10
929	472
929	598
929	603
929	738
929	743
929	748
929	753
929	788
929	811
929	829
929	839
929	843
929	877
929	879
929	895
929	900
929	905
929	917
929	922
929	930
929	933
929	935
929	946
929	966
929	969
929	972
929	973
929	979
929	986
929	993
929	1000
930	4
930	256
930	482
930	489
930	491
930	502
930	675
930	708
930	725
930	743
930	765
930	788
930	791
930	814
930	843
930	879
930	895
930	900
930	905
930	917
930	921
930	922
930	929
930	933
930	935
930	946
930	966
930	969
930	972
930	973
930	979
930	992
930	1000
931	11
931	40
931	336
931	462
931	575
931	696
931	728
931	769
931	777
931	790
931	822
931	847
931	889
931	911
931	920
931	936
931	942
931	947
931	952
931	955
931	958
931	961
931	967
931	968
931	970
931	975
931	976
931	979
931	984
931	985
931	987
931	995
931	997
932	151
932	183
932	327
932	337
932	391
932	459
932	479
932	507
932	558
932	567
932	618
932	623
932	634
932	682
932	716
932	794
932	804
932	806
932	818
932	825
932	866
932	876
932	881
932	886
932	893
932	902
932	907
932	912
932	918
932	921
932	940
932	965
932	996
933	57
933	406
933	446
933	489
933	603
933	607
933	743
933	748
933	788
933	809
933	811
933	814
933	829
933	839
933	879
933	887
933	895
933	900
933	905
933	917
933	922
933	929
933	930
933	935
933	937
933	946
933	966
933	969
933	972
933	973
933	979
933	992
933	1000
934	74
934	231
934	260
934	296
934	330
934	352
934	518
934	520
934	530
934	571
934	601
934	615
934	630
934	716
934	759
934	787
934	801
934	808
934	819
934	825
934	830
934	845
934	866
934	903
934	906
934	907
934	908
934	918
934	937
934	939
934	945
934	990
934	996
935	29
935	189
935	318
935	380
935	502
935	555
935	573
935	579
935	607
935	713
935	738
935	791
935	829
935	839
935	869
935	879
935	895
935	900
935	905
935	917
935	922
935	929
935	930
935	933
935	946
935	963
935	966
935	969
935	972
935	973
935	978
935	979
935	992
935	1000
936	258
936	304
936	359
936	368
936	403
936	545
936	699
936	718
936	731
936	769
936	776
936	857
936	885
936	889
936	892
936	908
936	911
936	920
936	931
936	942
936	947
936	955
936	958
936	961
936	967
936	968
936	970
936	975
936	976
936	984
936	985
936	987
936	995
936	997
937	207
937	212
937	268
937	271
937	329
937	416
937	421
937	427
937	533
937	543
937	556
937	630
937	693
937	732
937	784
937	801
937	802
937	819
937	820
937	830
937	850
937	859
937	886
937	893
937	897
937	903
937	912
937	918
937	921
937	933
937	934
937	939
937	954
937	958
937	995
938	120
938	251
938	416
938	512
938	571
938	580
938	592
938	674
938	684
938	732
938	749
938	753
938	794
938	801
938	809
938	812
938	818
938	824
938	832
938	834
938	850
938	859
938	866
938	876
938	902
938	903
938	906
938	907
938	912
938	916
938	925
938	939
938	951
938	980
938	996
939	6
939	26
939	48
939	133
939	244
939	296
939	352
939	388
939	452
939	453
939	533
939	535
939	623
939	687
939	749
939	782
939	795
939	801
939	812
939	824
939	825
939	830
939	859
939	860
939	873
939	893
939	902
939	912
939	918
939	934
939	937
939	938
939	945
939	954
939	998
940	36
940	74
940	243
940	288
940	323
940	330
940	393
940	474
940	601
940	637
940	667
940	749
940	756
940	768
940	787
940	794
940	801
940	802
940	808
940	809
940	812
940	824
940	827
940	859
940	863
940	902
940	906
940	907
940	912
940	918
940	921
940	932
940	945
940	951
940	996
941	65
941	70
941	140
941	197
941	225
941	353
941	355
941	369
941	390
941	434
941	443
941	478
941	525
941	534
941	622
941	647
941	671
941	724
941	735
941	764
941	780
941	785
941	810
941	861
941	862
941	874
941	884
941	944
941	959
941	962
941	964
941	967
941	968
941	977
941	989
942	266
942	312
942	336
942	350
942	457
942	499
942	616
942	627
942	632
942	641
942	655
942	718
942	805
942	822
942	857
942	889
942	892
942	898
942	908
942	911
942	931
942	936
942	947
942	955
942	958
942	959
942	961
942	968
942	970
942	975
942	976
942	984
942	985
942	987
942	995
942	997
943	56
943	103
943	197
943	269
943	319
943	434
943	455
943	467
943	471
943	478
943	484
943	491
943	525
943	531
943	534
943	552
943	620
943	633
943	671
943	679
943	710
943	724
943	764
943	768
943	771
943	785
943	811
943	839
943	861
943	874
943	915
943	959
943	962
943	964
943	977
943	989
944	237
944	355
944	361
944	363
944	374
944	402
944	430
944	467
944	505
944	525
944	531
944	547
944	552
944	620
944	639
944	666
944	679
944	712
944	741
944	760
944	780
944	785
944	810
944	861
944	862
944	883
944	884
944	901
944	915
944	928
944	941
944	959
944	962
944	964
944	977
944	989
945	327
945	383
945	421
945	427
945	464
945	510
945	553
945	556
945	613
945	637
945	659
945	667
945	682
945	756
945	775
945	794
945	801
945	806
945	820
945	824
945	830
945	837
945	845
945	850
945	876
945	880
945	893
945	896
945	906
945	934
945	939
945	940
945	951
945	975
945	980
945	996
946	14
946	28
946	136
946	261
946	272
946	376
946	446
946	487
946	529
946	596
946	713
946	726
946	738
946	788
946	811
946	814
946	829
946	839
946	869
946	877
946	879
946	895
946	900
946	917
946	922
946	929
946	930
946	933
946	935
946	966
946	969
946	972
946	973
946	979
946	981
946	992
946	1000
947	32
947	83
947	348
947	365
947	367
947	431
947	458
947	532
947	606
947	641
947	699
947	731
947	805
947	822
947	847
947	885
947	892
947	898
947	908
947	911
947	920
947	931
947	936
947	942
947	958
947	961
947	967
947	968
947	975
947	976
947	984
947	985
947	987
947	995
947	996
947	997
947	998
948	45
948	96
948	116
948	175
948	192
948	203
948	264
948	285
948	429
948	501
948	503
948	565
948	617
948	629
948	644
948	654
948	664
948	680
948	694
948	713
948	744
948	756
948	778
948	786
948	842
948	851
948	852
948	858
948	870
948	873
948	878
948	887
948	891
948	901
948	914
948	924
948	927
948	956
948	961
949	81
949	139
949	167
949	183
949	227
949	232
949	360
949	401
949	420
949	456
949	468
949	508
949	513
949	517
949	550
949	578
949	600
949	605
949	652
949	660
949	662
949	686
949	708
949	729
949	742
949	770
949	799
949	803
949	827
949	848
949	872
949	904
949	919
949	953
949	971
949	974
949	978
949	984
949	998
950	7
950	53
950	156
950	181
950	223
950	229
950	279
950	281
950	316
950	378
950	386
950	450
950	532
950	548
950	576
950	583
950	589
950	599
950	624
950	651
950	681
950	687
950	727
950	733
950	735
950	740
950	761
950	766
950	782
950	797
950	808
950	826
950	833
950	926
950	952
950	960
950	980
950	988
950	993
951	88
951	164
951	188
951	231
951	287
951	307
951	395
951	459
951	541
951	600
951	601
951	615
951	634
951	649
951	697
951	705
951	753
951	787
951	790
951	808
951	812
951	819
951	825
951	837
951	845
951	850
951	860
951	876
951	880
951	881
951	897
951	903
951	907
951	918
951	925
951	938
951	940
951	945
951	954
951	994
952	47
952	51
952	62
952	97
952	99
952	148
952	277
952	295
952	310
952	317
952	357
952	511
952	514
952	540
952	555
952	584
952	645
952	665
952	690
952	703
952	706
952	709
952	730
952	736
952	739
952	757
952	776
952	835
952	836
952	851
952	856
952	867
952	868
952	871
952	913
952	931
952	950
952	963
952	976
952	978
953	37
953	63
953	75
953	173
953	226
953	344
953	379
953	397
953	408
953	409
953	414
953	420
953	468
953	506
953	517
953	542
953	550
953	570
953	602
953	625
953	660
953	662
953	686
953	708
953	742
953	762
953	770
953	773
953	799
953	803
953	848
953	855
953	862
953	872
953	897
953	904
953	913
953	949
953	971
953	974
953	998
954	133
954	145
954	164
954	200
954	236
954	280
954	288
954	337
954	395
954	474
954	479
954	510
954	512
954	518
954	546
954	634
954	649
954	659
954	683
954	697
954	759
954	779
954	784
954	806
954	825
954	852
954	859
954	860
954	876
954	880
954	894
954	897
954	902
954	907
954	912
954	918
954	937
954	939
954	951
954	969
954	996
955	8
955	73
955	77
955	117
955	254
955	347
955	364
955	564
955	587
955	591
955	610
955	627
955	641
955	655
955	699
955	747
955	777
955	822
955	847
955	867
955	885
955	889
955	892
955	898
955	908
955	911
955	920
955	931
955	936
955	942
955	958
955	961
955	968
955	970
955	975
955	976
955	984
955	985
955	987
955	990
955	995
955	997
956	13
956	106
956	116
956	264
956	282
956	291
956	340
956	389
956	423
956	438
956	449
956	503
956	509
956	516
956	538
956	565
956	588
956	654
956	680
956	695
956	701
956	744
956	745
956	778
956	832
956	842
956	852
956	858
956	870
956	873
956	878
956	887
956	888
956	891
956	901
956	909
956	914
956	915
956	924
956	927
956	948
956	977
957	17
957	20
957	93
957	216
957	221
957	235
957	257
957	262
957	283
957	339
957	397
957	411
957	440
957	489
957	497
957	544
957	581
957	582
957	595
957	621
957	668
957	672
957	702
957	721
957	752
957	758
957	767
957	772
957	783
957	793
957	823
957	826
957	840
957	849
957	865
957	883
957	888
957	894
957	910
957	911
957	963
957	965
957	981
958	9
958	83
958	171
958	224
958	251
958	273
958	554
958	577
958	579
958	593
958	606
958	616
958	696
958	728
958	747
958	769
958	822
958	857
958	876
958	885
958	889
958	892
958	898
958	908
958	911
958	920
958	931
958	936
958	937
958	942
958	947
958	955
958	961
958	967
958	968
958	970
958	975
958	976
958	984
958	985
958	987
958	994
958	995
958	997
959	84
959	90
959	113
959	147
959	319
959	355
959	407
959	467
959	477
959	478
959	480
959	491
959	534
959	560
959	620
959	622
959	639
959	666
959	671
959	679
959	698
959	710
959	723
959	764
959	768
959	771
959	785
959	810
959	848
959	850
959	861
959	862
959	874
959	884
959	915
959	941
959	942
959	943
959	944
959	962
959	964
959	977
959	986
959	989
960	12
960	22
960	153
960	156
960	184
960	266
960	279
960	281
960	298
960	303
960	309
960	349
960	354
960	433
960	504
960	532
960	539
960	566
960	572
960	583
960	589
960	599
960	624
960	651
960	670
960	681
960	687
960	722
960	727
960	733
960	735
960	740
960	761
960	766
960	782
960	797
960	826
960	833
960	926
960	950
960	980
960	981
960	988
960	993
960	996
961	18
961	101
961	117
961	145
961	304
961	439
961	458
961	557
961	593
961	609
961	614
961	616
961	655
961	731
961	744
961	774
961	777
961	800
961	807
961	857
961	885
961	889
961	892
961	898
961	908
961	911
961	920
961	931
961	936
961	942
961	947
961	948
961	955
961	958
961	967
961	968
961	970
961	974
961	975
961	976
961	984
961	985
961	987
961	995
961	997
962	9
962	69
962	140
962	197
962	225
962	263
962	271
962	346
962	353
962	374
962	402
962	457
962	471
962	505
962	531
962	547
962	633
962	639
962	647
962	679
962	698
962	704
962	710
962	723
962	724
962	741
962	760
962	768
962	771
962	780
962	810
962	851
962	861
962	862
962	874
962	884
962	914
962	941
962	943
962	944
962	959
962	964
962	970
962	977
962	989
962	999
963	52
963	144
963	204
963	205
963	206
963	238
963	248
963	262
963	269
963	397
963	411
963	466
963	469
963	497
963	544
963	581
963	582
963	612
963	621
963	663
963	668
963	672
963	702
963	711
963	721
963	752
963	758
963	767
963	772
963	783
963	807
963	823
963	831
963	840
963	849
963	865
963	883
963	894
963	910
963	921
963	923
963	935
963	952
963	957
963	965
963	981
964	65
964	113
964	157
964	175
964	263
964	407
964	443
964	455
964	457
964	471
964	478
964	480
964	486
964	493
964	525
964	531
964	537
964	547
964	620
964	622
964	633
964	639
964	647
964	669
964	671
964	710
964	712
964	723
964	724
964	760
964	764
964	768
964	771
964	780
964	862
964	874
964	884
964	915
964	941
964	943
964	944
964	959
964	962
964	977
964	984
964	989
964	995
965	93
965	95
965	144
965	205
965	206
965	216
965	235
965	253
965	283
965	348
965	397
965	440
965	466
965	469
965	497
965	544
965	581
965	582
965	595
965	612
965	621
965	663
965	668
965	672
965	683
965	689
965	711
965	721
965	752
965	767
965	772
965	781
965	783
965	806
965	807
965	808
965	823
965	840
965	849
965	865
965	883
965	894
965	910
965	923
965	932
965	957
965	963
965	981
966	10
966	35
966	95
966	166
966	246
966	256
966	270
966	406
966	417
966	424
966	446
966	472
966	502
966	523
966	561
966	635
966	685
966	713
966	725
966	743
966	745
966	748
966	765
966	788
966	791
966	811
966	829
966	843
966	869
966	877
966	895
966	900
966	905
966	917
966	922
966	929
966	930
966	933
966	935
966	946
966	969
966	972
966	973
966	974
966	979
966	992
966	997
966	1000
967	23
967	107
967	121
967	135
967	143
967	179
967	249
967	254
967	293
967	358
967	366
967	403
967	545
967	575
967	587
967	606
967	611
967	627
967	641
967	696
967	718
967	769
967	790
967	800
967	805
967	822
967	856
967	885
967	892
967	898
967	908
967	920
967	931
967	936
967	941
967	947
967	958
967	961
967	968
967	970
967	973
967	975
967	976
967	984
967	985
967	987
967	995
967	997
968	91
968	219
968	224
968	258
968	364
968	439
968	448
968	487
968	557
968	564
968	575
968	587
968	593
968	609
968	611
968	655
968	715
968	731
968	790
968	795
968	805
968	822
968	857
968	889
968	892
968	898
968	908
968	911
968	920
968	931
968	936
968	941
968	942
968	947
968	955
968	958
968	961
968	967
968	970
968	973
968	975
968	976
968	984
968	985
968	986
968	987
968	995
968	997
969	14
969	31
969	127
969	150
969	213
969	220
969	376
969	415
969	495
969	502
969	523
969	529
969	547
969	598
969	603
969	607
969	635
969	718
969	725
969	738
969	748
969	788
969	811
969	814
969	829
969	839
969	842
969	843
969	869
969	877
969	879
969	895
969	900
969	905
969	917
969	922
969	924
969	929
969	930
969	933
969	935
969	946
969	954
969	966
969	972
969	973
969	979
969	992
969	1000
970	39
970	60
970	85
970	88
970	237
970	308
970	333
970	336
970	343
970	365
970	403
970	448
970	481
970	499
970	545
970	591
970	610
970	632
970	699
970	718
970	731
970	761
970	777
970	813
970	822
970	847
970	857
970	889
970	892
970	898
970	908
970	911
970	920
970	931
970	936
970	942
970	955
970	958
970	961
970	962
970	967
970	968
970	975
970	976
970	981
970	984
970	985
970	987
970	995
970	997
971	63
971	90
971	94
971	102
971	128
971	139
971	240
971	289
971	305
971	331
971	360
971	379
971	401
971	414
971	432
971	456
971	461
971	506
971	508
971	515
971	527
971	531
971	550
971	578
971	602
971	605
971	625
971	648
971	662
971	686
971	708
971	729
971	750
971	762
971	773
971	786
971	787
971	799
971	803
971	827
971	837
971	855
971	872
971	904
971	919
971	949
971	953
971	974
971	992
971	998
972	16
972	55
972	166
972	194
972	272
972	311
972	356
972	446
972	482
972	495
972	561
972	573
972	579
972	596
972	598
972	603
972	607
972	675
972	748
972	765
972	791
972	811
972	814
972	829
972	839
972	843
972	863
972	869
972	877
972	879
972	895
972	900
972	905
972	917
972	921
972	922
972	929
972	930
972	933
972	935
972	946
972	966
972	969
972	973
972	975
972	979
972	981
972	992
972	997
972	1000
973	114
973	136
973	154
973	159
973	163
973	189
973	214
973	256
973	311
973	380
973	396
973	424
973	476
973	523
973	539
973	607
973	713
973	725
973	738
973	743
973	748
973	765
973	788
973	791
973	811
973	814
973	829
973	839
973	843
973	869
973	877
973	895
973	900
973	905
973	917
973	922
973	929
973	930
973	933
973	935
973	946
973	966
973	967
973	968
973	969
973	972
973	979
973	992
973	998
973	999
973	1000
974	59
974	67
974	81
974	167
974	215
974	226
974	240
974	286
974	289
974	299
974	305
974	344
974	359
974	360
974	408
974	409
974	414
974	419
974	435
974	461
974	506
974	508
974	542
974	559
974	570
974	578
974	602
974	605
974	638
974	648
974	652
974	662
974	677
974	708
974	729
974	750
974	762
974	770
974	773
974	799
974	803
974	827
974	848
974	855
974	904
974	919
974	923
974	949
974	953
974	961
974	966
974	971
974	997
974	998
975	39
975	100
975	129
975	143
975	265
975	290
975	306
975	308
975	367
975	422
975	487
975	577
975	587
975	609
975	614
975	616
975	627
975	632
975	718
975	724
975	728
975	731
975	747
975	790
975	805
975	847
975	857
975	872
975	885
975	889
975	892
975	898
975	902
975	906
975	908
975	911
975	920
975	931
975	936
975	942
975	945
975	947
975	955
975	958
975	961
975	967
975	968
975	970
975	972
975	976
975	984
975	985
975	987
975	995
975	997
976	8
976	85
976	86
976	100
976	125
976	145
976	162
976	245
976	273
976	306
976	312
976	315
976	343
976	350
976	422
976	458
976	495
976	519
976	554
976	575
976	577
976	593
976	609
976	610
976	611
976	616
976	706
976	731
976	747
976	790
976	796
976	800
976	803
976	847
976	857
976	885
976	898
976	908
976	931
976	936
976	942
976	947
976	952
976	955
976	958
976	961
976	967
976	968
976	970
976	975
976	984
976	985
976	987
976	995
976	997
977	56
977	69
977	113
977	169
977	185
977	263
977	271
977	319
977	353
977	363
977	390
977	430
977	455
977	467
977	471
977	477
977	480
977	486
977	525
977	534
977	537
977	552
977	560
977	568
977	569
977	617
977	633
977	639
977	647
977	666
977	671
977	704
977	710
977	712
977	723
977	724
977	741
977	760
977	768
977	771
977	780
977	785
977	861
977	862
977	874
977	884
977	912
977	915
977	941
977	943
977	944
977	956
977	959
977	962
977	964
977	989
978	38
978	54
978	97
978	118
978	148
978	155
978	168
978	195
978	211
978	250
978	259
978	261
978	292
978	295
978	310
978	317
978	323
978	325
978	400
978	412
978	444
978	447
978	465
978	511
978	514
978	536
978	540
978	551
978	584
978	586
978	594
978	645
978	653
978	669
978	672
978	690
978	703
978	706
978	709
978	736
978	739
978	757
978	776
978	836
978	853
978	854
978	856
978	868
978	871
978	882
978	890
978	896
978	913
978	935
978	949
978	952
978	981
979	46
979	55
979	186
979	187
979	252
979	270
979	318
979	320
979	356
979	376
979	396
979	406
979	417
979	424
979	426
979	446
979	476
979	482
979	495
979	523
979	573
979	596
979	598
979	640
979	675
979	725
979	738
979	739
979	765
979	788
979	791
979	806
979	811
979	829
979	839
979	843
979	869
979	877
979	879
979	895
979	900
979	905
979	917
979	922
979	929
979	930
979	931
979	933
979	935
979	946
979	966
979	969
979	972
979	973
979	990
979	992
979	1000
980	12
980	53
980	77
980	146
980	184
980	186
980	209
980	223
980	229
980	267
980	279
980	281
980	298
980	309
980	338
980	349
980	354
980	378
980	382
980	386
980	433
980	442
980	450
980	474
980	504
980	532
980	539
980	548
980	566
980	572
980	576
980	583
980	589
980	599
980	624
980	626
980	649
980	651
980	670
980	681
980	687
980	722
980	727
980	733
980	735
980	761
980	766
980	782
980	833
980	892
980	926
980	938
980	945
980	950
980	960
980	984
980	988
981	7
981	17
981	52
981	105
981	115
981	204
981	205
981	206
981	216
981	221
981	253
981	257
981	262
981	269
981	283
981	339
981	348
981	385
981	411
981	440
981	466
981	469
981	520
981	544
981	581
981	582
981	595
981	612
981	663
981	668
981	672
981	689
981	702
981	711
981	721
981	752
981	758
981	767
981	772
981	781
981	783
981	807
981	823
981	840
981	849
981	865
981	883
981	894
981	910
981	923
981	946
981	957
981	960
981	963
981	965
981	970
981	972
981	978
981	998
982	68
982	126
982	137
982	203
982	228
982	267
982	332
982	387
982	418
982	492
982	562
982	597
982	604
982	661
982	673
982	685
982	688
982	692
982	714
982	719
982	720
982	726
982	734
982	774
982	789
982	792
982	793
982	813
982	815
982	817
982	828
982	831
982	841
982	864
982	875
982	909
982	983
982	986
982	989
982	990
982	991
982	993
982	994
982	996
982	998
982	999
983	19
983	24
983	112
983	137
983	196
983	300
983	335
983	384
983	410
983	436
983	473
983	488
983	492
983	496
983	528
983	562
983	590
983	596
983	597
983	642
983	643
983	650
983	656
983	658
983	661
983	673
983	675
983	685
983	688
983	692
983	714
983	719
983	720
983	726
983	734
983	774
983	789
983	792
983	793
983	813
983	815
983	817
983	828
983	831
983	841
983	847
983	860
983	864
983	875
983	909
983	917
983	982
983	986
983	990
983	991
983	993
983	994
983	998
983	999
984	40
984	61
984	76
984	101
984	117
984	129
984	162
984	171
984	187
984	208
984	273
984	333
984	343
984	347
984	422
984	431
984	481
984	499
984	519
984	545
984	564
984	577
984	591
984	614
984	627
984	728
984	747
984	769
984	777
984	790
984	800
984	805
984	847
984	885
984	892
984	898
984	908
984	911
984	920
984	926
984	931
984	936
984	942
984	947
984	949
984	955
984	958
984	961
984	964
984	967
984	968
984	970
984	975
984	976
984	980
984	985
984	987
984	995
984	997
985	11
985	101
985	134
985	249
985	254
985	265
985	292
985	304
985	306
985	358
985	366
985	403
985	431
985	439
985	481
985	483
985	557
985	577
985	611
985	614
985	632
985	641
985	696
985	699
985	728
985	747
985	777
985	790
985	800
985	805
985	822
985	847
985	857
985	875
985	885
985	889
985	897
985	898
985	908
985	911
985	920
985	931
985	936
985	942
985	947
985	955
985	958
985	961
985	967
985	968
985	970
985	975
985	976
985	984
985	986
985	987
985	991
985	995
985	996
985	997
986	110
986	142
986	182
986	191
986	230
986	294
986	300
986	381
986	394
986	410
986	441
986	445
986	454
986	470
986	473
986	492
986	496
986	513
986	590
986	604
986	642
986	643
986	647
986	650
986	656
986	661
986	673
986	685
986	688
986	692
986	714
986	719
986	720
986	726
986	734
986	774
986	789
986	792
986	793
986	813
986	815
986	817
986	828
986	831
986	841
986	864
986	875
986	909
986	929
986	959
986	968
986	982
986	983
986	985
986	990
986	991
986	993
986	994
986	999
986	1000
987	18
987	32
987	64
987	86
987	104
987	107
987	162
987	199
987	219
987	265
987	290
987	293
987	308
987	350
987	448
987	481
987	499
987	522
987	554
987	564
987	587
987	590
987	591
987	593
987	606
987	609
987	610
987	611
987	614
987	655
987	696
987	699
987	718
987	747
987	769
987	777
987	790
987	805
987	818
987	847
987	857
987	876
987	885
987	889
987	892
987	893
987	898
987	908
987	912
987	920
987	931
987	936
987	942
987	947
987	955
987	958
987	961
987	967
987	968
987	970
987	975
987	976
987	984
987	985
987	995
987	997
988	12
988	22
988	53
988	77
988	146
988	153
988	156
988	176
988	181
988	184
988	198
988	209
988	223
988	229
988	266
988	267
988	279
988	281
988	298
988	309
988	316
988	338
988	349
988	354
988	378
988	382
988	386
988	433
988	442
988	450
988	504
988	532
988	539
988	548
988	566
988	572
988	576
988	583
988	589
988	599
988	624
988	626
988	651
988	670
988	671
988	681
988	687
988	722
988	727
988	733
988	735
988	740
988	747
988	761
988	766
988	782
988	797
988	798
988	826
988	833
988	838
988	859
988	862
988	910
988	926
988	950
988	960
988	980
989	56
989	65
989	70
989	103
989	124
989	157
989	277
989	284
989	361
989	363
989	369
989	374
989	402
989	407
989	430
989	434
989	443
989	455
989	457
989	477
989	478
989	480
989	486
989	505
989	525
989	531
989	534
989	536
989	537
989	552
989	560
989	568
989	569
989	620
989	622
989	633
989	647
989	666
989	679
989	698
989	704
989	710
989	712
989	723
989	724
989	741
989	760
989	764
989	768
989	771
989	780
989	785
989	810
989	814
989	861
989	862
989	874
989	886
989	895
989	915
989	941
989	943
989	944
989	959
989	962
989	964
989	977
989	982
990	24
990	41
990	43
990	108
990	112
990	132
990	182
990	228
990	278
990	341
990	384
990	387
990	394
990	418
990	436
990	437
990	445
990	449
990	451
990	454
990	473
990	488
990	494
990	507
990	528
990	549
990	562
990	590
990	597
990	604
990	642
990	650
990	656
990	658
990	661
990	673
990	685
990	688
990	714
990	719
990	720
990	726
990	734
990	769
990	774
990	789
990	792
990	793
990	813
990	815
990	817
990	828
990	831
990	841
990	863
990	864
990	871
990	875
990	907
990	909
990	934
990	955
990	979
990	982
990	983
990	986
990	991
990	993
990	994
990	999
991	2
991	19
991	33
991	43
991	49
991	68
991	80
991	82
991	112
991	119
991	142
991	172
991	174
991	191
991	230
991	313
991	381
991	387
991	418
991	436
991	441
991	445
991	449
991	451
991	470
991	492
991	494
991	496
991	505
991	507
991	513
991	528
991	549
991	561
991	590
991	597
991	604
991	642
991	643
991	650
991	656
991	658
991	661
991	673
991	692
991	714
991	719
991	720
991	726
991	727
991	734
991	774
991	789
991	792
991	793
991	813
991	815
991	817
991	820
991	828
991	831
991	841
991	864
991	875
991	909
991	916
991	982
991	983
991	985
991	986
991	990
991	993
991	994
991	999
992	4
992	29
992	31
992	42
992	57
992	114
992	127
992	150
992	154
992	163
992	166
992	187
992	214
992	220
992	246
992	311
992	320
992	380
992	396
992	415
992	425
992	426
992	472
992	476
992	489
992	523
992	561
992	569
992	573
992	579
992	596
992	598
992	603
992	607
992	635
992	675
992	678
992	695
992	713
992	717
992	725
992	738
992	743
992	748
992	765
992	788
992	791
992	811
992	814
992	829
992	839
992	843
992	858
992	869
992	877
992	879
992	887
992	894
992	895
992	900
992	905
992	917
992	922
992	930
992	933
992	935
992	946
992	966
992	969
992	971
992	972
992	973
992	979
992	1000
993	2
993	5
993	41
993	80
993	108
993	132
993	160
993	193
993	196
993	222
993	278
993	287
993	294
993	300
993	318
993	332
993	335
993	373
993	381
993	387
993	410
993	436
993	437
993	441
993	449
993	451
993	454
993	470
993	473
993	488
993	494
993	507
993	513
993	528
993	549
993	562
993	590
993	604
993	642
993	643
993	658
993	661
993	673
993	685
993	688
993	692
993	699
993	714
993	719
993	720
993	726
993	734
993	774
993	788
993	789
993	792
993	793
993	813
993	815
993	817
993	828
993	831
993	841
993	864
993	875
993	909
993	929
993	950
993	960
993	982
993	983
993	986
993	990
993	991
993	994
993	999
994	33
994	172
994	174
994	193
994	196
994	222
994	278
994	287
994	294
994	313
994	332
994	335
994	341
994	373
994	384
994	410
994	437
994	441
994	445
994	451
994	454
994	473
994	488
994	494
994	496
994	507
994	528
994	549
994	562
994	590
994	597
994	604
994	632
994	642
994	643
994	650
994	656
994	658
994	661
994	673
994	685
994	688
994	692
994	714
994	719
994	720
994	726
994	734
994	742
994	750
994	757
994	774
994	789
994	792
994	793
994	813
994	815
994	817
994	828
994	831
994	835
994	841
994	864
994	875
994	877
994	885
994	909
994	951
994	958
994	982
994	983
994	986
994	990
994	991
994	993
994	999
995	8
995	11
995	85
995	91
995	102
995	125
995	170
995	208
995	219
995	224
995	249
995	251
995	290
995	293
995	306
995	315
995	333
995	364
995	365
995	366
995	431
995	439
995	448
995	499
995	519
995	554
995	557
995	564
995	575
995	577
995	591
995	593
995	606
995	610
995	612
995	632
995	641
995	696
995	703
995	718
995	728
995	731
995	747
995	769
995	777
995	790
995	800
995	802
995	822
995	845
995	847
995	857
995	881
995	885
995	889
995	892
995	898
995	908
995	911
995	920
995	931
995	936
995	937
995	942
995	947
995	955
995	958
995	961
995	964
995	967
995	968
995	970
995	975
995	976
995	984
995	985
995	987
995	997
996	3
996	6
996	48
996	72
996	88
996	92
996	126
996	151
996	210
996	297
996	307
996	337
996	352
996	391
996	398
996	405
996	428
996	459
996	463
996	474
996	510
996	512
996	526
996	533
996	535
996	546
996	553
996	558
996	563
996	580
996	600
996	610
996	613
996	637
996	649
996	667
996	674
996	683
996	691
996	693
996	737
996	746
996	749
996	753
996	759
996	784
996	787
996	801
996	806
996	808
996	809
996	818
996	819
996	820
996	830
996	837
996	840
996	845
996	859
996	860
996	864
996	876
996	881
996	886
996	893
996	902
996	903
996	906
996	912
996	921
996	925
996	932
996	934
996	938
996	940
996	945
996	947
996	954
996	960
996	982
996	985
997	23
997	32
997	39
997	40
997	86
997	104
997	125
997	134
997	170
997	171
997	179
997	199
997	208
997	237
997	304
997	308
997	315
997	343
997	347
997	358
997	364
997	365
997	366
997	431
997	439
997	448
997	458
997	483
997	487
997	519
997	533
997	545
997	554
997	564
997	591
997	606
997	610
997	611
997	614
997	616
997	627
997	632
997	641
997	699
997	705
997	718
997	728
997	747
997	769
997	777
997	800
997	805
997	817
997	822
997	847
997	857
997	885
997	889
997	892
997	898
997	899
997	902
997	908
997	911
997	920
997	931
997	936
997	942
997	947
997	955
997	958
997	961
997	966
997	967
997	968
997	970
997	972
997	974
997	975
997	976
997	984
997	985
997	987
997	995
997	1000
998	1
998	37
998	59
998	63
998	67
998	90
998	102
998	128
998	131
998	139
998	158
998	167
998	173
998	178
998	201
998	215
998	218
998	226
998	227
998	232
998	234
998	240
998	255
998	286
998	289
998	299
998	305
998	331
998	344
998	359
998	360
998	372
998	401
998	408
998	419
998	420
998	425
998	432
998	435
998	456
998	461
998	468
998	485
998	498
998	506
998	508
998	515
998	517
998	527
998	542
998	550
998	558
998	559
998	570
998	602
998	605
998	625
998	638
998	652
998	660
998	662
998	678
998	686
998	729
998	742
998	750
998	752
998	762
998	770
998	773
998	799
998	803
998	827
998	848
998	855
998	872
998	904
998	919
998	939
998	947
998	949
998	953
998	971
998	973
998	974
998	981
998	982
998	983
999	2
999	19
999	24
999	41
999	43
999	49
999	68
999	80
999	82
999	108
999	110
999	132
999	137
999	142
999	160
999	172
999	174
999	182
999	191
999	193
999	222
999	228
999	230
999	278
999	287
999	300
999	313
999	332
999	335
999	341
999	373
999	381
999	394
999	418
999	429
999	436
999	437
999	441
999	445
999	449
999	451
999	454
999	470
999	488
999	492
999	494
999	496
999	513
999	528
999	549
999	562
999	586
999	597
999	604
999	642
999	643
999	650
999	656
999	658
999	661
999	673
999	685
999	688
999	692
999	714
999	719
999	720
999	726
999	730
999	734
999	774
999	777
999	789
999	792
999	793
999	813
999	815
999	817
999	822
999	828
999	831
999	841
999	864
999	875
999	888
999	909
999	915
999	962
999	973
999	982
999	983
999	986
999	990
999	991
999	993
999	994
1000	4
1000	14
1000	16
1000	28
1000	29
1000	31
1000	35
1000	42
1000	46
1000	55
1000	57
1000	107
1000	114
1000	121
1000	127
1000	136
1000	150
1000	154
1000	159
1000	189
1000	194
1000	213
1000	214
1000	220
1000	246
1000	252
1000	311
1000	318
1000	320
1000	356
1000	376
1000	380
1000	396
1000	406
1000	415
1000	417
1000	424
1000	425
1000	426
1000	472
1000	476
1000	482
1000	489
1000	495
1000	502
1000	511
1000	523
1000	529
1000	561
1000	573
1000	579
1000	596
1000	598
1000	602
1000	603
1000	607
1000	635
1000	652
1000	675
1000	713
1000	725
1000	738
1000	743
1000	748
1000	765
1000	788
1000	791
1000	811
1000	814
1000	829
1000	839
1000	843
1000	850
1000	869
1000	877
1000	879
1000	895
1000	899
1000	900
1000	905
1000	911
1000	917
1000	922
1000	929
1000	930
1000	933
1000	935
1000	946
1000	966
1000	969
1000	972
1000	973
1000	979
1000	986
1000	992
1000	997
