1	846
1	857
1	969
2	975
2	993
2	998
3	981
3	993
3	998
4	905
4	993
4	998
5	924
5	957
5	1000
6	533
6	952
6	982
7	33
7	943
7	980
8	236
8	599
8	955
9	684
9	990
9	999
10	811
10	830
10	998
11	927
11	958
11	997
12	211
12	941
12	943
13	547
13	936
13	989
14	863
14	954
14	966
15	895
15	938
15	966
16	617
16	859
16	885
17	661
17	950
17	990
18	902
18	945
18	984
19	723
19	894
19	998
20	325
20	977
20	985
21	24
21	873
21	982
22	882
22	981
22	993
23	961
23	993
23	998
24	21
24	848
24	967
25	499
25	799
25	973
26	481
26	596
26	933
27	953
27	960
27	990
28	682
28	903
28	970
29	987
29	991
29	1000
30	565
30	768
30	990
31	992
31	994
31	995
32	729
32	847
32	973
33	7
33	933
33	980
34	921
34	967
34	982
35	378
35	824
35	870
36	869
36	961
36	964
37	835
37	947
37	969
38	659
38	922
38	968
39	830
39	993
39	998
40	390
40	996
40	997
41	925
41	963
41	966
42	502
42	958
42	964
43	856
43	909
43	995
44	152
44	694
44	805
45	416
45	649
45	963
46	680
46	964
46	980
47	224
47	297
47	871
48	436
48	922
48	996
49	59
49	531
49	834
50	975
50	981
50	998
51	497
51	884
51	998
52	448
52	733
52	988
53	861
53	967
53	982
54	154
54	759
54	997
55	121
55	767
55	995
56	983
56	991
56	1000
57	637
57	973
57	989
58	173
58	660
58	963
59	49
59	956
59	966
60	698
60	895
60	965
61	975
61	993
61	998
62	90
62	932
62	980
63	751
63	992
63	995
64	155
64	270
64	688
65	982
65	991
65	1000
66	604
66	973
66	998
67	894
67	993
67	998
68	975
68	981
68	998
69	975
69	993
69	998
70	805
70	970
70	986
71	860
71	960
71	963
72	610
72	993
72	998
73	874
73	952
73	982
74	952
74	967
74	982
75	942
75	996
75	997
76	584
76	987
76	1000
77	802
77	964
77	968
78	769
78	812
78	974
79	134
79	546
79	837
80	558
80	993
80	998
81	367
81	941
81	982
82	143
82	964
82	969
83	778
83	952
83	967
84	850
84	976
84	997
85	669
85	956
85	1000
86	962
86	991
86	1000
87	815
87	958
87	996
88	957
88	971
88	992
89	987
89	991
89	1000
90	62
90	570
90	689
91	981
91	993
91	998
92	920
92	967
92	982
93	457
93	602
93	784
94	536
94	633
94	689
95	741
95	937
95	973
96	623
96	944
96	956
97	483
97	531
97	956
98	674
98	969
98	999
99	336
99	927
99	996
100	720
100	892
100	985
101	724
101	768
101	997
102	666
102	972
102	995
103	151
103	743
103	966
104	864
104	921
104	982
105	941
105	943
105	980
106	970
106	994
106	995
107	658
107	827
107	941
108	869
108	961
108	993
109	889
109	991
109	1000
110	514
110	922
110	996
111	542
111	993
111	998
112	828
112	896
112	998
113	751
113	958
113	968
114	541
114	915
114	980
115	745
115	764
115	988
116	607
116	925
116	955
117	386
117	952
117	982
118	692
118	695
118	947
119	453
119	859
119	966
120	397
120	869
120	890
121	55
121	551
121	801
122	939
122	954
122	979
123	686
123	869
123	980
124	971
124	987
124	1000
125	949
125	987
125	1000
126	541
126	675
126	966
127	943
127	961
127	964
128	949
128	983
128	1000
129	279
129	476
129	984
130	884
130	932
130	993
131	977
131	988
131	989
132	968
132	996
132	997
133	971
133	987
133	1000
134	79
134	878
134	912
135	437
135	941
135	961
136	936
136	953
136	988
137	464
137	983
137	1000
138	550
138	715
138	847
139	896
139	964
139	998
140	952
140	982
140	983
141	719
141	963
141	965
142	967
142	982
142	985
143	82
143	491
143	980
144	981
144	993
144	998
145	691
145	918
145	989
146	842
146	967
146	982
147	908
147	996
147	997
148	700
148	835
148	918
149	620
149	946
149	998
150	560
150	994
150	995
151	103
151	603
151	986
152	44
152	968
152	997
153	849
153	991
153	1000
154	54
154	976
154	996
155	64
155	984
155	999
156	932
156	993
156	998
157	168
157	968
157	976
158	678
158	880
158	976
159	833
159	881
159	961
160	795
160	932
160	993
161	978
161	979
161	992
162	610
162	993
162	998
163	321
163	505
163	980
164	902
164	910
164	919
165	975
165	993
165	998
166	915
166	964
166	980
167	975
167	993
167	998
168	157
168	210
168	997
169	504
169	990
169	999
170	922
170	947
170	969
171	266
171	858
171	997
172	229
172	749
172	999
173	58
173	630
173	966
174	960
174	983
174	1000
175	864
175	923
175	982
176	571
176	992
176	995
177	954
177	955
177	966
178	983
178	987
178	1000
179	877
179	988
179	989
180	447
180	935
180	959
181	710
181	863
181	966
182	244
182	701
182	953
183	898
183	972
183	995
184	919
184	940
184	990
185	953
185	985
185	988
186	957
186	978
186	992
187	204
187	677
187	963
188	624
188	991
188	1000
189	949
189	985
189	989
190	437
190	964
190	980
191	736
191	975
191	993
192	971
192	987
192	1000
193	841
193	973
193	976
194	747
194	953
194	988
195	981
195	993
195	998
196	777
196	838
196	908
197	717
197	816
197	899
198	470
198	940
198	948
199	975
199	981
199	993
200	908
200	937
200	996
201	598
201	934
201	977
202	822
202	960
202	999
203	533
203	979
203	992
204	187
204	374
204	988
205	804
205	943
205	992
206	771
206	813
206	952
207	867
207	960
207	989
208	353
208	821
208	963
209	778
209	854
209	982
210	168
210	901
210	986
211	12
211	541
211	961
212	981
212	993
212	998
213	902
213	947
213	969
214	866
214	950
214	977
215	501
215	582
215	957
216	621
216	868
216	984
217	987
217	991
217	1000
218	467
218	921
218	982
219	787
219	957
219	995
220	705
220	951
220	994
221	940
221	984
221	999
222	328
222	986
222	994
223	899
223	991
223	1000
224	47
224	561
224	999
225	971
225	987
225	1000
226	583
226	985
226	989
227	561
227	857
227	935
228	669
228	964
228	980
229	172
229	701
229	839
230	572
230	908
230	968
231	983
231	987
231	991
232	295
232	914
232	993
233	268
233	657
233	966
234	858
234	996
234	999
235	983
235	987
235	1000
236	8
236	455
236	886
237	977
237	988
237	989
238	674
238	883
238	1000
239	813
239	854
239	967
240	986
240	992
240	995
241	981
241	993
241	998
242	971
242	983
242	1000
243	700
243	923
243	926
244	182
244	956
244	985
245	860
245	944
245	954
246	410
246	901
246	997
247	925
247	938
247	954
248	747
248	985
248	989
249	407
249	970
249	994
250	420
250	761
250	989
251	832
251	901
251	922
252	782
252	946
252	993
253	634
253	968
253	976
254	986
254	992
254	994
255	717
255	923
255	952
256	330
256	859
256	965
257	901
257	979
257	994
258	746
258	872
258	995
259	758
259	949
259	991
260	631
260	985
260	988
261	861
261	967
261	982
262	873
262	879
262	997
263	765
263	918
263	984
264	982
264	987
264	1000
265	645
265	970
265	995
266	171
266	327
266	456
267	957
267	965
267	994
268	233
268	576
268	965
269	406
269	944
269	963
270	64
270	950
270	960
271	511
271	930
271	976
272	897
272	913
272	955
273	680
273	909
273	951
274	932
274	975
274	993
275	844
275	891
275	996
276	877
276	977
276	989
277	292
277	324
277	693
278	294
278	339
278	812
279	129
279	749
279	846
280	640
280	975
280	998
281	486
281	687
281	962
282	760
282	853
282	910
283	979
283	992
283	995
284	943
284	961
284	964
285	915
285	961
285	980
286	460
286	716
286	990
287	983
287	987
287	1000
288	846
288	926
288	990
289	928
289	960
289	962
290	851
290	981
290	998
291	690
291	963
291	966
292	277
292	527
292	996
292	997
293	896
293	905
293	981
293	993
294	278
294	475
294	838
294	984
295	232
295	403
295	803
295	863
296	932
296	975
296	981
296	998
297	47
297	394
297	913
297	944
298	839
298	882
298	996
298	997
299	808
299	869
299	941
299	980
300	806
300	877
300	988
300	989
301	651
301	936
301	970
301	989
302	972
302	979
302	986
302	992
303	685
303	940
303	991
303	1000
304	931
304	936
304	953
304	989
305	745
305	785
305	934
305	985
306	971
306	983
306	991
306	1000
307	730
307	928
307	959
307	984
308	683
308	720
308	988
308	989
309	323
309	893
309	987
309	1000
310	458
310	984
310	990
310	999
311	914
311	946
311	975
311	998
312	434
312	981
312	993
312	998
313	971
313	987
313	991
313	1000
314	722
314	734
314	813
314	982
315	504
315	643
315	895
315	959
316	972
316	979
316	986
316	994
317	445
317	595
317	952
317	982
318	938
318	960
318	990
318	999
319	859
319	863
319	954
319	966
320	796
320	901
320	978
320	995
321	163
321	890
321	941
321	990
322	983
322	987
322	991
322	1000
323	309
323	770
323	970
323	995
324	277
324	909
324	979
324	986
325	20
325	988
325	989
325	994
326	401
326	462
326	936
326	988
327	266
327	512
327	958
327	996
328	222
328	719
328	885
328	956
329	971
329	987
329	991
329	1000
330	256
330	878
330	959
330	974
331	914
331	975
331	981
331	998
332	571
332	751
332	796
332	994
333	790
333	987
333	991
333	1000
334	896
334	905
334	981
334	998
335	819
335	981
335	993
335	998
336	99
336	418
336	873
336	942
337	598
337	910
337	969
337	994
338	500
338	978
338	992
338	994
339	278
339	769
339	962
339	999
340	898
340	909
340	979
340	994
341	917
341	929
341	991
341	1000
342	820
342	885
342	985
342	988
343	971
343	987
343	991
343	1000
344	596
344	668
344	840
344	997
345	821
345	944
345	956
345	963
346	948
346	974
346	996
346	999
347	664
347	981
347	993
347	998
348	562
348	865
348	940
348	984
349	729
349	880
349	976
349	997
350	462
350	953
350	977
350	985
351	819
351	946
351	964
351	998
352	842
352	923
352	967
352	982
353	208
353	971
353	983
353	1000
354	580
354	866
354	988
354	989
355	401
355	646
355	936
355	988
356	460
356	868
356	974
356	999
357	871
357	926
357	945
357	959
358	896
358	963
358	975
358	981
359	861
359	870
359	973
359	996
360	711
360	790
360	940
360	999
361	384
361	885
361	944
361	955
362	854
362	883
362	952
362	982
363	784
363	922
363	996
363	997
364	888
364	892
364	912
364	945
365	898
365	903
365	986
365	992
366	705
366	870
366	996
366	997
367	81
367	933
367	961
367	980
368	786
368	972
368	978
368	992
369	639
369	837
369	954
369	966
370	738
370	809
370	934
370	989
371	643
371	918
371	991
371	999
372	742
372	978
372	986
372	995
373	534
373	825
373	872
373	948
374	204
374	510
374	927
374	937
375	893
375	926
375	947
375	990
376	796
376	972
376	978
376	995
377	888
377	933
377	941
377	964
378	35
378	908
378	942
378	997
379	986
379	987
379	991
379	1000
380	604
380	971
380	991
380	1000
381	529
381	821
381	841
381	995
382	491
382	570
382	964
382	973
383	860
383	954
383	955
383	965
384	361
384	950
384	959
384	962
385	446
385	857
385	972
385	995
386	117
386	970
386	978
386	994
387	532
387	735
387	933
387	943
388	894
388	946
388	993
388	998
389	626
389	894
389	993
389	998
390	40
390	674
390	923
390	982
391	930
391	937
391	958
391	976
392	546
392	650
392	951
392	972
393	925
393	954
393	956
393	963
394	297
394	630
394	954
394	956
395	706
395	826
395	940
395	974
396	526
396	670
396	911
396	999
397	120
397	575
397	689
397	933
398	893
398	924
398	987
398	991
399	487
399	983
399	991
399	1000
400	884
400	914
400	993
400	998
401	326
401	355
401	953
401	985
402	805
402	925
402	938
402	965
403	295
403	895
403	965
403	966
404	804
404	822
404	881
404	915
405	536
405	869
405	961
405	980
406	269
406	881
406	943
406	964
407	249
407	976
407	996
407	997
408	496
408	514
408	876
408	919
409	549
409	838
409	876
409	902
410	246
410	970
410	986
410	994
411	825
411	935
411	948
411	999
412	864
412	923
412	952
412	982
413	932
413	981
413	993
413	998
414	890
414	964
414	980
414	981
415	593
415	847
415	974
415	976
416	45
416	954
416	963
416	965
417	971
417	987
417	991
417	1000
418	336
418	868
418	996
418	997
419	971
419	983
419	991
419	1000
420	250
420	885
420	936
420	985
421	790
421	823
421	910
421	974
422	978
422	986
422	992
422	995
423	915
423	969
423	990
423	999
424	938
424	956
424	965
424	997
425	822
425	959
425	962
425	990
426	931
426	953
426	977
426	985
427	575
427	665
427	881
427	933
427	980
428	765
428	946
428	981
428	993
428	998
429	682
429	731
429	970
429	972
429	994
430	674
430	848
430	921
430	952
430	967
431	466
431	513
431	728
431	823
431	974
432	780
432	820
432	916
432	996
432	999
433	971
433	983
433	987
433	991
433	1000
434	312
434	812
434	928
434	960
434	969
435	683
435	820
435	879
435	985
435	989
436	48
436	811
436	837
436	945
436	999
437	135
437	190
437	715
437	772
437	964
438	578
438	767
438	921
438	923
438	982
439	779
439	843
439	952
439	985
439	989
440	627
440	801
440	939
440	986
440	995
441	576
441	644
441	907
441	954
441	955
442	669
442	938
442	955
442	956
442	965
443	481
443	781
443	799
443	869
443	961
444	772
444	970
444	986
444	992
444	994
445	317
445	831
445	923
445	967
445	982
446	385
446	856
446	951
446	986
446	995
447	180
447	598
447	837
447	886
447	916
448	52
448	931
448	977
448	985
448	988
449	538
449	708
449	922
449	937
449	958
450	812
450	940
450	952
450	960
450	999
451	851
451	981
451	993
451	997
451	998
452	917
452	983
452	987
452	991
452	1000
453	119
453	795
453	981
453	993
453	998
454	871
454	909
454	935
454	945
454	962
455	236
455	595
455	716
455	838
455	940
456	266
456	814
456	841
456	992
456	994
457	93
457	741
457	784
457	788
457	996
458	310
458	920
458	935
458	974
458	999
459	601
459	925
459	944
459	954
459	963
460	286
460	356
460	835
460	950
460	990
461	634
461	757
461	844
461	968
461	996
462	326
462	350
462	820
462	985
462	989
463	800
463	864
463	921
463	952
463	967
464	137
464	699
464	953
464	977
464	985
465	647
465	882
465	932
465	975
465	998
466	431
466	776
466	905
466	975
466	998
467	218
467	717
467	952
467	967
467	982
468	829
468	953
468	977
468	985
468	988
469	741
469	824
469	927
469	973
469	996
470	198
470	647
470	695
470	928
470	959
471	811
471	902
471	912
471	919
471	999
472	850
472	865
472	908
472	922
472	997
473	643
473	954
473	955
473	963
473	966
474	867
474	906
474	969
474	991
474	999
475	294
475	948
475	950
475	984
475	999
476	129
476	888
476	945
476	984
476	990
477	534
477	748
477	959
477	962
477	974
478	618
478	949
478	983
478	991
478	1000
479	714
479	725
479	985
479	988
479	989
480	721
480	799
480	941
480	943
480	980
481	26
481	443
481	772
481	915
481	980
482	715
482	735
482	903
482	915
482	964
483	97
483	860
483	913
483	956
483	963
484	593
484	852
484	968
484	996
484	997
485	619
485	815
485	855
485	996
485	1000
486	281
486	495
486	700
486	740
486	868
487	399
487	777
487	948
487	960
487	999
488	745
488	931
488	934
488	985
488	989
489	939
489	957
489	979
489	986
489	994
490	571
490	811
490	906
490	947
490	948
491	143
491	382
491	736
491	772
491	961
492	860
492	925
492	938
492	963
492	965
493	513
493	592
493	886
493	912
493	990
494	543
494	739
494	788
494	944
494	996
495	486
495	911
495	919
495	960
495	999
496	408
496	661
496	720
496	990
496	999
497	51
497	817
497	942
497	996
497	997
498	532
498	670
498	853
498	926
498	935
499	25
499	817
499	840
499	858
499	997
500	338
500	815
500	844
500	930
500	968
501	215
501	836
501	939
501	957
501	994
502	42
502	659
502	678
502	927
502	958
503	922
503	973
503	976
503	996
503	997
504	169
504	315
504	878
504	916
504	981
505	163
505	915
505	941
505	961
505	980
506	869
506	881
506	961
506	964
506	980
507	798
507	805
507	872
507	978
507	992
508	898
508	977
508	985
508	988
508	989
509	654
509	939
509	972
509	994
509	995
510	374
510	971
510	983
510	987
510	1000
511	271
511	858
511	942
511	987
511	996
512	327
512	847
512	990
512	996
512	997
513	431
513	493
513	806
513	902
513	940
514	110
514	408
514	661
514	969
514	974
515	577
515	727
515	931
515	933
515	977
516	689
516	799
516	808
516	881
516	980
517	774
517	818
517	840
517	870
517	997
518	883
518	920
518	961
518	967
518	982
519	925
519	938
519	954
519	955
519	994
520	537
520	913
520	916
520	955
520	956
521	734
521	853
521	858
521	891
521	958
522	934
522	953
522	985
522	988
522	989
523	750
523	892
523	931
523	934
523	988
524	786
524	957
524	979
524	992
524	994
525	582
525	951
525	970
525	992
525	995
526	396
526	824
526	922
526	976
526	997
527	292
527	596
527	850
527	976
527	997
528	597
528	841
528	975
528	981
528	993
529	381
529	836
529	986
529	994
529	995
530	716
530	780
530	845
530	910
530	999
531	49
531	97
531	955
531	965
531	966
532	387
532	498
532	890
532	933
532	941
532	964
533	6
533	203
533	957
533	970
533	978
533	992
534	373
534	477
534	755
534	960
534	974
534	990
535	917
535	971
535	983
535	987
535	991
535	1000
536	94
536	405
536	547
536	735
536	943
536	964
537	520
537	913
537	944
537	955
537	963
537	966
538	449
538	540
538	642
538	891
538	968
538	973
539	788
539	900
539	949
539	987
539	991
539	1000
540	538
540	907
540	970
540	992
540	994
540	995
541	114
541	126
541	211
541	544
541	943
541	961
542	111
542	882
542	898
542	932
542	946
542	993
543	494
543	839
543	847
543	865
543	930
543	997
544	541
544	550
544	933
544	961
544	968
544	980
545	730
545	857
545	911
545	959
545	984
545	990
546	79
546	392
546	846
546	969
546	984
546	999
547	13
547	536
547	826
547	866
547	988
547	989
548	951
548	972
548	977
548	986
548	994
548	995
549	409
549	562
549	758
549	876
549	906
549	947
550	138
550	544
550	915
550	933
550	943
550	964
551	121
551	806
551	835
551	902
551	928
551	999
552	832
552	858
552	927
552	942
552	976
552	997
553	877
553	892
553	953
553	977
553	988
553	989
554	623
554	763
554	863
554	927
554	963
554	965
555	800
555	883
555	944
555	952
555	967
555	982
556	697
556	830
556	932
556	981
556	993
556	998
557	936
557	953
557	960
557	977
557	988
557	989
558	80
558	896
558	914
558	958
558	993
558	998
559	905
559	932
559	975
559	981
559	988
559	993
560	150
560	659
560	834
560	850
560	973
560	976
561	224
561	227
561	945
561	959
561	984
561	990
562	348
562	549
562	708
562	777
562	906
562	990
563	897
563	948
563	951
563	972
563	979
563	994
564	590
564	666
564	798
564	986
564	994
564	995
565	30
565	640
565	748
565	947
565	956
565	974
566	598
566	906
566	911
566	919
566	928
566	969
567	953
567	965
567	977
567	985
567	988
567	989
568	575
568	633
568	827
568	915
568	961
568	964
569	616
569	840
569	910
569	911
569	990
569	999
570	90
570	382
570	735
570	890
570	943
570	980
571	176
571	332
571	490
571	702
571	901
571	939
572	230
572	839
572	865
572	942
572	968
572	997
573	746
573	912
573	962
573	974
573	984
573	999
574	936
574	937
574	968
574	973
574	996
574	997
575	397
575	427
575	568
575	808
575	964
575	980
576	268
576	441
576	856
576	938
576	944
576	963
577	515
577	641
577	683
577	977
577	984
577	988
578	438
578	584
578	883
578	918
578	967
578	982
579	694
579	716
579	957
579	978
579	986
579	992
580	354
580	699
580	820
580	866
580	979
580	988
581	867
581	868
581	912
581	969
581	990
581	999
582	215
582	525
582	731
582	791
582	970
582	986
583	226
583	699
583	843
583	977
583	985
583	996
584	76
584	578
584	854
584	923
584	967
584	982
585	638
585	666
585	782
585	856
585	972
585	995
586	693
586	858
586	870
586	922
586	973
586	996
587	917
587	929
587	949
587	987
587	991
587	1000
588	617
588	743
588	863
588	944
588	963
588	966
589	838
589	946
589	975
589	981
589	993
589	998
590	564
590	814
590	957
590	979
590	994
590	995
591	895
591	924
591	944
591	955
591	956
591	966
592	493
592	865
592	962
592	969
592	990
592	999
593	415
593	484
593	768
593	844
593	973
593	997
594	938
594	954
594	955
594	963
594	965
594	966
595	317
595	455
595	670
595	811
595	928
595	940
596	26
596	344
596	527
596	855
596	958
596	996
597	528
597	891
597	914
597	932
597	981
597	998
598	201
598	337
598	447
598	566
598	948
598	984
599	8
599	860
599	954
599	956
599	963
599	965
600	931
600	939
600	972
600	986
600	994
600	995
601	459
601	915
601	943
601	961
601	964
601	980
602	93
602	642
602	834
602	891
602	930
602	997
603	151
603	798
603	909
603	951
603	984
603	992
604	66
604	380
604	795
604	828
604	914
604	993
605	783
605	947
605	950
605	960
605	984
605	993
606	646
606	826
606	985
606	988
606	989
606	996
607	116
607	925
607	944
607	955
607	956
607	966
608	884
608	912
608	918
608	948
608	962
608	969
609	777
609	822
609	886
609	935
609	969
609	999
610	72
610	162
610	851
610	981
610	993
610	998
611	780
611	929
611	971
611	983
611	991
611	1000
612	875
612	957
612	972
612	978
612	979
612	986
612	994
613	663
613	696
613	885
613	944
613	954
613	963
613	966
614	737
614	852
614	979
614	986
614	992
614	994
614	995
615	711
615	949
615	983
615	987
615	991
615	992
615	1000
616	569
616	769
616	911
616	947
616	950
616	962
616	990
617	16
617	588
617	821
617	895
617	944
617	954
617	965
618	478
618	917
618	953
618	983
618	987
618	991
618	1000
619	485
619	908
619	927
619	968
619	978
619	996
619	997
620	149
620	626
620	914
620	946
620	981
620	993
620	998
621	216
621	741
621	834
621	850
621	930
621	996
621	997
622	909
622	958
622	978
622	979
622	986
622	992
622	995
623	96
623	554
623	803
623	860
623	938
623	951
623	955
624	188
624	851
624	894
624	914
624	975
624	993
624	998
625	763
625	803
625	821
625	863
625	944
625	954
625	963
626	389
626	620
626	905
626	946
626	950
626	993
626	998
627	440
627	755
627	875
627	901
627	958
627	970
627	978
628	689
628	807
628	827
628	941
628	943
628	964
628	980
629	684
629	790
629	902
629	945
629	948
629	972
629	990
630	173
630	394
630	669
630	743
630	913
630	956
630	999
631	260
631	829
631	957
631	977
631	985
631	988
631	989
632	778
632	813
632	920
632	923
632	967
632	971
632	982
633	94
633	568
633	680
633	715
633	881
633	943
633	964
634	253
634	461
634	850
634	908
634	937
634	973
634	993
635	884
635	932
635	946
635	975
635	981
635	993
635	998
636	668
636	677
636	930
636	942
636	958
636	993
636	996
637	57
637	729
637	922
637	930
637	968
637	996
637	997
638	585
638	796
638	877
638	951
638	978
638	992
638	995
639	369
639	859
639	863
639	954
639	955
639	965
639	977
640	280
640	565
640	878
640	888
640	945
640	950
640	990
641	577
641	646
641	766
641	931
641	936
641	985
641	988
642	538
642	602
642	840
642	958
642	973
642	976
642	996
643	315
643	371
643	473
643	749
643	867
643	974
643	999
644	441
644	669
644	690
644	832
644	925
644	965
644	966
645	265
645	815
645	891
645	942
645	976
645	996
645	997
646	355
646	606
646	641
646	879
646	934
646	985
646	989
647	465
647	470
647	916
647	960
647	969
647	990
647	999
648	800
648	813
648	842
648	952
648	967
648	982
648	997
649	45
649	690
649	938
649	954
649	955
649	963
649	965
650	392
650	722
650	875
650	903
650	909
650	970
650	994
651	301
651	698
651	931
651	934
651	985
651	988
651	989
652	718
652	843
652	866
652	877
652	961
652	977
652	988
653	890
653	917
653	971
653	983
653	987
653	991
653	1000
654	509
654	968
654	970
654	986
654	992
654	994
654	995
655	701
655	783
655	817
655	937
655	968
655	996
655	997
656	760
656	827
656	933
656	943
656	961
656	964
656	991
657	233
657	871
657	913
657	925
657	944
657	956
657	965
658	107
658	689
658	802
658	827
658	897
658	933
658	961
659	38
659	502
659	560
659	870
659	969
659	976
659	996
660	58
660	696
660	719
660	895
660	938
660	966
660	999
661	17
661	496
661	514
661	731
661	825
661	990
661	999
662	897
662	970
662	972
662	978
662	986
662	992
662	995
663	613
663	927
663	968
663	973
663	976
663	996
663	997
664	347
664	887
664	949
664	971
664	983
664	991
664	1000
665	427
665	798
665	875
665	957
665	978
665	992
665	995
666	102
666	564
666	585
666	677
666	970
666	972
666	994
667	699
667	787
667	866
667	953
667	977
667	988
667	989
667	993
668	344
668	636
668	942
668	948
668	973
668	976
668	996
668	997
669	85
669	228
669	442
669	630
669	644
669	955
669	956
669	966
670	396
670	498
670	595
670	765
670	845
670	912
670	926
670	988
671	699
671	904
671	924
671	971
671	983
671	987
671	991
671	1000
672	794
672	900
672	929
672	949
672	971
672	987
672	991
672	1000
673	939
673	951
673	970
673	976
673	979
673	992
673	994
673	995
674	98
674	238
674	390
674	430
674	771
674	842
674	967
674	982
675	126
675	680
675	881
675	933
675	943
675	961
675	980
675	998
676	806
676	823
676	825
676	857
676	918
676	969
676	971
676	990
677	187
677	636
677	666
677	874
677	908
677	930
677	996
677	997
678	158
678	502
678	817
678	855
678	937
678	942
678	958
678	973
679	894
679	896
679	946
679	975
679	981
679	991
679	993
679	998
680	46
680	273
680	633
680	675
680	704
680	890
680	933
680	941
681	790
681	918
681	948
681	959
681	984
681	990
681	998
681	999
682	28
682	429
682	872
682	972
682	978
682	988
682	992
682	995
683	308
683	435
683	577
683	726
683	729
683	879
683	985
683	988
684	9
684	629
684	769
684	825
684	859
684	969
684	974
684	984
685	303
685	904
685	949
685	954
685	983
685	987
685	991
685	1000
686	123
686	827
686	866
686	869
686	915
686	933
686	961
686	964
687	281
687	740
687	835
687	867
687	926
687	974
687	990
687	999
688	64
688	929
688	949
688	971
688	983
688	987
688	991
688	1000
689	90
689	94
689	397
689	516
689	628
689	658
689	799
689	941
690	291
690	644
690	649
690	925
690	938
690	944
690	963
690	979
691	145
691	699
691	818
691	936
691	953
691	977
691	985
691	988
692	118
692	802
692	837
692	919
692	945
692	950
692	962
692	990
693	277
693	586
693	847
693	858
693	961
693	976
693	996
693	997
694	44
694	579
694	755
694	836
694	970
694	978
694	979
694	994
695	118
695	470
695	768
695	776
695	888
695	935
695	950
695	990
696	613
696	660
696	775
696	860
696	954
696	963
696	965
696	966
697	556
697	882
697	905
697	932
697	975
697	981
697	993
697	998
698	60
698	651
698	803
698	821
698	860
698	963
698	965
698	966
699	464
699	580
699	583
699	667
699	671
699	691
699	752
699	988
700	148
700	243
700	486
700	838
700	853
700	950
700	990
700	999
701	182
701	229
701	655
701	844
701	873
701	958
701	976
701	997
702	571
702	832
702	889
702	903
702	972
702	992
702	994
702	995
703	790
703	792
703	928
703	947
703	948
703	950
703	974
703	984
704	680
704	802
704	808
704	881
704	890
704	915
704	964
704	980
705	220
705	366
705	757
705	797
705	855
705	865
705	922
705	997
706	395
706	792
706	806
706	909
706	910
706	919
706	945
706	984
707	819
707	851
707	905
707	914
707	946
707	975
707	981
707	998
708	449
708	562
708	824
708	874
708	880
708	937
708	976
708	997
709	831
709	842
709	901
709	920
709	921
709	952
709	967
709	982
710	181
710	775
710	925
710	944
710	955
710	963
710	965
710	986
711	360
711	615
711	900
711	924
711	971
711	983
711	991
711	1000
712	831
712	898
712	903
712	970
712	986
712	992
712	994
712	995
713	810
713	862
713	924
713	929
713	949
713	971
713	983
713	1000
714	479
714	787
714	879
714	936
714	953
714	976
714	985
714	989
715	138
715	437
715	482
715	633
715	802
715	869
715	943
715	980
716	286
716	455
716	530
716	579
716	888
716	906
716	959
716	999
717	197
717	255
717	467
717	848
717	921
717	923
717	967
717	990
718	652
718	720
718	764
718	953
718	977
718	985
718	988
718	989
719	141
719	328
719	660
719	784
719	821
719	913
719	938
719	965
720	100
720	308
720	496
720	718
720	892
720	931
720	988
720	989
721	480
721	802
721	804
721	933
721	950
721	961
721	964
721	980
722	314
722	650
722	831
722	920
722	923
722	950
722	952
722	982
723	19
723	828
723	830
723	905
723	946
723	981
723	989
723	993
723	998
724	101
724	888
724	901
724	910
724	940
724	947
724	969
724	990
724	999
725	479
725	726
725	866
725	877
725	914
725	931
725	934
725	936
725	985
726	683
726	725
726	809
726	892
726	934
726	953
726	977
726	989
726	991
727	515
727	785
727	826
727	879
727	936
727	946
727	977
727	985
727	988
728	431
728	806
728	857
728	886
728	919
728	947
728	962
728	973
728	999
729	32
729	349
729	637
729	683
729	824
729	839
729	968
729	996
729	997
730	307
730	545
730	857
730	860
730	916
730	919
730	960
730	984
730	999
731	429
731	582
731	661
731	901
731	951
731	972
731	978
731	992
731	994
732	795
732	899
732	900
732	929
732	949
732	983
732	987
732	991
732	1000
733	52
733	764
733	779
733	826
733	868
733	931
733	985
733	988
733	989
734	314
734	521
734	788
734	817
734	880
734	958
734	968
734	996
734	997
735	387
735	482
735	536
735	570
735	888
735	915
735	941
735	961
735	980
736	191
736	491
736	762
736	830
736	884
736	932
736	946
736	975
736	998
737	614
737	742
737	903
737	939
737	955
737	972
737	986
737	992
737	994
738	370
738	809
738	913
738	934
738	936
738	953
738	977
738	985
738	989
739	494
739	815
739	858
739	874
739	906
739	922
739	937
739	996
739	997
740	486
740	687
740	777
740	811
740	911
740	948
740	960
740	981
740	999
741	95
741	457
741	469
741	621
741	797
741	817
741	818
741	996
741	997
742	372
742	737
742	856
742	875
742	907
742	986
742	987
742	994
742	995
743	103
743	588
743	630
743	775
743	809
743	913
743	925
743	944
743	963
744	862
744	889
744	924
744	971
744	983
744	987
744	991
744	992
744	1000
745	115
745	305
745	488
745	747
745	953
745	977
745	985
745	988
745	989
746	258
746	573
746	901
746	970
746	978
746	979
746	992
746	994
746	995
747	194
747	248
747	745
747	934
747	977
747	985
747	988
747	989
747	992
748	477
748	565
748	765
748	847
748	878
748	902
748	940
748	950
748	974
749	172
749	279
749	643
749	867
749	878
749	910
749	935
749	948
749	978
750	523
750	789
750	817
750	824
750	844
750	874
750	930
750	937
750	996
751	63
751	113
751	332
751	791
751	907
751	951
751	972
751	979
751	986
751	992
752	699
752	761
752	787
752	843
752	870
752	931
752	934
752	953
752	977
752	989
753	794
753	865
753	870
753	908
753	927
753	930
753	958
753	968
753	996
753	997
754	765
754	823
754	911
754	916
754	928
754	935
754	969
754	974
754	975
754	990
755	534
755	627
755	694
755	872
755	972
755	978
755	979
755	992
755	994
755	995
756	785
756	787
756	836
756	892
756	931
756	934
756	936
756	985
756	988
756	989
757	461
757	705
757	777
757	784
757	817
757	818
757	847
757	973
757	996
757	997
758	259
758	549
758	910
758	918
758	940
758	945
758	950
758	962
758	990
758	999
759	54
759	797
759	801
759	840
759	874
759	942
759	968
759	976
759	996
759	997
760	282
760	656
760	869
760	881
760	890
760	915
760	933
760	941
760	961
760	980
761	250
761	752
761	817
761	829
761	877
761	892
761	936
761	977
761	988
761	989
762	736
762	795
762	828
762	882
762	939
762	946
762	975
762	981
762	993
762	998
763	554
763	625
763	774
763	803
763	885
763	893
763	938
763	954
763	956
763	965
764	115
764	718
764	733
764	820
764	826
764	934
764	953
764	967
764	988
764	989
765	263
765	428
765	670
765	748
765	754
765	845
765	945
765	962
765	974
765	990
766	641
766	832
766	909
766	939
766	951
766	978
766	979
766	986
766	992
766	995
767	55
767	438
767	816
767	831
767	842
767	848
767	854
767	864
767	923
767	967
768	30
768	101
768	593
768	695
768	838
768	876
768	906
768	912
768	926
768	984
769	78
769	339
769	616
769	684
769	845
769	888
769	960
769	984
769	985
769	990
770	323
770	782
770	796
770	897
770	972
770	978
770	986
770	993
770	994
770	995
771	206
771	674
771	864
771	883
771	920
771	921
771	935
771	952
771	967
771	982
772	437
772	444
772	481
772	491
772	804
772	827
772	941
772	961
772	964
772	980
773	789
773	818
773	855
773	874
773	907
773	927
773	968
773	973
773	976
773	996
774	517
774	763
774	859
774	885
774	913
774	938
774	944
774	954
774	956
774	963
774	966
775	696
775	710
775	743
775	938
775	944
775	954
775	955
775	956
775	960
775	965
775	966
776	466
776	695
776	828
776	851
776	882
776	905
776	914
776	932
776	975
776	981
776	998
777	196
777	487
777	562
777	609
777	740
777	757
777	845
777	950
777	962
777	990
777	999
778	83
778	209
778	632
778	861
778	864
778	920
778	921
778	923
778	934
778	952
778	982
779	439
779	733
779	829
779	843
779	921
779	931
779	934
779	953
779	977
779	988
779	989
780	432
780	530
780	611
780	837
780	846
780	868
780	926
780	940
780	948
780	990
780	999
781	443
781	810
781	887
781	920
781	924
781	949
781	971
781	983
781	987
781	991
781	1000
782	252
782	585
782	770
782	907
782	972
782	978
782	979
782	986
782	992
782	994
782	995
783	605
783	655
783	811
783	822
783	886
783	910
783	926
783	935
783	947
783	948
783	999
784	93
784	363
784	457
784	719
784	757
784	844
784	891
784	930
784	958
784	996
784	997
785	305
785	727
785	756
785	797
785	931
785	934
785	953
785	977
785	985
785	988
785	989
786	368
786	524
786	798
786	840
786	856
786	978
786	979
786	986
786	992
786	994
786	995
787	219
787	667
787	714
787	752
787	756
787	809
787	826
787	843
787	934
787	977
787	989
788	457
788	494
788	539
788	734
788	797
788	818
788	873
788	956
788	973
788	976
788	997
789	750
789	773
789	830
789	844
789	874
789	880
789	930
789	973
789	976
789	996
789	997
790	333
790	360
790	421
790	629
790	681
790	703
790	811
790	910
790	928
790	984
790	999
791	582
791	751
791	801
791	897
791	938
791	951
791	957
791	972
791	986
791	992
791	995
792	703
792	706
792	804
792	845
792	867
792	886
792	912
792	945
792	947
792	959
792	960
793	796
793	800
793	872
793	897
793	907
793	939
793	970
793	979
793	986
793	992
793	994
794	672
794	753
794	849
794	889
794	899
794	929
794	949
794	971
794	983
794	987
794	991
794	1000
795	160
795	453
795	604
795	732
795	762
795	819
795	851
795	884
795	975
795	981
795	993
795	998
796	320
796	332
796	376
796	638
796	770
796	793
796	872
796	898
796	907
796	939
796	953
796	979
797	705
797	741
797	759
797	785
797	788
797	927
797	930
797	958
797	973
797	976
797	996
797	997
798	507
798	564
798	603
798	665
798	786
798	941
798	957
798	970
798	978
798	992
798	994
798	995
799	25
799	443
799	480
799	516
799	689
799	802
799	804
799	890
799	925
799	943
799	961
799	964
800	463
800	555
800	648
800	793
800	854
800	861
800	883
800	920
800	921
800	952
800	967
800	982
801	121
801	440
801	759
801	791
801	841
801	951
801	957
801	970
801	972
801	986
801	994
801	995
802	77
802	658
802	692
802	704
802	715
802	721
802	799
802	890
802	933
802	941
802	964
802	980
803	295
803	623
803	625
803	698
803	763
803	819
803	885
803	895
803	925
803	955
803	963
803	965
804	205
804	404
804	721
804	772
804	792
804	799
804	808
804	915
804	941
804	961
804	964
804	980
805	44
805	70
805	402
805	507
805	875
805	939
805	970
805	978
805	979
805	986
805	992
805	995
806	300
806	513
806	551
806	676
806	706
806	728
806	838
806	871
806	876
806	974
806	990
806	999
807	628
807	889
807	893
807	904
807	917
807	929
807	949
807	971
807	983
807	987
807	991
807	1000
808	299
808	516
808	575
808	704
808	804
808	867
808	869
808	915
808	941
808	943
808	964
808	980
809	370
809	726
809	738
809	743
809	787
809	877
809	879
809	892
809	936
809	985
809	988
809	989
810	713
810	781
810	833
810	846
810	889
810	893
810	899
810	924
810	929
810	983
810	987
810	991
810	1000
811	10
811	436
811	471
811	490
811	595
811	740
811	783
811	790
811	926
811	928
811	947
811	984
811	999
812	78
812	278
812	434
812	450
812	823
812	845
812	868
812	871
812	916
812	926
812	960
812	974
812	998
813	206
813	239
813	314
813	632
813	648
813	816
813	883
813	917
813	920
813	921
813	952
813	967
813	982
814	456
814	590
814	832
814	887
814	907
814	909
814	939
814	957
814	978
814	979
814	986
814	992
814	994
815	87
815	485
815	500
815	645
815	739
815	840
815	873
815	909
815	942
815	958
815	968
815	976
815	997
816	197
816	767
816	813
816	842
816	848
816	861
816	883
816	917
816	920
816	921
816	952
816	967
816	982
817	497
817	499
817	655
817	678
817	734
817	741
817	750
817	757
817	761
817	927
817	968
817	996
817	997
818	517
818	691
818	741
818	757
818	773
818	788
818	855
818	865
818	927
818	937
818	942
818	996
818	997
819	335
819	351
819	707
819	795
819	803
819	851
819	882
819	914
819	946
819	975
819	981
819	993
819	998
820	342
820	432
820	435
820	462
820	580
820	764
820	829
820	866
820	936
820	977
820	985
820	988
820	989
821	208
821	345
821	381
821	617
821	625
821	698
821	719
821	885
821	913
821	954
821	956
821	963
821	965
822	202
822	404
822	425
822	609
822	783
822	825
822	837
822	935
822	959
822	962
822	969
822	974
822	984
823	421
823	431
823	676
823	754
823	812
823	829
823	837
823	846
823	940
823	947
823	950
823	959
823	974
823	990
824	35
824	469
824	526
824	708
824	729
824	750
824	839
824	890
824	891
824	905
824	922
824	968
824	973
824	997
825	373
825	411
825	661
825	676
825	684
825	822
825	837
825	853
825	906
825	911
825	940
825	960
825	987
825	999
826	395
826	547
826	606
826	727
826	733
826	764
826	787
826	877
826	879
826	953
826	977
826	985
826	988
826	989
827	107
827	568
827	628
827	656
827	658
827	686
827	772
827	890
827	915
827	943
827	964
827	967
827	978
827	980
828	112
828	604
828	723
828	762
828	776
828	882
828	884
828	914
828	946
828	975
828	981
828	993
828	998
828	999
829	468
829	631
829	761
829	779
829	820
829	823
829	879
829	931
829	936
829	953
829	977
829	985
829	988
829	989
830	10
830	39
830	556
830	723
830	736
830	789
830	882
830	887
830	894
830	905
830	946
830	975
830	981
830	993
831	445
831	709
831	712
831	722
831	767
831	842
831	848
831	883
831	920
831	921
831	923
831	952
831	967
831	982
832	251
832	552
832	644
832	702
832	766
832	814
832	872
832	897
832	901
832	951
832	986
832	992
832	994
832	995
833	159
833	810
833	862
833	887
833	889
833	899
833	917
833	924
833	929
833	949
833	983
833	987
833	991
833	1000
834	49
834	560
834	602
834	621
834	839
834	850
834	865
834	911
834	927
834	937
834	968
834	973
834	996
834	997
835	37
835	148
835	460
835	551
835	687
835	902
835	926
835	935
835	948
835	962
835	970
835	974
835	984
835	999
836	501
836	529
836	694
836	756
836	875
836	897
836	907
836	972
836	978
836	979
836	986
836	992
836	994
836	995
837	79
837	369
837	436
837	447
837	692
837	780
837	822
837	823
837	825
837	919
837	948
837	950
837	959
837	969
837	999
838	196
838	294
838	409
838	455
838	589
838	700
838	768
838	806
838	918
838	942
838	950
838	959
838	960
838	962
838	974
839	229
839	298
839	543
839	572
839	729
839	824
839	834
839	840
839	844
839	870
839	927
839	942
839	966
839	973
839	997
840	344
840	499
840	517
840	569
840	642
840	759
840	786
840	815
840	839
840	847
840	870
840	908
840	958
840	973
840	997
841	193
841	381
841	456
841	528
841	801
841	852
841	856
841	907
841	957
841	970
841	972
841	979
841	986
841	992
841	994
842	146
842	352
842	648
842	674
842	709
842	767
842	816
842	831
842	848
842	854
842	861
842	920
842	967
842	982
842	995
843	439
843	583
843	652
843	752
843	779
843	787
843	877
843	886
843	899
843	931
843	934
843	977
843	985
843	988
843	989
844	275
844	461
844	500
844	593
844	701
844	750
844	784
844	789
844	839
844	847
844	930
844	968
844	973
844	996
844	998
845	530
845	670
845	765
845	769
845	777
845	792
845	812
845	868
845	878
845	912
845	916
845	945
845	952
845	963
845	984
846	1
846	279
846	288
846	546
846	780
846	810
846	823
846	868
846	886
846	902
846	912
846	950
846	969
846	974
846	999
847	32
847	138
847	415
847	512
847	543
847	693
847	748
847	757
847	840
847	844
847	870
847	908
847	937
847	973
847	976
848	24
848	430
848	717
848	767
848	816
848	831
848	842
848	854
848	883
848	920
848	921
848	923
848	936
848	952
848	967
849	153
849	794
849	887
849	893
849	904
849	906
849	924
849	929
849	949
849	971
849	983
849	987
849	991
849	992
849	1000
850	84
850	472
850	527
850	560
850	621
850	634
850	834
850	855
850	865
850	873
850	910
850	937
850	942
850	976
850	996
851	290
851	451
851	610
851	624
851	707
851	776
851	795
851	819
851	864
851	914
851	946
851	975
851	981
851	993
851	998
852	484
852	614
852	841
852	897
852	907
852	921
852	939
852	951
852	970
852	972
852	978
852	986
852	992
852	994
852	995
853	282
853	498
853	521
853	700
853	825
853	857
853	912
853	935
853	943
853	947
853	948
853	962
853	974
853	990
853	999
854	209
854	239
854	362
854	584
854	767
854	800
854	842
854	848
854	861
854	920
854	921
854	952
854	954
854	967
854	982
855	485
855	596
855	678
855	705
855	773
855	818
855	850
855	891
855	927
855	929
855	930
855	942
855	958
855	959
855	976
856	43
856	446
856	576
856	585
856	742
856	786
856	841
856	872
856	902
856	951
856	957
856	972
856	986
856	994
856	995
857	1
857	227
857	385
857	545
857	676
857	728
857	730
857	853
857	906
857	911
857	928
857	959
857	971
857	984
857	990
858	171
858	234
858	499
858	511
858	521
858	552
858	586
858	693
858	739
858	880
858	958
858	968
858	973
858	981
858	997
859	16
859	119
859	256
859	319
859	639
859	684
859	774
859	885
859	913
859	925
859	938
859	944
859	954
859	956
859	965
859	966
860	71
860	245
860	383
860	483
860	492
860	599
860	623
860	696
860	698
860	730
860	863
860	913
860	946
860	955
860	965
860	966
861	53
861	261
861	359
861	778
861	800
861	816
861	842
861	854
861	864
861	883
861	920
861	921
861	923
861	952
861	967
861	982
862	713
862	744
862	833
862	899
862	904
862	917
862	924
862	929
862	949
862	964
862	971
862	983
862	985
862	987
862	991
862	1000
863	14
863	181
863	295
863	319
863	554
863	588
863	625
863	639
863	860
863	895
863	904
863	925
863	943
863	944
863	955
863	956
864	104
864	175
864	412
864	463
864	767
864	771
864	778
864	851
864	861
864	920
864	921
864	923
864	952
864	967
864	975
864	982
865	348
865	472
865	543
865	572
865	592
865	705
865	753
865	818
865	834
865	850
865	880
865	942
865	968
865	973
865	996
865	997
866	214
866	354
866	547
866	580
866	652
866	667
866	686
866	725
866	820
866	877
866	879
866	892
866	931
866	953
866	985
866	989
867	207
867	474
867	581
867	643
867	687
867	749
867	792
867	808
867	876
867	900
867	918
867	948
867	950
867	962
867	969
867	999
868	216
868	356
868	418
868	486
868	581
868	733
868	780
868	812
868	845
868	846
868	916
868	919
868	947
868	959
868	962
868	974
868	990
869	36
869	108
869	120
869	123
869	299
869	405
869	443
869	506
869	686
869	715
869	760
869	808
869	961
869	964
869	976
869	980
869	992
870	35
870	359
870	366
870	517
870	586
870	659
870	752
870	753
870	839
870	840
870	847
870	874
870	922
870	937
870	942
870	973
870	996
871	47
871	357
871	454
871	657
871	806
871	812
871	876
871	926
871	928
871	935
871	945
871	960
871	969
871	979
871	984
871	990
871	999
872	258
872	373
872	507
872	682
872	755
872	793
872	796
872	832
872	856
872	903
872	951
872	957
872	962
872	979
872	992
872	994
872	995
873	21
873	262
873	336
873	701
873	788
873	815
873	850
873	891
873	922
873	927
873	958
873	968
873	973
873	976
873	979
873	996
873	997
874	73
874	677
874	708
874	739
874	750
874	759
874	773
874	789
874	870
874	878
874	880
874	908
874	930
874	958
874	973
874	976
874	996
875	612
875	627
875	650
875	665
875	742
875	805
875	836
875	898
875	903
875	909
875	944
875	951
875	978
875	979
875	992
875	994
875	995
876	408
876	409
876	549
876	768
876	806
876	867
876	871
876	878
876	886
876	916
876	919
876	945
876	947
876	974
876	990
876	995
876	999
877	179
877	276
877	300
877	553
877	638
877	652
877	725
877	761
877	809
877	826
877	843
877	866
877	892
877	931
877	959
877	977
877	989
878	134
878	330
878	504
878	640
878	748
878	749
878	845
878	874
878	876
878	918
878	919
878	935
878	960
878	962
878	966
878	969
878	999
879	262
879	435
879	646
879	683
879	714
879	727
879	809
879	826
879	829
879	866
879	892
879	913
879	934
879	936
879	985
879	988
879	989
880	158
880	349
880	708
880	734
880	789
880	858
880	865
880	874
880	908
880	927
880	930
880	937
880	958
880	976
880	995
880	996
880	997
881	159
881	404
881	406
881	427
881	506
881	516
881	633
881	675
881	704
881	760
881	933
881	941
881	943
881	947
881	961
881	964
881	980
882	22
882	298
882	465
882	542
882	697
882	762
882	776
882	819
882	828
882	830
882	896
882	932
882	947
882	975
882	981
882	993
882	998
883	238
883	362
883	518
883	555
883	578
883	771
883	800
883	813
883	816
883	831
883	848
883	861
883	920
883	931
883	967
883	978
883	982
884	51
884	130
884	400
884	608
884	635
884	736
884	795
884	828
884	896
884	905
884	932
884	941
884	946
884	975
884	981
884	993
884	998
885	16
885	328
885	342
885	361
885	420
885	613
885	763
885	774
885	803
885	821
885	859
885	895
885	938
885	954
885	955
885	965
885	966
886	236
886	447
886	493
886	609
886	728
886	783
886	792
886	843
886	846
886	876
886	902
886	910
886	911
886	935
886	960
886	969
886	973
886	990
887	664
887	781
887	814
887	830
887	833
887	849
887	889
887	899
887	900
887	904
887	917
887	924
887	929
887	949
887	971
887	987
887	991
887	1000
888	364
888	377
888	476
888	640
888	695
888	716
888	724
888	735
888	769
888	911
888	926
888	928
888	940
888	945
888	959
888	962
888	969
888	990
889	109
889	702
889	744
889	794
889	807
889	810
889	833
889	887
889	893
889	900
889	902
889	917
889	929
889	971
889	983
889	987
889	991
889	1000
890	120
890	321
890	414
890	532
890	570
890	653
890	680
890	704
890	760
890	799
890	802
890	824
890	827
890	933
890	941
890	961
890	964
890	980
891	275
891	521
891	538
891	597
891	602
891	645
891	784
891	824
891	855
891	873
891	930
891	937
891	942
891	958
891	968
891	973
891	983
891	996
892	100
892	364
892	523
892	553
892	720
892	726
892	756
892	761
892	809
892	866
892	877
892	879
892	924
892	934
892	936
892	977
892	988
892	989
893	309
893	375
893	398
893	763
893	807
893	810
893	849
893	889
893	900
893	904
893	924
893	929
893	949
893	971
893	983
893	987
893	991
893	1000
894	19
894	67
894	388
894	389
894	624
894	679
894	830
894	896
894	905
894	914
894	928
894	932
894	946
894	975
894	981
894	993
894	998
894	1000
895	15
895	60
895	315
895	403
895	591
895	617
895	660
895	803
895	863
895	885
895	913
895	925
895	954
895	955
895	956
895	963
895	965
895	966
896	112
896	139
896	293
896	334
896	358
896	558
896	679
896	882
896	884
896	894
896	914
896	923
896	930
896	932
896	946
896	975
896	993
896	998
897	272
897	563
897	658
897	662
897	770
897	791
897	793
897	832
897	836
897	852
897	909
897	939
897	951
897	957
897	978
897	979
897	986
897	994
897	995
898	183
898	340
898	365
898	508
898	542
898	712
898	796
898	875
898	903
898	951
898	957
898	970
898	972
898	978
898	979
898	986
898	992
898	994
898	995
899	197
899	223
899	732
899	794
899	810
899	833
899	843
899	862
899	887
899	900
899	904
899	917
899	924
899	949
899	971
899	983
899	987
899	991
899	1000
900	539
900	672
900	711
900	732
900	867
900	887
900	889
900	893
900	899
900	904
900	917
900	924
900	929
900	949
900	971
900	983
900	987
900	991
900	1000
901	210
901	246
901	251
901	257
901	320
901	571
901	627
901	709
901	724
901	731
901	746
901	832
901	939
901	951
901	957
901	970
901	978
901	994
901	995
902	18
902	164
902	213
902	409
902	471
902	513
902	551
902	629
902	748
902	835
902	846
902	856
902	886
902	889
902	916
902	945
902	950
902	984
902	999
903	28
903	365
903	482
903	650
903	702
903	712
903	737
903	872
903	875
903	898
903	949
903	951
903	957
903	972
903	978
903	979
903	986
903	992
903	995
904	671
904	685
904	807
904	849
904	862
904	863
904	887
904	893
904	899
904	900
904	917
904	924
904	949
904	971
904	983
904	986
904	987
904	991
904	1000
905	4
905	293
905	334
905	466
905	559
905	626
905	697
905	707
905	723
905	776
905	824
905	830
905	884
905	894
905	926
905	932
905	946
905	975
905	993
905	998
906	474
906	490
906	549
906	562
906	566
906	716
906	739
906	768
906	825
906	849
906	857
906	916
906	918
906	919
906	928
906	947
906	959
906	960
906	974
906	984
907	441
907	540
907	742
907	751
907	773
907	782
907	793
907	796
907	814
907	836
907	841
907	852
907	939
907	951
907	970
907	978
907	979
907	992
907	994
907	995
908	147
908	196
908	200
908	230
908	378
908	472
908	619
908	634
908	677
908	753
908	840
908	847
908	874
908	880
908	922
908	942
908	943
908	958
908	973
908	997
909	43
909	273
909	324
909	340
909	454
909	603
909	622
909	650
909	706
909	766
909	814
909	815
909	875
909	897
909	951
909	972
909	979
909	986
909	992
909	994
909	995
910	164
910	282
910	337
910	421
910	530
910	569
910	706
910	724
910	749
910	758
910	783
910	790
910	850
910	886
910	919
910	940
910	941
910	950
910	962
910	969
910	984
910	999
911	396
911	495
911	545
911	566
911	569
911	616
911	740
911	754
911	825
911	834
911	857
911	886
911	888
911	918
911	919
911	938
911	959
911	960
911	969
911	984
911	992
911	999
912	134
912	364
912	471
912	493
912	573
912	581
912	608
912	670
912	768
912	792
912	845
912	846
912	853
912	919
912	935
912	950
912	959
912	960
912	967
912	969
912	974
912	987
913	272
913	297
913	483
913	520
913	537
913	630
913	657
913	719
913	738
913	743
913	774
913	821
913	859
913	860
913	879
913	895
913	938
913	944
913	945
913	956
913	963
913	965
913	966
914	232
914	311
914	331
914	400
914	558
914	597
914	604
914	620
914	624
914	707
914	725
914	776
914	819
914	828
914	851
914	894
914	896
914	946
914	969
914	975
914	981
914	993
914	998
915	114
915	166
915	285
915	404
915	423
915	481
915	482
915	505
915	550
915	568
915	601
915	686
915	704
915	735
915	760
915	804
915	808
915	827
915	933
915	941
915	943
915	949
915	980
915	983
916	432
916	447
916	504
916	520
916	647
916	730
916	754
916	812
916	845
916	868
916	876
916	902
916	906
916	918
916	935
916	940
916	947
916	948
916	950
916	959
916	962
916	984
916	990
916	997
917	341
917	452
917	535
917	587
917	618
917	653
917	807
917	813
917	816
917	833
917	862
917	887
917	889
917	899
917	900
917	904
917	924
917	929
917	949
917	971
917	983
917	987
917	991
917	1000
918	145
918	148
918	263
918	371
918	578
918	608
918	676
918	681
918	758
918	838
918	867
918	878
918	906
918	911
918	916
918	928
918	940
918	950
918	959
918	960
918	969
918	984
918	990
918	999
919	164
919	184
919	408
919	471
919	495
919	566
919	692
919	706
919	728
919	730
919	837
919	868
919	876
919	878
919	906
919	910
919	911
919	912
919	924
919	928
919	932
919	945
919	947
919	974
919	999
920	92
920	458
920	518
920	632
920	709
920	722
920	771
920	778
920	781
920	800
920	813
920	816
920	831
920	842
920	848
920	854
920	861
920	864
920	883
920	921
920	923
920	935
920	952
920	967
920	982
921	34
921	104
921	218
921	430
921	438
921	463
921	709
921	717
921	771
921	778
921	779
921	800
921	813
921	816
921	831
921	848
921	852
921	854
921	861
921	864
921	920
921	923
921	952
921	967
921	982
922	38
922	48
922	110
922	170
922	251
922	363
922	449
922	472
922	503
922	526
922	586
922	637
922	705
922	739
922	824
922	870
922	873
922	908
922	927
922	958
922	968
922	973
922	976
922	996
922	997
923	175
923	243
923	255
923	352
923	390
923	412
923	438
923	445
923	584
923	632
923	717
923	722
923	767
923	778
923	831
923	848
923	861
923	864
923	896
923	920
923	921
923	952
923	967
923	982
923	997
924	5
924	398
924	591
924	671
924	711
924	713
924	744
924	781
924	810
924	833
924	849
924	862
924	887
924	892
924	893
924	899
924	900
924	904
924	917
924	919
924	929
924	971
924	983
924	987
924	991
924	1000
925	41
925	116
925	247
925	393
925	402
925	459
925	492
925	519
925	607
925	644
925	657
925	690
925	710
925	743
925	799
925	803
925	859
925	863
925	895
925	938
925	940
925	955
925	956
925	957
925	963
925	966
926	243
926	288
926	357
926	375
926	498
926	670
926	687
926	768
926	780
926	783
926	811
926	812
926	835
926	871
926	888
926	905
926	928
926	945
926	957
926	959
926	960
926	962
926	974
926	984
926	998
926	999
927	11
927	99
927	374
927	469
927	502
927	552
927	554
927	619
927	663
927	753
927	773
927	797
927	817
927	818
927	834
927	839
927	855
927	873
927	880
927	922
927	930
927	942
927	958
927	966
927	968
927	973
927	976
928	289
928	307
928	434
928	470
928	551
928	566
928	595
928	703
928	754
928	790
928	811
928	857
928	871
928	888
928	894
928	906
928	918
928	919
928	926
928	945
928	948
928	962
928	969
928	977
928	984
928	990
928	1000
929	341
929	587
929	611
929	672
929	688
929	713
929	732
929	794
929	807
929	810
929	833
929	849
929	855
929	862
929	887
929	889
929	893
929	900
929	917
929	924
929	949
929	965
929	971
929	980
929	983
929	987
929	991
929	1000
930	271
930	391
930	500
930	543
930	602
930	621
930	636
930	637
930	677
930	750
930	753
930	784
930	789
930	797
930	844
930	855
930	874
930	880
930	891
930	896
930	927
930	937
930	955
930	968
930	973
930	976
930	986
930	996
931	304
931	426
931	448
931	488
931	515
931	523
931	600
931	641
931	651
931	720
931	725
931	733
931	752
931	756
931	779
931	785
931	829
931	843
931	866
931	877
931	883
931	936
931	953
931	954
931	977
931	985
931	988
931	989
932	62
932	130
932	156
932	160
932	274
932	296
932	413
932	465
932	542
932	556
932	559
932	597
932	635
932	697
932	736
932	776
932	882
932	884
932	894
932	896
932	905
932	919
932	946
932	951
932	975
932	981
932	993
932	998
933	26
933	33
933	367
933	377
933	387
933	397
933	427
933	515
933	532
933	544
933	550
933	656
933	658
933	675
933	680
933	686
933	721
933	760
933	802
933	881
933	890
933	915
933	941
933	959
933	961
933	964
933	974
933	980
934	201
934	305
934	370
934	488
934	522
934	523
934	646
934	651
934	725
934	726
934	738
934	747
934	752
934	756
934	764
934	778
934	779
934	785
934	787
934	843
934	879
934	892
934	945
934	949
934	953
934	977
934	985
934	988
935	180
935	227
935	411
935	454
935	458
935	498
935	609
935	695
935	749
935	754
935	771
935	783
935	822
935	835
935	853
935	871
935	878
935	886
935	912
935	916
935	920
935	940
935	944
935	960
935	962
935	984
935	990
935	999
936	13
936	136
936	301
936	304
936	326
936	355
936	420
936	557
936	574
936	641
936	691
936	714
936	725
936	727
936	738
936	756
936	761
936	809
936	820
936	829
936	848
936	879
936	892
936	931
936	977
936	985
936	988
936	989
936	990
937	95
937	200
937	374
937	391
937	449
937	574
937	634
937	655
937	678
937	708
937	739
937	750
937	818
937	834
937	847
937	850
937	870
937	880
937	891
937	930
937	942
937	958
937	968
937	973
937	980
937	986
937	987
937	996
937	997
938	15
938	247
938	318
938	402
938	424
938	442
938	492
938	519
938	576
938	594
938	623
938	649
938	660
938	690
938	719
938	763
938	774
938	775
938	791
938	859
938	885
938	911
938	913
938	925
938	944
938	955
938	956
938	963
938	965
938	966
939	122
939	440
939	489
939	501
939	509
939	571
939	600
939	673
939	737
939	762
939	766
939	793
939	796
939	805
939	814
939	852
939	897
939	901
939	907
939	947
939	957
939	970
939	972
939	977
939	978
939	979
939	986
939	992
939	994
939	995
940	184
940	198
940	221
940	303
940	348
940	360
940	395
940	450
940	455
940	513
940	595
940	724
940	748
940	758
940	780
940	823
940	825
940	888
940	910
940	916
940	918
940	925
940	935
940	962
940	969
940	974
940	984
940	990
940	991
940	999
941	12
941	81
941	105
941	107
941	135
941	299
941	321
941	377
941	480
941	505
941	532
941	628
941	680
941	689
941	735
941	760
941	772
941	798
941	802
941	804
941	808
941	881
941	884
941	890
941	910
941	915
941	933
941	943
941	961
941	980
942	75
942	336
942	378
942	497
942	511
942	552
942	572
942	636
942	645
942	668
942	678
942	759
942	815
942	818
942	838
942	839
942	850
942	855
942	865
942	870
942	891
942	908
942	927
942	937
942	959
942	968
942	974
942	976
942	996
942	997
943	7
943	12
943	105
943	127
943	205
943	284
943	387
943	406
943	480
943	536
943	541
943	550
943	570
943	601
943	628
943	633
943	656
943	675
943	715
943	799
943	808
943	827
943	853
943	863
943	881
943	908
943	915
943	941
943	961
943	964
943	980
944	96
944	245
944	269
944	297
944	345
944	361
944	459
944	494
944	537
944	555
944	576
944	588
944	591
944	607
944	613
944	617
944	625
944	657
944	690
944	710
944	743
944	774
944	775
944	859
944	863
944	875
944	913
944	935
944	938
944	954
944	955
944	956
944	965
945	18
945	357
945	364
945	436
945	454
945	476
945	561
945	629
945	640
945	692
945	706
945	758
945	765
945	792
945	845
945	871
945	876
945	888
945	902
945	913
945	919
945	926
945	928
945	934
945	948
945	950
945	959
945	962
945	974
945	983
945	984
945	990
945	999
946	149
946	252
946	311
946	351
946	388
946	428
946	542
946	589
946	620
946	626
946	635
946	679
946	707
946	723
946	727
946	736
946	762
946	819
946	828
946	830
946	851
946	860
946	884
946	894
946	896
946	905
946	914
946	932
946	975
946	981
946	988
946	993
946	998
947	37
947	118
947	170
947	213
947	375
947	490
947	549
947	565
947	605
947	616
947	703
947	724
947	728
947	783
947	792
947	811
947	823
947	853
947	868
947	876
947	881
947	882
947	906
947	916
947	919
947	939
947	950
947	959
947	960
947	962
947	979
947	984
947	990
947	999
948	198
948	346
948	373
948	411
948	475
948	487
948	490
948	563
948	598
948	608
948	629
948	668
948	681
948	703
948	740
948	749
948	780
948	783
948	835
948	837
948	853
948	867
948	916
948	928
948	945
948	950
948	958
948	959
948	960
948	969
948	974
948	980
948	984
948	999
949	125
949	128
949	189
949	259
949	478
949	539
949	587
949	615
949	664
949	672
949	685
949	688
949	713
949	732
949	781
949	794
949	807
949	833
949	849
949	862
949	887
949	893
949	899
949	900
949	903
949	904
949	915
949	917
949	929
949	934
949	971
949	983
949	987
949	991
949	1000
950	17
950	214
950	270
950	384
950	460
950	475
950	605
950	616
950	626
950	640
950	692
950	695
950	700
950	703
950	721
950	722
950	748
950	758
950	777
950	823
950	837
950	838
950	846
950	867
950	902
950	910
950	912
950	916
950	918
950	945
950	947
950	948
950	959
950	974
950	984
950	999
951	220
951	273
951	392
951	446
951	525
951	548
951	563
951	603
951	623
951	638
951	673
951	731
951	751
951	766
951	791
951	801
951	832
951	852
951	856
951	872
951	875
951	897
951	898
951	901
951	903
951	907
951	909
951	932
951	957
951	970
951	972
951	992
951	994
951	995
951	996
951	1000
952	6
952	73
952	74
952	83
952	117
952	140
952	206
952	255
952	317
952	362
952	412
952	430
952	439
952	450
952	463
952	467
952	555
952	648
952	709
952	722
952	771
952	778
952	800
952	813
952	816
952	831
952	845
952	848
952	854
952	861
952	864
952	920
952	921
952	923
952	967
952	975
952	982
953	27
953	136
953	182
953	185
953	194
953	304
953	350
953	401
953	426
953	464
953	468
953	522
953	553
953	557
953	567
953	618
953	667
953	691
953	714
953	718
953	726
953	738
953	745
953	752
953	764
953	779
953	785
953	796
953	826
953	829
953	866
953	931
953	934
953	977
953	985
953	988
953	989
954	14
954	122
954	177
954	245
954	247
954	319
954	369
954	383
954	393
954	394
954	416
954	441
954	459
954	473
954	519
954	594
954	599
954	613
954	617
954	625
954	639
954	649
954	685
954	696
954	763
954	774
954	775
954	821
954	854
954	859
954	885
954	895
954	931
954	944
954	956
954	963
954	965
955	8
955	116
955	177
955	272
955	361
955	383
955	441
955	442
955	473
955	519
955	520
955	531
955	537
955	591
955	594
955	607
955	623
955	639
955	649
955	669
955	710
955	737
955	775
955	803
955	860
955	863
955	885
955	895
955	925
955	930
955	938
955	944
955	956
955	963
955	965
955	966
955	970
955	976
956	59
956	85
956	96
956	97
956	244
956	328
956	345
956	393
956	394
956	424
956	442
956	483
956	520
956	565
956	591
956	599
956	607
956	630
956	657
956	669
956	763
956	774
956	775
956	788
956	821
956	859
956	863
956	895
956	913
956	925
956	938
956	944
956	954
956	955
956	963
956	965
956	966
956	984
957	5
957	88
957	186
957	215
957	219
957	267
957	489
957	501
957	524
957	533
957	579
957	590
957	612
957	631
957	665
957	791
957	798
957	801
957	814
957	841
957	856
957	872
957	897
957	898
957	901
957	903
957	925
957	926
957	939
957	951
957	970
957	972
957	978
957	979
957	986
957	992
957	994
957	995
958	11
958	42
958	87
958	113
958	327
958	391
958	449
958	502
958	521
958	558
958	596
958	622
958	627
958	636
958	642
958	678
958	701
958	734
958	753
958	784
958	797
958	815
958	840
958	855
958	858
958	873
958	874
958	880
958	891
958	908
958	922
958	927
958	937
958	948
958	968
958	973
958	976
958	996
958	997
959	180
959	307
959	315
959	330
959	357
959	384
959	425
959	470
959	477
959	545
959	561
959	681
959	716
959	792
959	822
959	823
959	837
959	838
959	855
959	857
959	868
959	877
959	888
959	906
959	911
959	912
959	916
959	918
959	926
959	933
959	942
959	945
959	947
959	948
959	950
959	962
959	974
959	984
959	990
960	27
960	71
960	174
960	202
960	207
960	270
960	289
960	318
960	434
960	450
960	487
960	495
960	534
960	557
960	605
960	647
960	730
960	740
960	769
960	775
960	792
960	812
960	825
960	838
960	871
960	878
960	886
960	906
960	911
960	912
960	918
960	926
960	935
960	947
960	948
960	969
960	974
960	984
960	990
960	999
961	23
961	36
961	108
961	127
961	135
961	159
961	211
961	284
961	285
961	367
961	405
961	443
961	491
961	505
961	506
961	518
961	541
961	544
961	568
961	601
961	652
961	656
961	658
961	675
961	686
961	693
961	721
961	735
961	760
961	772
961	799
961	804
961	869
961	881
961	890
961	933
961	941
961	943
961	964
961	980
961	995
962	86
962	281
962	289
962	339
962	384
962	425
962	454
962	477
962	573
962	592
962	608
962	616
962	692
962	728
962	758
962	765
962	777
962	822
962	835
962	838
962	853
962	867
962	868
962	872
962	878
962	888
962	910
962	916
962	926
962	928
962	935
962	940
962	945
962	947
962	959
962	968
962	969
962	972
962	974
962	984
962	990
962	999
963	41
963	45
963	58
963	71
963	141
963	187
963	208
963	269
963	291
963	345
963	358
963	393
963	416
963	459
963	473
963	483
963	492
963	537
963	554
963	576
963	588
963	594
963	599
963	613
963	625
963	649
963	690
963	696
963	698
963	710
963	743
963	774
963	803
963	821
963	845
963	895
963	913
963	925
963	938
963	954
963	955
963	956
963	965
963	966
964	36
964	42
964	46
964	77
964	82
964	127
964	139
964	166
964	190
964	228
964	284
964	351
964	377
964	382
964	406
964	414
964	437
964	482
964	506
964	532
964	536
964	550
964	568
964	575
964	601
964	628
964	633
964	656
964	686
964	704
964	721
964	772
964	799
964	802
964	804
964	808
964	827
964	862
964	869
964	881
964	890
964	933
964	943
964	961
964	980
965	60
965	141
965	256
965	267
965	268
965	383
965	402
965	403
965	416
965	424
965	442
965	492
965	531
965	554
965	567
965	594
965	599
965	617
965	639
965	644
965	649
965	657
965	696
965	698
965	710
965	719
965	763
965	775
965	803
965	821
965	859
965	860
965	885
965	895
965	913
965	929
965	938
965	944
965	954
965	955
965	956
965	963
965	966
965	969
965	985
966	14
966	15
966	41
966	59
966	103
966	119
966	126
966	173
966	177
966	181
966	233
966	291
966	319
966	369
966	403
966	473
966	531
966	537
966	588
966	591
966	594
966	607
966	613
966	644
966	660
966	669
966	696
966	698
966	774
966	775
966	839
966	859
966	860
966	878
966	885
966	895
966	913
966	925
966	927
966	938
966	955
966	956
966	963
966	965
966	985
967	24
967	34
967	53
967	74
967	83
967	92
967	142
967	146
967	239
967	261
967	352
967	430
967	445
967	463
967	467
967	518
967	555
967	578
967	584
967	632
967	648
967	674
967	709
967	717
967	764
967	767
967	771
967	800
967	813
967	816
967	827
967	831
967	842
967	848
967	854
967	861
967	864
967	883
967	912
967	920
967	921
967	923
967	952
967	978
967	982
967	990
968	38
968	77
968	113
968	132
968	152
968	157
968	230
968	253
968	461
968	484
968	500
968	538
968	544
968	572
968	574
968	619
968	637
968	654
968	655
968	663
968	729
968	734
968	753
968	759
968	773
968	815
968	817
968	824
968	834
968	844
968	858
968	865
968	873
968	891
968	922
968	927
968	930
968	937
968	942
968	958
968	962
968	973
968	976
968	987
968	996
968	997
969	1
969	37
969	82
969	98
969	170
969	213
969	337
969	423
969	434
969	474
969	514
969	546
969	566
969	581
969	592
969	608
969	609
969	647
969	659
969	676
969	684
969	724
969	754
969	822
969	837
969	846
969	867
969	871
969	878
969	886
969	888
969	910
969	911
969	912
969	914
969	918
969	928
969	940
969	948
969	960
969	962
969	965
969	974
969	984
969	997
969	999
970	28
970	70
970	106
970	249
970	265
970	301
970	323
970	386
970	410
970	429
970	444
970	525
970	533
970	540
970	582
970	627
970	650
970	654
970	662
970	666
970	673
970	694
970	712
970	746
970	793
970	798
970	801
970	805
970	835
970	841
970	852
970	898
970	901
970	907
970	939
970	951
970	955
970	957
970	972
970	978
970	979
970	986
970	990
970	991
970	992
970	994
970	995
971	88
971	124
971	133
971	192
971	225
971	242
971	306
971	313
971	329
971	343
971	353
971	380
971	417
971	419
971	433
971	510
971	535
971	611
971	632
971	653
971	664
971	671
971	672
971	676
971	688
971	711
971	713
971	744
971	781
971	794
971	807
971	849
971	857
971	862
971	887
971	889
971	893
971	899
971	900
971	904
971	917
971	924
971	929
971	949
971	983
971	987
971	991
971	1000
972	102
972	183
972	302
972	316
972	368
972	376
972	385
972	392
972	429
972	509
972	548
972	563
972	585
972	600
972	612
972	629
972	662
972	666
972	682
972	702
972	731
972	737
972	751
972	755
972	770
972	782
972	791
972	801
972	836
972	841
972	852
972	856
972	898
972	903
972	909
972	939
972	951
972	957
972	962
972	970
972	974
972	979
972	986
972	992
972	994
972	995
972	996
972	1000
973	25
973	32
973	57
973	66
973	95
973	193
973	359
973	382
973	469
973	503
973	538
973	560
973	574
973	586
973	593
973	634
973	642
973	663
973	668
973	678
973	728
973	757
973	773
973	788
973	789
973	797
973	824
973	834
973	839
973	840
973	844
973	847
973	858
973	865
973	870
973	873
973	874
973	886
973	891
973	908
973	922
973	927
973	930
973	937
973	958
973	968
973	976
973	995
973	997
974	78
974	330
974	346
974	356
974	395
974	415
974	421
974	431
974	458
974	477
974	514
974	534
974	565
974	573
974	643
974	684
974	687
974	703
974	748
974	754
974	765
974	806
974	812
974	822
974	823
974	835
974	838
974	846
974	853
974	868
974	876
974	906
974	912
974	919
974	926
974	933
974	940
974	942
974	945
974	948
974	950
974	959
974	960
974	962
974	969
974	972
974	987
974	990
974	999
975	2
975	50
975	61
975	68
975	69
975	165
975	167
975	191
975	199
975	274
975	280
975	296
975	311
975	331
975	358
975	465
975	466
975	528
975	559
975	589
975	624
975	635
975	679
975	697
975	707
975	736
975	754
975	762
975	776
975	795
975	819
975	828
975	830
975	851
975	864
975	882
975	884
975	894
975	896
975	905
975	914
975	932
975	946
975	952
975	981
975	989
975	993
975	994
975	998
976	84
976	154
976	157
976	158
976	193
976	253
976	271
976	349
976	391
976	407
976	415
976	503
976	526
976	527
976	552
976	560
976	642
976	645
976	659
976	663
976	668
976	673
976	693
976	701
976	708
976	714
976	759
976	773
976	788
976	789
976	797
976	815
976	847
976	850
976	855
976	869
976	873
976	874
976	880
976	922
976	927
976	930
976	942
976	955
976	958
976	968
976	973
976	982
976	996
976	997
977	20
977	131
977	201
977	214
977	237
977	276
977	350
977	426
977	448
977	464
977	468
977	508
977	515
977	548
977	553
977	557
977	567
977	577
977	583
977	631
977	639
977	652
977	667
977	691
977	718
977	726
977	727
977	738
977	745
977	747
977	752
977	761
977	779
977	785
977	787
977	820
977	826
977	829
977	843
977	877
977	892
977	928
977	931
977	934
977	936
977	939
977	953
977	983
977	988
977	989
978	161
978	186
978	320
978	338
978	368
978	372
978	376
978	386
978	422
978	507
978	533
978	579
978	612
978	619
978	622
978	627
978	638
978	662
978	665
978	682
978	694
978	731
978	746
978	749
978	755
978	766
978	770
978	782
978	786
978	798
978	805
978	814
978	827
978	836
978	852
978	875
978	883
978	897
978	898
978	901
978	903
978	907
978	939
978	957
978	967
978	970
978	979
978	986
978	992
978	994
978	995
979	122
979	161
979	203
979	257
979	283
979	302
979	316
979	324
979	340
979	489
979	524
979	563
979	580
979	590
979	612
979	614
979	622
979	673
979	690
979	694
979	746
979	751
979	755
979	766
979	782
979	786
979	793
979	796
979	805
979	814
979	836
979	841
979	871
979	872
979	873
979	875
979	897
979	898
979	903
979	907
979	909
979	939
979	947
979	957
979	970
979	972
979	978
979	986
979	992
979	994
979	995
979	998
980	7
980	33
980	46
980	62
980	105
980	114
980	123
980	143
980	163
980	166
980	190
980	228
980	285
980	299
980	367
980	405
980	414
980	427
980	480
980	481
980	505
980	506
980	516
980	544
980	570
980	575
980	601
980	628
980	675
980	704
980	715
980	721
980	735
980	760
980	772
980	802
980	804
980	808
980	827
980	869
980	881
980	890
980	915
980	929
980	933
980	937
980	941
980	943
980	948
980	961
980	964
980	990
980	1000
981	3
981	22
981	50
981	68
981	91
981	144
981	195
981	199
981	212
981	241
981	290
981	293
981	296
981	312
981	331
981	334
981	335
981	347
981	358
981	413
981	414
981	428
981	451
981	453
981	504
981	528
981	556
981	559
981	589
981	597
981	610
981	620
981	635
981	679
981	697
981	707
981	723
981	740
981	762
981	776
981	795
981	819
981	828
981	830
981	851
981	858
981	882
981	884
981	894
981	914
981	932
981	946
981	975
981	993
981	998
981	999
982	6
982	21
982	34
982	53
982	65
982	73
982	74
982	81
982	92
982	104
982	117
982	140
982	142
982	146
982	175
982	209
982	218
982	261
982	264
982	314
982	317
982	352
982	362
982	390
982	412
982	438
982	445
982	467
982	518
982	555
982	578
982	584
982	632
982	648
982	674
982	709
982	722
982	771
982	778
982	800
982	813
982	816
982	831
982	842
982	854
982	861
982	864
982	883
982	920
982	921
982	923
982	952
982	967
982	976
982	984
982	994
983	56
983	128
983	137
983	140
983	174
983	178
983	231
983	235
983	242
983	287
983	306
983	322
983	353
983	399
983	419
983	433
983	452
983	478
983	510
983	535
983	611
983	615
983	618
983	653
983	664
983	671
983	685
983	688
983	711
983	713
983	732
983	744
983	781
983	794
983	807
983	810
983	833
983	849
983	862
983	889
983	891
983	893
983	899
983	900
983	904
983	915
983	917
983	924
983	929
983	945
983	949
983	971
983	977
983	987
983	991
983	996
983	1000
984	18
984	129
984	155
984	216
984	221
984	263
984	294
984	307
984	310
984	348
984	475
984	476
984	545
984	546
984	561
984	573
984	577
984	598
984	603
984	605
984	681
984	684
984	703
984	706
984	730
984	768
984	769
984	790
984	811
984	822
984	835
984	845
984	857
984	871
984	902
984	906
984	910
984	911
984	916
984	918
984	926
984	928
984	935
984	940
984	945
984	947
984	948
984	950
984	956
984	959
984	960
984	962
984	969
984	982
984	986
984	990
984	996
985	20
985	100
985	142
985	185
985	189
985	226
985	244
985	248
985	260
985	305
985	342
985	350
985	401
985	420
985	426
985	435
985	439
985	448
985	462
985	464
985	468
985	479
985	488
985	508
985	522
985	567
985	583
985	606
985	631
985	641
985	646
985	651
985	683
985	691
985	714
985	718
985	725
985	727
985	733
985	738
985	745
985	747
985	756
985	769
985	785
985	809
985	820
985	826
985	829
985	843
985	862
985	866
985	879
985	931
985	934
985	936
985	953
985	965
985	966
985	988
985	989
985	994
986	70
986	151
986	210
986	222
986	240
986	254
986	302
986	316
986	324
986	365
986	372
986	379
986	410
986	422
986	440
986	444
986	446
986	489
986	529
986	548
986	564
986	579
986	582
986	600
986	612
986	614
986	622
986	654
986	662
986	710
986	712
986	737
986	742
986	751
986	766
986	770
986	782
986	786
986	791
986	793
986	801
986	805
986	814
986	832
986	836
986	841
986	852
986	856
986	897
986	898
986	903
986	904
986	909
986	930
986	937
986	939
986	957
986	970
986	972
986	978
986	979
986	984
986	989
986	992
986	994
986	995
987	29
987	76
987	89
987	124
987	125
987	133
987	178
987	192
987	217
987	225
987	231
987	235
987	264
987	287
987	309
987	313
987	322
987	329
987	333
987	343
987	379
987	398
987	417
987	433
987	452
987	510
987	511
987	535
987	539
987	587
987	615
987	618
987	653
987	671
987	672
987	685
987	688
987	732
987	742
987	744
987	781
987	794
987	807
987	810
987	825
987	833
987	849
987	862
987	887
987	889
987	893
987	899
987	900
987	904
987	912
987	917
987	924
987	929
987	937
987	949
987	968
987	971
987	974
987	983
987	991
987	1000
988	52
988	115
988	131
988	136
988	179
988	185
988	194
988	204
988	237
988	260
988	300
988	308
988	325
988	326
988	342
988	354
988	355
988	448
988	468
988	479
988	508
988	522
988	523
988	547
988	553
988	557
988	559
988	567
988	577
988	580
988	606
988	631
988	641
988	651
988	652
988	667
988	670
988	682
988	683
988	691
988	699
988	718
988	720
988	727
988	733
988	745
988	747
988	756
988	761
988	764
988	779
988	785
988	809
988	820
988	826
988	829
988	843
988	879
988	892
988	931
988	934
988	936
988	946
988	953
988	977
988	985
988	989
988	999
988	1000
989	13
989	57
989	131
989	145
989	179
989	189
989	207
989	226
989	237
989	248
989	250
989	276
989	300
989	301
989	304
989	308
989	325
989	354
989	370
989	435
989	439
989	462
989	479
989	488
989	508
989	522
989	547
989	553
989	557
989	567
989	606
989	631
989	646
989	651
989	667
989	714
989	718
989	720
989	723
989	726
989	733
989	738
989	745
989	747
989	752
989	756
989	761
989	764
989	779
989	785
989	787
989	809
989	820
989	826
989	829
989	843
989	866
989	877
989	879
989	892
989	931
989	936
989	953
989	975
989	977
989	985
989	986
989	988
989	993
989	994
990	9
990	17
990	27
990	30
990	169
990	184
990	286
990	288
990	310
990	318
990	321
990	375
990	423
990	425
990	460
990	476
990	493
990	496
990	512
990	534
990	545
990	561
990	562
990	569
990	581
990	592
990	616
990	629
990	640
990	647
990	661
990	676
990	681
990	687
990	692
990	695
990	700
990	717
990	724
990	754
990	758
990	765
990	769
990	777
990	780
990	806
990	823
990	853
990	857
990	868
990	871
990	876
990	886
990	888
990	916
990	918
990	928
990	935
990	936
990	940
990	945
990	947
990	959
990	960
990	962
990	967
990	970
990	974
990	980
990	984
990	999
991	29
991	56
991	65
991	86
991	89
991	109
991	153
991	188
991	217
991	223
991	231
991	259
991	303
991	306
991	313
991	322
991	329
991	333
991	341
991	343
991	371
991	379
991	380
991	398
991	399
991	417
991	419
991	433
991	452
991	474
991	478
991	535
991	539
991	587
991	611
991	615
991	618
991	653
991	656
991	664
991	671
991	672
991	679
991	685
991	688
991	711
991	726
991	732
991	744
991	781
991	794
991	807
991	810
991	833
991	849
991	862
991	887
991	889
991	893
991	899
991	900
991	904
991	917
991	924
991	929
991	940
991	949
991	970
991	971
991	983
991	987
991	999
991	1000
992	31
992	63
992	88
992	161
992	176
992	186
992	203
992	205
992	240
992	254
992	283
992	302
992	338
992	365
992	368
992	422
992	444
992	456
992	507
992	524
992	525
992	533
992	540
992	579
992	603
992	614
992	615
992	622
992	638
992	654
992	662
992	665
992	673
992	682
992	702
992	712
992	731
992	737
992	744
992	746
992	747
992	751
992	755
992	766
992	782
992	786
992	791
992	793
992	798
992	805
992	814
992	832
992	836
992	841
992	849
992	852
992	869
992	872
992	875
992	898
992	903
992	907
992	909
992	911
992	939
992	951
992	957
992	970
992	972
992	978
992	979
992	986
992	994
992	995
993	2
993	3
993	4
993	22
993	23
993	39
993	61
993	67
993	69
993	72
993	80
993	91
993	108
993	111
993	130
993	144
993	156
993	160
993	162
993	165
993	167
993	191
993	195
993	199
993	212
993	232
993	241
993	252
993	274
993	293
993	312
993	335
993	347
993	388
993	389
993	400
993	413
993	428
993	451
993	453
993	528
993	542
993	556
993	558
993	559
993	589
993	604
993	605
993	610
993	620
993	624
993	626
993	634
993	635
993	636
993	667
993	679
993	697
993	723
993	762
993	770
993	795
993	819
993	828
993	830
993	851
993	882
993	884
993	894
993	896
993	905
993	914
993	932
993	946
993	975
993	981
993	989
993	994
993	998
994	31
994	106
994	150
994	220
994	222
994	249
994	254
994	257
994	267
994	316
994	325
994	332
994	337
994	338
994	340
994	386
994	410
994	429
994	444
994	456
994	489
994	501
994	509
994	519
994	524
994	529
994	540
994	548
994	563
994	564
994	590
994	600
994	612
994	614
994	650
994	654
994	666
994	673
994	694
994	702
994	712
994	731
994	737
994	742
994	746
994	755
994	770
994	782
994	786
994	793
994	798
994	801
994	814
994	832
994	836
994	841
994	852
994	856
994	872
994	875
994	897
994	898
994	901
994	907
994	909
994	939
994	951
994	957
994	970
994	972
994	975
994	978
994	979
994	982
994	985
994	986
994	989
994	992
994	993
994	995
995	31
995	43
995	55
995	63
995	102
995	106
995	150
995	176
995	183
995	219
995	240
995	258
995	265
995	283
995	320
995	323
995	372
995	376
995	381
995	385
995	422
995	440
995	446
995	509
995	525
995	529
995	540
995	548
995	564
995	585
995	590
995	600
995	614
995	622
995	638
995	654
995	662
995	665
995	673
995	682
995	702
995	712
995	742
995	746
995	755
995	766
995	770
995	782
995	786
995	791
995	798
995	801
995	805
995	832
995	836
995	842
995	852
995	856
995	872
995	875
995	876
995	880
995	897
995	898
995	901
995	903
995	907
995	909
995	939
995	951
995	957
995	961
995	970
995	972
995	973
995	978
995	979
995	986
995	992
995	994
995	996
995	998
995	999
996	40
996	48
996	75
996	87
996	99
996	110
996	132
996	147
996	154
996	200
996	234
996	275
996	292
996	298
996	327
996	346
996	359
996	363
996	366
996	407
996	418
996	432
996	457
996	461
996	469
996	484
996	485
996	494
996	497
996	503
996	511
996	512
996	574
996	583
996	586
996	596
996	606
996	619
996	621
996	636
996	637
996	642
996	645
996	655
996	659
996	663
996	668
996	677
996	693
996	729
996	734
996	739
996	741
996	750
996	753
996	757
996	759
996	773
996	784
996	789
996	797
996	817
996	818
996	834
996	844
996	850
996	865
996	870
996	873
996	874
996	880
996	891
996	922
996	930
996	937
996	942
996	951
996	958
996	968
996	972
996	976
996	983
996	984
996	995
996	997
997	11
997	40
997	54
997	75
997	84
997	101
997	132
997	147
997	152
997	168
997	171
997	246
997	262
997	292
997	298
997	344
997	349
997	363
997	366
997	378
997	407
997	418
997	424
997	451
997	472
997	484
997	497
997	499
997	503
997	512
997	517
997	526
997	527
997	543
997	552
997	572
997	574
997	593
997	602
997	619
997	621
997	637
997	645
997	648
997	655
997	663
997	668
997	677
997	693
997	701
997	705
997	708
997	729
997	734
997	739
997	741
997	753
997	757
997	759
997	784
997	788
997	789
997	797
997	815
997	817
997	818
997	824
997	834
997	839
997	840
997	858
997	865
997	873
997	880
997	908
997	916
997	922
997	923
997	937
997	942
997	958
997	968
997	969
997	973
997	976
997	996
997	998
998	2
998	3
998	4
998	10
998	19
998	23
998	39
998	50
998	51
998	61
998	66
998	67
998	68
998	69
998	72
998	80
998	91
998	111
998	112
998	139
998	144
998	149
998	156
998	162
998	165
998	167
998	195
998	212
998	241
998	280
998	290
998	296
998	311
998	312
998	331
998	334
998	335
998	347
998	351
998	388
998	389
998	400
998	413
998	428
998	451
998	453
998	465
998	466
998	556
998	558
998	589
998	597
998	610
998	620
998	624
998	626
998	635
998	675
998	679
998	681
998	697
998	707
998	723
998	736
998	762
998	776
998	795
998	812
998	819
998	828
998	844
998	851
998	882
998	884
998	894
998	896
998	905
998	914
998	926
998	932
998	946
998	975
998	979
998	981
998	993
998	995
998	997
998	999
999	9
999	98
999	155
999	169
999	172
999	202
999	221
999	224
999	234
999	310
999	318
999	339
999	346
999	356
999	360
999	371
999	396
999	411
999	423
999	432
999	436
999	450
999	458
999	471
999	474
999	475
999	487
999	495
999	496
999	530
999	546
999	551
999	569
999	573
999	581
999	592
999	609
999	630
999	643
999	647
999	660
999	661
999	681
999	687
999	700
999	716
999	724
999	728
999	730
999	740
999	758
999	777
999	780
999	783
999	790
999	806
999	811
999	825
999	828
999	835
999	837
999	846
999	853
999	867
999	871
999	876
999	878
999	902
999	910
999	911
999	918
999	919
999	926
999	935
999	940
999	945
999	947
999	948
999	950
999	960
999	962
999	969
999	974
999	981
999	988
999	990
999	991
999	995
999	998
1000	5
1000	29
1000	56
1000	65
1000	76
1000	85
1000	86
1000	89
1000	109
1000	124
1000	125
1000	128
1000	133
1000	137
1000	153
1000	174
1000	178
1000	188
1000	192
1000	217
1000	223
1000	225
1000	235
1000	238
1000	242
1000	264
1000	287
1000	303
1000	306
1000	309
1000	313
1000	322
1000	329
1000	333
1000	341
1000	343
1000	353
1000	379
1000	380
1000	399
1000	417
1000	419
1000	433
1000	452
1000	478
1000	485
1000	510
1000	535
1000	539
1000	587
1000	611
1000	615
1000	618
1000	653
1000	664
1000	671
1000	672
1000	685
1000	688
1000	711
1000	713
1000	732
1000	744
1000	781
1000	794
1000	807
1000	810
1000	833
1000	849
1000	862
1000	887
1000	889
1000	893
1000	894
1000	899
1000	900
1000	904
1000	917
1000	924
1000	928
1000	929
1000	949
1000	951
1000	971
1000	972
1000	980
1000	983
1000	987
1000	988
1000	991
