1	710
1	992
1	999
2	649
2	858
2	953
3	947
3	995
3	996
4	892
4	989
4	994
5	893
5	917
5	996
6	499
6	978
6	993
7	344
7	976
7	988
8	762
8	910
8	973
9	750
9	820
9	887
10	861
10	941
10	990
11	625
11	853
11	948
12	378
12	890
12	900
13	124
13	915
13	953
14	370
14	563
14	969
15	941
15	950
15	990
16	528
16	693
16	999
17	791
17	950
17	990
18	954
18	987
18	990
19	174
19	987
19	990
20	524
20	959
20	977
21	687
21	953
21	982
22	876
22	970
22	980
23	30
23	897
23	987
24	921
24	966
24	982
25	720
25	983
25	999
26	490
26	683
26	979
27	909
27	989
27	994
28	631
28	701
28	969
29	942
29	983
29	999
30	23
30	782
30	987
31	87
31	761
31	820
32	480
32	870
32	982
33	850
33	907
33	958
34	188
34	965
34	981
35	706
35	954
35	987
36	551
36	933
36	981
37	729
37	906
37	960
38	320
38	753
38	943
39	479
39	956
39	989
40	741
40	850
40	955
41	364
41	434
41	981
42	811
42	921
42	1000
43	447
43	908
43	982
44	699
44	723
44	980
45	836
45	956
45	989
46	120
46	970
46	977
47	949
47	965
47	981
48	812
48	919
48	994
49	979
49	980
49	1000
50	496
50	967
50	972
51	877
51	992
51	993
52	883
52	954
52	987
53	824
53	966
53	969
54	903
54	965
54	981
55	778
55	895
55	900
56	958
56	979
56	984
57	984
57	997
57	998
58	911
58	932
58	999
59	332
59	942
59	983
60	980
60	989
60	994
61	234
61	890
61	960
62	284
62	928
62	977
63	862
63	885
63	982
64	75
64	841
64	878
65	878
65	890
65	960
66	433
66	563
66	953
67	958
67	977
67	997
68	896
68	988
68	996
69	663
69	971
69	982
70	961
70	993
70	999
71	766
71	958
71	998
72	933
72	965
72	981
73	816
73	907
73	926
74	637
74	970
74	977
75	64
75	895
75	906
76	152
76	304
76	894
77	337
77	978
77	999
78	634
78	738
78	990
79	853
79	948
79	986
80	959
80	977
80	998
81	857
81	987
81	990
82	654
82	870
82	915
83	171
83	678
83	946
84	888
84	971
84	992
85	455
85	971
85	975
86	798
86	848
86	944
87	31
87	814
87	971
88	852
88	853
88	920
89	519
89	841
89	960
90	936
90	998
90	1000
91	823
91	950
91	954
92	258
92	853
92	887
93	188
93	989
93	994
94	862
94	873
94	885
95	905
95	978
95	993
96	565
96	912
96	992
97	758
97	923
97	984
98	510
98	521
98	992
99	603
99	809
99	960
100	618
100	989
100	994
101	686
101	921
101	937
102	845
102	987
102	990
103	951
103	997
103	1000
104	203
104	942
104	978
105	968
105	989
105	994
106	909
106	980
106	985
107	195
107	542
107	981
108	676
108	949
108	981
109	883
109	941
109	987
110	684
110	941
110	945
111	819
111	877
111	912
112	270
112	880
112	955
113	933
113	965
113	981
114	468
114	773
114	778
115	613
115	932
115	992
116	661
116	971
116	982
117	916
117	929
117	990
118	445
118	882
118	998
119	487
119	995
119	996
120	46
120	758
120	977
121	864
121	969
121	982
122	408
122	629
122	991
123	589
123	951
123	984
124	13
124	877
124	969
125	336
125	862
125	982
126	839
126	966
126	982
127	812
127	992
127	993
128	945
128	987
128	990
129	977
129	998
129	1000
130	952
130	975
130	1000
131	210
131	991
131	996
132	695
132	850
132	986
133	942
133	993
133	999
134	908
134	915
134	966
135	419
135	734
135	958
136	880
136	907
136	948
137	622
137	860
137	938
138	924
138	975
138	980
139	627
139	944
139	1000
140	838
140	961
140	999
141	964
141	992
141	993
142	912
142	993
142	999
143	861
143	888
143	987
144	889
144	939
144	974
145	328
145	479
145	652
146	922
146	997
146	998
147	434
147	965
147	981
148	818
148	987
148	990
149	942
149	992
149	999
150	819
150	978
150	999
151	826
151	977
151	998
152	76
152	489
152	996
153	385
153	411
153	799
154	281
154	992
154	999
155	690
155	807
155	986
156	583
156	997
156	998
157	537
157	978
157	983
158	868
158	876
158	918
159	985
159	995
159	996
160	798
160	952
160	996
161	436
161	816
161	997
162	926
162	955
162	986
163	660
163	964
163	983
164	272
164	793
164	890
165	902
165	975
165	991
166	547
166	717
166	895
167	797
167	927
167	958
168	543
168	934
168	960
169	637
169	938
169	988
170	430
170	878
170	890
171	83
171	581
171	990
172	179
172	820
172	920
173	928
173	967
173	980
174	19
174	891
174	946
175	889
175	988
175	991
176	488
176	953
176	982
177	974
177	988
177	996
178	484
178	514
178	969
179	172
179	988
179	991
180	671
180	867
180	975
181	968
181	989
181	994
182	921
182	937
182	977
183	784
183	983
183	999
184	249
184	516
184	990
185	546
185	721
185	992
186	540
186	589
186	962
187	485
187	932
187	999
188	34
188	93
188	965
189	870
189	915
189	971
190	523
190	635
190	988
191	701
191	966
191	982
192	937
192	970
192	980
193	667
193	974
193	995
194	786
194	956
194	989
195	107
195	978
195	992
196	688
196	917
196	991
197	380
197	945
197	990
198	503
198	993
198	999
199	253
199	955
199	986
200	875
200	930
200	994
201	985
201	991
201	995
202	749
202	922
202	980
203	104
203	403
203	549
204	697
204	929
204	990
205	570
205	963
205	977
206	503
206	869
206	961
207	713
207	946
207	990
208	845
208	905
208	993
209	731
209	822
209	986
210	131
210	909
210	947
211	452
211	560
211	998
212	950
212	987
212	990
213	502
213	885
213	953
214	373
214	812
214	859
215	810
215	961
215	988
216	783
216	873
216	982
217	689
217	697
217	939
218	738
218	945
218	954
219	968
219	989
219	994
220	601
220	965
220	981
221	723
221	855
221	1000
222	415
222	923
222	973
223	956
223	989
223	994
224	931
224	947
224	988
225	903
225	989
225	994
226	312
226	959
226	978
227	809
227	906
227	960
228	663
228	815
228	915
229	370
229	863
229	948
230	512
230	862
230	971
231	852
231	955
231	986
232	967
232	991
232	996
233	294
233	308
233	534
234	61
234	766
234	999
235	690
235	920
235	986
236	753
236	985
236	996
237	949
237	965
237	981
238	765
238	907
238	986
239	361
239	944
239	997
240	320
240	351
240	371
241	933
241	949
241	981
242	816
242	905
242	986
243	947
243	979
243	1000
244	785
244	971
244	982
245	793
245	840
245	960
246	894
246	956
246	994
247	630
247	956
247	994
248	899
248	984
248	985
249	184
249	941
249	990
250	804
250	906
250	960
251	264
251	965
251	981
252	950
252	987
252	990
253	199
253	598
253	863
254	848
254	959
254	963
255	946
255	950
255	987
256	877
256	942
256	999
257	830
257	965
257	981
258	92
258	948
258	986
259	704
259	840
259	960
260	765
260	853
260	986
261	967
261	973
261	974
262	823
262	950
262	987
263	844
263	858
263	971
264	251
264	965
264	981
265	522
265	920
265	955
266	923
266	973
266	995
267	968
267	989
267	994
268	649
268	862
268	982
269	959
269	977
269	979
270	112
270	602
270	863
271	664
271	754
271	953
272	164
272	840
272	957
273	755
273	988
273	995
274	480
274	971
274	984
275	905
275	983
275	992
276	498
276	923
276	947
277	942
277	978
277	983
278	871
278	903
278	994
279	864
279	959
279	997
280	872
280	938
280	991
281	154
281	873
281	969
282	868
282	973
282	996
283	511
283	945
283	946
284	62
284	583
284	997
285	933
285	965
285	981
286	580
286	905
286	992
287	295
287	955
287	986
288	928
288	957
288	984
289	777
289	974
289	976
290	331
290	600
290	995
291	962
291	985
291	988
292	802
292	957
292	997
293	487
293	921
293	972
293	973
294	233
294	804
294	984
294	1000
295	287
295	985
295	991
295	996
296	834
296	886
296	983
296	992
297	519
297	709
297	906
297	934
298	566
298	830
298	949
298	981
299	380
299	983
299	993
299	999
300	641
300	944
300	951
300	958
301	735
301	940
301	958
301	998
302	331
302	896
302	974
302	995
303	675
303	893
303	976
303	996
304	76
304	910
304	937
304	972
305	804
305	841
305	895
305	906
306	821
306	850
306	948
306	986
307	911
307	956
307	968
307	989
308	233
308	895
308	952
308	979
309	584
309	832
309	863
309	955
310	797
310	914
310	977
310	998
311	325
311	784
311	993
311	999
312	226
312	978
312	983
312	999
313	818
313	973
313	991
313	995
314	908
314	952
314	969
314	971
315	372
315	513
315	748
315	840
316	346
316	440
316	667
316	986
317	951
317	977
317	980
317	1000
318	665
318	943
318	973
318	976
319	451
319	719
319	867
319	939
320	38
320	240
320	535
320	803
321	465
321	901
321	940
321	959
322	775
322	787
322	924
322	979
323	471
323	950
323	985
323	995
324	655
324	874
324	974
324	991
325	311
325	779
325	974
325	988
326	939
326	962
326	991
326	995
327	922
327	925
327	997
327	998
328	145
328	824
328	870
328	969
329	711
329	924
329	958
329	980
330	890
330	968
330	989
330	994
331	290
331	302
331	911
331	985
332	59
332	692
332	964
332	999
333	930
333	987
333	989
333	994
334	506
334	969
334	971
334	982
335	871
335	926
335	932
335	993
336	125
336	774
336	966
336	982
337	77
337	383
337	626
337	969
338	353
338	748
338	773
338	934
339	927
339	940
339	977
339	1000
340	714
340	832
340	986
340	996
341	879
341	949
341	965
341	981
342	705
342	930
342	989
342	994
343	691
343	795
343	964
343	993
344	7
344	591
344	962
344	991
345	470
345	917
345	976
345	996
346	316
346	907
346	920
346	986
347	967
347	976
347	995
347	996
348	683
348	807
348	948
348	986
349	549
349	690
349	765
349	920
350	550
350	731
350	948
350	966
351	240
351	402
351	979
351	991
352	883
352	929
352	946
352	990
353	338
353	633
353	960
353	994
354	549
354	737
354	948
354	955
355	752
355	917
355	947
355	949
356	590
356	705
356	936
356	944
357	456
357	556
357	949
357	981
358	387
358	507
358	738
358	960
359	961
359	964
359	992
359	999
360	488
360	891
360	954
360	987
361	239
361	839
361	870
361	953
362	393
362	893
362	967
362	995
363	908
363	975
363	997
363	998
364	41
364	388
364	645
364	866
365	956
365	968
365	989
365	994
366	404
366	424
366	714
366	988
367	936
367	975
367	980
367	984
368	386
368	749
368	970
368	984
369	866
369	965
369	968
369	981
370	14
370	229
370	926
370	955
371	240
371	792
371	807
371	986
372	315
372	567
372	878
372	960
373	214
373	935
373	992
373	999
374	938
374	943
374	974
374	991
375	718
375	751
375	851
375	966
376	409
376	854
376	947
376	985
377	753
377	898
377	979
377	998
378	12
378	387
378	748
378	934
379	717
379	840
379	934
379	960
380	197
380	299
380	580
380	978
381	650
381	874
381	939
381	976
382	916
382	941
382	950
382	990
383	337
383	824
383	828
383	969
384	933
384	949
384	965
384	981
385	153
385	972
385	985
385	995
386	368
386	935
386	983
386	992
387	358
387	378
387	809
387	900
388	364
388	670
388	949
388	981
389	862
389	916
389	987
389	990
390	951
390	977
390	979
390	980
391	898
391	902
391	997
391	998
392	471
392	879
392	985
392	991
393	362
393	577
393	688
393	995
394	831
394	905
394	978
394	999
395	552
395	665
395	943
395	973
396	825
396	979
396	998
396	1000
397	742
397	896
397	913
397	996
398	721
398	886
398	992
398	999
399	769
399	826
399	985
399	996
400	747
400	962
400	972
400	974
401	865
401	956
401	989
401	994
402	351
402	921
402	975
402	997
403	203
403	886
403	983
403	992
404	366
404	938
404	976
404	995
405	962
405	967
405	985
405	988
406	694
406	924
406	980
406	984
407	840
407	974
407	988
407	996
408	122
408	889
408	991
408	995
409	376
409	968
409	989
409	994
410	904
410	968
410	989
410	994
411	153
411	413
411	593
411	974
412	932
412	961
412	993
412	999
413	411
413	568
413	980
413	997
414	859
414	932
414	978
414	999
415	222
415	675
415	914
415	973
416	876
416	941
416	972
416	996
417	944
417	963
417	979
417	1000
418	512
418	700
418	799
418	915
419	135
419	952
419	976
419	977
420	590
420	959
420	963
420	975
421	867
421	967
421	974
421	976
422	783
422	884
422	971
422	982
423	630
423	915
423	969
423	971
424	366
424	947
424	980
424	995
425	926
425	958
425	984
425	998
426	952
426	957
426	997
426	1000
427	830
427	933
427	949
427	981
428	738
428	791
428	897
428	916
429	592
429	938
429	972
429	996
430	170
430	934
430	960
430	989
431	916
431	972
431	987
431	990
432	964
432	992
432	993
432	999
433	66
433	638
433	858
433	982
434	41
434	147
434	965
434	981
435	550
435	850
435	863
435	958
436	161
436	850
436	907
436	986
437	952
437	995
437	997
437	1000
438	569
438	572
438	887
438	926
439	603
439	890
439	960
439	970
440	316
440	653
440	714
440	880
441	610
441	916
441	945
441	987
441	990
442	653
442	739
442	779
442	943
442	996
443	898
443	958
443	959
443	997
443	998
444	753
444	939
444	947
444	962
444	988
445	118
445	848
445	902
445	970
445	998
446	501
446	532
446	975
446	977
446	998
447	43
447	785
447	813
447	953
447	971
448	514
448	761
448	844
448	969
448	982
449	664
449	961
449	978
449	983
449	999
450	756
450	775
450	976
450	995
450	996
451	319
451	756
451	967
451	973
451	995
452	211
452	923
452	973
452	976
452	985
453	776
453	831
453	942
453	993
453	999
454	619
454	908
454	966
454	969
454	971
455	85
455	465
455	788
455	951
455	979
456	357
456	830
456	866
456	933
456	965
457	681
457	933
457	949
457	965
457	981
458	682
458	828
458	910
458	977
458	1000
459	842
459	983
459	989
459	992
459	999
460	860
460	973
460	987
460	988
460	991
461	746
461	830
461	965
461	981
461	987
462	801
462	892
462	956
462	989
462	994
463	828
463	918
463	927
463	963
463	984
464	777
464	899
464	913
464	943
464	999
465	321
465	455
465	620
465	744
465	984
466	659
466	807
466	850
466	863
466	986
467	827
467	857
467	954
467	987
467	990
468	114
468	717
468	748
468	844
468	960
469	517
469	879
469	967
469	976
469	995
470	345
470	796
470	977
470	984
470	997
471	323
471	392
471	931
471	967
471	991
472	631
472	864
472	944
472	975
472	998
473	508
473	725
473	740
473	965
473	981
474	935
474	964
474	978
474	983
474	993
475	743
475	930
475	968
475	989
475	994
476	687
476	695
476	887
476	923
476	926
477	782
477	857
477	945
477	946
477	987
478	819
478	932
478	961
478	983
478	992
479	39
479	145
479	839
479	969
479	982
480	32
480	274
480	674
480	915
480	971
481	683
481	781
481	800
481	940
481	997
482	924
482	951
482	957
482	959
482	970
483	652
483	677
483	732
483	844
483	953
484	178
484	929
484	945
484	946
484	954
485	187
485	914
485	938
485	967
485	976
486	699
486	734
486	861
486	958
486	984
487	119
487	293
487	775
487	972
487	991
488	176
488	360
488	664
488	668
488	888
489	152
489	854
489	938
489	972
489	991
490	26
490	632
490	790
490	997
490	998
491	561
491	765
491	822
491	948
491	986
492	716
492	754
492	870
492	966
492	971
493	692
493	810
493	914
493	918
493	976
494	809
494	859
494	992
494	993
494	999
495	497
495	910
495	973
495	974
495	996
496	50
496	854
496	973
496	993
496	995
497	495
497	896
497	914
497	976
497	991
498	276
498	675
498	760
498	810
498	868
499	6
499	865
499	964
499	992
499	993
500	520
500	525
500	806
500	965
500	981
501	446
501	603
501	841
501	895
501	960
502	213
502	824
502	844
502	858
502	982
503	198
503	206
503	940
503	978
503	993
504	516
504	845
504	941
504	987
504	990
505	838
505	842
505	873
505	961
505	993
506	334
506	638
506	700
506	953
506	982
507	358
507	729
507	804
507	890
507	895
508	473
508	933
508	949
508	965
508	981
509	746
509	866
509	949
509	965
509	981
510	98
510	805
510	964
510	978
510	992
511	283
511	634
511	658
511	703
511	954
512	230
512	418
512	862
512	885
512	915
513	315
513	567
513	773
513	778
513	841
514	178
514	448
514	578
514	843
514	953
515	778
515	935
515	964
515	978
515	999
516	184
516	504
516	950
516	979
516	990
517	469
517	622
517	651
517	991
517	996
518	866
518	933
518	949
518	965
518	981
519	89
519	297
519	704
519	906
519	934
520	500
520	740
520	933
520	965
520	981
521	98
521	730
521	929
521	954
521	990
522	265
522	648
522	667
522	920
522	986
523	190
523	833
523	854
523	917
523	976
524	20
524	704
524	878
524	934
524	960
525	500
525	676
525	725
525	949
525	981
526	693
526	805
526	871
526	935
526	964
527	593
527	769
527	899
527	974
527	985
528	16
528	793
528	841
528	890
528	895
529	800
529	881
529	937
529	963
529	998
530	786
530	832
530	852
530	955
530	986
531	902
531	925
531	975
531	997
531	1000
532	446
532	605
532	944
532	970
532	997
533	913
533	955
533	972
533	985
533	995
534	233
534	826
534	952
534	984
534	997
535	320
535	927
535	951
535	984
535	997
536	791
536	941
536	945
536	987
536	990
537	157
537	945
537	954
537	987
537	990
538	585
538	956
538	968
538	989
538	994
539	919
539	954
539	956
539	989
539	994
540	186
540	829
540	897
540	954
540	990
541	866
541	933
541	944
541	965
541	981
542	107
542	676
542	949
542	965
542	981
543	168
543	547
543	748
543	883
543	934
543	960
544	666
544	879
544	897
544	946
544	987
544	990
545	557
545	852
545	866
545	949
545	965
545	981
546	185
546	574
546	813
546	851
546	915
546	982
547	166
547	543
547	764
547	773
547	934
547	960
548	874
548	910
548	923
548	925
548	972
548	974
549	203
549	349
549	354
549	765
549	926
549	986
550	350
550	435
550	572
550	955
550	986
550	987
551	36
551	933
551	934
551	949
551	965
551	981
552	395
552	834
552	912
552	961
552	983
552	999
553	833
553	944
553	957
553	975
553	979
553	1000
554	802
554	952
554	963
554	978
554	980
554	1000
555	669
555	703
555	937
555	944
555	957
555	980
556	357
556	604
556	645
556	866
556	933
556	981
557	545
557	830
557	866
557	949
557	965
557	981
558	940
558	944
558	958
558	973
558	979
558	1000
559	868
559	893
559	931
559	976
559	991
559	995
560	211
560	617
560	970
560	979
560	984
560	998
561	491
561	816
561	863
561	907
561	926
561	955
562	838
562	954
562	961
562	992
562	993
562	999
563	14
563	66
563	617
563	843
563	966
563	982
564	759
564	765
564	920
564	926
564	955
564	986
565	96
565	920
565	964
565	983
565	993
565	999
566	298
566	913
566	914
566	967
566	974
566	996
567	372
567	513
567	878
567	906
567	934
567	960
568	413
568	642
568	901
568	975
568	997
568	1000
569	438
569	875
569	956
569	968
569	989
569	994
570	205
570	754
570	785
570	908
570	953
570	966
571	904
571	930
571	956
571	960
571	968
571	994
572	438
572	550
572	759
572	907
572	920
572	955
573	836
573	927
573	936
573	970
573	997
573	998
574	546
574	733
574	785
574	908
574	969
574	982
575	794
575	827
575	892
575	894
575	968
575	989
576	787
576	922
576	952
576	959
576	984
576	997
577	393
577	904
577	956
577	968
577	989
577	994
578	514
578	650
578	860
578	967
578	972
578	996
579	871
579	925
579	927
579	957
579	997
579	998
580	286
580	380
580	805
580	983
580	992
580	993
581	171
581	833
581	951
581	980
581	997
581	1000
582	605
582	866
582	933
582	949
582	965
582	981
583	156
583	284
583	921
583	928
583	975
583	984
584	309
584	886
584	961
584	983
584	992
584	999
585	538
585	810
585	854
585	939
585	943
585	988
586	622
586	733
586	908
586	953
586	966
586	971
587	893
587	923
587	931
587	943
587	954
587	996
588	706
588	897
588	941
588	954
588	987
588	990
589	123
589	186
589	771
589	918
589	988
589	991
590	356
590	420
590	928
590	959
590	979
590	1000
591	344
591	893
591	910
591	988
591	991
591	995
592	429
592	684
592	891
592	946
592	987
592	990
593	411
593	527
593	860
593	956
593	962
593	974
594	882
594	911
594	930
594	956
594	989
594	994
595	842
595	886
595	932
595	961
595	992
595	999
596	630
596	799
596	844
596	927
596	969
596	982
597	904
597	930
597	956
597	968
597	989
597	994
598	253
598	653
598	690
598	880
598	920
598	986
599	699
599	970
599	979
599	980
599	984
599	998
600	290
600	972
600	973
600	985
600	996
600	1000
601	220
601	803
601	933
601	949
601	965
601	981
602	270
602	741
602	792
602	925
602	926
602	948
603	99
603	439
603	501
603	890
603	906
603	960
604	556
604	823
604	830
604	866
604	949
604	981
605	532
605	582
605	632
605	705
605	979
605	998
606	865
606	894
606	919
606	968
606	989
606	994
607	764
607	937
607	977
607	988
607	997
607	998
608	882
608	894
608	904
608	956
608	968
608	994
609	863
609	947
609	962
609	973
609	976
609	996
610	441
610	679
610	861
610	950
610	987
610	990
611	656
611	726
611	826
611	997
611	998
611	1000
612	809
612	878
612	895
612	900
612	960
612	963
613	115
613	962
613	967
613	976
613	985
613	995
614	628
614	904
614	919
614	956
614	968
614	994
615	854
615	868
615	896
615	975
615	976
615	991
616	845
616	883
616	929
616	941
616	946
616	990
617	560
617	563
617	888
617	908
617	966
617	982
618	100
618	903
618	904
618	956
618	989
618	994
619	454
619	737
619	843
619	953
619	966
619	971
620	465
620	836
620	906
620	957
620	958
620	998
621	806
621	808
621	956
621	968
621	978
621	989
621	994
622	137
622	517
622	586
622	918
622	972
622	974
622	995
623	742
623	883
623	916
623	945
623	954
623	987
623	990
624	834
624	935
624	961
624	978
624	992
624	993
624	999
625	11
625	672
625	731
625	759
625	761
625	807
625	948
626	337
626	801
626	813
626	843
626	858
626	966
626	969
627	139
627	901
627	944
627	963
627	970
627	977
627	998
628	614
628	781
628	892
628	911
628	956
628	989
628	994
629	122
629	677
629	872
629	967
629	974
629	988
629	996
630	247
630	423
630	596
630	733
630	953
630	966
630	982
631	28
631	472
631	839
631	953
631	966
631	971
631	982
632	490
632	605
632	699
632	951
632	979
632	997
632	1000
633	353
633	715
633	729
633	809
633	895
633	906
633	934
634	78
634	511
634	829
634	929
634	950
634	954
634	990
635	190
635	810
635	880
635	909
635	967
635	973
635	996
636	686
636	744
636	902
636	937
636	944
636	997
636	1000
637	74
637	169
637	707
637	939
637	976
637	991
637	996
638	433
638	506
638	813
638	814
638	839
638	888
638	971
639	725
639	732
639	813
639	815
639	824
639	844
639	966
640	829
640	883
640	929
640	950
640	987
640	990
640	1000
641	300
641	670
641	898
641	922
641	970
641	977
641	998
642	568
642	881
642	937
642	970
642	984
642	997
642	1000
643	691
643	730
643	784
643	846
643	992
643	993
643	999
644	976
644	981
644	985
644	988
644	991
644	995
644	996
645	364
645	556
645	659
645	933
645	949
645	965
645	981
646	761
646	780
646	863
646	880
646	907
646	955
646	957
647	698
647	905
647	964
647	978
647	983
647	992
647	993
648	522
648	905
648	942
648	961
648	964
648	993
648	999
649	2
649	268
649	915
649	966
649	969
649	971
649	982
650	381
650	578
650	760
650	835
650	899
650	943
650	988
651	517
651	854
651	893
651	916
651	985
651	988
651	995
652	145
652	483
652	754
652	847
652	873
652	953
652	982
653	440
653	442
653	598
653	816
653	887
653	920
653	986
654	82
654	732
654	783
654	815
654	915
654	971
654	982
655	324
655	868
655	913
655	923
655	967
655	973
655	995
656	611
656	692
656	728
656	932
656	978
656	983
656	992
657	821
657	857
657	941
657	945
657	950
657	954
657	987
658	511
658	685
658	706
658	916
658	929
658	941
658	977
659	466
659	645
659	731
659	761
659	948
659	955
659	986
660	163
660	712
660	728
660	912
660	964
660	978
660	993
661	116
661	824
661	843
661	862
661	953
661	964
661	966
662	710
662	869
662	932
662	942
662	964
662	983
662	993
663	69
663	228
663	700
663	815
663	851
663	982
663	998
664	271
664	449
664	488
664	733
664	953
664	971
664	982
665	318
665	395
665	769
665	834
665	879
665	974
665	995
666	544
666	752
666	861
666	891
666	929
666	945
666	950
667	193
667	316
667	522
667	821
667	926
667	955
667	986
668	488
668	839
668	847
668	884
668	908
668	943
668	953
669	555
669	680
669	694
669	833
669	864
669	997
669	1000
670	388
670	641
670	740
670	746
670	965
670	981
670	993
671	180
671	872
671	879
671	917
671	941
671	972
671	988
672	625
672	796
672	924
672	951
672	963
672	970
672	997
673	894
673	903
673	911
673	968
673	979
673	989
673	994
674	480
674	835
674	888
674	966
674	969
674	971
674	982
675	303
675	415
675	498
675	757
675	874
675	881
675	988
675	991
676	108
676	525
676	542
676	931
676	933
676	949
676	965
676	981
677	483
677	629
677	914
677	947
677	962
677	976
677	988
677	991
678	83
678	684
678	829
678	886
678	946
678	950
678	987
678	990
679	610
679	683
679	734
679	790
679	928
679	957
679	958
679	984
680	669
680	848
680	856
680	959
680	975
680	977
680	980
680	1000
681	457
681	818
681	823
681	845
681	891
681	929
681	950
681	990
682	458
682	825
682	865
682	901
682	951
682	959
682	998
682	1000
683	26
683	348
683	481
683	679
683	770
683	963
683	975
683	984
684	110
684	592
684	678
684	932
684	945
684	946
684	987
684	990
685	658
685	883
685	929
685	941
685	946
685	987
685	990
685	994
686	101
686	636
686	800
686	833
686	960
686	970
686	980
686	984
687	21
687	476
687	759
687	763
687	880
687	887
687	948
687	986
688	196
688	393
688	863
688	913
688	962
688	972
688	974
688	985
689	217
689	876
689	879
689	896
689	962
689	974
689	985
689	991
690	155
690	235
690	349
690	598
690	780
690	887
690	926
690	986
691	343
691	643
691	693
691	912
691	983
691	992
691	996
691	999
692	332
692	493
692	656
692	905
692	912
692	935
692	964
692	978
693	16
693	526
693	691
693	877
693	968
693	978
693	993
693	999
694	406
694	669
694	901
694	928
694	978
694	979
694	980
694	1000
695	132
695	476
695	761
695	780
695	820
695	880
695	975
695	986
696	789
696	886
696	896
696	935
696	964
696	978
696	983
696	993
697	204
697	217
697	756
697	972
697	974
697	976
697	995
697	996
698	647
698	885
698	912
698	932
698	961
698	978
698	983
698	993
699	44
699	486
699	599
699	632
699	703
699	774
699	881
699	1000
700	418
700	506
700	663
700	732
700	870
700	908
700	966
700	999
701	28
701	191
701	870
701	938
701	966
701	969
701	971
701	982
702	871
702	877
702	886
702	946
702	978
702	983
702	993
702	999
703	511
703	555
703	699
703	723
703	922
703	927
703	979
703	1000
704	259
704	519
704	524
704	709
704	715
704	895
704	900
704	960
705	342
705	356
705	605
705	856
705	959
705	975
705	997
705	1000
706	35
706	588
706	658
706	845
706	857
706	950
706	954
706	987
707	637
707	739
707	896
707	931
707	962
707	972
707	973
707	995
708	865
708	882
708	892
708	894
708	951
708	968
708	989
708	994
709	297
709	704
709	715
709	778
709	809
709	900
709	931
709	960
710	1
710	662
710	720
710	905
710	932
710	978
710	992
710	999
711	329
711	745
711	794
711	901
711	929
711	975
711	998
711	1000
712	660
712	795
712	961
712	964
712	977
712	983
712	992
712	999
713	207
713	891
713	916
713	941
713	945
713	967
713	987
713	990
714	340
714	366
714	440
714	792
714	852
714	863
714	880
714	986
715	633
715	704
715	709
715	744
715	793
715	841
715	900
715	960
716	492
716	826
716	836
716	975
716	980
716	984
716	997
716	1000
717	166
717	379
717	468
717	773
717	804
717	878
717	934
717	960
718	375
718	752
718	972
718	973
718	974
718	985
718	991
718	995
718	996
719	319
719	771
719	876
719	923
719	930
719	962
719	991
719	995
719	996
720	25
720	710
720	789
720	842
720	929
720	932
720	935
720	993
720	999
721	185
721	398
721	784
721	846
721	874
721	886
721	942
721	992
721	993
722	811
722	853
722	922
722	927
722	940
722	959
722	977
722	998
722	1000
723	44
723	221
723	703
723	936
723	944
723	963
723	975
723	985
723	1000
724	727
724	871
724	877
724	964
724	968
724	983
724	992
724	993
724	999
725	473
725	525
725	639
725	740
725	830
725	933
725	949
725	965
725	981
726	611
726	836
726	921
726	952
726	958
726	970
726	984
726	998
726	1000
727	724
727	805
727	834
727	855
727	961
727	964
727	983
727	992
727	993
728	656
728	660
728	871
728	961
728	964
728	976
728	978
728	992
728	993
729	37
729	507
729	633
729	878
729	890
729	900
729	934
729	960
729	994
730	521
730	643
730	782
730	891
730	897
730	945
730	954
730	987
730	990
731	209
731	350
731	625
731	659
731	880
731	907
731	920
731	955
731	991
732	483
732	639
732	654
732	700
732	814
732	839
732	969
732	972
732	982
733	574
733	586
733	630
733	664
733	799
733	878
733	885
733	936
733	969
734	135
734	486
734	679
734	933
734	937
734	940
734	952
734	963
734	997
735	301
735	848
735	928
735	952
735	957
735	984
735	997
735	998
735	1000
736	770
736	801
736	824
736	851
736	873
736	885
736	966
736	969
736	971
737	354
737	619
737	759
737	767
737	780
737	853
737	920
737	926
737	948
738	78
738	218
738	358
738	428
738	945
738	946
738	950
738	954
738	987
739	442
739	707
739	870
739	910
739	967
739	973
739	985
739	991
739	996
740	473
740	520
740	670
740	725
740	746
740	823
740	830
740	949
740	981
741	40
741	602
741	759
741	829
741	832
741	850
741	926
741	955
741	986
742	397
742	623
742	777
742	872
742	893
742	918
742	938
742	947
742	974
743	475
743	781
743	786
743	892
743	919
743	930
743	936
743	989
743	994
744	465
744	636
744	715
744	749
744	921
744	952
744	963
744	975
744	1000
745	711
745	784
745	811
745	925
745	936
745	963
745	975
745	998
745	1000
746	461
746	509
746	670
746	740
746	913
746	933
746	949
746	965
746	981
747	400
747	769
747	837
747	867
747	899
747	918
747	974
747	985
747	995
748	315
748	338
748	378
748	468
748	543
748	900
748	906
748	960
748	984
749	202
749	368
749	744
749	764
749	904
749	977
749	980
749	984
749	997
750	9
750	807
750	822
750	850
750	880
750	920
750	948
750	955
750	990
751	375
751	813
751	814
751	824
751	953
751	966
751	969
751	971
751	997
752	355
752	666
752	718
752	962
752	973
752	976
752	988
752	995
752	996
753	38
753	236
753	377
753	444
753	931
753	939
753	962
753	967
753	972
754	271
754	492
754	570
754	652
754	912
754	953
754	966
754	969
754	982
755	273
755	910
755	914
755	923
755	938
755	951
755	967
755	991
755	996
756	450
756	451
756	697
756	859
756	931
756	943
756	988
756	991
756	995
757	675
757	793
757	837
757	872
757	917
757	931
757	939
757	991
757	996
758	97
758	120
758	940
758	957
758	968
758	977
758	979
758	980
758	998
759	564
759	572
759	625
759	687
759	737
759	741
759	822
759	938
759	948
760	498
760	650
760	909
760	910
760	931
760	962
760	973
760	982
760	985
760	995
761	31
761	448
761	625
761	646
761	659
761	695
761	821
761	887
761	948
761	955
762	8
762	786
762	827
762	904
762	919
762	930
762	956
762	968
762	989
762	994
763	687
763	816
763	832
763	863
763	907
763	920
763	923
763	926
763	955
763	986
764	547
764	607
764	749
764	921
764	940
764	952
764	975
764	997
764	998
764	1000
765	238
765	260
765	349
765	491
765	549
765	564
765	802
765	852
765	853
765	955
766	71
766	234
766	886
766	912
766	935
766	942
766	991
766	992
766	993
766	999
767	737
767	792
767	821
767	832
767	853
767	863
767	920
767	948
767	950
767	986
768	875
768	882
768	903
768	919
768	930
768	956
768	968
768	989
768	993
768	994
769	399
769	527
769	665
769	747
769	909
769	939
769	974
769	978
769	985
769	996
770	683
770	736
770	864
770	922
770	937
770	963
770	970
770	979
770	997
770	1000
771	589
771	719
771	852
771	874
771	972
771	976
771	988
771	991
771	995
771	996
772	831
772	835
772	871
772	935
772	961
772	978
772	983
772	992
772	993
772	999
773	114
773	338
773	513
773	547
773	717
773	840
773	878
773	920
773	934
773	960
774	336
774	699
774	799
774	801
774	814
774	815
774	966
774	969
774	971
774	982
775	322
775	450
775	487
775	896
775	947
775	967
775	976
775	988
775	991
775	995
776	453
776	846
776	869
776	961
776	964
776	978
776	983
776	990
776	993
776	999
777	289
777	464
777	742
777	896
777	909
777	913
777	915
777	931
777	988
777	991
778	55
778	114
778	513
778	515
778	709
778	804
778	840
778	895
778	906
778	934
779	325
779	442
779	918
779	939
779	945
779	962
779	972
779	976
779	985
779	996
780	646
780	690
780	695
780	737
780	807
780	820
780	887
780	955
780	975
780	986
781	481
781	628
781	743
781	817
781	903
781	911
781	919
781	968
781	989
781	994
782	30
782	477
782	730
782	823
782	916
782	941
782	946
782	950
782	988
782	990
783	216
783	422
783	654
783	801
783	813
783	814
783	824
783	847
783	908
783	958
784	183
784	311
784	643
784	721
784	745
784	912
784	935
784	992
784	993
784	999
785	244
785	447
785	570
785	574
785	813
785	847
785	851
785	956
785	966
785	969
786	194
786	530
786	743
786	762
786	827
786	892
786	911
786	968
786	989
786	994
787	322
787	576
787	796
787	848
787	928
787	946
787	957
787	959
787	979
787	1000
788	455
788	808
788	817
788	875
788	903
788	919
788	956
788	968
788	972
788	989
788	994
789	696
789	720
789	831
789	871
789	877
789	899
789	908
789	961
789	978
789	983
789	992
790	490
790	679
790	925
790	940
790	944
790	970
790	979
790	980
790	984
790	992
790	998
791	17
791	428
791	536
791	897
791	916
791	941
791	946
791	950
791	954
791	987
791	995
792	371
792	602
792	714
792	767
792	850
792	852
792	920
792	948
792	955
792	986
792	993
793	164
793	245
793	528
793	715
793	757
793	804
793	878
793	895
793	900
793	934
793	960
794	575
794	711
794	902
794	921
794	925
794	936
794	959
794	970
794	975
794	979
794	984
795	343
795	712
795	812
795	819
795	842
795	956
795	961
795	978
795	983
795	993
795	999
796	470
796	672
796	787
796	885
796	921
796	952
796	957
796	963
796	977
796	979
796	1000
797	167
797	310
797	937
797	944
797	958
797	975
797	979
797	980
797	983
797	998
797	1000
798	86
798	160
798	815
798	864
798	881
798	898
798	951
798	952
798	959
798	970
798	998
799	153
799	418
799	596
799	733
799	774
799	801
799	813
799	858
799	884
799	888
799	971
800	481
800	529
800	686
800	848
800	902
800	914
800	959
800	963
800	980
800	997
800	1000
801	462
801	626
801	736
801	774
801	783
801	799
801	888
801	953
801	966
801	971
801	982
802	292
802	554
802	765
802	957
802	963
802	970
802	979
802	996
802	997
802	998
802	1000
803	320
803	601
803	848
803	927
803	958
803	963
803	975
803	979
803	980
803	984
803	997
803	998
804	250
804	294
804	305
804	507
804	717
804	778
804	793
804	890
804	895
804	934
804	948
804	960
805	510
805	526
805	580
805	727
805	834
805	942
805	961
805	964
805	983
805	985
805	993
805	999
806	500
806	621
806	865
806	875
806	894
806	903
806	911
806	919
806	930
806	968
806	989
806	994
807	155
807	348
807	371
807	466
807	625
807	750
807	780
807	821
807	853
807	896
807	948
807	986
808	621
808	788
808	817
808	827
808	882
808	911
808	924
808	930
808	956
808	968
808	989
808	994
809	99
809	227
809	387
809	494
809	612
809	633
809	709
809	840
809	841
809	895
809	906
809	934
810	215
810	493
810	498
810	585
810	635
810	867
810	878
810	913
810	943
810	972
810	976
810	996
811	42
811	722
811	745
811	818
811	881
811	928
811	951
811	970
811	980
811	984
811	997
811	1000
812	48
812	127
812	214
812	795
812	842
812	846
812	942
812	964
812	983
812	992
812	993
812	999
813	447
813	546
813	626
813	638
813	639
813	751
813	783
813	785
813	799
813	862
813	935
813	982
814	87
814	638
814	732
814	751
814	774
814	783
814	843
814	851
814	884
814	889
814	949
814	971
815	228
815	639
815	654
815	663
815	774
815	798
815	843
815	873
815	888
815	953
815	971
815	982
816	73
816	161
816	242
816	561
816	653
816	763
816	880
816	906
816	907
816	948
816	955
816	986
817	781
817	788
817	808
817	827
817	882
817	904
817	919
817	940
817	956
817	968
817	989
817	994
818	148
818	313
818	681
818	811
818	849
818	916
818	929
818	941
818	945
818	954
818	987
818	990
819	111
819	150
819	478
819	795
819	859
819	877
819	905
819	932
819	992
819	993
819	995
819	999
820	9
820	31
820	172
820	695
820	780
820	852
820	853
820	907
820	930
820	955
820	986
820	993
821	306
821	657
821	667
821	761
821	767
821	807
821	852
821	907
821	920
821	948
821	955
821	974
821	986
822	209
822	491
822	750
822	759
822	880
822	887
822	907
822	920
822	922
822	926
822	948
822	955
822	986
823	91
823	262
823	604
823	681
823	740
823	782
823	891
823	897
823	916
823	929
823	945
823	954
823	990
824	53
824	328
824	383
824	502
824	639
824	661
824	736
824	751
824	783
824	844
824	917
824	953
824	982
825	396
825	682
825	940
825	944
825	951
825	963
825	970
825	977
825	980
825	986
825	997
825	998
825	1000
826	151
826	399
826	534
826	611
826	716
826	881
826	925
826	957
826	959
826	975
826	977
826	980
826	997
827	467
827	575
827	762
827	786
827	808
827	817
827	860
827	882
827	894
827	930
827	968
827	989
827	994
828	383
828	458
828	463
828	924
828	940
828	951
828	958
828	975
828	977
828	980
828	984
828	997
828	998
829	540
829	634
829	640
829	678
829	741
829	849
829	857
829	883
829	945
829	950
829	954
829	987
829	990
830	257
830	298
830	427
830	456
830	461
830	557
830	604
830	725
830	740
830	949
830	965
830	981
830	994
831	394
831	453
831	772
831	789
831	834
831	869
831	912
831	932
831	942
831	978
831	983
831	997
831	999
832	309
832	340
832	530
832	741
832	763
832	767
832	852
832	880
832	887
832	926
832	955
832	956
832	986
833	523
833	553
833	581
833	669
833	686
833	927
833	951
833	957
833	979
833	980
833	984
833	997
833	1000
834	296
834	552
834	624
834	665
834	727
834	805
834	831
834	912
834	935
834	942
834	961
834	978
834	993
834	999
835	650
835	674
835	772
835	879
835	914
835	923
835	931
835	939
835	962
835	967
835	972
835	976
835	985
835	996
836	45
836	573
836	620
836	716
836	726
836	876
836	898
836	901
836	922
836	928
836	936
836	970
836	979
836	998
837	747
837	757
837	850
837	867
837	868
837	874
837	917
837	918
837	962
837	973
837	974
837	976
837	985
837	988
838	140
838	505
838	562
838	859
838	912
838	928
838	935
838	942
838	961
838	964
838	978
838	983
838	992
838	999
839	126
839	361
839	479
839	631
839	638
839	668
839	732
839	862
839	870
839	884
839	915
839	963
839	966
839	969
840	245
840	259
840	272
840	315
840	379
840	407
840	773
840	778
840	809
840	846
840	890
840	895
840	900
840	934
841	64
841	89
841	305
841	501
841	513
841	528
841	715
841	809
841	895
841	900
841	906
841	934
841	960
841	969
842	459
842	505
842	595
842	720
842	795
842	812
842	886
842	932
842	942
842	961
842	978
842	980
842	983
842	993
843	514
843	563
843	619
843	626
843	661
843	814
843	815
843	847
843	858
843	881
843	885
843	888
843	966
843	971
844	263
844	448
844	468
844	483
844	502
844	596
844	639
844	824
844	884
844	915
844	953
844	966
844	971
844	982
845	102
845	208
845	504
845	616
845	681
845	706
845	849
845	929
845	941
845	945
845	946
845	947
845	954
845	987
845	990
846	643
846	721
846	776
846	812
846	840
846	869
846	886
846	912
846	961
846	964
846	978
846	983
846	992
846	993
846	999
847	652
847	668
847	783
847	785
847	843
847	858
847	885
847	902
847	908
847	915
847	966
847	969
847	971
847	973
847	982
848	86
848	254
848	445
848	680
848	735
848	787
848	800
848	803
848	928
848	959
848	977
848	979
848	987
848	997
848	998
849	818
849	829
849	845
849	861
849	877
849	891
849	916
849	929
849	935
849	941
849	945
849	950
849	954
849	987
849	990
850	33
850	40
850	132
850	306
850	435
850	436
850	466
850	741
850	750
850	792
850	837
850	948
850	955
850	986
850	998
851	375
851	546
851	663
851	736
851	785
851	814
851	870
851	873
851	884
851	885
851	888
851	953
851	969
851	982
851	991
852	88
852	231
852	530
852	545
852	714
852	765
852	771
852	792
852	820
852	821
852	832
852	887
852	948
852	955
852	986
853	11
853	79
853	88
853	92
853	260
853	722
853	737
853	765
853	767
853	807
853	820
853	880
853	887
853	926
853	974
854	376
854	489
854	496
854	523
854	585
854	615
854	651
854	938
854	943
854	970
854	973
854	976
854	984
854	985
854	995
855	221
855	727
855	898
855	902
855	927
855	940
855	951
855	952
855	957
855	970
855	973
855	979
855	980
855	984
855	1000
856	680
856	705
856	880
856	922
856	924
856	925
856	952
856	958
856	963
856	977
856	979
856	980
856	984
856	997
856	1000
857	81
857	467
857	477
857	657
857	706
857	829
857	867
857	897
857	918
857	929
857	941
857	946
857	950
857	954
857	987
858	2
858	263
858	433
858	502
858	626
858	799
858	843
858	847
858	884
858	885
858	888
858	966
858	969
858	982
858	996
859	214
859	414
859	494
859	756
859	819
859	838
859	877
859	905
859	913
859	935
859	942
859	961
859	964
859	983
859	992
859	999
860	137
860	460
860	578
860	593
860	827
860	931
860	947
860	962
860	966
860	967
860	972
860	973
860	976
860	985
860	995
860	996
861	10
861	143
861	486
861	610
861	666
861	849
861	891
861	897
861	929
861	941
861	945
861	946
861	950
861	954
861	987
861	990
862	63
862	94
862	125
862	230
862	268
862	389
862	512
862	661
862	813
862	839
862	873
862	884
862	966
862	969
862	971
862	998
863	229
863	253
863	270
863	309
863	435
863	466
863	561
863	609
863	646
863	688
863	714
863	763
863	767
863	887
863	907
863	986
864	121
864	279
864	472
864	669
864	770
864	798
864	901
864	902
864	921
864	925
864	957
864	963
864	987
864	997
864	998
864	1000
865	401
865	499
865	606
865	682
865	708
865	806
865	875
865	882
865	892
865	903
865	911
865	919
865	930
865	968
865	989
865	994
866	364
866	369
866	456
866	509
866	518
866	541
866	545
866	556
866	557
866	582
866	604
866	898
866	933
866	965
866	979
866	981
867	180
867	319
867	421
867	747
867	810
867	837
867	857
867	892
867	910
867	923
867	943
867	972
867	974
867	988
867	991
867	996
868	158
868	282
868	498
868	559
868	615
868	655
868	837
868	898
868	899
868	938
868	943
868	947
868	972
868	973
868	979
868	988
868	996
869	206
869	662
869	776
869	831
869	846
869	871
869	886
869	912
869	932
869	935
869	942
869	961
869	964
869	973
869	978
869	992
869	999
870	32
870	82
870	189
870	328
870	361
870	492
870	700
870	701
870	739
870	839
870	851
870	873
870	884
870	953
870	969
870	971
870	997
871	278
871	335
871	526
871	579
871	702
871	724
871	728
871	772
871	789
871	869
871	935
871	961
871	964
871	978
871	983
871	993
871	999
872	280
872	629
872	671
872	742
872	757
872	879
872	893
872	896
872	917
872	937
872	939
872	947
872	974
872	981
872	985
872	995
872	996
873	94
873	216
873	281
873	505
873	652
873	736
873	815
873	851
873	862
873	870
873	884
873	888
873	890
873	908
873	915
873	969
873	971
874	324
874	381
874	548
874	675
874	721
874	771
874	837
874	909
874	943
874	962
874	973
874	974
874	985
874	988
874	991
874	995
874	996
875	200
875	569
875	768
875	788
875	806
875	865
875	892
875	904
875	911
875	919
875	930
875	955
875	956
875	968
875	989
875	991
875	994
876	22
876	158
876	416
876	689
876	719
876	836
876	896
876	909
876	918
876	931
876	939
876	967
876	972
876	974
876	988
876	991
876	996
877	51
877	111
877	124
877	256
877	693
877	702
877	724
877	789
877	819
877	849
877	859
877	935
877	961
877	978
877	983
877	992
877	999
878	64
878	65
878	170
878	372
878	524
878	567
878	612
878	717
878	729
878	733
878	773
878	793
878	810
878	890
878	900
878	934
878	960
879	341
879	392
879	469
879	544
879	665
879	671
879	689
879	835
879	872
879	917
879	923
879	938
879	943
879	962
879	974
879	988
879	995
880	112
880	136
880	440
880	598
880	635
880	646
880	687
880	695
880	714
880	731
880	750
880	816
880	822
880	832
880	853
880	856
880	926
880	986
881	529
881	642
881	675
881	699
881	798
881	811
881	826
881	843
881	925
881	928
881	957
881	959
881	963
881	970
881	975
881	984
881	998
881	1000
882	118
882	594
882	608
882	708
882	768
882	808
882	817
882	827
882	865
882	892
882	904
882	911
882	919
882	930
882	964
882	968
882	989
882	994
883	52
883	109
883	352
883	543
883	616
883	623
883	640
883	685
883	829
883	891
883	916
883	929
883	946
883	950
883	954
883	969
883	987
883	990
884	422
884	668
884	799
884	814
884	839
884	844
884	851
884	858
884	862
884	870
884	873
884	908
884	966
884	969
884	971
884	980
884	982
884	988
885	63
885	94
885	213
885	512
885	698
885	733
885	736
885	796
885	843
885	847
885	851
885	858
885	908
885	915
885	953
885	966
885	969
885	971
886	296
886	398
886	403
886	584
886	595
886	678
886	696
886	702
886	721
886	766
886	842
886	846
886	869
886	942
886	964
886	967
886	992
886	999
887	9
887	92
887	438
887	476
887	653
887	687
887	690
887	761
887	780
887	822
887	832
887	852
887	853
887	863
887	926
887	948
887	960
887	968
887	986
888	84
888	143
888	488
888	617
888	638
888	674
888	799
888	801
888	815
888	843
888	851
888	858
888	873
888	908
888	953
888	966
888	969
888	982
888	994
889	144
889	175
889	408
889	814
889	905
889	914
889	918
889	931
889	938
889	943
889	962
889	967
889	972
889	973
889	974
889	985
889	988
889	991
889	995
890	12
890	61
890	65
890	164
890	170
890	330
890	439
890	507
890	528
890	603
890	729
890	804
890	840
890	873
890	878
890	900
890	906
890	934
890	960
891	174
891	360
891	592
891	666
891	681
891	713
891	730
891	823
891	849
891	861
891	883
891	897
891	945
891	946
891	950
891	953
891	977
891	987
891	990
892	4
892	462
892	575
892	628
892	708
892	743
892	786
892	865
892	867
892	875
892	882
892	903
892	911
892	930
892	934
892	956
892	968
892	989
892	994
893	5
893	303
893	362
893	559
893	587
893	591
893	651
893	742
893	872
893	914
893	918
893	943
893	947
893	953
893	972
893	985
893	988
893	991
893	996
894	76
894	246
894	575
894	606
894	608
894	673
894	708
894	806
894	827
894	903
894	904
894	911
894	919
894	930
894	956
894	968
894	973
894	989
894	994
895	55
895	75
895	166
895	305
895	308
895	501
895	507
895	528
895	612
895	633
895	704
895	778
895	793
895	804
895	809
895	840
895	841
895	897
895	900
895	906
896	68
896	302
896	397
896	497
896	615
896	689
896	696
896	707
896	775
896	777
896	807
896	872
896	876
896	899
896	939
896	947
896	967
896	985
896	991
896	995
897	23
897	428
897	540
897	544
897	588
897	730
897	791
897	823
897	857
897	861
897	891
897	895
897	916
897	919
897	929
897	941
897	946
897	950
897	987
897	990
898	377
898	391
898	443
898	641
898	798
898	836
898	855
898	866
898	868
898	922
898	925
898	927
898	936
898	944
898	957
898	958
898	975
898	979
898	984
898	1000
899	248
899	464
899	527
899	650
899	747
899	789
899	868
899	896
899	910
899	913
899	914
899	931
899	938
899	962
899	967
899	972
899	976
899	985
899	991
899	998
900	12
900	55
900	387
900	612
900	704
900	709
900	715
900	729
900	748
900	793
900	840
900	841
900	878
900	890
900	895
900	906
900	934
900	957
900	960
900	990
901	321
901	568
901	627
901	682
901	694
901	711
901	836
901	864
901	924
901	925
901	936
901	940
901	943
901	952
901	957
901	958
901	963
901	977
901	989
901	997
901	1000
902	165
902	391
902	445
902	531
902	636
902	794
902	800
902	847
902	855
902	864
902	922
902	924
902	937
902	940
902	952
902	963
902	970
902	984
902	988
902	997
902	998
903	54
903	225
903	278
903	618
903	673
903	768
903	781
903	788
903	806
903	865
903	892
903	894
903	904
903	911
903	919
903	930
903	952
903	956
903	968
903	989
903	994
904	410
904	571
904	577
904	597
904	608
904	614
904	618
904	749
904	762
904	817
904	875
904	882
904	894
904	903
904	909
904	911
904	919
904	956
904	968
904	989
904	994
905	95
905	208
905	242
905	275
905	286
905	394
905	647
905	648
905	692
905	710
905	819
905	859
905	889
905	932
905	961
905	964
905	978
905	983
905	992
905	993
905	999
906	37
906	75
906	227
906	250
906	297
906	305
906	519
906	567
906	603
906	620
906	633
906	748
906	778
906	809
906	816
906	841
906	890
906	895
906	900
906	934
906	960
907	33
907	73
907	136
907	238
907	346
907	436
907	561
907	572
907	646
907	731
907	763
907	816
907	820
907	821
907	822
907	863
907	926
907	948
907	964
907	986
907	993
908	43
908	134
908	314
908	363
908	454
908	570
908	574
908	586
908	617
908	668
908	700
908	783
908	789
908	847
908	873
908	884
908	885
908	888
908	915
908	969
908	971
908	982
909	27
909	106
909	210
909	635
909	760
909	769
909	777
909	874
909	876
909	904
909	913
909	914
909	918
909	938
909	943
909	947
909	973
909	976
909	985
909	991
909	995
909	996
910	8
910	304
910	458
910	495
910	548
910	591
910	739
910	755
910	760
910	867
910	899
910	914
910	915
910	918
910	938
910	947
910	962
910	972
910	976
910	985
910	988
910	995
910	996
911	58
911	307
911	331
911	594
911	628
911	673
911	781
911	786
911	806
911	808
911	865
911	875
911	882
911	892
911	894
911	903
911	904
911	919
911	930
911	956
911	968
911	989
911	994
912	96
912	111
912	142
912	552
912	660
912	691
912	692
912	698
912	754
912	766
912	784
912	831
912	834
912	838
912	846
912	869
912	944
912	964
912	978
912	983
912	992
912	993
912	999
913	397
913	464
913	533
913	566
913	655
913	688
913	746
913	777
913	810
913	859
913	899
913	909
913	917
913	939
913	947
913	967
913	972
913	976
913	985
913	988
913	991
913	995
913	996
914	310
914	415
914	485
914	493
914	497
914	566
914	677
914	755
914	800
914	835
914	889
914	893
914	899
914	909
914	910
914	943
914	947
914	967
914	972
914	974
914	976
914	991
914	995
915	13
915	82
915	134
915	189
915	228
915	418
915	423
915	480
915	512
915	546
915	649
915	654
915	777
915	839
915	844
915	847
915	873
915	885
915	908
915	910
915	953
915	969
915	971
916	117
916	382
916	389
916	428
916	431
916	441
916	623
916	651
916	658
916	713
916	782
916	791
916	818
916	823
916	849
916	883
916	897
916	941
916	946
916	950
916	954
916	969
916	987
917	5
917	196
917	345
917	355
917	523
917	671
917	757
917	824
917	837
917	872
917	879
917	913
917	918
917	938
917	943
917	962
917	967
917	971
917	973
917	974
917	991
917	995
917	996
918	158
918	463
918	493
918	589
918	622
918	742
918	747
918	779
918	837
918	857
918	876
918	889
918	893
918	909
918	910
918	917
918	923
918	939
918	946
918	962
918	973
918	976
918	988
918	996
919	48
919	539
919	606
919	614
919	743
919	762
919	768
919	781
919	788
919	806
919	817
919	865
919	875
919	882
919	894
919	897
919	903
919	904
919	911
919	956
919	968
919	985
919	989
919	994
920	88
920	172
920	235
920	265
920	346
920	349
920	522
920	564
920	565
920	572
920	598
920	653
920	731
920	737
920	750
920	763
920	767
920	773
920	792
920	821
920	822
920	955
920	970
920	986
921	24
921	42
921	101
921	182
921	293
921	402
921	583
921	726
921	744
921	764
921	794
921	796
921	864
921	924
921	937
921	939
921	944
921	957
921	958
921	959
921	963
921	970
921	980
921	998
921	1000
922	146
922	202
922	327
922	576
922	641
922	703
922	722
922	770
922	822
922	836
922	856
922	898
922	902
922	924
922	928
922	936
922	940
922	951
922	959
922	975
922	980
922	985
922	997
922	998
922	1000
923	97
923	222
923	266
923	276
923	452
923	476
923	548
923	587
923	655
923	719
923	755
923	763
923	835
923	867
923	879
923	918
923	931
923	947
923	962
923	972
923	973
923	976
923	985
923	988
923	995
924	138
924	322
924	329
924	406
924	482
924	672
924	808
924	828
924	856
924	901
924	902
924	921
924	922
924	936
924	942
924	957
924	959
924	963
924	970
924	975
924	977
924	979
924	984
924	997
924	998
925	327
925	531
925	548
925	579
925	602
925	745
925	790
925	794
925	826
925	856
925	864
925	881
925	898
925	901
925	927
925	936
925	952
925	957
925	958
925	959
925	977
925	979
925	984
925	997
925	998
925	1000
926	73
926	162
926	335
926	370
926	425
926	438
926	476
926	549
926	561
926	564
926	602
926	667
926	690
926	737
926	741
926	763
926	822
926	832
926	853
926	880
926	887
926	907
926	948
926	955
926	986
926	1000
927	167
927	339
927	463
927	535
927	573
927	579
927	596
927	703
927	722
927	803
927	833
927	855
927	898
927	925
927	936
927	951
927	959
927	963
927	975
927	977
927	979
927	980
927	982
927	997
927	998
927	1000
928	62
928	173
928	288
928	583
928	590
928	679
928	694
928	735
928	787
928	811
928	836
928	838
928	848
928	881
928	922
928	940
928	951
928	958
928	976
928	977
928	979
928	980
928	984
928	997
928	999
928	1000
929	117
929	204
929	352
929	484
929	521
929	616
929	634
929	640
929	658
929	666
929	681
929	685
929	711
929	720
929	818
929	823
929	845
929	849
929	857
929	861
929	883
929	897
929	946
929	954
929	987
929	990
930	200
930	333
930	342
930	475
930	571
930	594
930	597
930	719
930	743
930	762
930	768
930	806
930	808
930	820
930	827
930	865
930	875
930	882
930	892
930	894
930	903
930	911
930	956
930	962
930	968
930	989
930	994
931	224
931	471
931	559
931	587
931	676
931	707
931	709
931	753
931	756
931	757
931	760
931	777
931	835
931	860
931	876
931	889
931	899
931	923
931	943
931	962
931	967
931	972
931	974
931	982
931	988
931	995
931	996
932	58
932	115
932	187
932	335
932	412
932	414
932	478
932	595
932	656
932	662
932	684
932	698
932	710
932	720
932	819
932	831
932	842
932	869
932	905
932	933
932	935
932	961
932	964
932	975
932	978
932	983
932	992
932	993
933	36
933	72
933	113
933	241
933	285
933	384
933	427
933	456
933	457
933	508
933	518
933	520
933	541
933	551
933	556
933	582
933	601
933	645
933	676
933	725
933	734
933	746
933	866
933	932
933	949
933	965
933	975
933	981
934	168
934	297
934	338
934	378
934	379
934	430
934	519
934	524
934	543
934	547
934	551
934	567
934	633
934	717
934	729
934	773
934	778
934	793
934	804
934	809
934	840
934	841
934	878
934	890
934	892
934	900
934	906
934	960
934	984
935	373
935	386
935	474
935	515
935	526
935	624
935	692
935	696
935	720
935	766
935	772
935	784
935	813
935	834
935	838
935	849
935	859
935	869
935	871
935	877
935	932
935	942
935	964
935	978
935	983
935	992
935	993
935	997
935	999
936	90
936	356
936	367
936	573
936	723
936	733
936	743
936	745
936	794
936	836
936	898
936	901
936	922
936	924
936	925
936	927
936	940
936	944
936	951
936	957
936	958
936	963
936	970
936	974
936	977
936	979
936	980
936	998
936	1000
937	101
937	182
937	192
937	304
937	529
937	555
937	607
937	636
937	642
937	734
937	770
937	797
937	872
937	902
937	921
937	940
937	944
937	951
937	957
937	958
937	959
937	963
937	970
937	975
937	977
937	979
937	983
937	984
937	1000
938	137
938	169
938	280
938	374
938	404
938	429
938	485
938	489
938	701
938	742
938	755
938	759
938	854
938	868
938	879
938	889
938	899
938	909
938	910
938	917
938	943
938	957
938	962
938	967
938	973
938	985
938	988
938	995
938	996
939	144
939	217
939	319
939	326
939	381
939	444
939	585
939	637
939	753
939	757
939	769
939	779
939	835
939	872
939	876
939	896
939	913
939	918
939	921
939	943
939	965
939	972
939	973
939	974
939	976
939	982
939	985
939	988
939	991
939	996
940	301
940	321
940	339
940	481
940	503
940	558
940	722
940	734
940	758
940	764
940	790
940	817
940	825
940	828
940	855
940	901
940	902
940	922
940	928
940	936
940	937
940	944
940	951
940	952
940	970
940	975
940	980
940	992
940	998
940	1000
941	10
941	15
941	109
941	110
941	249
941	382
941	416
941	504
941	536
941	588
941	616
941	657
941	658
941	671
941	685
941	713
941	782
941	791
941	818
941	845
941	849
941	857
941	861
941	897
941	916
941	945
941	946
941	954
941	987
941	990
941	1000
942	29
942	59
942	104
942	133
942	149
942	256
942	277
942	453
942	648
942	662
942	721
942	766
942	805
942	812
942	831
942	834
942	838
942	842
942	859
942	869
942	886
942	924
942	935
942	945
942	961
942	964
942	978
942	983
942	992
942	993
942	995
942	999
943	38
943	318
943	374
943	395
943	442
943	464
943	585
943	587
943	650
943	668
943	756
943	810
943	854
943	867
943	868
943	874
943	879
943	889
943	893
943	901
943	909
943	914
943	917
943	931
943	938
943	939
943	967
943	973
943	981
943	988
943	991
943	996
944	86
944	139
944	239
944	300
944	356
944	417
944	472
944	532
944	541
944	553
944	555
944	558
944	627
944	636
944	723
944	790
944	797
944	825
944	898
944	912
944	921
944	936
944	937
944	940
944	958
944	959
944	963
944	976
944	977
944	980
944	984
944	998
944	1000
945	110
945	128
945	197
945	218
945	283
945	441
945	477
945	484
945	536
945	537
945	623
945	657
945	666
945	684
945	713
945	730
945	738
945	779
945	818
945	823
945	829
945	845
945	849
945	861
945	891
945	941
945	942
945	946
945	950
945	954
945	955
945	977
945	987
945	990
946	83
946	174
946	207
946	255
946	283
946	352
946	477
946	484
946	544
946	592
946	616
946	678
946	684
946	685
946	702
946	738
946	782
946	787
946	791
946	845
946	857
946	861
946	883
946	891
946	897
946	916
946	918
946	929
946	941
946	945
946	950
946	954
946	987
946	990
947	3
947	210
947	224
947	243
947	276
947	355
947	376
947	424
947	444
947	609
947	677
947	742
947	775
947	845
947	860
947	868
947	872
947	893
947	896
947	909
947	910
947	913
947	914
947	923
947	960
947	962
947	967
947	972
947	973
947	985
947	988
947	991
947	995
947	996
948	11
948	79
948	136
948	229
948	258
948	306
948	348
948	350
948	354
948	491
948	602
948	625
948	659
948	687
948	737
948	750
948	759
948	761
948	767
948	792
948	804
948	807
948	816
948	821
948	822
948	850
948	852
948	887
948	907
948	926
948	955
948	977
948	986
948	995
948	999
949	47
949	108
949	237
949	241
949	298
949	341
949	355
949	357
949	384
949	388
949	427
949	457
949	508
949	509
949	518
949	525
949	542
949	545
949	551
949	557
949	582
949	601
949	604
949	645
949	676
949	725
949	740
949	746
949	814
949	830
949	933
949	956
949	965
949	981
949	985
950	15
950	17
950	91
950	212
950	252
950	255
950	262
950	323
950	382
950	516
950	610
950	634
950	640
950	657
950	666
950	678
950	681
950	706
950	738
950	767
950	782
950	791
950	829
950	849
950	857
950	861
950	883
950	891
950	897
950	916
950	945
950	946
950	954
950	963
950	987
950	990
951	103
951	123
951	300
951	317
951	390
951	455
951	482
951	535
951	581
951	632
951	672
951	682
951	708
951	755
951	798
951	811
951	825
951	828
951	833
951	855
951	922
951	927
951	928
951	936
951	937
951	940
951	952
951	957
951	958
951	959
951	965
951	970
951	980
951	984
951	987
951	998
951	1000
952	130
952	160
952	308
952	314
952	419
952	426
952	437
952	534
952	554
952	576
952	726
952	734
952	735
952	744
952	764
952	796
952	798
952	855
952	856
952	901
952	902
952	903
952	925
952	940
952	951
952	957
952	958
952	959
952	963
952	972
952	975
952	977
952	979
952	980
952	984
952	986
952	998
952	1000
953	2
953	13
953	21
953	66
953	176
953	213
953	271
953	361
953	447
953	483
953	506
953	514
953	570
953	586
953	619
953	630
953	631
953	652
953	661
953	664
953	668
953	751
953	754
953	801
953	815
953	824
953	844
953	851
953	870
953	885
953	888
953	891
953	893
953	915
953	966
953	969
953	971
953	994
953	1000
954	18
954	35
954	52
954	91
954	218
954	360
954	467
954	484
954	511
954	521
954	537
954	539
954	540
954	562
954	587
954	588
954	623
954	634
954	657
954	706
954	730
954	738
954	791
954	818
954	823
954	829
954	845
954	849
954	857
954	861
954	883
954	916
954	929
954	941
954	945
954	946
954	950
954	957
954	987
954	990
955	40
955	112
955	162
955	199
955	231
955	265
955	287
955	309
955	354
955	370
955	530
955	533
955	550
955	561
955	564
955	572
955	646
955	659
955	667
955	731
955	741
955	750
955	761
955	763
955	765
955	780
955	792
955	816
955	820
955	821
955	822
955	832
955	850
955	852
955	875
955	920
955	926
955	945
955	948
955	962
955	986
956	39
956	45
956	194
956	223
956	246
956	247
956	307
956	365
956	401
956	462
956	538
956	539
956	569
956	571
956	577
956	593
956	594
956	597
956	608
956	614
956	618
956	621
956	628
956	762
956	768
956	785
956	788
956	795
956	808
956	817
956	832
956	875
956	892
956	894
956	903
956	904
956	911
956	919
956	930
956	949
956	968
956	989
956	994
957	272
957	288
957	292
957	426
957	482
957	553
957	555
957	579
957	620
957	646
957	679
957	735
957	758
957	787
957	796
957	802
957	826
957	833
957	855
957	864
957	881
957	898
957	900
957	901
957	921
957	924
957	925
957	936
957	937
957	938
957	951
957	952
957	954
957	958
957	959
957	970
957	975
957	977
957	979
957	984
957	997
957	998
957	1000
958	33
958	56
958	67
958	71
958	135
958	167
958	300
958	301
958	329
958	425
958	435
958	443
958	486
958	558
958	620
958	679
958	726
958	783
958	797
958	803
958	828
958	856
958	898
958	901
958	921
958	925
958	928
958	936
958	937
958	944
958	951
958	952
958	957
958	959
958	963
958	970
958	974
958	975
958	977
958	979
958	980
958	997
958	1000
959	20
959	80
959	226
959	254
959	269
959	279
959	321
959	420
959	443
959	482
959	576
959	590
959	680
959	682
959	705
959	722
959	787
959	794
959	798
959	800
959	826
959	848
959	881
959	921
959	922
959	924
959	925
959	927
959	937
959	944
959	951
959	952
959	957
959	958
959	961
959	963
959	970
959	975
959	977
959	980
959	983
959	992
959	997
959	999
960	37
960	61
960	65
960	89
960	99
960	168
960	227
960	245
960	250
960	259
960	353
960	358
960	372
960	379
960	430
960	439
960	468
960	501
960	524
960	543
960	547
960	567
960	571
960	603
960	612
960	686
960	704
960	709
960	715
960	717
960	729
960	748
960	773
960	793
960	804
960	841
960	878
960	887
960	890
960	900
960	906
960	934
960	947
960	985
961	70
961	140
961	206
961	215
961	359
961	412
961	449
961	478
961	505
961	552
961	562
961	584
961	595
961	624
961	648
961	698
961	712
961	727
961	728
961	772
961	776
961	789
961	795
961	805
961	834
961	838
961	842
961	846
961	859
961	869
961	871
961	877
961	905
961	932
961	942
961	959
961	964
961	974
961	978
961	983
961	992
961	993
961	996
961	999
961	1000
962	186
962	291
962	326
962	344
962	400
962	405
962	444
962	593
962	609
962	613
962	677
962	688
962	689
962	707
962	719
962	752
962	753
962	760
962	779
962	835
962	837
962	860
962	874
962	879
962	889
962	899
962	910
962	917
962	918
962	923
962	930
962	931
962	938
962	947
962	955
962	967
962	972
962	973
962	974
962	981
962	985
962	988
962	989
962	991
962	995
962	996
963	205
963	254
963	417
963	420
963	463
963	529
963	554
963	612
963	627
963	672
963	683
963	723
963	734
963	744
963	745
963	770
963	796
963	800
963	802
963	803
963	825
963	839
963	856
963	864
963	881
963	901
963	902
963	921
963	924
963	927
963	936
963	937
963	944
963	950
963	952
963	958
963	959
963	970
963	975
963	977
963	979
963	980
963	996
963	997
963	998
963	1000
964	141
964	163
964	332
964	343
964	359
964	432
964	474
964	499
964	510
964	515
964	526
964	565
964	647
964	648
964	660
964	661
964	662
964	692
964	696
964	712
964	724
964	727
964	728
964	776
964	805
964	812
964	838
964	846
964	859
964	869
964	871
964	882
964	886
964	905
964	907
964	912
964	932
964	935
964	942
964	961
964	977
964	978
964	992
964	993
964	995
964	999
965	34
965	47
965	54
965	72
965	113
965	147
965	188
965	220
965	237
965	251
965	257
965	264
965	285
965	341
965	369
965	384
965	434
965	456
965	457
965	461
965	473
965	500
965	508
965	509
965	518
965	520
965	541
965	542
965	545
965	551
965	557
965	582
965	601
965	645
965	670
965	676
965	725
965	746
965	830
965	866
965	933
965	939
965	949
965	951
965	981
965	990
965	996
966	24
966	53
966	126
966	134
966	191
966	336
966	350
966	375
966	454
966	492
966	563
966	570
966	586
966	617
966	619
966	626
966	630
966	631
966	639
966	649
966	661
966	674
966	700
966	701
966	736
966	751
966	754
966	774
966	785
966	801
966	839
966	843
966	844
966	847
966	858
966	860
966	862
966	884
966	885
966	888
966	953
966	969
966	971
966	978
966	982
966	988
966	999
967	50
967	173
967	232
967	261
967	347
967	362
967	405
967	421
967	451
967	469
967	471
967	485
967	566
967	578
967	613
967	629
967	635
967	655
967	713
967	739
967	753
967	755
967	775
967	835
967	860
967	876
967	886
967	889
967	896
967	899
967	913
967	914
967	917
967	931
967	938
967	943
967	947
967	962
967	972
967	973
967	974
967	976
967	985
967	986
967	988
967	995
967	996
967	997
968	105
968	181
968	219
968	267
968	307
968	330
968	365
968	369
968	409
968	410
968	475
968	538
968	569
968	571
968	575
968	577
968	597
968	606
968	608
968	614
968	621
968	673
968	693
968	708
968	724
968	758
968	762
968	768
968	781
968	786
968	788
968	806
968	808
968	817
968	827
968	865
968	875
968	882
968	887
968	892
968	894
968	903
968	904
968	911
968	919
968	930
968	956
968	989
968	994
969	14
969	28
969	53
969	121
969	124
969	178
969	281
969	314
969	328
969	334
969	337
969	383
969	423
969	448
969	454
969	479
969	574
969	596
969	626
969	649
969	674
969	701
969	732
969	733
969	736
969	751
969	754
969	774
969	785
969	839
969	841
969	847
969	851
969	858
969	862
969	870
969	873
969	883
969	884
969	885
969	888
969	908
969	915
969	916
969	953
969	966
969	979
969	982
969	997
970	22
970	46
970	74
970	192
970	368
970	439
970	445
970	482
970	532
970	560
970	573
970	599
970	627
970	641
970	642
970	672
970	686
970	726
970	770
970	790
970	794
970	798
970	802
970	811
970	825
970	836
970	854
970	855
970	881
970	902
970	920
970	921
970	924
970	936
970	937
970	940
970	951
970	957
970	958
970	959
970	963
970	975
970	979
970	980
970	983
970	984
970	990
970	997
970	998
970	1000
971	69
971	84
971	85
971	87
971	116
971	189
971	230
971	244
971	263
971	274
971	314
971	334
971	422
971	423
971	447
971	454
971	480
971	492
971	586
971	619
971	631
971	638
971	649
971	654
971	664
971	674
971	701
971	736
971	751
971	774
971	799
971	801
971	814
971	815
971	843
971	844
971	847
971	862
971	870
971	873
971	884
971	885
971	908
971	915
971	917
971	953
971	966
971	982
971	983
971	986
971	998
972	50
972	293
972	304
972	385
972	400
972	416
972	429
972	431
972	487
972	489
972	533
972	548
972	578
972	600
972	622
972	671
972	688
972	697
972	707
972	718
972	732
972	753
972	771
972	779
972	788
972	810
972	835
972	860
972	867
972	868
972	876
972	889
972	893
972	899
972	910
972	913
972	914
972	923
972	931
972	939
972	947
972	952
972	962
972	967
972	973
972	974
972	976
972	985
972	986
972	988
972	991
972	995
972	996
973	8
973	222
973	261
973	266
973	282
973	293
973	313
973	318
973	395
973	415
973	451
973	452
973	460
973	495
973	496
973	558
973	600
973	609
973	635
973	655
973	707
973	718
973	739
973	752
973	760
973	837
973	847
973	854
973	855
973	860
973	868
973	869
973	874
973	889
973	894
973	909
973	917
973	918
973	923
973	938
973	939
973	943
973	947
973	962
973	967
973	972
973	974
973	976
973	985
973	988
973	991
973	995
973	996
973	999
974	144
974	177
974	193
974	261
974	289
974	302
974	324
974	325
974	374
974	400
974	407
974	411
974	421
974	495
974	527
974	548
974	566
974	593
974	622
974	629
974	665
974	688
974	689
974	697
974	718
974	742
974	747
974	769
974	821
974	837
974	853
974	867
974	872
974	874
974	876
974	879
974	889
974	914
974	917
974	931
974	936
974	939
974	958
974	961
974	962
974	967
974	972
974	973
974	976
974	985
974	988
974	991
974	995
974	996
975	85
975	130
975	138
975	165
975	180
975	363
975	367
975	402
975	420
975	446
975	472
975	531
975	553
975	568
975	583
975	615
975	680
975	683
975	695
975	705
975	711
975	716
975	723
975	744
975	745
975	764
975	780
975	794
975	797
975	803
975	826
975	828
975	881
975	898
975	922
975	924
975	927
975	932
975	933
975	937
975	940
975	952
975	957
975	958
975	959
975	963
975	970
975	977
975	979
975	980
975	984
975	997
975	998
975	1000
976	7
976	289
976	303
976	318
976	345
976	347
976	381
976	404
976	419
976	421
976	450
976	452
976	469
976	485
976	493
976	497
976	523
976	559
976	609
976	613
976	615
976	637
976	644
976	677
976	697
976	728
976	752
976	771
976	775
976	779
976	810
976	835
976	837
976	854
976	860
976	899
976	909
976	910
976	913
976	914
976	918
976	923
976	928
976	939
976	944
976	967
976	972
976	973
976	974
976	985
976	988
976	991
976	995
976	999
976	1000
977	20
977	46
977	62
977	67
977	74
977	80
977	120
977	129
977	151
977	182
977	205
977	269
977	310
977	317
977	339
977	390
977	419
977	446
977	458
977	470
977	607
977	627
977	641
977	658
977	680
977	712
977	722
977	749
977	758
977	796
977	825
977	826
977	828
977	848
977	856
977	891
977	901
977	924
977	925
977	927
977	928
977	936
977	937
977	944
977	945
977	948
977	952
977	957
977	958
977	959
977	963
977	964
977	975
977	984
977	997
977	998
977	1000
978	6
978	77
978	95
978	104
978	150
978	157
978	195
978	226
978	277
978	312
978	380
978	394
978	414
978	449
978	474
978	503
978	510
978	515
978	554
978	621
978	624
978	647
978	656
978	660
978	692
978	693
978	694
978	696
978	698
978	702
978	710
978	728
978	769
978	772
978	776
978	789
978	795
978	831
978	834
978	838
978	842
978	846
978	869
978	871
978	877
978	905
978	912
978	932
978	935
978	942
978	961
978	964
978	966
978	983
978	992
978	993
978	994
978	999
979	26
979	49
979	56
979	243
979	269
979	308
979	322
979	351
979	377
979	390
979	396
979	417
979	455
979	516
979	553
979	558
979	560
979	590
979	599
979	605
979	632
979	673
979	694
979	703
979	758
979	770
979	787
979	790
979	794
979	796
979	797
979	802
979	803
979	833
979	836
979	848
979	855
979	856
979	866
979	868
979	898
979	924
979	925
979	927
979	928
979	936
979	937
979	952
979	957
979	958
979	963
979	969
979	970
979	975
979	980
979	982
979	984
979	997
979	1000
980	22
980	44
980	49
980	60
980	106
980	138
980	173
980	192
980	202
980	317
980	329
980	367
980	390
980	406
980	413
980	424
980	554
980	555
980	581
980	599
980	680
980	686
980	694
980	716
980	749
980	758
980	790
980	797
980	800
980	803
980	811
980	825
980	826
980	828
980	833
980	842
980	855
980	856
980	884
980	921
980	922
980	927
980	928
980	936
980	940
980	944
980	951
980	952
980	958
980	959
980	963
980	970
980	975
980	979
980	984
980	989
980	997
980	998
980	1000
981	34
981	36
981	41
981	47
981	54
981	72
981	107
981	108
981	113
981	147
981	220
981	237
981	241
981	251
981	257
981	264
981	285
981	298
981	341
981	357
981	369
981	384
981	388
981	427
981	434
981	457
981	461
981	473
981	500
981	508
981	509
981	518
981	520
981	525
981	541
981	542
981	545
981	551
981	556
981	557
981	582
981	601
981	604
981	644
981	645
981	670
981	676
981	725
981	740
981	746
981	830
981	866
981	872
981	933
981	943
981	949
981	962
981	965
981	984
981	994
982	21
982	24
982	32
982	43
982	63
982	69
982	116
982	121
982	125
982	126
982	176
982	191
982	216
982	244
982	268
982	334
982	336
982	422
982	433
982	448
982	479
982	502
982	506
982	546
982	563
982	574
982	596
982	617
982	630
982	631
982	649
982	652
982	654
982	663
982	664
982	674
982	701
982	732
982	754
982	760
982	774
982	801
982	813
982	815
982	824
982	844
982	847
982	851
982	858
982	884
982	888
982	908
982	927
982	931
982	939
982	966
982	969
982	971
982	979
982	983
983	25
983	29
983	59
983	157
983	163
983	183
983	275
983	277
983	296
983	299
983	312
983	386
983	403
983	449
983	459
983	474
983	478
983	552
983	565
983	580
983	584
983	647
983	656
983	662
983	691
983	696
983	698
983	702
983	712
983	724
983	727
983	772
983	776
983	789
983	795
983	797
983	805
983	812
983	831
983	838
983	842
983	846
983	859
983	871
983	877
983	905
983	912
983	932
983	935
983	937
983	942
983	959
983	961
983	970
983	971
983	978
983	982
983	992
983	993
983	999
984	56
984	57
984	97
984	123
984	248
984	274
984	288
984	294
984	367
984	368
984	406
984	425
984	463
984	465
984	470
984	486
984	534
984	535
984	560
984	576
984	583
984	599
984	642
984	679
984	683
984	686
984	716
984	726
984	735
984	748
984	749
984	790
984	794
984	803
984	811
984	828
984	833
984	854
984	855
984	856
984	881
984	898
984	902
984	924
984	925
984	928
984	934
984	937
984	944
984	951
984	952
984	957
984	970
984	975
984	977
984	979
984	980
984	981
984	997
984	998
984	1000
985	106
985	159
985	201
985	236
985	248
985	291
985	295
985	323
985	331
985	376
985	385
985	392
985	399
985	405
985	452
985	527
985	533
985	600
985	613
985	644
985	651
985	688
985	689
985	718
985	723
985	739
985	747
985	760
985	769
985	779
985	805
985	835
985	837
985	854
985	860
985	872
985	874
985	889
985	893
985	896
985	899
985	909
985	910
985	913
985	919
985	922
985	923
985	938
985	939
985	947
985	949
985	960
985	962
985	967
985	972
985	973
985	974
985	976
985	991
985	995
985	996
986	79
986	132
986	155
986	162
986	199
986	209
986	231
986	235
986	238
986	242
986	258
986	260
986	287
986	306
986	316
986	340
986	346
986	348
986	371
986	436
986	466
986	491
986	522
986	530
986	549
986	550
986	564
986	598
986	653
986	659
986	667
986	687
986	690
986	695
986	714
986	741
986	763
986	767
986	780
986	792
986	807
986	816
986	820
986	821
986	822
986	825
986	832
986	850
986	852
986	863
986	880
986	887
986	907
986	920
986	926
986	948
986	952
986	955
986	967
986	971
986	972
986	1000
987	18
987	19
987	23
987	30
987	35
987	52
987	81
987	102
987	109
987	128
987	143
987	148
987	212
987	252
987	255
987	262
987	333
987	360
987	389
987	431
987	441
987	460
987	461
987	467
987	477
987	504
987	536
987	537
987	544
987	550
987	588
987	592
987	610
987	623
987	640
987	657
987	678
987	684
987	685
987	706
987	713
987	730
987	738
987	791
987	818
987	829
987	845
987	848
987	849
987	857
987	861
987	864
987	883
987	891
987	897
987	916
987	929
987	941
987	945
987	946
987	950
987	951
987	954
987	990
988	7
988	68
988	169
988	175
988	177
988	179
988	190
988	215
988	224
988	273
988	291
988	325
988	366
988	405
988	407
988	444
988	460
988	585
988	589
988	591
988	607
988	629
988	644
988	650
988	651
988	671
988	675
988	677
988	752
988	756
988	771
988	775
988	777
988	782
988	837
988	867
988	868
988	874
988	876
988	879
988	884
988	889
988	893
988	902
988	910
988	913
988	918
988	923
988	931
988	938
988	939
988	943
988	947
988	962
988	966
988	967
988	972
988	973
988	974
988	976
988	991
988	995
988	996
988	998
989	4
989	27
989	39
989	45
989	60
989	93
989	100
989	105
989	181
989	194
989	219
989	223
989	225
989	267
989	307
989	330
989	333
989	342
989	365
989	401
989	409
989	410
989	430
989	459
989	462
989	475
989	538
989	539
989	569
989	575
989	577
989	594
989	597
989	606
989	618
989	621
989	628
989	673
989	708
989	743
989	762
989	768
989	781
989	786
989	788
989	806
989	808
989	817
989	827
989	865
989	875
989	882
989	892
989	894
989	901
989	903
989	904
989	911
989	919
989	930
989	956
989	962
989	968
989	980
989	992
989	994
990	10
990	15
990	17
990	18
990	19
990	78
990	81
990	102
990	117
990	128
990	148
990	171
990	184
990	197
990	204
990	207
990	212
990	249
990	252
990	352
990	382
990	389
990	431
990	441
990	467
990	504
990	516
990	521
990	536
990	537
990	540
990	544
990	588
990	592
990	610
990	616
990	623
990	634
990	640
990	678
990	681
990	684
990	685
990	713
990	730
990	750
990	776
990	782
990	818
990	823
990	829
990	845
990	849
990	861
990	883
990	891
990	897
990	900
990	929
990	941
990	945
990	946
990	950
990	954
990	965
990	970
990	987
990	995
990	997
991	122
991	131
991	165
991	175
991	179
991	196
991	201
991	232
991	280
991	295
991	313
991	324
991	326
991	344
991	351
991	374
991	392
991	408
991	460
991	471
991	487
991	489
991	497
991	517
991	559
991	589
991	591
991	615
991	637
991	644
991	675
991	677
991	689
991	718
991	719
991	731
991	739
991	755
991	756
991	757
991	766
991	771
991	775
991	777
991	851
991	867
991	874
991	875
991	876
991	889
991	893
991	896
991	899
991	909
991	913
991	914
991	917
991	939
991	943
991	947
991	962
991	972
991	973
991	974
991	976
991	985
991	988
991	992
991	995
991	996
992	1
992	51
992	84
992	96
992	98
992	115
992	127
992	141
992	149
992	154
992	185
992	195
992	275
992	286
992	296
992	359
992	373
992	386
992	398
992	403
992	432
992	459
992	478
992	494
992	499
992	510
992	562
992	580
992	584
992	595
992	624
992	643
992	647
992	656
992	691
992	710
992	712
992	721
992	724
992	727
992	728
992	766
992	772
992	784
992	789
992	790
992	812
992	819
992	838
992	846
992	859
992	869
992	877
992	886
992	905
992	912
992	932
992	935
992	940
992	942
992	959
992	961
992	964
992	978
992	983
992	989
992	991
992	993
992	998
992	999
993	6
993	51
993	70
993	95
993	127
993	133
993	141
993	142
993	198
993	208
993	299
993	311
993	335
993	343
993	412
993	432
993	453
993	474
993	494
993	496
993	499
993	503
993	505
993	562
993	565
993	580
993	624
993	643
993	647
993	648
993	660
993	662
993	670
993	693
993	696
993	698
993	702
993	720
993	721
993	724
993	727
993	728
993	766
993	768
993	772
993	776
993	784
993	792
993	795
993	805
993	812
993	819
993	820
993	834
993	842
993	846
993	871
993	905
993	907
993	912
993	932
993	935
993	942
993	961
993	964
993	978
993	983
993	992
993	999
993	1000
994	4
994	27
994	48
994	60
994	93
994	100
994	105
994	181
994	200
994	219
994	223
994	225
994	246
994	247
994	267
994	278
994	330
994	333
994	342
994	353
994	365
994	401
994	409
994	410
994	462
994	475
994	538
994	539
994	569
994	571
994	577
994	594
994	597
994	606
994	608
994	614
994	618
994	621
994	628
994	673
994	685
994	708
994	729
994	743
994	762
994	768
994	781
994	786
994	788
994	806
994	808
994	817
994	827
994	830
994	865
994	875
994	882
994	888
994	892
994	894
994	903
994	904
994	911
994	919
994	930
994	953
994	956
994	968
994	978
994	981
994	989
995	3
995	119
995	159
995	193
995	201
995	266
995	273
995	290
995	302
995	313
995	323
995	326
995	347
995	362
995	385
995	393
995	404
995	408
995	424
995	437
995	450
995	451
995	469
995	496
995	533
995	559
995	591
995	613
995	622
995	644
995	651
995	655
995	665
995	697
995	707
995	718
995	719
995	747
995	752
995	756
995	760
995	771
995	775
995	791
995	819
995	854
995	860
995	872
995	874
995	879
995	889
995	896
995	909
995	910
995	913
995	914
995	917
995	923
995	931
995	938
995	942
995	947
995	948
995	962
995	964
995	967
995	972
995	973
995	974
995	976
995	985
995	988
995	990
995	991
995	996
995	998
996	3
996	5
996	68
996	119
996	131
996	152
996	159
996	160
996	177
996	232
996	236
996	282
996	295
996	303
996	340
996	345
996	347
996	397
996	399
996	407
996	416
996	429
996	442
996	450
996	495
996	517
996	566
996	578
996	587
996	600
996	609
996	629
996	635
996	637
996	644
996	691
996	697
996	718
996	719
996	739
996	752
996	755
996	757
996	769
996	771
996	779
996	802
996	810
996	835
996	858
996	860
996	867
996	868
996	872
996	874
996	876
996	893
996	909
996	910
996	913
996	917
996	918
996	931
996	938
996	939
996	943
996	947
996	961
996	962
996	963
996	965
996	967
996	972
996	973
996	974
996	985
996	988
996	991
996	995
997	57
997	67
997	103
997	146
997	156
997	161
997	239
997	279
997	284
997	292
997	327
997	363
997	391
997	402
997	413
997	426
997	437
997	443
997	470
997	481
997	490
997	531
997	532
997	534
997	535
997	568
997	573
997	576
997	579
997	581
997	607
997	611
997	632
997	636
997	642
997	669
997	672
997	705
997	716
997	734
997	735
997	749
997	751
997	764
997	770
997	800
997	802
997	803
997	811
997	825
997	826
997	828
997	831
997	833
997	848
997	856
997	864
997	870
997	901
997	902
997	922
997	924
997	925
997	927
997	928
997	935
997	957
997	958
997	959
997	963
997	967
997	969
997	970
997	975
997	977
997	979
997	980
997	984
997	990
997	998
997	1000
998	57
998	71
998	80
998	90
998	118
998	129
998	146
998	151
998	156
998	211
998	301
998	310
998	327
998	363
998	377
998	391
998	396
998	425
998	443
998	445
998	446
998	472
998	490
998	529
998	560
998	573
998	579
998	599
998	605
998	607
998	611
998	620
998	627
998	641
998	663
998	682
998	711
998	722
998	726
998	735
998	745
998	758
998	764
998	790
998	797
998	798
998	802
998	803
998	825
998	828
998	836
998	848
998	850
998	862
998	864
998	881
998	899
998	902
998	921
998	922
998	924
998	925
998	927
998	936
998	940
998	944
998	951
998	952
998	957
998	963
998	970
998	971
998	975
998	977
998	980
998	984
998	988
998	992
998	995
998	997
998	1000
999	1
999	16
999	25
999	29
999	58
999	70
999	77
999	133
999	140
999	142
999	149
999	150
999	154
999	183
999	187
999	198
999	234
999	256
999	299
999	311
999	312
999	332
999	359
999	373
999	394
999	398
999	412
999	414
999	432
999	449
999	453
999	459
999	464
999	494
999	515
999	552
999	562
999	565
999	584
999	595
999	624
999	643
999	648
999	691
999	693
999	700
999	702
999	710
999	712
999	720
999	724
999	766
999	772
999	776
999	784
999	795
999	805
999	812
999	819
999	831
999	834
999	838
999	846
999	859
999	869
999	871
999	877
999	886
999	905
999	912
999	928
999	935
999	942
999	948
999	959
999	961
999	964
999	966
999	973
999	976
999	978
999	983
999	992
999	993
1000	42
1000	49
1000	90
1000	103
1000	129
1000	130
1000	139
1000	221
1000	243
1000	294
1000	317
1000	339
1000	396
1000	417
1000	426
1000	437
1000	458
1000	531
1000	553
1000	554
1000	558
1000	568
1000	581
1000	590
1000	600
1000	611
1000	632
1000	636
1000	640
1000	642
1000	669
1000	680
1000	682
1000	694
1000	699
1000	703
1000	705
1000	711
1000	716
1000	722
1000	723
1000	726
1000	735
1000	744
1000	745
1000	764
1000	770
1000	787
1000	796
1000	797
1000	800
1000	802
1000	811
1000	825
1000	833
1000	855
1000	856
1000	864
1000	881
1000	898
1000	901
1000	921
1000	922
1000	925
1000	926
1000	927
1000	928
1000	936
1000	937
1000	940
1000	941
1000	944
1000	951
1000	952
1000	953
1000	957
1000	958
1000	961
1000	963
1000	970
1000	975
1000	976
1000	977
1000	979
1000	980
1000	984
1000	986
1000	993
1000	997
1000	998
