1	950
1	976
1	992
2	170
2	311
2	432
3	879
3	985
3	990
4	987
4	994
4	996
5	797
5	979
5	1000
6	717
6	734
6	970
7	956
7	978
7	983
8	994
8	996
8	999
9	309
9	974
9	998
10	972
10	981
10	990
11	307
11	909
11	979
12	908
12	920
12	975
13	338
13	997
13	999
14	915
14	976
14	992
15	778
15	937
15	979
16	764
16	991
16	993
17	960
17	961
17	1000
18	935
18	985
18	991
19	841
19	857
19	995
20	805
20	910
20	993
21	198
21	944
21	985
22	438
22	953
22	980
23	778
23	978
23	979
24	402
24	883
24	931
25	856
25	966
25	992
26	894
26	983
26	1000
27	922
27	969
27	995
28	987
28	997
28	999
29	972
29	981
29	990
30	841
30	991
30	995
31	223
31	908
31	987
32	664
32	904
32	908
33	60
33	961
33	995
34	167
34	457
34	969
35	376
35	594
35	998
36	963
36	986
36	990
37	987
37	994
37	997
38	969
38	971
38	993
39	908
39	939
39	964
40	460
40	613
40	1000
41	977
41	984
41	999
42	646
42	761
42	985
43	984
43	996
43	999
44	618
44	941
44	964
45	769
45	934
45	998
46	323
46	768
46	874
47	281
47	786
47	948
48	973
48	982
48	995
49	722
49	982
49	995
50	985
50	991
50	993
51	264
51	940
51	998
52	249
52	667
52	765
53	981
53	986
53	990
54	482
54	761
54	993
55	895
55	943
55	998
56	972
56	986
56	990
57	929
57	974
57	998
58	934
58	960
58	983
59	789
59	910
59	937
60	33
60	423
60	955
61	213
61	829
61	961
62	500
62	559
62	956
63	218
63	827
63	839
64	459
64	982
64	993
65	116
65	590
65	949
66	806
66	954
66	985
67	90
67	739
67	992
68	256
68	870
68	992
69	994
69	996
69	999
70	371
70	388
70	900
71	84
71	976
71	992
72	446
72	943
72	998
73	860
73	976
73	992
74	947
74	981
74	986
75	605
75	935
75	991
76	991
76	993
76	995
77	890
77	973
77	995
78	777
78	909
78	970
79	932
79	968
79	973
80	958
80	985
80	989
81	942
81	951
81	997
82	968
82	969
82	995
83	467
83	753
83	998
84	71
84	335
84	876
85	962
85	967
85	968
86	874
86	986
86	990
87	632
87	927
87	941
88	180
88	845
88	1000
89	773
89	809
89	978
90	67
90	726
90	976
91	438
91	620
91	778
92	659
92	801
92	817
93	462
93	822
93	924
94	558
94	934
94	1000
95	984
95	987
95	990
96	994
96	997
96	999
97	247
97	743
97	980
98	980
98	997
98	999
99	148
99	680
99	850
100	987
100	996
100	999
101	395
101	594
101	998
102	641
102	984
102	999
103	988
103	995
103	999
104	949
104	974
104	998
105	947
105	963
105	981
106	558
106	931
106	998
107	941
107	967
107	968
108	812
108	933
108	950
109	913
109	965
109	991
110	847
110	891
110	993
111	903
111	949
111	998
112	652
112	765
112	974
113	480
113	728
113	928
114	380
114	897
114	956
115	912
115	978
115	1000
116	65
116	697
116	896
117	935
117	993
117	995
118	398
118	941
118	967
119	695
119	866
119	980
120	478
120	961
120	979
121	916
121	963
121	990
122	282
122	878
122	980
123	789
123	930
123	961
124	826
124	961
124	980
125	863
125	983
125	1000
126	969
126	989
126	993
127	981
127	986
127	990
128	462
128	822
128	947
129	786
129	805
129	983
130	596
130	833
130	932
131	160
131	457
131	995
132	973
132	980
132	997
133	771
133	779
133	941
134	791
134	952
134	1000
135	971
135	982
135	995
136	433
136	928
136	939
137	971
137	985
137	995
138	828
138	857
138	981
139	923
139	967
139	980
140	326
140	936
140	968
141	559
141	817
141	961
142	886
142	954
142	969
143	545
143	904
143	938
144	948
144	970
144	1000
145	621
145	737
145	973
146	707
146	781
146	976
147	944
147	989
147	993
148	99
148	797
148	983
149	729
149	966
149	992
150	991
150	993
150	995
151	959
151	969
151	993
152	977
152	994
152	999
153	537
153	914
153	1000
154	587
154	904
154	908
155	694
155	696
155	867
156	958
156	989
156	993
157	237
157	720
157	891
158	288
158	964
158	1000
159	536
159	644
159	973
160	131
160	993
160	995
161	943
161	974
161	998
162	982
162	993
162	1000
163	191
163	475
163	975
164	954
164	985
164	994
165	564
165	967
165	968
166	821
166	896
166	998
167	34
167	935
167	985
168	497
168	854
168	968
169	950
169	976
169	992
170	2
170	914
170	956
171	947
171	981
171	990
172	553
172	692
172	978
173	833
173	854
173	932
174	917
174	944
174	972
175	870
175	950
175	992
176	976
176	981
176	992
177	900
177	989
177	993
178	747
178	977
178	999
179	458
179	946
179	975
180	88
180	897
180	983
181	764
181	971
181	989
182	930
182	973
182	980
183	775
183	908
183	946
184	691
184	941
184	962
185	987
185	997
185	999
186	803
186	811
186	833
187	827
187	923
187	945
188	250
188	598
188	961
189	429
189	526
189	973
190	620
190	983
190	1000
191	163
191	619
191	938
192	781
192	966
192	992
193	981
193	983
193	990
194	546
194	590
194	998
195	600
195	760
195	882
196	947
196	963
196	990
197	971
197	991
197	993
198	21
198	969
198	991
199	576
199	636
199	975
200	984
200	994
200	999
201	944
201	969
201	993
202	692
202	850
202	914
203	770
203	976
203	992
204	410
204	989
204	993
205	862
205	958
205	989
206	916
206	986
206	990
207	735
207	984
207	993
208	943
208	949
208	998
209	916
209	981
209	986
210	777
210	948
210	1000
211	583
211	842
211	989
212	237
212	513
212	960
213	61
213	750
213	979
214	439
214	967
214	968
215	917
215	972
215	990
216	987
216	994
216	999
217	952
217	979
217	1000
218	63
218	826
218	918
219	988
219	994
219	996
220	303
220	370
220	755
221	566
221	971
221	985
222	538
222	886
222	982
223	31
223	719
223	966
224	962
224	967
224	968
225	788
225	969
225	971
226	954
226	969
226	971
227	864
227	958
227	982
228	988
228	996
228	997
229	963
229	981
229	990
230	840
230	986
230	990
231	960
231	979
231	1000
232	887
232	969
232	991
233	937
233	958
233	965
234	906
234	911
234	946
235	776
235	988
235	996
236	852
236	930
236	983
237	157
237	212
237	662
238	865
238	964
238	999
239	987
239	997
239	999
240	492
240	767
240	908
241	806
241	944
241	982
242	987
242	988
242	994
243	984
243	994
243	997
244	578
244	650
244	724
245	326
245	820
245	871
246	996
246	997
246	999
247	97
247	519
247	939
248	915
248	966
248	992
249	52
249	943
249	949
250	188
250	855
250	952
251	917
251	965
251	983
252	318
252	891
252	944
253	305
253	823
253	992
254	765
254	896
254	998
255	535
255	896
255	998
256	68
256	985
256	991
257	392
257	796
257	936
258	871
258	967
258	968
259	509
259	973
259	980
260	927
260	962
260	984
261	872
261	963
261	990
262	977
262	984
262	996
263	961
263	965
263	983
264	51
264	589
264	878
265	947
265	986
265	990
266	743
266	885
266	953
267	648
267	863
267	1000
268	382
268	797
268	894
269	412
269	953
269	980
270	895
270	958
270	982
271	780
271	949
271	998
272	575
272	698
272	883
273	561
273	994
273	997
274	988
274	997
274	999
275	836
275	974
275	998
276	510
276	949
276	998
277	859
277	933
277	976
278	913
278	955
278	989
279	883
279	899
279	964
280	950
280	985
280	992
281	47
281	894
281	959
282	122
282	881
282	998
283	674
283	976
283	992
284	597
284	974
284	998
285	809
285	970
285	1000
286	899
286	964
286	975
287	642
287	747
287	933
288	158
288	894
288	979
289	779
289	882
289	998
290	966
290	976
290	992
291	955
291	969
291	991
292	540
292	936
292	962
293	545
293	906
293	908
294	730
294	810
294	993
295	517
295	889
295	945
296	773
296	969
296	1000
297	665
297	991
297	995
298	780
298	953
298	998
299	582
299	989
299	993
300	721
300	936
300	962
301	899
301	906
301	990
302	991
302	994
302	996
302	997
303	220
303	678
303	882
303	998
304	542
304	695
304	897
304	928
305	253
305	573
305	976
305	992
306	402
306	909
306	910
306	960
307	11
307	736
307	926
307	979
308	683
308	943
308	949
308	974
309	9
309	911
309	931
309	938
310	372
310	665
310	983
310	1000
311	2
311	617
311	926
311	970
312	323
312	931
312	946
312	964
313	542
313	704
313	902
313	906
314	431
314	850
314	863
314	1000
315	977
315	984
315	988
315	999
316	676
316	731
316	966
316	992
317	963
317	981
317	986
317	990
318	252
318	855
318	903
318	998
319	896
319	949
319	974
319	998
320	422
320	963
320	965
320	970
321	933
321	966
321	976
321	992
322	518
322	914
322	978
322	983
323	46
323	312
323	876
323	938
324	926
324	987
324	994
324	999
325	609
325	906
325	919
325	975
326	140
326	245
326	771
326	968
327	972
327	981
327	986
327	990
328	585
328	747
328	976
328	992
329	703
329	972
329	981
329	986
330	987
330	996
330	997
330	999
331	849
331	949
331	976
331	992
332	518
332	581
332	715
332	978
333	865
333	938
333	964
333	975
334	977
334	984
334	987
334	997
335	84
335	933
335	950
335	966
336	910
336	984
336	997
336	999
337	528
337	926
337	978
337	1000
338	13
338	869
338	907
338	931
339	741
339	936
339	967
339	968
340	925
340	947
340	986
340	990
341	426
341	868
341	966
341	992
342	725
342	792
342	801
342	965
343	892
343	972
343	986
343	990
344	954
344	982
344	985
344	991
345	420
345	890
345	957
345	986
346	862
346	982
346	985
346	994
347	359
347	913
347	971
347	989
348	972
348	981
348	986
348	990
349	696
349	866
349	929
349	957
350	719
350	876
350	907
350	911
351	531
351	868
351	966
351	992
352	715
352	725
352	965
352	1000
353	623
353	783
353	943
353	998
354	804
354	863
354	948
354	998
355	935
355	982
355	991
355	992
356	972
356	981
356	986
356	990
357	758
357	815
357	982
357	993
358	994
358	996
358	997
358	999
359	347
359	803
359	924
359	967
360	581
360	629
360	965
360	979
361	984
361	996
361	997
361	999
362	963
362	972
362	981
362	990
363	551
363	767
363	907
363	946
364	389
364	963
364	986
364	990
365	988
365	994
365	996
365	997
366	984
366	988
366	996
366	999
367	853
367	859
367	915
367	976
368	671
368	884
368	974
368	998
369	944
369	982
369	989
369	993
370	220
370	855
370	940
370	998
371	70
371	852
371	956
371	1000
372	310
372	648
372	777
372	978
373	538
373	791
373	817
373	852
374	963
374	986
374	990
374	999
375	784
375	972
375	986
375	990
376	35
376	884
376	927
376	998
377	642
377	739
377	849
377	992
378	904
378	911
378	964
378	975
379	897
379	908
379	937
379	978
380	114
380	930
380	965
380	978
381	431
381	812
381	849
381	992
382	268
382	952
382	965
382	979
383	875
383	936
383	967
383	978
384	453
384	941
384	962
384	967
385	772
385	937
385	948
385	965
386	600
386	699
386	949
386	998
387	715
387	829
387	934
387	994
388	70
388	749
388	945
388	970
389	364
389	864
389	982
389	991
390	988
390	994
390	996
390	999
391	452
391	961
391	970
391	983
392	257
392	398
392	824
392	927
393	947
393	972
393	986
393	990
394	988
394	996
394	997
394	999
395	101
395	971
395	989
395	993
396	795
396	943
396	974
396	998
397	636
397	740
397	883
397	964
398	118
398	392
398	932
398	962
399	972
399	981
399	986
399	990
400	710
400	878
400	978
400	983
401	596
401	738
401	803
401	968
402	24
402	306
402	938
402	975
403	987
403	996
403	997
403	999
404	652
404	753
404	940
404	998
405	577
405	877
405	973
405	980
406	720
406	961
406	983
406	1000
407	421
407	795
407	940
407	998
408	626
408	764
408	958
408	993
409	910
409	956
409	970
409	1000
410	204
410	624
410	886
410	891
411	886
411	917
411	982
411	995
412	269
412	743
412	945
412	957
413	465
413	719
413	773
413	975
414	965
414	994
414	996
414	997
415	977
415	984
415	996
415	997
416	707
416	739
416	849
416	966
417	984
417	988
417	996
417	997
418	687
418	966
418	976
418	992
419	829
419	847
419	900
419	989
420	345
420	556
420	826
420	867
421	407
421	949
421	974
421	998
422	320
422	910
422	919
422	1000
423	60
423	982
423	985
423	995
424	994
424	996
424	998
424	999
425	985
425	989
425	991
425	993
426	341
426	642
426	915
426	992
427	988
427	994
427	996
427	999
428	942
428	987
428	996
428	999
429	189
429	851
429	957
429	973
430	495
430	899
430	913
430	982
431	314
431	381
431	564
431	992
432	2
432	513
432	911
432	983
433	136
433	520
433	798
433	929
434	567
434	574
434	682
434	976
435	506
435	931
435	946
435	964
436	586
436	628
436	953
436	980
437	859
437	916
437	966
437	992
438	22
438	91
438	791
438	1000
439	214
439	487
439	936
439	962
440	603
440	684
440	958
440	995
441	562
441	755
441	783
441	998
442	640
442	738
442	964
442	975
443	979
443	982
443	989
443	993
444	879
444	951
444	982
444	989
445	987
445	988
445	997
445	999
446	72
446	948
446	956
446	1000
447	731
447	910
447	919
447	1000
448	987
448	988
448	996
448	999
449	925
449	981
449	986
449	990
450	699
450	761
450	940
450	998
451	807
451	940
451	974
451	998
452	391
452	934
452	937
452	1000
453	384
453	540
453	621
453	875
454	659
454	910
454	919
454	960
455	707
455	919
455	948
455	1000
456	966
456	974
456	976
456	992
457	34
457	131
457	985
457	993
458	179
458	576
458	902
458	975
459	64
459	963
459	986
459	990
460	40
460	513
460	659
460	724
461	982
461	994
461	996
461	997
462	93
462	128
462	871
462	967
463	927
463	932
463	962
463	968
464	723
464	793
464	976
464	992
465	413
465	911
465	946
465	964
466	899
466	920
466	964
466	975
467	83
467	855
467	974
467	998
468	977
468	988
468	996
468	997
469	691
469	811
469	901
469	968
469	969
470	984
470	987
470	994
470	996
470	999
471	850
471	978
471	979
471	983
471	1000
472	618
472	628
472	742
472	835
472	890
473	630
473	948
473	970
473	978
473	997
474	800
474	972
474	981
474	986
474	990
475	163
475	876
475	908
475	920
475	931
476	649
476	656
476	892
476	981
476	990
477	984
477	987
477	988
477	996
477	999
478	120
478	792
478	909
478	919
478	978
479	539
479	587
479	890
479	923
479	929
480	113
480	835
480	866
480	953
480	957
481	801
481	862
481	959
481	985
481	989
482	54
482	500
482	722
482	922
482	955
483	922
483	944
483	982
483	989
483	993
484	866
484	929
484	939
484	975
484	980
485	899
485	902
485	908
485	920
485	964
486	765
486	825
486	903
486	974
486	998
487	439
487	843
487	921
487	962
487	967
488	497
488	963
488	972
488	981
488	990
489	764
489	880
489	981
489	986
489	990
490	693
490	742
490	858
490	929
490	951
491	771
491	843
491	901
491	939
491	941
492	240
492	642
492	723
492	976
492	992
493	988
493	994
493	996
493	997
493	999
494	826
494	954
494	982
494	985
494	989
495	430
495	958
495	982
495	989
495	991
496	788
496	836
496	958
496	991
496	995
497	168
497	488
497	843
497	936
497	967
498	925
498	963
498	981
498	986
498	990
499	863
499	954
499	971
499	982
499	993
500	62
500	482
500	805
500	970
500	978
501	652
501	934
501	970
501	979
501	983
502	626
502	847
502	861
502	989
502	991
503	633
503	805
503	852
503	971
503	983
504	977
504	994
504	996
504	997
504	999
505	986
505	994
505	996
505	997
505	999
506	435
506	556
506	581
506	690
506	1000
507	885
507	886
507	959
507	991
507	995
508	683
508	858
508	923
508	945
508	973
509	259
509	666
509	685
509	929
509	945
510	276
510	579
510	851
510	974
510	998
511	905
511	977
511	994
511	997
511	999
512	535
512	734
512	782
512	909
512	910
513	212
513	432
513	460
513	978
513	1000
514	852
514	897
514	934
514	961
514	978
515	568
515	935
515	985
515	993
515	995
516	963
516	972
516	981
516	986
516	990
517	295
517	519
517	939
517	953
517	974
518	322
518	332
518	680
518	970
518	1000
519	247
519	517
519	889
519	918
519	980
520	433
520	728
520	923
520	939
520	980
521	988
521	994
521	996
521	997
521	999
522	853
522	905
522	915
522	966
522	992
523	762
523	836
523	885
523	982
523	993
524	600
524	795
524	878
524	943
524	998
525	745
525	908
525	911
525	920
525	975
526	189
526	628
526	928
526	973
526	980
527	987
527	988
527	996
527	997
527	999
528	337
528	626
528	806
528	836
528	995
529	788
529	954
529	959
529	991
529	995
530	606
530	887
530	944
530	985
530	995
531	351
531	804
531	912
531	970
531	1000
532	879
532	922
532	943
532	985
532	995
533	772
533	892
533	972
533	981
533	990
534	592
534	935
534	971
534	993
534	996
535	255
535	512
535	817
535	970
535	1000
536	159
536	644
536	892
536	957
536	980
537	153
537	764
537	969
537	991
537	993
538	222
538	373
538	885
538	959
538	969
539	479
539	711
539	794
539	818
539	939
540	292
540	453
540	631
540	741
540	967
541	845
541	951
541	988
541	994
541	999
542	304
542	313
542	683
542	827
542	980
543	599
543	607
543	881
543	903
543	998
544	843
544	875
544	924
544	927
544	967
545	143
545	293
545	608
545	911
545	975
546	194
546	753
546	878
546	949
546	998
547	987
547	988
547	996
547	997
547	999
548	838
548	866
548	945
548	953
548	980
549	747
549	859
549	912
549	976
549	992
550	645
550	820
550	924
550	936
550	967
551	363
551	767
551	869
551	931
551	938
552	917
552	947
552	981
552	986
552	990
553	172
553	872
553	972
553	986
553	990
554	674
554	821
554	933
554	966
554	992
555	636
555	640
555	846
555	908
555	975
556	420
556	506
556	914
556	952
556	979
557	892
557	956
557	961
557	979
557	1000
558	94
558	106
558	769
558	974
558	998
559	62
559	141
559	850
559	925
559	979
560	644
560	798
560	939
560	957
560	980
561	273
561	855
561	949
561	974
561	998
562	441
562	714
562	824
562	941
562	967
563	612
563	719
563	946
563	964
563	975
564	165
564	431
564	860
564	950
564	992
565	951
565	962
565	987
565	997
565	999
566	221
566	813
566	934
566	978
566	1000
567	434
567	726
567	849
567	966
567	992
568	515
568	994
568	996
568	997
568	999
569	840
569	856
569	888
569	917
569	981
569	986
570	701
570	822
570	869
570	932
570	967
570	968
571	826
571	839
571	945
571	953
571	973
571	980
572	710
572	771
572	804
572	912
572	961
572	1000
573	305
573	731
573	787
573	860
573	868
573	966
574	434
574	793
574	915
574	976
574	983
574	992
575	272
575	614
575	646
575	754
575	920
575	975
576	199
576	458
576	719
576	865
576	964
576	975
577	405
577	793
577	866
577	939
577	945
577	973
578	244
578	611
578	887
578	900
578	959
578	995
579	510
579	878
579	882
579	943
579	974
579	998
580	830
580	861
580	887
580	900
580	982
580	985
581	332
581	360
581	506
581	804
581	926
581	979
582	299
582	821
582	868
582	915
582	976
582	992
583	211
583	663
583	873
583	954
583	971
583	989
584	874
584	892
584	917
584	972
584	981
584	986
585	328
585	770
585	950
585	966
585	976
585	992
586	436
586	656
586	826
586	851
586	953
586	989
587	154
587	479
587	742
587	945
587	973
587	980
588	891
588	935
588	954
588	959
588	982
588	991
589	264
589	779
589	824
589	871
589	924
589	941
590	65
590	194
590	881
590	943
590	996
590	998
591	637
591	947
591	963
591	972
591	986
591	990
592	534
592	861
592	955
592	982
592	985
592	989
593	804
593	937
593	952
593	961
593	970
593	986
594	35
594	101
594	650
594	896
594	940
594	998
595	783
595	866
595	877
595	889
595	957
595	973
596	130
596	401
596	621
596	679
596	811
596	962
597	284
597	699
597	855
597	943
597	974
597	998
598	188
598	613
598	831
598	832
598	965
598	1000
599	543
599	623
599	783
599	796
599	903
599	998
600	195
600	386
600	524
600	875
600	974
600	998
601	807
601	808
601	850
601	952
601	965
601	979
602	703
602	828
602	959
602	970
602	971
602	991
603	440
603	879
603	985
603	989
603	993
603	995
604	785
604	885
604	946
604	989
604	993
604	995
605	75
605	872
605	935
605	971
605	991
605	993
606	530
606	977
606	984
606	994
606	996
606	997
607	543
607	760
607	943
607	950
607	974
607	998
608	545
608	719
608	883
608	964
608	974
608	975
609	325
609	646
609	701
609	911
609	920
609	946
610	725
610	856
610	916
610	981
610	986
610	990
611	578
611	748
611	954
611	959
611	969
611	995
612	563
612	718
612	865
612	902
612	920
612	975
613	40
613	598
613	914
613	919
613	937
613	983
614	575
614	704
614	709
614	902
614	946
614	975
615	638
615	935
615	958
615	985
615	991
615	995
616	984
616	987
616	988
616	994
616	997
616	999
617	311
617	760
617	881
617	884
617	940
617	998
618	44
618	472
618	705
618	899
618	964
618	975
619	191
619	842
619	969
619	985
619	989
619	995
620	91
620	190
620	792
620	795
620	961
620	979
621	145
621	453
621	596
621	803
621	924
621	967
622	727
622	778
622	791
622	831
622	934
622	952
623	353
623	599
623	697
623	896
623	974
623	998
624	410
624	788
624	982
624	985
624	991
624	995
625	796
625	811
625	833
625	941
625	962
625	968
626	408
626	502
626	528
626	841
626	954
626	971
627	884
627	944
627	955
627	985
627	991
627	995
628	436
628	472
628	526
628	953
628	978
628	980
629	360
629	926
629	970
629	979
629	983
629	992
630	473
630	708
630	750
630	813
630	909
630	952
631	540
631	942
631	984
631	994
631	996
631	999
632	87
632	796
632	875
632	962
632	968
632	985
633	503
633	643
633	749
633	970
633	978
633	979
634	873
634	984
634	987
634	996
634	997
634	999
635	889
635	890
635	907
635	918
635	953
635	980
636	199
636	397
636	555
636	655
636	709
636	865
636	911
637	591
637	856
637	965
637	972
637	981
637	986
637	990
638	615
638	977
638	987
638	988
638	994
638	996
638	997
639	722
639	868
639	885
639	900
639	954
639	982
639	989
640	442
640	555
640	899
640	911
640	938
640	964
640	975
641	102
641	731
641	770
641	781
641	950
641	976
641	992
642	287
642	377
642	426
642	492
642	781
642	868
642	992
643	633
643	952
643	960
643	978
643	981
643	983
643	1000
644	159
644	536
644	560
644	877
644	953
644	973
644	985
645	550
645	738
645	811
645	822
645	943
645	967
645	968
646	42
646	575
646	609
646	704
646	740
646	931
646	975
647	800
647	913
647	944
647	958
647	971
647	985
647	989
648	267
648	372
648	773
648	842
648	930
648	948
648	979
649	476
649	963
649	972
649	981
649	986
649	990
649	994
650	244
650	594
650	839
650	918
650	939
650	973
650	980
651	977
651	984
651	988
651	994
651	996
651	997
651	999
652	112
652	404
652	501
652	795
652	896
652	974
652	998
653	796
653	822
653	919
653	932
653	936
653	962
653	967
654	893
654	977
654	984
654	987
654	994
654	996
654	999
655	636
655	709
655	833
655	869
655	883
655	902
655	964
656	476
656	586
656	835
656	929
656	953
656	957
656	980
657	848
657	917
657	963
657	972
657	981
657	986
657	990
658	799
658	960
658	963
658	972
658	981
658	986
658	990
659	92
659	454
659	460
659	961
659	970
659	983
659	1000
660	765
660	878
660	884
660	943
660	949
660	974
660	998
661	716
661	828
661	862
661	895
661	954
661	982
661	989
662	237
662	772
662	937
662	956
662	960
662	965
662	979
663	583
663	684
663	791
663	879
663	886
663	969
663	995
664	32
664	745
664	869
664	883
664	964
664	975
664	999
665	297
665	310
665	913
665	959
665	982
665	991
665	995
666	509
666	711
666	712
666	818
666	826
666	918
666	980
667	52
667	881
667	884
667	949
667	952
667	974
667	998
668	984
668	987
668	988
668	994
668	996
668	997
668	999
669	977
669	984
669	987
669	988
669	994
669	997
669	999
670	698
670	718
670	869
670	876
670	904
670	931
670	938
671	368
671	760
671	780
671	936
671	949
671	974
671	998
672	682
672	853
672	860
672	870
672	950
672	976
672	992
673	755
673	987
673	988
673	994
673	996
673	997
673	999
674	283
674	554
674	759
674	793
674	821
674	966
674	992
675	977
675	981
675	984
675	988
675	996
675	997
675	999
676	316
676	853
676	950
676	966
676	971
676	976
676	992
677	678
677	753
677	760
677	884
677	943
677	974
677	998
678	303
678	677
678	795
678	881
678	884
678	943
678	998
679	596
679	779
679	901
679	924
679	941
679	967
679	1000
680	99
680	518
680	809
680	937
680	965
680	983
680	1000
681	984
681	985
681	987
681	994
681	996
681	997
681	999
682	434
682	672
682	770
682	860
682	950
682	979
682	992
683	308
683	508
683	542
683	790
683	929
683	953
683	973
684	440
684	663
684	864
684	885
684	989
684	993
684	995
685	509
685	790
685	801
685	953
685	957
685	973
685	980
686	985
686	987
686	988
686	994
686	996
686	997
686	999
687	418
687	875
687	927
687	932
687	941
687	962
687	968
688	921
688	977
688	987
688	988
688	994
688	997
688	999
689	855
689	882
689	940
689	949
689	974
689	988
689	998
690	506
690	801
690	914
690	961
690	965
690	996
690	1000
691	184
691	469
691	871
691	901
691	936
691	941
691	967
692	172
692	202
692	708
692	817
692	846
692	952
692	960
693	490
693	830
693	870
693	877
693	890
693	953
693	957
694	155
694	951
694	977
694	984
694	994
694	996
694	997
694	999
695	119
695	304
695	743
695	866
695	923
695	953
695	957
695	980
696	155
696	349
696	830
696	851
696	928
696	945
696	959
696	980
697	116
697	623
697	728
697	882
697	940
697	949
697	974
697	998
698	272
698	670
698	704
698	865
698	907
698	920
698	946
698	975
699	386
699	450
699	597
699	881
699	940
699	943
699	979
699	998
700	795
700	881
700	882
700	896
700	902
700	940
700	974
700	998
701	570
701	609
701	820
701	843
701	901
701	932
701	962
701	968
702	708
702	763
702	792
702	813
702	948
702	961
702	989
702	1000
703	329
703	602
703	774
703	954
703	959
703	969
703	989
703	995
704	313
704	614
704	646
704	698
704	734
704	876
704	946
704	964
705	618
705	767
705	902
705	906
705	938
705	946
705	975
705	990
706	895
706	977
706	984
706	987
706	988
706	994
706	996
706	999
707	146
707	416
707	455
707	812
707	859
707	933
707	966
707	992
708	630
708	692
708	702
708	797
708	878
708	960
708	983
708	1000
709	614
709	636
709	655
709	869
709	881
709	907
709	946
709	975
710	400
710	572
710	736
710	871
710	912
710	960
710	979
710	983
711	539
711	666
711	847
711	877
711	928
711	929
711	939
711	980
712	666
712	716
712	939
712	953
712	957
712	973
712	980
712	988
713	844
713	916
713	933
713	947
713	972
713	981
713	986
713	990
714	562
714	811
714	824
714	871
714	924
714	936
714	941
714	968
715	332
715	352
715	387
715	718
715	720
715	807
715	831
715	1000
716	661
716	712
716	866
716	918
716	923
716	928
716	945
716	980
717	6
717	819
717	838
717	844
717	963
717	972
717	981
717	986
718	612
718	670
718	715
718	775
718	907
718	911
718	920
718	964
719	223
719	350
719	413
719	563
719	576
719	608
719	899
719	963
720	157
720	406
720	715
720	889
720	960
720	970
720	979
720	1000
721	300
721	779
721	820
721	854
721	932
721	936
721	968
721	986
722	49
722	482
722	639
722	748
722	774
722	945
722	955
722	971
722	985
723	464
723	492
723	742
723	859
723	860
723	915
723	933
723	976
723	992
724	244
724	460
724	790
724	826
724	835
724	851
724	889
724	929
724	973
725	342
725	352
725	610
725	934
725	956
725	960
725	961
725	965
725	979
726	90
726	567
726	793
726	915
726	923
726	933
726	966
726	976
726	992
727	622
727	763
727	897
727	910
727	912
727	952
727	966
727	983
727	1000
728	113
728	520
728	697
728	790
728	890
728	923
728	945
728	973
728	980
729	149
729	812
729	859
729	870
729	933
729	935
729	950
729	976
729	992
730	294
730	746
730	891
730	935
730	969
730	971
730	989
730	991
730	993
731	316
731	447
731	573
731	641
731	853
731	868
731	870
731	976
731	992
732	942
732	977
732	984
732	987
732	988
732	994
732	996
732	997
732	999
733	977
733	984
733	987
733	988
733	994
733	996
733	997
733	999
733	1000
734	6
734	512
734	704
734	809
734	914
734	961
734	965
734	970
734	1000
735	207
735	823
735	906
735	954
735	958
735	959
735	971
735	982
735	993
736	307
736	710
736	813
736	909
736	937
736	956
736	961
736	979
736	1000
737	145
737	818
737	866
737	867
737	877
737	953
737	969
737	973
737	980
738	401
738	442
738	645
738	854
738	927
738	936
738	941
738	962
738	968
739	67
739	377
739	416
739	844
739	868
739	933
739	950
739	966
739	976
740	397
740	646
740	746
740	767
740	768
740	904
740	931
740	946
740	975
741	339
741	540
741	779
741	796
741	820
741	822
741	961
741	967
741	968
742	472
742	490
742	587
742	723
742	818
742	939
742	957
742	973
742	980
743	97
743	266
743	412
743	695
743	810
743	889
743	957
743	973
743	980
744	905
744	942
744	956
744	984
744	987
744	988
744	994
744	997
744	999
745	525
745	664
745	757
745	865
745	887
745	904
745	931
745	946
745	964
746	730
746	740
746	766
746	879
746	958
746	982
746	989
746	991
746	995
747	178
747	287
747	328
747	549
747	853
747	870
747	966
747	976
747	992
748	611
748	722
748	761
748	922
748	931
748	935
748	959
748	969
748	989
749	388
749	633
749	772
749	894
749	919
749	932
749	948
749	960
749	1000
750	213
750	630
750	807
750	829
750	846
750	915
750	930
750	934
750	983
750	1000
751	951
751	977
751	984
751	987
751	988
751	994
751	995
751	996
751	997
751	999
752	951
752	977
752	984
752	987
752	988
752	994
752	996
752	997
752	999
752	1000
753	83
753	404
753	546
753	677
753	755
753	855
753	896
753	915
753	974
753	998
754	575
754	757
754	849
754	869
754	883
754	904
754	906
754	911
754	938
754	975
755	220
755	441
755	673
755	753
755	855
755	882
755	903
755	940
755	943
755	998
756	862
756	951
756	977
756	984
756	987
756	988
756	994
756	996
756	997
756	999
757	745
757	754
757	766
757	775
757	876
757	904
757	906
757	931
757	938
757	946
758	357
758	762
758	857
758	959
758	969
758	982
758	988
758	989
758	993
758	995
759	674
759	898
759	942
759	977
759	984
759	987
759	988
759	994
759	996
759	999
760	195
760	607
760	617
760	671
760	677
760	817
760	855
760	949
760	974
760	998
761	42
761	54
761	450
761	748
761	886
761	958
761	959
761	989
761	991
761	993
762	523
762	758
762	842
762	938
762	958
762	959
762	985
762	991
762	993
762	995
763	702
763	727
763	910
763	934
763	940
763	956
763	970
763	978
763	983
763	1000
764	16
764	181
764	408
764	489
764	537
764	841
764	847
764	958
764	971
764	995
765	52
765	112
765	254
765	486
765	660
765	769
765	884
765	896
765	947
765	974
766	746
766	757
766	842
766	891
766	935
766	958
766	971
766	985
766	989
766	991
767	240
767	363
767	551
767	705
767	740
767	775
767	907
767	911
767	975
767	979
768	46
768	740
768	865
768	899
768	902
768	906
768	924
768	946
768	964
768	975
769	45
769	558
769	765
769	783
769	878
769	882
769	903
769	940
769	961
769	998
770	203
770	585
770	641
770	682
770	787
770	870
770	915
770	950
770	975
770	992
771	133
771	326
771	491
771	572
771	875
771	924
771	927
771	962
771	967
771	968
772	385
772	533
772	662
772	749
772	786
772	801
772	831
772	960
772	983
772	1000
773	89
773	296
773	413
773	648
773	808
773	897
773	919
773	926
773	970
773	983
774	703
774	722
774	935
774	954
774	959
774	987
774	989
774	991
774	993
774	995
775	183
775	718
775	757
775	767
775	902
775	904
775	907
775	938
775	964
775	999
776	235
776	873
776	879
776	891
776	895
776	955
776	958
776	969
776	991
776	995
777	78
777	210
777	372
777	899
777	937
777	952
777	965
777	979
777	983
777	1000
778	15
778	23
778	91
778	622
778	788
778	804
778	852
778	934
778	948
778	956
779	133
779	289
779	589
779	679
779	721
779	741
779	901
779	941
779	962
779	968
780	271
780	298
780	671
780	795
780	881
780	940
780	949
780	974
780	996
780	998
781	146
781	192
781	641
781	642
781	787
781	809
781	933
781	950
781	966
781	992
782	512
782	888
782	892
782	916
782	947
782	963
782	972
782	981
782	986
782	990
783	353
783	441
783	595
783	599
783	769
783	881
783	884
783	943
783	974
783	998
784	375
784	893
784	951
784	977
784	984
784	987
784	988
784	994
784	997
784	999
785	604
785	823
785	913
785	944
785	955
785	958
785	959
785	971
785	991
785	1000
786	47
786	129
786	772
786	789
786	791
786	805
786	937
786	977
786	978
786	1000
787	573
787	770
787	781
787	849
787	915
787	921
787	933
787	950
787	966
787	992
788	225
788	496
788	529
788	624
788	778
788	944
788	955
788	985
788	993
788	995
789	59
789	123
789	786
789	863
789	879
789	956
789	965
789	970
789	978
789	983
789	1000
790	683
790	685
790	724
790	728
790	889
790	923
790	929
790	945
790	953
790	966
790	982
791	134
791	373
791	438
791	622
791	663
791	786
791	905
791	948
791	952
791	961
791	1000
792	342
792	478
792	620
792	702
792	900
792	956
792	960
792	961
792	965
792	978
792	1000
793	464
793	574
793	577
793	674
793	726
793	853
793	860
793	933
793	950
793	976
793	992
794	539
794	921
794	951
794	977
794	984
794	987
794	988
794	994
794	996
794	997
794	999
795	396
795	407
795	524
795	620
795	652
795	678
795	700
795	780
795	949
795	974
795	998
796	257
796	599
796	625
796	632
796	653
796	741
796	824
796	927
796	932
796	962
796	968
797	5
797	148
797	268
797	708
797	813
797	914
797	952
797	955
797	960
797	978
797	1000
798	433
798	560
798	826
798	839
798	858
798	918
798	928
798	944
798	945
798	957
798	973
799	658
799	812
799	819
799	838
799	888
799	892
799	947
799	972
799	981
799	986
799	990
800	474
800	647
800	873
800	886
800	922
800	935
800	971
800	989
800	991
800	993
800	995
801	92
801	342
801	481
801	685
801	690
801	772
801	813
801	956
801	978
801	979
801	983
802	921
802	940
802	942
802	977
802	984
802	987
802	988
802	994
802	996
802	997
802	999
803	186
803	359
803	401
803	621
803	824
803	932
803	936
803	941
803	967
803	968
803	993
804	354
804	531
804	572
804	581
804	593
804	778
804	846
804	894
804	910
804	922
804	970
805	20
805	129
805	500
805	503
805	786
805	934
805	965
805	970
805	993
805	995
805	1000
806	66
806	241
806	528
806	857
806	895
806	922
806	969
806	971
806	977
806	982
806	991
807	451
807	601
807	715
807	750
807	831
807	930
807	948
807	965
807	970
807	979
807	1000
808	601
808	773
808	863
808	910
808	914
808	948
808	956
808	960
808	979
808	983
808	998
808	1000
809	89
809	285
809	680
809	734
809	781
809	887
809	930
809	948
809	960
809	961
809	965
809	970
810	294
810	743
810	942
810	951
810	977
810	984
810	987
810	988
810	994
810	996
810	997
810	999
811	186
811	469
811	596
811	625
811	645
811	714
811	854
811	924
811	927
811	936
811	967
811	968
812	108
812	381
812	707
812	729
812	799
812	821
812	849
812	859
812	915
812	950
812	966
812	992
813	566
813	630
813	702
813	736
813	797
813	801
813	816
813	937
813	960
813	965
813	979
813	1000
814	838
814	880
814	916
814	917
814	925
814	947
814	963
814	972
814	981
814	986
814	990
814	997
815	357
815	864
815	942
815	951
815	977
815	984
815	987
815	988
815	994
815	996
815	997
815	999
816	813
816	921
816	942
816	951
816	977
816	984
816	987
816	988
816	994
816	996
816	997
816	999
817	92
817	141
817	373
817	535
817	692
817	760
817	894
817	930
817	934
817	952
817	979
817	983
818	539
818	666
818	737
818	742
818	827
818	928
818	939
818	953
818	957
818	968
818	973
818	980
819	717
819	799
819	840
819	872
819	880
819	893
819	925
819	947
819	963
819	972
819	986
819	990
820	245
820	550
820	701
820	721
820	741
820	833
820	854
820	927
820	932
820	964
820	967
820	968
821	166
821	554
821	582
821	674
821	812
821	849
821	853
821	868
821	870
821	933
821	968
821	976
822	93
822	128
822	570
822	645
822	653
822	741
822	824
822	871
822	924
822	962
822	968
822	997
823	253
823	735
823	785
823	847
823	895
823	922
823	944
823	971
823	982
823	991
823	993
823	995
824	392
824	562
824	589
824	714
824	796
824	803
824	822
824	871
824	925
824	927
824	962
824	968
825	486
825	898
825	905
825	951
825	977
825	984
825	987
825	988
825	994
825	996
825	997
825	999
826	124
826	218
826	420
826	494
826	571
826	586
826	666
826	724
826	798
826	827
826	928
826	945
826	973
827	63
827	187
827	542
827	818
827	826
827	843
827	851
827	918
827	928
827	939
827	945
827	973
827	993
828	138
828	602
828	661
828	847
828	895
828	944
828	958
828	967
828	982
828	985
828	989
828	993
828	995
829	61
829	387
829	419
829	750
829	852
829	897
829	912
829	937
829	960
829	965
829	983
829	994
829	1000
830	580
830	693
830	696
830	867
830	889
830	890
830	923
830	928
830	929
830	953
830	957
830	960
830	980
831	598
831	622
831	715
831	772
831	807
831	845
831	894
831	919
831	930
831	948
831	957
831	983
831	1000
832	598
832	898
832	921
832	942
832	951
832	977
832	984
832	987
832	988
832	994
832	996
832	997
832	999
833	130
833	173
833	186
833	625
833	655
833	820
833	901
833	927
833	936
833	941
833	962
833	967
833	968
834	883
834	905
834	942
834	951
834	977
834	984
834	987
834	988
834	992
834	994
834	996
834	997
834	999
835	472
835	480
835	656
835	724
835	867
835	877
835	890
835	945
835	953
835	957
835	973
835	980
835	1000
836	275
836	496
836	523
836	528
836	862
836	869
836	887
836	935
836	969
836	985
836	989
836	993
836	995
837	842
837	854
837	864
837	886
837	887
837	891
837	895
837	922
837	969
837	971
837	982
837	991
837	995
838	548
838	717
838	799
838	814
838	872
838	874
838	880
838	888
838	917
838	947
838	981
838	986
838	990
839	63
839	571
839	650
839	798
839	867
839	882
839	928
839	929
839	939
839	945
839	946
839	973
839	980
840	230
840	569
840	819
840	874
840	898
840	917
840	925
840	947
840	963
840	972
840	981
840	986
840	990
841	19
841	30
841	626
841	764
841	861
841	864
841	920
841	944
841	955
841	959
841	989
841	991
841	995
842	211
842	619
842	648
842	762
842	766
842	837
842	861
842	954
842	955
842	985
842	991
842	993
842	995
843	487
843	491
843	497
843	544
843	701
843	827
843	901
843	924
843	927
843	932
843	962
843	967
843	968
844	713
844	717
844	739
844	856
844	888
844	925
844	947
844	963
844	972
844	981
844	986
844	990
844	996
845	88
845	541
845	831
845	912
845	919
845	926
845	930
845	952
845	960
845	965
845	979
845	983
845	1000
846	555
846	692
846	750
846	804
846	863
846	919
846	952
846	956
846	965
846	978
846	983
846	996
846	1000
847	110
847	419
847	502
847	711
847	764
847	823
847	828
847	864
847	879
847	969
847	991
847	993
847	995
848	657
848	893
848	921
848	942
848	951
848	972
848	977
848	984
848	987
848	988
848	994
848	996
848	997
848	999
849	331
849	377
849	381
849	416
849	567
849	754
849	787
849	812
849	821
849	853
849	870
849	950
849	966
849	976
850	99
850	202
850	314
850	471
850	559
850	601
850	863
850	912
850	948
850	952
850	956
850	965
850	978
850	999
851	429
851	510
851	586
851	696
851	724
851	827
851	858
851	918
851	923
851	945
851	955
851	957
851	973
851	980
852	236
852	371
852	373
852	503
852	514
852	778
852	829
852	929
852	937
852	956
852	965
852	978
852	979
852	1000
853	367
853	522
853	672
853	676
853	731
853	747
853	793
853	821
853	849
853	915
853	943
853	950
853	966
853	976
854	168
854	173
854	721
854	738
854	811
854	820
854	837
854	871
854	875
854	924
854	936
854	941
854	962
854	967
855	250
855	318
855	370
855	467
855	561
855	597
855	689
855	753
855	755
855	760
855	878
855	903
855	940
855	974
856	25
856	569
856	610
856	637
856	844
856	888
856	916
856	925
856	963
856	972
856	979
856	981
856	986
856	990
857	19
857	138
857	758
857	806
857	886
857	944
857	952
857	955
857	959
857	971
857	978
857	985
857	989
857	991
858	490
858	508
858	798
858	851
858	877
858	918
858	923
858	929
858	939
858	945
858	954
858	973
858	980
858	983
859	277
859	367
859	437
859	549
859	707
859	723
859	729
859	812
859	860
859	923
859	933
859	950
859	966
859	992
860	73
860	564
860	573
860	672
860	682
860	723
860	793
860	859
860	868
860	933
860	966
860	976
860	992
860	1000
861	502
861	580
861	592
861	841
861	842
861	862
861	891
861	914
861	955
861	963
861	969
861	985
861	991
861	993
861	995
862	205
862	346
862	481
862	661
862	756
862	836
862	861
862	864
862	900
862	955
862	958
862	969
862	985
862	993
862	995
863	125
863	267
863	314
863	354
863	499
863	789
863	808
863	846
863	850
863	948
863	956
863	970
863	978
863	979
863	984
864	227
864	389
864	684
864	815
864	837
864	841
864	847
864	862
864	873
864	895
864	900
864	959
864	971
864	993
864	995
865	238
865	333
865	576
865	612
865	636
865	698
865	745
865	768
865	869
865	906
865	911
865	931
865	938
865	964
865	996
866	119
866	349
866	480
866	484
866	548
866	577
866	595
866	695
866	716
866	737
866	901
866	918
866	953
866	973
866	975
867	155
867	420
867	737
867	830
867	835
867	839
867	877
867	923
867	928
867	939
867	957
867	973
867	976
867	980
867	984
868	341
868	351
868	573
868	582
868	639
868	642
868	731
868	739
868	821
868	860
868	870
868	933
868	966
868	976
868	992
869	338
869	551
869	570
869	655
869	664
869	670
869	709
869	754
869	836
869	865
869	876
869	920
869	938
869	946
869	975
870	68
870	175
870	672
870	693
870	729
870	731
870	747
870	770
870	821
870	849
870	868
870	950
870	976
870	992
870	993
871	245
871	258
871	462
871	589
871	691
871	710
871	714
871	822
871	824
871	854
871	901
871	924
871	927
871	941
871	967
872	261
872	553
872	605
872	819
872	838
872	916
872	917
872	925
872	947
872	963
872	972
872	981
872	986
872	989
872	990
873	583
873	634
873	776
873	800
873	864
873	891
873	922
873	955
873	959
873	972
873	985
873	989
873	991
873	993
873	995
874	46
874	86
874	584
874	838
874	840
874	880
874	888
874	892
874	916
874	917
874	947
874	972
874	981
874	986
874	990
875	383
875	453
875	544
875	600
875	632
875	687
875	771
875	854
875	927
875	936
875	941
875	962
875	967
875	968
875	989
876	84
876	323
876	350
876	475
876	670
876	704
876	757
876	869
876	883
876	902
876	907
876	911
876	920
876	938
876	975
876	977
877	405
877	595
877	644
877	693
877	711
877	737
877	835
877	858
877	867
877	890
877	939
877	942
877	957
877	973
877	980
877	991
878	122
878	264
878	400
878	524
878	546
878	579
878	660
878	708
878	769
878	855
878	896
878	903
878	940
878	943
878	949
878	998
879	3
879	444
879	532
879	603
879	663
879	746
879	776
879	789
879	847
879	954
879	971
879	985
879	987
879	989
879	991
879	993
880	489
880	814
880	819
880	838
880	874
880	888
880	917
880	925
880	947
880	954
880	963
880	972
880	981
880	986
880	990
880	993
881	282
881	543
881	590
881	617
881	667
881	678
881	699
881	700
881	709
881	780
881	783
881	934
881	940
881	943
881	974
881	998
882	195
882	289
882	303
882	579
882	689
882	697
882	700
882	755
882	769
882	839
882	884
882	898
882	940
882	949
882	974
882	998
883	24
883	272
883	279
883	397
883	608
883	655
883	664
883	754
883	834
883	876
883	920
883	931
883	938
883	944
883	946
883	964
884	368
884	376
884	617
884	627
884	660
884	667
884	677
884	678
884	765
884	783
884	882
884	903
884	943
884	949
884	974
884	998
885	266
885	507
885	523
885	538
885	604
885	639
885	684
885	891
885	900
885	955
885	958
885	969
885	971
885	985
885	989
885	991
886	142
886	222
886	410
886	411
886	507
886	663
886	761
886	800
886	837
886	857
886	954
886	967
886	971
886	982
886	985
886	993
886	995
887	232
887	530
887	578
887	580
887	745
887	809
887	836
887	837
887	913
887	955
887	959
887	969
887	982
887	985
887	991
887	993
887	995
888	569
888	782
888	799
888	838
888	844
888	856
888	874
888	880
888	892
888	916
888	925
888	947
888	963
888	975
888	981
888	986
888	990
889	295
889	519
889	595
889	635
889	720
889	724
889	743
889	790
889	830
889	918
889	923
889	928
889	929
889	939
889	945
889	973
889	980
890	77
890	345
890	472
890	479
890	635
890	693
890	728
890	830
890	835
890	877
890	928
890	945
890	957
890	973
890	978
890	980
890	984
891	110
891	157
891	252
891	410
891	588
891	730
891	766
891	776
891	837
891	861
891	873
891	885
891	985
891	989
891	990
891	991
891	995
892	343
892	476
892	533
892	536
892	557
892	584
892	782
892	799
892	874
892	888
892	925
892	947
892	963
892	972
892	981
892	986
892	990
893	654
893	784
893	819
893	848
893	898
893	905
893	921
893	942
893	951
893	977
893	984
893	987
893	988
893	994
893	996
893	997
893	999
894	26
894	268
894	281
894	288
894	749
894	804
894	817
894	831
894	912
894	942
894	948
894	951
894	956
894	960
894	978
894	979
894	1000
895	55
895	270
895	661
895	706
895	776
895	806
895	823
895	828
895	837
895	864
895	935
895	944
895	969
895	989
895	991
895	993
895	995
896	116
896	166
896	254
896	255
896	319
896	594
896	623
896	652
896	700
896	753
896	765
896	878
896	903
896	940
896	974
896	986
896	998
897	114
897	180
897	304
897	379
897	514
897	727
897	773
897	829
897	909
897	926
897	934
897	948
897	952
897	956
897	978
897	983
897	990
897	1000
898	759
898	825
898	832
898	840
898	882
898	893
898	905
898	921
898	942
898	951
898	977
898	984
898	987
898	988
898	994
898	996
898	997
898	999
899	279
899	286
899	301
899	430
899	466
899	485
899	618
899	640
899	719
899	768
899	777
899	904
899	906
899	907
899	931
899	938
899	964
899	975
900	70
900	177
900	419
900	578
900	580
900	639
900	792
900	862
900	864
900	885
900	913
900	944
900	958
900	982
900	985
900	991
900	993
900	995
901	469
901	491
901	679
901	691
901	701
901	779
901	833
901	843
901	866
901	871
901	924
901	927
901	932
901	936
901	962
901	967
901	968
901	980
902	313
902	458
902	485
902	612
902	614
902	655
902	700
902	705
902	768
902	775
902	876
902	906
902	908
902	931
902	946
902	964
902	975
902	999
903	111
903	318
903	486
903	543
903	599
903	755
903	769
903	855
903	878
903	884
903	896
903	940
903	943
903	949
903	974
903	982
903	983
903	998
904	32
904	143
904	154
904	378
904	670
904	740
904	745
904	754
904	757
904	775
904	899
904	907
904	920
904	938
904	946
904	974
904	975
904	989
905	511
905	522
905	744
905	791
905	825
905	834
905	893
905	898
905	921
905	942
905	951
905	977
905	984
905	987
905	988
905	994
905	996
905	997
905	999
906	234
906	293
906	301
906	313
906	325
906	705
906	735
906	754
906	757
906	768
906	865
906	899
906	902
906	920
906	931
906	946
906	964
906	975
906	998
907	338
907	350
907	363
907	635
907	698
907	709
907	718
907	767
907	775
907	876
907	899
907	904
907	908
907	920
907	931
907	938
907	964
907	975
907	987
908	12
908	31
908	32
908	39
908	154
908	183
908	240
908	293
908	379
908	475
908	485
908	525
908	555
908	902
908	907
908	911
908	964
908	975
908	994
909	11
909	78
909	306
909	478
909	512
909	630
909	736
909	897
909	910
909	930
909	960
909	965
909	970
909	978
909	979
909	983
909	991
909	998
909	1000
910	20
910	59
910	306
910	336
910	409
910	422
910	447
910	454
910	512
910	727
910	763
910	804
910	808
910	909
910	912
910	914
910	960
910	983
910	998
911	234
911	309
911	350
911	378
911	432
911	465
911	525
911	545
911	609
911	636
911	640
911	718
911	754
911	767
911	865
911	876
911	908
911	955
911	975
912	115
912	531
912	549
912	572
912	710
912	727
912	829
912	845
912	850
912	894
912	910
912	926
912	928
912	934
912	961
912	970
912	979
912	983
912	1000
913	109
913	278
913	347
913	430
913	647
913	665
913	785
913	887
913	900
913	922
913	955
913	958
913	959
913	969
913	971
913	978
913	982
913	988
913	993
913	995
914	153
914	170
914	202
914	322
914	556
914	613
914	690
914	734
914	797
914	808
914	861
914	910
914	926
914	930
914	932
914	937
914	952
914	978
914	979
914	1000
915	14
915	248
915	367
915	426
915	522
915	574
915	582
915	723
915	726
915	750
915	753
915	770
915	787
915	812
915	853
915	933
915	950
915	966
915	976
915	992
916	121
916	206
916	209
916	437
916	610
916	713
916	782
916	814
916	856
916	872
916	874
916	888
916	917
916	925
916	947
916	963
916	981
916	986
916	990
916	992
917	174
917	215
917	251
917	411
917	552
917	569
917	584
917	657
917	814
917	838
917	840
917	872
917	874
917	880
917	916
917	963
917	972
917	981
917	986
917	990
918	218
918	519
918	635
918	650
918	666
918	716
918	798
918	827
918	851
918	858
918	866
918	889
918	923
918	928
918	945
918	957
918	973
918	976
918	980
918	996
919	325
919	422
919	447
919	454
919	455
919	478
919	613
919	653
919	749
919	773
919	831
919	845
919	846
919	926
919	934
919	956
919	978
919	979
919	983
919	1000
920	12
920	466
920	475
920	485
920	525
920	575
920	609
920	612
920	698
920	718
920	841
920	869
920	876
920	883
920	904
920	906
920	907
920	946
920	949
920	975
921	487
921	688
921	787
921	794
921	802
921	816
921	832
921	848
921	893
921	898
921	905
921	942
921	951
921	977
921	984
921	987
921	988
921	994
921	996
921	997
921	999
922	27
922	482
922	483
922	532
922	748
922	800
922	804
922	806
922	823
922	837
922	873
922	913
922	924
922	944
922	954
922	955
922	958
922	982
922	989
922	991
922	995
923	139
923	187
923	479
923	508
923	520
923	695
923	716
923	726
923	728
923	790
923	830
923	851
923	858
923	859
923	867
923	889
923	918
923	929
923	957
923	973
923	980
924	93
924	359
924	544
924	550
924	589
924	621
924	679
924	714
924	768
924	771
924	811
924	822
924	843
924	854
924	871
924	901
924	922
924	932
924	936
924	941
924	968
925	340
925	449
925	498
925	559
925	814
925	819
925	824
925	840
925	844
925	856
925	872
925	880
925	888
925	892
925	916
925	947
925	963
925	972
925	981
925	986
925	990
926	307
926	311
926	324
926	337
926	581
926	629
926	773
926	845
926	897
926	912
926	914
926	919
926	930
926	952
926	956
926	960
926	965
926	970
926	977
926	978
926	979
926	983
927	87
927	260
927	376
927	392
927	463
927	544
927	687
927	738
927	771
927	796
927	811
927	820
927	824
927	833
927	843
927	871
927	875
927	901
927	932
927	935
927	962
927	967
927	995
928	113
928	136
928	304
928	526
928	696
928	711
928	716
928	798
928	818
928	826
928	827
928	830
928	839
928	867
928	889
928	890
928	912
928	918
928	929
928	953
928	956
928	973
928	980
929	57
929	349
929	433
929	479
929	484
929	490
929	509
929	656
929	683
929	711
929	724
929	790
929	830
929	839
929	852
929	858
929	889
929	923
929	928
929	939
929	953
929	957
929	973
929	984
930	123
930	182
930	236
930	380
930	648
930	750
930	807
930	809
930	817
930	831
930	845
930	909
930	914
930	926
930	937
930	952
930	956
930	961
930	965
930	970
930	978
930	983
930	999
930	1000
931	24
931	106
931	309
931	312
931	338
931	435
931	475
931	551
931	646
931	670
931	740
931	745
931	748
931	757
931	865
931	883
931	899
931	902
931	906
931	907
931	938
931	946
931	964
931	975
932	79
932	130
932	173
932	398
932	463
932	570
932	653
932	687
932	701
932	721
932	749
932	796
932	803
932	820
932	843
932	901
932	914
932	924
932	927
932	936
932	962
932	967
932	968
932	987
933	108
933	277
933	287
933	321
933	335
933	554
933	707
933	713
933	723
933	726
933	729
933	739
933	781
933	787
933	793
933	821
933	859
933	860
933	868
933	915
933	950
933	966
933	976
933	992
933	997
934	45
934	58
934	94
934	387
934	452
934	501
934	514
934	566
934	622
934	725
934	750
934	763
934	778
934	805
934	817
934	881
934	897
934	912
934	919
934	956
934	965
934	970
934	978
934	979
934	1000
935	18
935	75
935	117
935	167
935	355
935	515
935	534
935	588
935	605
935	615
935	729
935	730
935	748
935	766
935	774
935	800
935	836
935	895
935	927
935	955
935	971
935	982
935	985
935	989
935	991
935	995
936	140
936	257
936	292
936	300
936	339
936	383
936	439
936	497
936	550
936	653
936	671
936	691
936	714
936	721
936	738
936	803
936	811
936	833
936	854
936	875
936	901
936	924
936	932
936	939
936	962
936	968
937	15
937	59
937	233
937	379
937	385
937	452
937	593
937	613
937	662
937	680
937	736
937	777
937	786
937	813
937	829
937	852
937	914
937	930
937	952
937	961
937	965
937	976
937	978
937	979
937	983
937	997
938	143
938	191
938	309
938	323
938	333
938	402
938	551
938	640
938	670
938	705
938	754
938	757
938	762
938	775
938	865
938	869
938	876
938	883
938	899
938	904
938	907
938	931
938	946
938	957
938	964
938	975
938	991
939	39
939	136
939	247
939	484
939	491
939	517
939	520
939	539
939	560
939	577
939	650
939	711
939	712
939	742
939	818
939	827
939	839
939	858
939	867
939	877
939	889
939	929
939	936
939	945
939	957
939	973
939	980
940	51
940	370
940	404
940	407
940	450
940	451
940	594
940	617
940	689
940	697
940	699
940	700
940	755
940	763
940	769
940	780
940	802
940	855
940	878
940	881
940	882
940	896
940	903
940	949
940	974
940	993
940	998
941	44
941	87
941	107
941	118
941	133
941	184
941	384
941	491
941	562
941	589
941	625
941	679
941	687
941	691
941	714
941	738
941	779
941	803
941	833
941	854
941	871
941	875
941	924
941	962
941	967
941	968
941	989
941	1000
942	81
942	428
942	631
942	732
942	744
942	759
942	802
942	810
942	815
942	816
942	832
942	834
942	848
942	877
942	893
942	894
942	898
942	905
942	921
942	951
942	972
942	977
942	984
942	987
942	988
942	994
942	996
942	997
942	999
943	55
943	72
943	161
943	208
943	249
943	308
943	353
943	396
943	524
943	532
943	579
943	590
943	597
943	607
943	645
943	660
943	677
943	678
943	699
943	755
943	783
943	853
943	878
943	881
943	884
943	903
943	949
943	974
943	998
944	21
944	147
944	174
944	201
944	241
944	252
944	369
944	483
944	530
944	627
944	647
944	785
944	788
944	798
944	823
944	828
944	841
944	857
944	883
944	895
944	900
944	922
944	954
944	971
944	982
944	985
944	989
944	991
944	993
944	995
945	187
945	295
945	388
945	412
945	508
945	509
945	548
945	571
945	577
945	587
945	696
945	716
945	722
945	728
945	790
945	798
945	826
945	827
945	835
945	839
945	851
945	858
945	889
945	890
945	918
945	939
945	953
945	957
945	973
945	980
945	999
946	179
946	183
946	234
946	312
946	363
946	435
946	465
946	563
946	604
946	609
946	614
946	698
946	704
946	705
946	709
946	740
946	745
946	757
946	768
946	839
946	869
946	883
946	902
946	904
946	906
946	920
946	931
946	938
946	964
946	975
946	988
947	74
947	105
947	128
947	171
947	196
947	265
947	340
947	393
947	552
947	591
947	713
947	765
947	782
947	799
947	814
947	819
947	838
947	840
947	844
947	872
947	874
947	880
947	888
947	892
947	916
947	925
947	952
947	963
947	972
947	981
947	986
948	47
948	144
948	210
948	354
948	385
948	446
948	455
948	473
948	648
948	702
948	749
948	778
948	791
948	807
948	808
948	809
948	831
948	850
948	863
948	894
948	897
948	950
948	952
948	961
948	965
948	970
948	978
948	983
948	991
948	992
948	1000
949	65
949	104
949	111
949	208
949	249
949	271
949	276
949	308
949	319
949	331
949	386
949	421
949	546
949	561
949	660
949	667
949	671
949	689
949	697
949	760
949	780
949	795
949	878
949	882
949	884
949	903
949	920
949	940
949	943
949	974
949	982
949	998
950	1
950	108
950	169
950	175
950	280
950	335
950	564
950	585
950	607
950	641
950	672
950	676
950	682
950	729
950	739
950	770
950	781
950	787
950	793
950	812
950	849
950	853
950	859
950	870
950	915
950	933
950	948
950	966
950	976
950	980
950	989
950	992
951	81
951	444
951	490
951	541
951	565
951	694
951	751
951	752
951	756
951	784
951	794
951	810
951	815
951	816
951	825
951	832
951	834
951	848
951	893
951	894
951	898
951	905
951	921
951	942
951	953
951	977
951	984
951	987
951	988
951	994
951	996
951	997
951	999
952	134
952	217
952	250
952	382
952	556
952	593
952	601
952	622
952	630
952	643
952	667
952	692
952	727
952	777
952	791
952	797
952	817
952	845
952	846
952	850
952	857
952	897
952	914
952	926
952	930
952	937
952	947
952	948
952	960
952	978
952	979
952	986
952	1000
953	22
953	266
953	269
953	298
953	436
953	480
953	517
953	548
953	571
953	586
953	628
953	635
953	644
953	656
953	683
953	685
953	693
953	695
953	712
953	737
953	790
953	818
953	830
953	835
953	866
953	928
953	929
953	945
953	951
953	957
953	965
953	973
953	980
954	66
954	142
954	164
954	226
954	344
954	494
954	499
954	529
954	583
954	588
954	611
954	626
954	639
954	661
954	703
954	735
954	774
954	842
954	858
954	879
954	880
954	886
954	922
954	944
954	955
954	959
954	967
954	969
954	971
954	982
954	985
954	991
954	995
955	60
955	278
955	291
955	482
955	592
955	627
955	722
955	776
955	785
955	788
955	797
955	841
955	842
955	851
955	857
955	861
955	862
955	873
955	885
955	887
955	911
955	913
955	922
955	935
955	954
955	959
955	969
955	971
955	985
955	989
955	991
955	993
955	995
956	7
956	62
956	114
956	170
956	371
956	409
956	446
956	557
956	662
956	725
956	736
956	744
956	763
956	778
956	789
956	792
956	801
956	808
956	846
956	850
956	852
956	863
956	894
956	897
956	919
956	926
956	928
956	930
956	934
956	960
956	978
956	983
956	986
956	1000
957	345
957	349
957	412
957	429
957	480
957	536
957	560
957	595
957	656
957	685
957	693
957	695
957	712
957	742
957	743
957	798
957	818
957	830
957	831
957	835
957	851
957	867
957	877
957	890
957	918
957	923
957	929
957	938
957	939
957	945
957	953
957	973
957	980
957	997
958	80
958	156
958	205
958	227
958	233
958	270
958	408
958	440
958	495
958	496
958	615
958	647
958	735
958	746
958	761
958	762
958	764
958	766
958	776
958	785
958	828
958	862
958	885
958	900
958	913
958	922
958	959
958	969
958	971
958	982
958	983
958	989
958	991
958	993
958	994
958	995
959	151
959	281
959	481
959	507
959	529
959	538
959	578
959	588
959	602
959	611
959	665
959	696
959	703
959	735
959	748
959	758
959	761
959	762
959	774
959	785
959	841
959	857
959	864
959	873
959	887
959	913
959	954
959	955
959	958
959	971
959	981
959	982
959	985
959	989
959	993
959	995
960	17
960	58
960	212
960	231
960	306
960	454
960	643
960	658
960	662
960	692
960	708
960	710
960	720
960	725
960	749
960	772
960	792
960	797
960	808
960	809
960	813
960	829
960	830
960	845
960	894
960	909
960	910
960	926
960	952
960	956
960	961
960	970
960	978
960	982
960	983
960	1000
961	17
961	33
961	61
961	120
961	123
961	124
961	141
961	188
961	263
961	391
961	406
961	514
961	557
961	572
961	593
961	620
961	659
961	690
961	702
961	725
961	734
961	736
961	741
961	769
961	791
961	792
961	809
961	912
961	930
961	937
961	948
961	960
961	970
961	978
961	979
961	983
961	1000
962	85
962	184
962	224
962	260
962	292
962	300
962	384
962	398
962	439
962	463
962	487
962	565
962	596
962	625
962	632
962	653
962	687
962	701
962	738
962	771
962	779
962	796
962	822
962	824
962	833
962	843
962	854
962	875
962	901
962	927
962	932
962	936
962	941
962	967
962	968
962	985
962	998
963	36
963	105
963	121
963	196
963	229
963	261
963	317
963	320
963	362
963	364
963	374
963	459
963	488
963	498
963	516
963	591
963	649
963	657
963	658
963	717
963	719
963	782
963	814
963	819
963	840
963	844
963	856
963	861
963	872
963	880
963	888
963	892
963	916
963	917
963	925
963	947
963	972
963	981
963	986
963	990
963	995
964	39
964	44
964	158
964	238
964	279
964	286
964	312
964	333
964	378
964	397
964	435
964	442
964	465
964	466
964	485
964	563
964	576
964	608
964	618
964	640
964	655
964	664
964	704
964	718
964	745
964	768
964	775
964	820
964	865
964	883
964	899
964	902
964	906
964	907
964	908
964	931
964	938
964	946
964	975
964	976
964	998
965	109
965	233
965	251
965	263
965	320
965	342
965	352
965	360
965	380
965	382
965	385
965	414
965	598
965	601
965	637
965	662
965	680
965	690
965	725
965	734
965	777
965	789
965	792
965	805
965	807
965	809
965	813
965	829
965	845
965	846
965	850
965	852
965	909
965	926
965	930
965	934
965	937
965	948
965	953
965	978
965	979
965	1000
966	25
966	149
966	192
966	223
966	248
966	290
966	316
966	321
966	335
966	341
966	351
966	416
966	418
966	437
966	456
966	522
966	554
966	567
966	573
966	585
966	674
966	676
966	707
966	726
966	727
966	739
966	747
966	781
966	787
966	790
966	812
966	849
966	853
966	859
966	860
966	868
966	915
966	933
966	950
966	976
966	981
966	992
967	85
967	107
967	118
967	139
967	165
967	214
967	224
967	258
967	339
967	359
967	383
967	384
967	462
967	487
967	497
967	540
967	544
967	550
967	562
967	570
967	621
967	645
967	653
967	679
967	691
967	741
967	771
967	803
967	811
967	820
967	828
967	833
967	843
967	854
967	871
967	875
967	886
967	901
967	927
967	932
967	941
967	954
967	962
967	968
968	79
968	82
968	85
968	107
968	140
968	165
968	168
968	214
968	224
968	258
968	326
968	339
968	401
968	463
968	469
968	570
968	625
968	632
968	645
968	687
968	701
968	714
968	721
968	738
968	741
968	771
968	779
968	796
968	803
968	811
968	818
968	820
968	821
968	822
968	824
968	833
968	843
968	875
968	901
968	924
968	932
968	936
968	941
968	962
968	967
968	988
969	27
969	34
969	38
969	82
969	126
969	142
969	151
969	198
969	201
969	225
969	226
969	232
969	291
969	296
969	469
969	537
969	538
969	611
969	619
969	663
969	703
969	730
969	737
969	748
969	758
969	776
969	806
969	836
969	837
969	847
969	861
969	862
969	885
969	887
969	895
969	913
969	954
969	955
969	958
969	971
969	982
969	985
969	989
969	991
969	994
969	999
970	6
970	78
970	144
970	285
970	311
970	320
970	388
970	391
970	409
970	473
970	500
970	501
970	518
970	531
970	535
970	593
970	602
970	629
970	633
970	659
970	720
970	734
970	763
970	773
970	789
970	804
970	805
970	807
970	809
970	863
970	909
970	912
970	926
970	930
970	934
970	948
970	960
970	961
970	978
970	979
970	980
970	983
970	987
970	991
970	993
970	1000
971	38
971	135
971	137
971	181
971	197
971	221
971	225
971	226
971	347
971	395
971	499
971	503
971	534
971	583
971	602
971	605
971	626
971	647
971	676
971	722
971	730
971	735
971	764
971	766
971	785
971	800
971	806
971	823
971	837
971	857
971	864
971	879
971	885
971	886
971	913
971	935
971	944
971	954
971	955
971	958
971	959
971	969
971	973
971	976
971	982
971	985
971	991
971	993
971	995
972	10
972	29
972	56
972	174
972	215
972	327
972	329
972	343
972	348
972	356
972	362
972	375
972	393
972	399
972	474
972	488
972	516
972	533
972	553
972	584
972	591
972	637
972	649
972	657
972	658
972	713
972	717
972	782
972	799
972	814
972	819
972	840
972	844
972	848
972	856
972	872
972	873
972	874
972	880
972	892
972	917
972	925
972	942
972	947
972	963
972	981
972	983
972	986
972	990
973	48
973	77
973	79
973	132
973	145
973	159
973	182
973	189
973	259
973	405
973	429
973	508
973	526
973	571
973	577
973	587
973	595
973	644
973	650
973	683
973	685
973	712
973	724
973	728
973	737
973	742
973	743
973	798
973	818
973	826
973	827
973	835
973	839
973	851
973	858
973	866
973	867
973	877
973	889
973	890
973	918
973	923
973	928
973	929
973	939
973	945
973	953
973	957
973	971
973	980
973	987
973	992
974	9
974	57
974	104
974	112
974	161
974	275
974	284
974	308
974	319
974	368
974	396
974	421
974	451
974	456
974	467
974	486
974	510
974	517
974	558
974	561
974	579
974	597
974	600
974	607
974	608
974	623
974	652
974	660
974	667
974	671
974	677
974	689
974	697
974	700
974	753
974	760
974	765
974	780
974	783
974	795
974	855
974	881
974	882
974	884
974	896
974	903
974	904
974	940
974	943
974	949
974	995
974	998
975	12
975	163
975	179
975	199
975	286
975	325
975	333
975	378
975	402
975	413
975	442
975	458
975	466
975	484
975	525
975	545
975	555
975	563
975	575
975	576
975	608
975	612
975	614
975	618
975	640
975	646
975	664
975	698
975	705
975	709
975	740
975	754
975	767
975	768
975	770
975	866
975	869
975	876
975	888
975	899
975	902
975	904
975	906
975	907
975	908
975	911
975	920
975	931
975	938
975	946
975	964
975	999
976	1
976	14
976	71
976	73
976	90
976	146
976	169
976	176
976	203
976	277
976	283
976	290
976	305
976	321
976	328
976	331
976	367
976	418
976	434
976	456
976	464
976	492
976	549
976	574
976	582
976	585
976	641
976	672
976	676
976	723
976	726
976	729
976	731
976	739
976	747
976	793
976	821
976	849
976	853
976	860
976	867
976	868
976	870
976	915
976	918
976	933
976	937
976	950
976	964
976	966
976	971
976	992
977	41
977	152
977	178
977	262
977	315
977	334
977	415
977	468
977	504
977	511
977	606
977	638
977	651
977	654
977	669
977	675
977	688
977	694
977	706
977	732
977	733
977	751
977	752
977	756
977	759
977	784
977	786
977	794
977	802
977	806
977	810
977	815
977	816
977	825
977	832
977	834
977	848
977	876
977	893
977	898
977	905
977	921
977	926
977	942
977	951
977	984
977	985
977	987
977	988
977	994
977	996
977	997
977	999
978	7
978	23
978	89
978	115
978	172
978	322
978	332
978	337
978	372
978	379
978	380
978	383
978	400
978	471
978	473
978	478
978	500
978	513
978	514
978	566
978	628
978	633
978	643
978	763
978	786
978	789
978	792
978	797
978	801
978	846
978	850
978	852
978	857
978	863
978	890
978	894
978	897
978	909
978	913
978	914
978	919
978	926
978	930
978	934
978	937
978	948
978	952
978	956
978	960
978	961
978	965
978	970
978	979
978	997
978	1000
979	5
979	11
979	15
979	23
979	120
979	213
979	217
979	231
979	288
979	307
979	360
979	382
979	443
979	471
979	501
979	556
979	557
979	559
979	581
979	601
979	620
979	629
979	633
979	648
979	662
979	682
979	699
979	710
979	720
979	725
979	736
979	767
979	777
979	801
979	807
979	808
979	813
979	817
979	845
979	852
979	856
979	863
979	894
979	909
979	912
979	914
979	919
979	926
979	934
979	937
979	952
979	961
979	965
979	970
979	978
979	983
979	1000
980	22
980	97
980	98
980	119
980	122
980	124
980	132
980	139
980	182
980	259
980	269
980	405
980	436
980	484
980	519
980	520
980	526
980	536
980	542
980	548
980	560
980	571
980	587
980	628
980	635
980	650
980	656
980	666
980	685
980	695
980	696
980	711
980	712
980	716
980	728
980	737
980	742
980	743
980	818
980	830
980	835
980	839
980	851
980	858
980	867
980	877
980	889
980	890
980	901
980	918
980	923
980	928
980	939
980	945
980	950
980	953
980	957
980	970
980	973
980	998
981	10
981	29
981	53
981	74
981	105
981	127
981	138
981	171
981	176
981	193
981	209
981	229
981	317
981	327
981	329
981	348
981	356
981	362
981	399
981	449
981	474
981	476
981	488
981	489
981	498
981	516
981	533
981	552
981	569
981	584
981	610
981	637
981	643
981	649
981	657
981	658
981	675
981	713
981	717
981	782
981	799
981	814
981	838
981	840
981	844
981	856
981	872
981	874
981	880
981	888
981	892
981	916
981	917
981	925
981	947
981	959
981	963
981	966
981	972
981	986
981	990
982	48
982	49
982	64
982	135
982	162
982	222
982	227
982	241
982	270
982	344
982	346
982	355
982	357
982	369
982	389
982	411
982	423
982	430
982	443
982	444
982	461
982	483
982	494
982	495
982	499
982	523
982	580
982	588
982	592
982	624
982	639
982	661
982	665
982	735
982	746
982	758
982	790
982	806
982	823
982	828
982	837
982	886
982	887
982	900
982	903
982	913
982	922
982	935
982	944
982	949
982	954
982	958
982	959
982	960
982	969
982	971
982	985
982	989
982	991
982	993
982	995
982	1000
983	7
983	26
983	58
983	125
983	129
983	148
983	180
983	190
983	193
983	236
983	251
983	263
983	310
983	322
983	391
983	400
983	406
983	432
983	471
983	501
983	503
983	574
983	613
983	629
983	643
983	659
983	680
983	708
983	710
983	727
983	750
983	763
983	772
983	773
983	777
983	789
983	801
983	808
983	817
983	829
983	831
983	845
983	846
983	858
983	897
983	903
983	909
983	910
983	912
983	919
983	926
983	930
983	937
983	948
983	956
983	958
983	960
983	961
983	970
983	972
983	979
983	1000
984	41
984	43
984	95
984	102
984	200
984	207
984	243
984	260
984	262
984	315
984	334
984	336
984	361
984	366
984	415
984	417
984	470
984	477
984	606
984	616
984	631
984	634
984	651
984	654
984	668
984	669
984	675
984	681
984	694
984	706
984	732
984	733
984	744
984	751
984	752
984	756
984	759
984	784
984	794
984	802
984	810
984	815
984	816
984	825
984	832
984	834
984	848
984	863
984	867
984	890
984	893
984	898
984	905
984	921
984	929
984	942
984	951
984	977
984	987
984	988
984	994
984	996
984	997
984	999
985	3
985	18
985	21
985	42
985	50
985	66
985	80
985	137
985	164
985	167
985	221
985	256
985	280
985	344
985	346
985	423
985	425
985	457
985	481
985	494
985	515
985	530
985	532
985	580
985	592
985	603
985	615
985	619
985	624
985	627
985	632
985	644
985	647
985	681
985	686
985	722
985	762
985	766
985	788
985	828
985	836
985	842
985	857
985	861
985	862
985	873
985	879
985	885
985	886
985	887
985	891
985	900
985	935
985	944
985	954
985	955
985	959
985	962
985	969
985	971
985	977
985	982
985	989
985	991
985	993
985	995
986	36
986	53
986	56
986	74
986	86
986	127
986	206
986	209
986	230
986	265
986	317
986	327
986	329
986	340
986	343
986	345
986	348
986	356
986	364
986	374
986	375
986	393
986	399
986	449
986	459
986	474
986	489
986	498
986	505
986	516
986	552
986	553
986	569
986	584
986	591
986	593
986	610
986	637
986	649
986	657
986	658
986	713
986	717
986	721
986	782
986	799
986	814
986	819
986	838
986	840
986	844
986	856
986	872
986	874
986	880
986	888
986	892
986	896
986	916
986	917
986	925
986	947
986	952
986	956
986	963
986	972
986	981
986	990
987	4
987	28
987	31
987	37
987	95
987	100
987	185
987	216
987	239
987	242
987	324
987	330
987	334
987	403
987	428
987	445
987	448
987	470
987	477
987	527
987	547
987	565
987	616
987	634
987	638
987	654
987	668
987	669
987	673
987	681
987	686
987	688
987	706
987	732
987	733
987	744
987	751
987	752
987	756
987	759
987	774
987	784
987	794
987	802
987	810
987	815
987	816
987	825
987	832
987	834
987	848
987	879
987	893
987	898
987	905
987	907
987	921
987	932
987	942
987	951
987	970
987	973
987	977
987	984
987	988
987	994
987	996
987	997
987	999
988	103
988	219
988	228
988	235
988	242
988	274
988	315
988	365
988	366
988	390
988	394
988	417
988	427
988	445
988	448
988	468
988	477
988	493
988	521
988	527
988	541
988	547
988	616
988	638
988	651
988	668
988	669
988	673
988	675
988	686
988	688
988	689
988	706
988	712
988	732
988	733
988	744
988	751
988	752
988	756
988	758
988	759
988	784
988	794
988	802
988	810
988	815
988	816
988	825
988	832
988	834
988	848
988	893
988	898
988	905
988	913
988	921
988	942
988	946
988	951
988	968
988	977
988	984
988	987
988	992
988	994
988	996
988	997
988	999
989	80
989	126
989	147
989	156
989	177
989	181
989	204
989	205
989	211
989	278
989	299
989	347
989	369
989	395
989	419
989	425
989	443
989	444
989	481
989	483
989	494
989	495
989	502
989	583
989	586
989	592
989	603
989	604
989	619
989	639
989	647
989	661
989	684
989	702
989	703
989	730
989	746
989	748
989	758
989	761
989	766
989	774
989	800
989	828
989	836
989	841
989	857
989	872
989	873
989	875
989	879
989	885
989	891
989	895
989	904
989	922
989	935
989	941
989	944
989	950
989	955
989	958
989	959
989	969
989	982
989	985
989	991
989	993
989	995
990	3
990	10
990	29
990	36
990	53
990	56
990	86
990	95
990	121
990	127
990	171
990	193
990	196
990	206
990	215
990	229
990	230
990	261
990	265
990	301
990	317
990	327
990	340
990	343
990	348
990	356
990	362
990	364
990	374
990	375
990	393
990	399
990	449
990	459
990	474
990	476
990	488
990	489
990	498
990	516
990	533
990	552
990	553
990	591
990	610
990	637
990	649
990	657
990	658
990	705
990	713
990	782
990	799
990	814
990	819
990	838
990	840
990	844
990	856
990	872
990	874
990	880
990	888
990	891
990	892
990	897
990	916
990	917
990	925
990	963
990	972
990	981
990	986
990	991
991	16
991	18
991	30
991	50
991	75
991	76
991	109
991	150
991	197
991	198
991	232
991	256
991	291
991	297
991	302
991	344
991	355
991	389
991	425
991	495
991	496
991	502
991	507
991	529
991	537
991	588
991	602
991	605
991	615
991	624
991	627
991	665
991	730
991	746
991	761
991	762
991	766
991	774
991	776
991	785
991	800
991	806
991	823
991	837
991	841
991	842
991	847
991	857
991	861
991	873
991	877
991	879
991	885
991	887
991	891
991	895
991	900
991	909
991	922
991	935
991	938
991	944
991	948
991	954
991	955
991	958
991	969
991	970
991	971
991	982
991	985
991	989
991	990
991	993
991	995
992	1
992	14
992	25
992	67
992	68
992	71
992	73
992	149
992	169
992	175
992	176
992	192
992	203
992	248
992	253
992	280
992	283
992	290
992	305
992	316
992	321
992	328
992	331
992	341
992	351
992	355
992	377
992	381
992	418
992	426
992	431
992	437
992	456
992	464
992	492
992	522
992	549
992	554
992	564
992	567
992	574
992	582
992	585
992	629
992	641
992	642
992	672
992	674
992	676
992	682
992	707
992	723
992	726
992	729
992	731
992	747
992	770
992	781
992	787
992	793
992	812
992	834
992	859
992	860
992	868
992	870
992	915
992	916
992	933
992	948
992	950
992	966
992	973
992	976
992	988
993	16
993	20
993	38
993	50
993	54
993	64
993	76
993	110
993	117
993	126
993	147
993	150
993	151
993	156
993	160
993	162
993	177
993	197
993	201
993	204
993	207
993	294
993	299
993	357
993	369
993	395
993	408
993	425
993	443
993	457
993	483
993	499
993	515
993	523
993	534
993	537
993	603
993	604
993	605
993	684
993	730
993	735
993	758
993	761
993	762
993	774
993	788
993	800
993	803
993	805
993	823
993	827
993	828
993	836
993	842
993	847
993	861
993	862
993	864
993	870
993	873
993	879
993	880
993	886
993	887
993	895
993	900
993	913
993	940
993	944
993	955
993	958
993	959
993	970
993	971
993	982
993	985
993	989
993	991
993	995
994	4
994	8
994	37
994	69
994	96
994	152
994	164
994	200
994	216
994	219
994	242
994	243
994	273
994	302
994	324
994	346
994	358
994	365
994	387
994	390
994	414
994	424
994	427
994	461
994	470
994	493
994	504
994	505
994	511
994	521
994	541
994	568
994	606
994	616
994	631
994	638
994	649
994	651
994	654
994	668
994	669
994	673
994	681
994	686
994	688
994	694
994	706
994	732
994	733
994	744
994	751
994	752
994	756
994	759
994	784
994	794
994	802
994	810
994	815
994	816
994	825
994	829
994	832
994	834
994	848
994	893
994	898
994	905
994	908
994	921
994	942
994	951
994	958
994	969
994	977
994	984
994	987
994	988
994	996
994	997
994	999
995	19
995	27
995	30
995	33
995	48
995	49
995	76
995	77
995	82
995	103
995	117
995	131
995	135
995	137
995	150
995	160
995	297
995	411
995	423
995	440
995	496
995	507
995	515
995	528
995	529
995	530
995	532
995	578
995	603
995	604
995	611
995	615
995	619
995	624
995	627
995	663
995	665
995	684
995	703
995	746
995	751
995	758
995	762
995	764
995	774
995	776
995	788
995	800
995	805
995	823
995	828
995	836
995	837
995	841
995	842
995	847
995	861
995	862
995	864
995	873
995	886
995	887
995	891
995	895
995	900
995	913
995	922
995	927
995	935
995	944
995	954
995	955
995	958
995	959
995	963
995	971
995	974
995	982
995	985
995	989
995	991
995	993
995	996
996	4
996	8
996	43
996	69
996	100
996	219
996	228
996	235
996	246
996	262
996	302
996	330
996	358
996	361
996	365
996	366
996	390
996	394
996	403
996	414
996	415
996	417
996	424
996	427
996	428
996	448
996	461
996	468
996	470
996	477
996	493
996	504
996	505
996	521
996	527
996	534
996	547
996	568
996	590
996	606
996	631
996	634
996	638
996	651
996	654
996	668
996	673
996	675
996	681
996	686
996	690
996	694
996	706
996	732
996	733
996	751
996	752
996	756
996	759
996	780
996	794
996	802
996	810
996	815
996	816
996	825
996	832
996	834
996	844
996	846
996	848
996	865
996	893
996	898
996	905
996	918
996	921
996	942
996	951
996	977
996	984
996	987
996	988
996	994
996	995
996	997
996	999
997	13
997	28
997	37
997	81
997	96
997	98
997	132
997	185
997	228
997	239
997	243
997	246
997	273
997	274
997	302
997	330
997	334
997	336
997	358
997	361
997	365
997	394
997	403
997	414
997	415
997	417
997	445
997	461
997	468
997	473
997	493
997	504
997	505
997	511
997	521
997	527
997	547
997	565
997	568
997	606
997	616
997	634
997	638
997	651
997	668
997	669
997	673
997	675
997	681
997	686
997	688
997	694
997	732
997	733
997	744
997	751
997	752
997	756
997	784
997	794
997	802
997	810
997	814
997	815
997	816
997	822
997	825
997	832
997	834
997	848
997	893
997	898
997	905
997	921
997	933
997	937
997	942
997	951
997	957
997	977
997	978
997	984
997	987
997	988
997	994
997	996
997	999
998	9
998	35
998	45
998	51
998	55
998	57
998	72
998	83
998	101
998	104
998	106
998	111
998	161
998	166
998	194
998	208
998	254
998	255
998	271
998	275
998	276
998	282
998	284
998	289
998	298
998	303
998	318
998	319
998	353
998	354
998	368
998	370
998	376
998	386
998	396
998	404
998	407
998	421
998	424
998	441
998	450
998	451
998	467
998	486
998	510
998	524
998	543
998	546
998	558
998	561
998	579
998	590
998	594
998	597
998	599
998	600
998	607
998	617
998	623
998	652
998	660
998	667
998	671
998	677
998	678
998	689
998	697
998	699
998	700
998	753
998	755
998	760
998	769
998	780
998	783
998	795
998	808
998	878
998	881
998	882
998	884
998	896
998	903
998	906
998	909
998	910
998	940
998	943
998	949
998	962
998	964
998	974
998	980
998	1000
999	8
999	13
999	28
999	41
999	43
999	69
999	96
999	98
999	100
999	102
999	103
999	152
999	178
999	185
999	200
999	216
999	238
999	239
999	246
999	274
999	315
999	324
999	330
999	336
999	358
999	361
999	366
999	374
999	390
999	394
999	403
999	424
999	427
999	428
999	445
999	448
999	470
999	477
999	493
999	504
999	505
999	511
999	521
999	527
999	541
999	547
999	565
999	568
999	616
999	631
999	634
999	651
999	654
999	664
999	668
999	669
999	673
999	675
999	681
999	686
999	688
999	694
999	706
999	732
999	733
999	744
999	751
999	752
999	756
999	759
999	775
999	784
999	794
999	802
999	810
999	815
999	816
999	825
999	832
999	834
999	848
999	850
999	893
999	898
999	902
999	905
999	921
999	930
999	942
999	945
999	951
999	969
999	975
999	977
999	984
999	987
999	988
999	994
999	996
999	997
1000	5
1000	17
1000	26
1000	40
1000	88
1000	94
1000	115
1000	125
1000	134
1000	144
1000	153
1000	158
1000	162
1000	190
1000	210
1000	217
1000	231
1000	267
1000	285
1000	296
1000	310
1000	314
1000	337
1000	352
1000	371
1000	406
1000	409
1000	422
1000	438
1000	446
1000	447
1000	452
1000	455
1000	471
1000	506
1000	513
1000	518
1000	531
1000	535
1000	557
1000	566
1000	572
1000	598
1000	643
1000	659
1000	679
1000	680
1000	690
1000	702
1000	708
1000	715
1000	720
1000	727
1000	733
1000	734
1000	736
1000	749
1000	750
1000	752
1000	763
1000	772
1000	777
1000	785
1000	786
1000	789
1000	791
1000	792
1000	797
1000	805
1000	807
1000	808
1000	813
1000	829
1000	831
1000	835
1000	845
1000	846
1000	852
1000	860
1000	894
1000	897
1000	909
1000	912
1000	914
1000	919
1000	930
1000	934
1000	941
1000	948
1000	952
1000	956
1000	960
1000	961
1000	965
1000	970
1000	978
1000	979
1000	982
1000	983
1000	998
