1	191
1	773
1	997
2	322
2	480
2	990
3	985
3	996
3	999
4	894
4	980
4	998
5	940
5	980
5	998
6	464
6	753
6	952
7	711
7	918
7	987
8	336
8	672
8	989
9	378
9	891
9	984
10	350
10	950
10	967
11	576
11	876
11	991
12	296
12	972
12	981
13	847
13	987
13	990
14	875
14	985
14	989
15	914
15	987
15	1000
16	430
16	932
16	976
17	739
17	924
17	940
18	956
18	966
18	999
19	781
19	932
19	997
20	796
20	983
20	984
21	480
21	895
21	995
22	677
22	996
22	999
23	809
23	854
23	1000
24	638
24	923
24	967
25	646
25	859
25	978
26	622
26	857
26	986
27	778
27	979
27	998
28	987
28	990
28	1000
29	804
29	961
29	987
30	69
30	975
30	993
31	359
31	541
31	977
32	559
32	973
32	990
33	805
33	989
33	997
34	737
34	966
34	992
35	927
35	938
35	984
36	242
36	898
36	979
37	670
37	978
37	993
38	749
38	836
38	850
39	75
39	963
39	975
40	566
40	702
40	968
41	839
41	927
41	984
42	896
42	945
42	955
43	93
43	868
43	985
44	924
44	942
44	994
45	868
45	886
45	923
46	801
46	971
46	978
47	807
47	965
47	997
48	893
48	968
48	997
49	927
49	954
49	983
50	826
50	912
50	997
51	599
51	869
51	999
52	974
52	990
52	1000
53	763
53	849
53	907
54	887
54	968
54	988
55	866
55	958
55	963
56	652
56	898
56	982
57	62
57	546
57	898
58	803
58	927
58	984
59	948
59	955
59	982
60	247
60	980
60	994
61	811
61	861
61	942
62	57
62	879
62	948
63	915
63	928
63	991
64	907
64	955
64	991
65	767
65	987
65	1000
66	939
66	949
66	977
67	744
67	944
67	946
68	403
68	986
68	997
69	30
69	958
69	969
70	86
70	995
70	996
71	941
71	986
71	994
72	918
72	974
72	1000
73	853
73	877
73	978
74	605
74	934
74	994
75	39
75	931
75	996
76	445
76	956
76	999
77	924
77	980
77	998
78	534
78	965
78	997
79	821
79	958
79	993
80	952
80	973
80	989
81	625
81	971
81	981
82	305
82	702
82	997
83	209
83	971
83	993
84	342
84	909
84	997
85	893
85	917
85	998
86	70
86	642
86	995
87	763
87	911
87	991
88	838
88	842
88	998
89	864
89	970
89	987
90	699
90	802
90	970
91	633
91	960
91	991
92	699
92	989
92	1000
93	43
93	264
93	754
94	853
94	924
94	998
95	838
95	862
95	980
96	692
96	944
96	975
97	541
97	949
97	977
98	296
98	969
98	972
99	578
99	950
99	967
100	231
100	570
100	991
101	328
101	777
101	807
102	392
102	741
102	982
103	635
103	985
103	996
104	811
104	934
104	994
105	702
105	970
105	1000
106	555
106	689
106	994
107	964
107	969
107	975
108	686
108	972
108	975
109	779
109	846
109	866
110	918
110	973
110	1000
111	854
111	959
111	990
112	735
112	933
112	994
113	726
113	884
113	994
114	362
114	553
114	989
115	881
115	989
115	1000
116	770
116	992
116	999
117	268
117	380
117	896
118	995
118	996
118	999
119	945
119	986
119	997
120	973
120	990
120	1000
121	824
121	983
121	984
122	908
122	922
122	997
123	870
123	924
123	980
124	796
124	871
124	983
125	594
125	925
125	994
126	519
126	978
126	981
127	828
127	988
127	997
128	477
128	678
128	976
129	389
129	692
129	972
130	640
130	985
130	995
131	578
131	923
131	949
132	942
132	957
132	994
133	206
133	832
133	977
134	938
134	983
134	984
135	834
135	914
135	994
136	900
136	988
136	999
137	948
137	970
137	990
138	781
138	954
138	983
139	695
139	979
139	998
140	894
140	980
140	998
141	938
141	983
141	984
142	995
142	998
142	999
143	951
143	992
143	999
144	841
144	961
144	1000
145	889
145	955
145	982
146	939
146	991
146	997
147	827
147	848
147	984
148	558
148	728
148	963
149	941
149	942
149	994
150	992
150	995
150	996
151	431
151	995
151	996
152	959
152	961
152	987
153	371
153	890
153	976
154	575
154	885
154	992
155	927
155	983
155	984
156	873
156	925
156	994
157	896
157	948
157	991
158	614
158	788
158	990
159	358
159	589
159	994
160	775
160	986
160	988
161	392
161	509
161	782
162	754
162	967
162	977
163	914
163	942
163	957
164	553
164	970
164	1000
165	288
165	983
165	984
166	747
166	832
166	923
167	347
167	980
167	998
168	891
168	983
168	992
169	306
169	860
169	978
170	935
170	939
170	968
171	368
171	626
171	933
172	917
172	980
172	998
173	235
173	577
173	981
174	750
174	821
174	849
175	686
175	888
175	993
176	909
176	922
176	986
177	454
177	960
177	991
178	928
178	948
178	992
179	923
179	949
179	977
180	938
180	954
180	984
181	985
181	995
181	996
182	909
182	912
182	976
183	985
183	996
183	999
184	785
184	979
184	998
185	502
185	803
185	881
186	987
186	990
186	1000
187	775
187	850
187	986
188	962
188	995
188	999
189	617
189	751
189	975
190	989
190	990
190	1000
191	1
191	513
191	986
192	285
192	865
192	972
193	777
193	976
193	988
194	333
194	395
194	967
195	926
195	953
195	1000
196	835
196	946
196	978
197	992
197	996
197	999
198	852
198	927
198	983
199	629
199	927
199	938
200	935
200	968
200	976
201	956
201	992
201	999
202	326
202	929
202	991
203	985
203	995
203	999
204	357
204	988
204	997
205	729
205	785
205	998
206	133
206	426
206	827
207	927
207	983
207	984
208	912
208	986
208	997
209	83
209	474
209	981
210	308
210	941
210	994
211	303
211	921
211	949
212	469
212	734
212	936
213	486
213	780
213	868
214	790
214	987
214	1000
215	935
215	968
215	986
216	879
216	992
216	999
217	924
217	940
217	980
218	966
218	996
218	999
219	827
219	925
219	998
220	623
220	995
220	996
221	809
221	970
221	1000
222	876
222	955
222	960
223	970
223	987
223	1000
224	619
224	762
224	969
225	800
225	897
225	983
226	762
226	867
226	998
227	910
227	996
227	999
228	849
228	888
228	981
229	786
229	867
229	998
230	793
230	928
230	991
231	100
231	909
231	991
232	575
232	775
232	905
233	976
233	988
233	997
234	594
234	873
234	941
235	173
235	981
235	993
236	756
236	811
236	884
237	860
237	972
237	993
238	908
238	953
238	1000
239	954
239	983
239	984
240	941
240	979
240	998
241	780
241	949
241	967
242	36
242	917
242	980
243	831
243	929
243	982
244	446
244	995
244	996
245	757
245	877
245	998
246	772
246	944
246	993
247	60
247	719
247	933
248	672
248	951
248	996
249	985
249	992
249	996
250	412
250	729
250	998
251	270
251	969
251	978
252	694
252	953
252	977
253	823
253	971
253	972
254	686
254	918
254	978
255	850
255	893
255	988
256	901
256	939
256	997
257	959
257	965
257	1000
258	594
258	827
258	994
259	442
259	917
259	944
260	852
260	983
260	984
261	668
261	738
261	941
262	684
262	996
262	999
263	719
263	957
263	994
264	93
264	923
264	977
265	751
265	963
265	978
266	910
266	975
266	985
267	778
267	980
267	998
268	117
268	811
268	941
269	889
269	896
269	982
270	251
270	972
270	978
271	934
271	957
271	994
272	880
272	954
272	984
273	836
273	985
273	999
274	914
274	934
274	994
275	986
275	988
275	997
276	726
276	942
276	994
277	856
277	987
277	989
278	699
278	989
278	999
279	659
279	878
279	997
280	347
280	862
280	924
281	983
281	984
281	994
282	841
282	851
282	1000
283	432
283	946
283	963
284	697
284	841
284	878
285	192
285	913
285	963
286	476
286	911
286	929
287	481
287	884
287	994
288	165
288	938
288	983
289	795
289	877
289	998
290	696
290	887
290	986
291	602
291	983
291	984
292	949
292	954
292	983
293	941
293	991
293	994
294	919
294	995
294	996
295	659
295	968
295	997
296	12
296	98
296	985
297	820
297	943
297	995
297	999
298	588
298	717
298	917
298	998
299	406
299	914
299	925
299	994
300	381
300	925
300	942
300	994
301	320
301	579
301	695
301	998
302	847
302	954
302	983
302	984
303	211
303	783
303	921
303	949
304	912
304	934
304	976
304	988
305	82
305	629
305	848
305	984
306	169
306	888
306	962
306	978
307	946
307	964
307	969
307	981
308	210
308	738
308	834
308	957
309	730
309	936
309	949
309	977
310	863
310	985
310	992
310	996
311	926
311	973
311	987
311	1000
312	404
312	746
312	924
312	998
313	728
313	799
313	967
313	977
314	665
314	855
314	967
314	977
315	893
315	920
315	935
315	988
316	611
316	822
316	944
316	963
317	798
317	817
317	931
317	995
318	513
318	894
318	986
318	998
319	953
319	959
319	961
319	990
320	301
320	757
320	917
320	998
321	733
321	929
321	948
321	982
322	2
322	587
322	649
322	937
323	903
323	982
323	991
323	999
324	616
324	958
324	969
324	981
325	947
325	985
325	992
325	996
326	202
326	928
326	948
326	961
327	947
327	955
327	996
327	999
328	101
328	985
328	995
328	999
329	769
329	909
329	922
329	997
330	874
330	894
330	924
330	998
331	569
331	730
331	953
331	977
332	954
332	973
332	983
332	984
333	194
333	950
333	977
333	989
334	787
334	823
334	964
334	981
335	595
335	844
335	966
335	992
336	8
336	790
336	804
336	937
337	980
337	985
337	992
337	996
338	698
338	712
338	945
338	982
339	575
339	733
339	896
339	948
340	549
340	774
340	890
340	968
341	835
341	964
341	978
341	993
342	84
342	772
342	986
342	997
343	583
343	992
343	995
343	999
344	387
344	748
344	808
344	988
345	782
345	830
345	883
345	975
346	814
346	987
346	990
346	1000
347	167
347	280
347	727
347	998
348	844
348	973
348	987
348	989
349	987
349	989
349	990
349	1000
350	10
350	855
350	949
350	967
351	920
351	939
351	976
351	988
352	497
352	774
352	932
352	997
353	639
353	669
353	868
353	997
354	891
354	938
354	983
354	984
355	676
355	707
355	812
355	974
356	965
356	968
356	988
356	997
357	204
357	702
357	755
357	897
358	159
358	914
358	966
358	994
359	31
359	850
359	890
359	997
360	679
360	921
360	973
360	1000
361	478
361	867
361	979
361	998
362	114
362	961
362	981
362	1000
363	861
363	882
363	925
363	933
364	735
364	941
364	942
364	994
365	429
365	618
365	968
365	976
366	712
366	872
366	930
366	997
367	411
367	728
367	949
367	950
368	171
368	756
368	934
368	994
369	528
369	560
369	944
369	981
370	467
370	823
370	944
370	971
371	153
371	567
371	976
371	988
372	951
372	992
372	995
372	996
373	959
373	973
373	987
373	989
374	951
374	961
374	992
374	999
375	523
375	781
375	988
375	997
376	607
376	827
376	957
376	994
377	823
377	913
377	962
377	971
378	9
378	590
378	983
378	984
379	684
379	800
379	871
379	983
380	117
380	398
380	933
380	994
381	300
381	583
381	957
381	994
382	852
382	871
382	983
382	984
383	946
383	954
383	958
383	981
384	452
384	979
384	980
384	998
385	645
385	985
385	995
385	999
386	625
386	799
386	980
386	998
387	344
387	825
387	911
387	982
388	428
388	795
388	979
388	998
389	129
389	692
389	744
389	993
390	985
390	992
390	995
390	996
391	661
391	757
391	918
391	979
392	102
392	161
392	876
392	991
393	703
393	979
393	980
393	998
394	641
394	868
394	949
394	967
395	194
395	704
395	921
395	967
396	513
396	695
396	739
396	998
397	463
397	945
397	948
397	982
398	380
398	792
398	934
398	957
399	669
399	688
399	929
399	982
400	906
400	967
400	977
400	986
401	460
401	749
401	973
401	989
402	690
402	947
402	965
402	986
403	68
403	430
403	819
403	988
404	312
404	785
404	979
404	998
405	817
405	966
405	980
405	996
406	299
406	883
406	962
406	978
407	776
407	976
407	986
407	997
408	895
408	936
408	995
408	999
409	717
409	969
409	979
409	998
410	891
410	954
410	983
410	984
411	367
411	572
411	967
411	977
412	250
412	426
412	842
412	998
413	862
413	980
413	982
413	998
414	855
414	906
414	949
414	977
415	502
415	933
415	938
415	984
416	784
416	941
416	957
416	994
417	724
417	947
417	985
417	999
418	738
418	933
418	934
418	994
419	690
419	927
419	954
419	983
420	633
420	903
420	948
420	982
421	537
421	913
421	962
421	978
422	792
422	933
422	934
422	942
423	873
423	937
423	989
423	990
424	842
424	989
424	990
424	1000
425	450
425	818
425	877
425	940
426	206
426	412
426	490
426	994
427	601
427	770
427	898
427	991
428	388
428	588
428	613
428	876
429	365
429	681
429	878
429	994
430	16
430	403
430	781
430	968
431	151
431	793
431	879
431	991
432	283
432	783
432	930
432	965
433	871
433	952
433	973
433	990
434	570
434	825
434	982
434	991
435	863
435	951
435	996
435	999
436	897
436	920
436	965
436	987
437	917
437	940
437	980
437	998
438	970
438	989
438	990
438	1000
439	874
439	947
439	992
439	996
440	614
440	763
440	948
440	991
441	973
441	974
441	989
441	1000
442	259
442	797
442	958
442	981
443	779
443	962
443	964
443	993
444	796
444	848
444	983
444	984
445	76
445	715
445	872
445	935
446	244
446	931
446	966
446	985
447	865
447	971
447	972
447	978
448	450
448	789
448	940
448	998
449	481
449	525
449	925
449	933
449	934
450	425
450	448
450	739
450	892
450	894
451	675
451	885
451	960
451	982
451	991
452	384
452	577
452	972
452	978
452	981
453	904
453	985
453	992
453	996
453	999
454	177
454	689
454	767
454	945
454	991
455	483
455	666
455	759
455	949
455	977
456	840
456	844
456	985
456	996
456	999
457	723
457	793
457	879
457	945
457	983
458	755
458	774
458	777
458	920
458	965
459	712
459	766
459	781
459	843
459	988
460	401
460	902
460	943
460	973
460	989
461	667
461	736
461	791
461	975
461	978
462	751
462	881
462	963
462	981
462	993
463	397
463	767
463	782
463	955
463	991
464	6
464	790
464	959
464	989
464	1000
465	512
465	672
465	809
465	937
465	1000
466	899
466	910
466	992
466	995
466	996
467	370
467	743
467	830
467	915
467	993
468	785
468	917
468	940
468	980
468	998
469	212
469	901
469	968
469	976
469	986
470	850
470	876
470	911
470	948
470	982
471	529
471	969
471	971
471	975
471	978
472	616
472	875
472	987
472	990
472	1000
473	584
473	717
473	746
473	785
473	998
474	209
474	736
474	797
474	944
474	993
475	615
475	858
475	939
475	983
475	986
476	286
476	879
476	896
476	982
476	991
477	128
477	688
477	903
477	948
477	982
478	361
478	848
478	938
478	983
478	984
479	686
479	900
479	992
479	996
479	999
480	2
480	21
480	672
480	970
480	1000
481	287
481	449
481	834
481	957
481	994
482	534
482	797
482	881
482	913
482	975
483	455
483	886
483	906
483	939
483	949
484	738
484	873
484	884
484	940
484	994
485	701
485	855
485	906
485	967
485	977
486	213
486	923
486	967
486	972
486	977
487	943
487	966
487	985
487	992
487	995
488	597
488	694
488	705
488	886
488	921
489	825
489	879
489	915
489	929
489	991
490	426
490	735
490	934
490	942
490	994
491	580
491	836
491	909
491	968
491	997
492	843
492	887
492	965
492	986
492	997
493	550
493	566
493	803
493	983
493	984
494	754
494	759
494	855
494	923
494	977
495	658
495	838
495	843
495	909
495	965
496	693
496	772
496	818
496	962
496	978
497	352
497	749
497	920
497	976
497	997
498	641
498	943
498	951
498	996
498	999
499	849
499	952
499	961
499	974
499	989
500	603
500	789
500	892
500	979
500	998
501	908
501	926
501	953
501	990
501	1000
502	185
502	415
502	835
502	938
502	984
503	543
503	766
503	923
503	949
503	977
504	596
504	835
504	944
504	969
504	978
505	536
505	591
505	593
505	789
505	924
506	837
506	886
506	899
506	943
506	996
507	508
507	581
507	907
507	945
507	991
508	507
508	879
508	948
508	991
508	997
509	161
509	723
509	800
509	955
509	991
510	770
510	919
510	985
510	995
510	999
511	724
511	790
511	814
511	937
511	973
512	465
512	720
512	918
512	953
512	1000
513	191
513	318
513	396
513	862
513	979
514	639
514	894
514	921
514	950
514	977
515	918
515	928
515	974
515	989
515	1000
516	634
516	719
516	925
516	934
516	994
517	725
517	777
517	969
517	971
517	993
518	555
518	776
518	941
518	957
518	994
519	126
519	828
519	946
519	962
519	972
520	711
520	851
520	907
520	908
520	989
521	762
521	849
521	962
521	993
521	996
522	911
522	915
522	929
522	955
522	991
523	375
523	898
523	907
523	955
523	960
524	850
524	920
524	932
524	968
524	997
525	449
525	804
525	974
525	987
525	1000
526	904
526	936
526	943
526	973
526	992
527	803
527	954
527	957
527	983
527	984
528	369
528	692
528	721
528	801
528	833
529	471
529	750
529	828
529	883
529	993
530	663
530	892
530	979
530	980
530	998
531	802
531	829
531	953
531	978
531	989
532	933
532	937
532	961
532	974
532	989
533	754
533	886
533	906
533	943
533	977
534	78
534	482
534	932
534	968
534	997
535	858
535	890
535	900
535	935
535	997
536	505
536	894
536	924
536	979
536	998
537	421
537	721
537	813
537	963
537	972
538	590
538	839
538	871
538	954
538	983
539	706
539	723
539	928
539	982
539	995
540	547
540	901
540	934
540	986
540	997
541	31
541	97
541	638
541	705
541	967
542	585
542	795
542	892
542	972
542	998
543	503
543	927
543	954
543	983
543	984
544	592
544	896
544	945
544	982
544	991
545	843
545	912
545	965
545	988
545	997
546	57
546	630
546	876
546	915
546	929
546	945
547	540
547	774
547	890
547	897
547	912
547	997
548	806
548	919
548	951
548	966
548	996
548	999
549	340
549	681
549	976
549	983
549	988
549	997
550	493
550	735
550	742
550	771
550	891
550	983
551	610
551	652
551	898
551	903
551	960
551	982
552	596
552	751
552	797
552	822
552	888
552	946
553	114
553	164
553	916
553	970
553	973
553	990
554	947
554	985
554	992
554	995
554	996
554	999
555	106
555	518
555	783
555	914
555	933
555	994
556	918
556	926
556	952
556	953
556	987
556	990
557	855
557	916
557	992
557	995
557	996
557	999
558	148
558	708
558	720
558	859
558	971
558	972
559	32
559	869
559	882
559	899
559	992
559	999
560	369
560	749
560	878
560	920
560	930
560	939
561	704
561	824
561	871
561	925
561	983
561	984
562	630
562	793
562	885
562	896
562	955
562	1000
563	817
563	885
563	889
563	915
563	960
563	982
564	808
564	901
564	930
564	935
564	986
564	988
565	754
565	855
565	886
565	921
565	967
565	977
566	40
566	493
566	803
566	871
566	938
566	984
567	371
567	843
567	922
567	965
567	986
567	997
568	815
568	837
568	900
568	951
568	995
568	999
569	331
569	759
569	906
569	949
569	950
569	977
570	100
570	434
570	633
570	767
570	948
570	991
571	670
571	743
571	899
571	944
571	981
571	993
572	411
572	906
572	921
572	950
572	967
572	977
573	802
573	959
573	961
573	987
573	990
573	1000
574	880
574	930
574	931
574	992
574	996
574	999
575	154
575	232
575	339
575	668
575	876
575	991
576	11
576	885
576	913
576	945
576	948
576	955
577	173
577	452
577	764
577	946
577	963
577	981
578	99
578	131
578	752
578	868
578	950
578	967
579	301
579	718
579	862
579	965
579	979
579	998
580	491
580	913
580	944
580	946
580	958
580	981
581	507
581	889
581	928
581	960
581	982
581	991
582	864
582	937
582	961
582	975
582	989
582	1000
583	343
583	381
583	925
583	933
583	942
583	994
584	473
584	663
584	757
584	853
584	940
584	998
585	542
585	778
585	863
585	877
585	979
585	998
586	714
586	752
586	921
586	949
586	967
586	977
587	322
587	705
587	918
587	961
587	974
587	1000
588	298
588	428
588	661
588	778
588	979
588	998
589	159
589	827
589	940
589	941
589	957
589	994
590	378
590	538
590	824
590	930
590	954
590	983
591	505
591	836
591	897
591	935
591	939
591	997
592	544
592	847
592	926
592	953
592	990
592	1000
593	505
593	722
593	818
593	979
593	980
593	998
594	125
594	234
594	258
594	823
594	827
594	957
595	335
595	631
595	874
595	977
595	992
595	995
596	504
596	552
596	619
596	627
596	993
596	997
597	488
597	956
597	992
597	995
597	996
597	999
598	624
598	942
598	961
598	987
598	989
598	1000
599	51
599	824
599	871
599	891
599	983
599	984
600	869
600	874
600	985
600	992
600	995
600	996
601	427
601	907
601	911
601	928
601	988
601	991
602	291
602	771
602	852
602	912
602	983
602	984
603	500
603	679
603	804
603	953
603	987
603	1000
604	636
604	873
604	914
604	941
604	982
604	994
605	74
605	941
605	942
605	957
605	967
605	994
606	836
606	857
606	905
606	930
606	968
606	986
607	376
607	791
607	914
607	925
607	933
607	994
608	851
608	952
608	953
608	959
608	989
608	993
609	628
609	637
609	777
609	872
609	986
609	988
610	551
610	652
610	915
610	945
610	991
610	995
611	316
611	846
611	865
611	963
611	969
611	993
612	708
612	962
612	975
612	978
612	981
612	993
613	428
613	697
613	703
613	718
613	877
613	998
614	158
614	440
614	812
614	926
614	970
614	990
614	1000
615	475
615	893
615	920
615	922
615	928
615	986
615	997
616	324
616	472
616	670
616	813
616	823
616	958
616	975
617	189
617	660
617	823
617	846
617	972
617	975
617	981
618	365
618	668
618	831
618	876
618	898
618	982
618	991
619	224
619	596
619	860
619	883
619	964
619	978
619	981
620	802
620	851
620	952
620	973
620	989
620	990
620	1000
621	659
621	825
621	929
621	955
621	960
621	982
621	991
622	26
622	773
622	901
622	960
622	986
622	988
622	997
623	220
623	903
623	907
623	911
623	948
623	960
623	991
624	598
624	769
624	841
624	908
624	961
624	989
624	990
625	81
625	386
625	643
625	862
625	894
625	940
625	998
626	171
626	861
626	873
626	942
626	957
626	994
626	995
627	596
627	792
627	835
627	883
627	969
627	975
627	993
628	609
628	947
628	956
628	992
628	995
628	996
628	999
629	199
629	305
629	704
629	796
629	852
629	954
629	984
630	546
630	562
630	763
630	825
630	831
630	955
630	973
631	595
631	840
631	844
631	969
631	970
631	992
631	999
632	900
632	931
632	956
632	985
632	995
632	996
632	999
633	91
633	420
633	570
633	668
633	733
633	948
633	982
634	516
634	908
634	914
634	925
634	933
634	934
634	994
635	103
635	817
635	880
635	951
635	985
635	996
635	999
636	604
636	719
636	811
636	900
636	933
636	957
636	994
637	609
637	781
637	897
637	922
637	932
637	959
637	986
638	24
638	541
638	641
638	868
638	923
638	950
638	981
639	353
639	514
639	641
639	657
639	701
639	717
639	950
640	130
640	860
640	874
640	992
640	995
640	996
640	999
641	394
641	498
641	638
641	639
641	832
641	906
641	977
642	86
642	765
642	900
642	916
642	995
642	996
642	999
643	625
643	862
643	867
643	952
643	979
643	980
643	998
644	771
644	824
644	891
644	895
644	938
644	954
644	984
645	385
645	907
645	948
645	955
645	960
645	982
645	991
646	25
646	751
646	835
646	865
646	971
646	993
646	996
647	756
647	861
647	884
647	941
647	942
647	986
647	994
648	745
648	791
648	913
648	958
648	964
648	975
648	993
649	322
649	746
649	764
649	877
649	979
649	980
649	998
650	786
650	869
650	956
650	966
650	991
650	995
650	999
651	784
651	825
651	874
651	916
651	951
651	995
651	996
652	56
652	551
652	610
652	885
652	898
652	928
652	991
653	746
653	840
653	904
653	956
653	995
653	996
653	999
654	673
654	849
654	888
654	946
654	958
654	971
654	993
655	760
655	776
655	826
655	922
655	976
655	988
655	997
656	784
656	936
656	947
656	981
656	995
656	996
656	999
657	639
657	669
657	705
657	752
657	922
657	967
657	977
658	495
658	697
658	873
658	878
658	893
658	930
658	965
659	279
659	295
659	621
659	769
659	920
659	976
659	997
660	617
660	828
660	863
660	958
660	963
660	971
660	993
661	391
661	588
661	799
661	842
661	853
661	979
661	998
662	745
662	829
662	841
662	959
662	989
662	990
662	1000
663	530
663	584
663	795
663	810
663	924
663	992
663	998
664	761
664	812
664	816
664	902
664	961
664	974
664	987
664	1000
665	314
665	680
665	836
665	893
665	897
665	905
665	912
665	997
666	455
666	759
666	808
666	906
666	921
666	950
666	967
666	977
667	461
667	813
667	860
667	913
667	950
667	964
667	972
667	993
668	261
668	575
668	618
668	633
668	763
668	889
668	960
668	982
669	353
669	399
669	657
669	705
669	832
669	855
669	967
669	977
670	37
670	571
670	616
670	732
670	865
670	944
670	964
670	981
671	862
671	870
671	877
671	892
671	894
671	979
671	980
671	998
672	8
672	248
672	465
672	480
672	908
672	973
672	990
672	1000
673	654
673	838
673	842
673	917
673	940
673	979
673	980
673	998
674	847
674	902
674	932
674	970
674	973
674	987
674	990
674	1000
675	451
675	698
675	733
675	911
675	928
675	960
675	982
675	991
676	355
676	952
676	953
676	974
676	987
676	989
676	990
676	1000
677	22
677	919
677	936
677	966
677	975
677	985
677	995
677	999
678	128
678	690
678	725
678	905
678	909
678	986
678	988
678	997
679	360
679	603
679	713
679	809
679	902
679	973
679	974
679	1000
680	665
680	696
680	781
680	819
680	858
680	986
680	988
680	997
681	429
681	549
681	712
681	905
681	968
681	976
681	986
681	995
682	885
682	896
682	903
682	929
682	945
682	948
682	991
682	993
683	693
683	713
683	865
683	881
683	944
683	964
683	969
683	975
684	262
684	379
684	803
684	839
684	852
684	938
684	983
684	984
685	738
685	827
685	873
685	914
685	941
685	942
685	956
685	994
686	108
686	175
686	254
686	479
686	962
686	964
686	969
686	993
687	837
687	877
687	931
687	966
687	992
687	995
687	996
687	999
688	399
688	477
688	885
688	928
688	929
688	960
688	982
688	991
689	106
689	454
689	898
689	907
689	928
689	955
689	960
689	991
690	402
690	419
690	678
690	858
690	939
690	965
690	968
690	997
691	869
691	880
691	936
691	986
691	992
691	995
691	996
691	999
692	96
692	129
692	389
692	528
692	866
692	975
692	986
692	993
693	496
693	683
693	801
693	822
693	946
693	962
693	990
693	993
694	252
694	488
694	714
694	754
694	832
694	886
694	950
694	977
695	139
695	301
695	396
695	727
695	757
695	979
695	996
695	998
696	290
696	680
696	715
696	857
696	893
696	922
696	986
696	997
697	284
697	613
697	658
697	715
697	872
697	901
697	939
697	997
698	338
698	675
698	945
698	955
698	960
698	963
698	982
698	991
699	90
699	92
699	278
699	829
699	904
699	918
699	970
699	990
700	864
700	926
700	937
700	970
700	973
700	974
700	987
700	989
701	485
701	639
701	747
701	766
701	832
701	945
701	967
701	977
702	40
702	82
702	105
702	357
702	843
702	920
702	965
702	976
703	393
703	613
703	799
703	818
703	870
703	898
703	980
703	998
704	395
704	561
704	629
704	848
704	891
704	938
704	954
704	983
705	488
705	541
705	587
705	657
705	669
705	921
705	949
705	950
706	539
706	889
706	896
706	907
706	960
706	982
706	987
706	991
707	355
707	856
707	890
707	918
707	970
707	987
707	989
707	1000
708	558
708	612
708	845
708	881
708	972
708	975
708	978
708	981
709	905
709	909
709	922
709	965
709	968
709	986
709	988
709	997
710	768
710	937
710	962
710	969
710	972
710	975
710	981
710	993
711	7
711	520
711	851
711	926
711	973
711	987
711	989
711	1000
712	338
712	366
712	459
712	681
712	774
712	976
712	988
712	997
713	679
713	683
713	809
713	937
713	970
713	973
713	974
713	1000
714	586
714	694
714	747
714	906
714	921
714	923
714	950
714	977
715	445
715	696
715	697
715	850
715	901
715	903
715	986
715	988
715	997
716	903
716	952
716	961
716	970
716	973
716	974
716	987
716	989
716	1000
717	298
717	409
717	473
717	639
717	778
717	867
717	892
717	917
717	998
718	579
718	613
718	789
718	831
718	870
718	892
718	917
718	980
718	998
719	247
719	263
719	516
719	636
719	811
719	878
719	934
719	957
719	994
720	512
720	558
720	779
720	813
720	821
720	833
720	962
720	969
720	978
721	528
721	537
721	835
721	859
721	963
721	969
721	981
721	993
721	997
722	593
722	829
722	854
722	926
722	959
722	970
722	973
722	987
722	1000
723	457
723	509
723	539
723	825
723	831
723	889
723	915
723	945
723	955
724	417
724	511
724	770
724	899
724	904
724	936
724	956
724	985
724	996
725	517
725	678
725	794
725	801
725	813
725	963
725	972
725	978
725	993
726	113
726	276
726	819
726	873
726	884
726	933
726	934
726	957
726	994
727	347
727	695
727	810
727	818
727	867
727	917
727	946
727	980
727	998
728	148
728	313
728	367
728	766
728	855
728	886
728	906
728	950
728	977
729	205
729	250
729	810
729	877
729	922
729	924
729	979
729	980
729	998
730	309
730	331
730	747
730	752
730	759
730	846
730	921
730	923
730	967
731	783
731	826
731	858
731	901
731	932
731	965
731	972
731	988
731	997
732	670
732	793
732	833
732	835
732	883
732	958
732	969
732	975
732	981
733	321
733	339
733	633
733	675
733	896
733	898
733	928
733	945
733	958
734	212
734	760
734	763
734	819
734	826
734	878
734	939
734	988
734	997
735	112
735	364
735	490
735	550
735	884
735	914
735	941
735	957
735	994
736	461
736	474
736	828
736	946
736	958
736	972
736	981
736	993
736	996
737	34
737	854
737	880
737	900
737	931
737	992
737	995
737	996
737	999
738	261
738	308
738	418
738	484
738	685
738	827
738	873
738	933
738	941
739	17
739	396
739	450
739	795
739	858
739	867
739	979
739	980
739	998
740	878
740	893
740	897
740	930
740	932
740	954
740	976
740	988
740	997
741	102
741	831
741	896
741	898
741	907
741	928
741	929
741	948
741	991
742	550
742	848
742	852
742	927
742	938
742	941
742	954
742	983
742	984
743	467
743	571
743	762
743	846
743	883
743	936
743	971
743	975
743	993
744	67
744	389
744	823
744	828
744	859
744	865
744	958
744	981
744	993
745	648
745	662
745	790
745	902
745	959
745	973
745	974
745	987
745	990
746	312
746	473
746	649
746	653
746	799
746	818
746	979
746	980
746	998
747	166
747	701
747	714
747	730
747	886
747	923
747	949
747	964
747	977
748	344
748	781
748	872
748	901
748	920
748	960
748	965
748	988
748	997
749	38
749	401
749	497
749	560
749	808
749	930
749	935
749	976
749	997
750	174
750	529
750	860
750	866
750	888
750	904
750	971
750	978
750	981
750	993
751	189
751	265
751	462
751	552
751	646
751	805
751	859
751	971
751	975
751	993
752	578
752	586
752	657
752	730
752	868
752	886
752	923
752	949
752	967
752	984
753	6
753	761
753	804
753	898
753	952
753	953
753	961
753	974
753	989
753	990
754	93
754	162
754	494
754	533
754	565
754	694
754	855
754	886
754	946
754	967
755	357
755	458
755	807
755	836
755	890
755	901
755	954
755	986
755	988
755	997
756	236
756	368
756	647
756	925
756	933
756	934
756	942
756	957
756	988
756	994
757	245
757	320
757	391
757	584
757	695
757	867
757	940
757	964
757	980
757	998
758	765
758	806
758	861
758	916
758	956
758	966
758	985
758	992
758	995
758	999
759	455
759	494
759	569
759	666
759	730
759	886
759	888
759	950
759	967
759	977
760	655
760	734
760	773
760	885
760	887
760	968
760	976
760	986
760	988
760	997
761	664
761	753
761	841
761	856
761	899
761	973
761	987
761	989
761	990
761	1000
762	224
762	226
762	521
762	743
762	846
762	946
762	962
762	963
762	972
762	993
763	53
763	87
763	440
763	630
763	668
763	734
763	885
763	898
763	911
763	982
764	577
764	649
764	853
764	862
764	867
764	870
764	894
764	940
764	980
764	998
765	642
765	758
765	790
765	806
765	943
765	966
765	985
765	992
765	995
765	996
766	459
766	503
766	701
766	728
766	886
766	921
766	923
766	949
766	950
766	967
767	65
767	454
767	463
767	570
767	793
767	889
767	896
767	928
767	945
767	991
768	710
768	821
768	860
768	865
768	913
768	971
768	972
768	978
768	993
768	994
769	329
769	624
769	659
769	912
769	932
769	935
769	939
769	965
769	968
769	986
770	116
770	427
770	510
770	724
770	798
770	951
770	985
770	992
770	995
770	999
771	550
771	602
771	644
771	794
771	796
771	839
771	848
771	891
771	938
771	983
771	984
772	246
772	342
772	496
772	833
772	881
772	888
772	944
772	962
772	964
772	971
772	978
773	1
773	622
773	760
773	776
773	808
773	826
773	930
773	968
773	982
773	986
773	988
774	340
774	352
774	458
774	547
774	712
774	779
774	850
774	905
774	935
774	976
774	988
775	160
775	187
775	232
775	857
775	878
775	893
775	897
775	935
775	965
775	979
775	988
776	407
776	518
776	655
776	773
776	819
776	836
776	905
776	968
776	986
776	988
776	997
777	101
777	193
777	458
777	517
777	609
777	857
777	909
777	920
777	932
777	935
777	976
778	27
778	267
778	585
778	588
778	717
778	799
778	838
778	840
778	892
778	980
778	998
779	109
779	443
779	720
779	774
779	833
779	888
779	913
779	962
779	963
779	964
779	993
780	213
780	241
780	855
780	868
780	886
780	906
780	921
780	950
780	967
780	977
780	998
781	19
781	138
781	375
781	430
781	459
781	637
781	680
781	748
781	890
781	976
781	988
782	161
782	345
782	463
782	825
782	885
782	889
782	903
782	929
782	945
782	948
782	960
783	303
783	432
783	555
783	731
783	826
783	909
783	935
783	968
783	976
783	988
783	997
784	416
784	651
784	656
784	895
784	899
784	947
784	956
784	985
784	992
784	995
784	999
785	184
785	205
785	404
785	468
785	473
785	795
785	820
785	870
785	940
785	979
785	998
786	229
786	650
786	798
786	882
786	936
786	947
786	956
786	985
786	995
786	996
786	999
787	334
787	849
787	865
787	913
787	941
787	962
787	969
787	972
787	975
787	978
787	981
788	158
788	851
788	854
788	937
788	971
788	973
788	974
788	987
788	989
788	990
788	1000
789	448
789	500
789	505
789	718
789	795
789	842
789	862
789	864
789	877
789	892
789	998
790	214
790	336
790	464
790	511
790	745
790	765
790	961
790	974
790	989
790	990
790	1000
791	461
791	607
791	648
791	846
791	859
791	866
791	944
791	946
791	962
791	978
791	993
792	398
792	422
792	627
792	811
792	861
792	884
792	914
792	925
792	941
792	942
792	957
793	230
793	431
793	457
793	562
793	732
793	767
793	879
793	903
793	915
793	945
793	955
793	991
794	725
794	771
794	801
794	828
794	833
794	917
794	946
794	958
794	963
794	964
794	969
794	978
795	289
795	388
795	542
795	663
795	739
795	785
795	789
795	888
795	924
795	940
795	979
795	980
796	20
796	124
796	444
796	629
796	771
796	800
796	927
796	938
796	954
796	964
796	983
796	984
797	442
797	474
797	482
797	552
797	830
797	946
797	958
797	964
797	972
797	975
797	981
797	989
798	317
798	770
798	786
798	832
798	863
798	910
798	956
798	985
798	992
798	995
798	996
798	999
799	313
799	386
799	661
799	703
799	746
799	778
799	867
799	868
799	892
799	924
799	980
799	998
800	225
800	379
800	509
800	796
800	824
800	852
800	871
800	891
800	927
800	938
800	954
800	984
801	46
801	528
801	693
801	725
801	794
801	821
801	830
801	855
801	883
801	963
801	969
801	971
802	90
802	531
802	573
802	620
802	896
802	952
802	961
802	970
802	973
802	987
802	990
802	1000
803	58
803	185
803	493
803	527
803	566
803	684
803	814
803	824
803	839
803	954
803	983
803	984
804	29
804	336
804	525
804	603
804	753
804	875
804	932
804	959
804	970
804	974
804	990
804	1000
805	33
805	751
805	847
805	908
805	937
805	952
805	953
805	961
805	974
805	987
805	989
805	1000
806	548
806	758
806	765
806	891
806	947
806	951
806	956
806	985
806	992
806	995
806	996
806	999
807	47
807	101
807	755
807	887
807	905
807	912
807	930
807	932
807	962
807	986
807	988
807	997
808	344
808	564
808	666
808	749
808	773
808	843
808	857
808	858
808	887
808	890
808	905
808	912
808	997
809	23
809	221
809	465
809	679
809	713
809	856
809	880
809	970
809	974
809	983
809	987
809	989
809	1000
810	663
810	727
810	729
810	862
810	870
810	877
810	891
810	892
810	894
810	917
810	940
810	981
810	998
811	61
811	104
811	236
811	268
811	636
811	719
811	792
811	827
811	884
811	925
811	926
811	962
811	994
812	355
812	614
812	664
812	816
812	894
812	902
812	937
812	952
812	959
812	974
812	989
812	990
812	1000
813	537
813	616
813	667
813	720
813	725
813	870
813	913
813	958
813	964
813	969
813	971
813	975
813	993
814	346
814	511
814	803
814	875
814	902
814	959
814	961
814	970
814	973
814	974
814	987
814	990
814	1000
815	568
815	820
815	821
815	844
815	845
815	882
815	936
815	966
815	985
815	992
815	995
815	996
815	999
816	664
816	812
816	829
816	926
816	937
816	952
816	953
816	974
816	987
816	989
816	990
816	999
816	1000
817	317
817	405
817	563
817	635
817	866
817	904
817	916
817	919
817	966
817	985
817	995
817	996
817	999
818	425
818	496
818	593
818	703
818	727
818	746
818	838
818	853
818	877
818	892
818	979
818	980
818	998
819	403
819	680
819	726
819	734
819	776
819	826
819	858
819	872
819	890
819	920
819	922
819	986
819	988
820	297
820	785
820	815
820	840
820	916
820	943
820	947
820	956
820	966
820	992
820	995
820	996
820	999
821	79
821	174
821	720
821	768
821	801
821	815
821	881
821	883
821	944
821	964
821	972
821	978
821	993
822	316
822	552
822	693
822	849
822	859
822	865
822	870
822	881
822	946
822	962
822	969
822	975
822	993
823	253
823	334
823	370
823	377
823	594
823	616
823	617
823	744
823	964
823	971
823	972
823	975
823	993
824	121
824	561
824	590
824	599
824	644
824	800
824	803
824	839
824	852
824	927
824	954
824	983
824	984
824	995
825	387
825	434
825	489
825	621
825	630
825	651
825	723
825	782
825	889
825	907
825	911
825	945
825	948
825	982
826	50
826	655
826	731
826	734
826	773
826	783
826	819
826	858
826	893
826	897
826	952
826	957
826	968
826	976
827	147
827	206
827	219
827	258
827	376
827	589
827	594
827	685
827	738
827	811
827	925
827	934
827	942
827	994
828	127
828	519
828	529
828	660
828	736
828	744
828	794
828	849
828	866
828	944
828	962
828	964
828	971
828	975
829	531
829	662
829	699
829	722
829	816
829	851
829	918
829	937
829	952
829	953
829	968
829	989
829	990
829	1000
830	345
830	467
830	797
830	801
830	835
830	846
830	866
830	944
830	964
830	969
830	971
830	978
830	991
830	993
831	243
831	618
831	630
831	718
831	723
831	741
831	896
831	903
831	928
831	929
831	945
831	948
831	955
831	991
832	133
832	166
832	641
832	669
832	694
832	701
832	798
832	886
832	906
832	949
832	950
832	967
832	977
832	984
833	528
833	720
833	732
833	772
833	779
833	794
833	866
833	958
833	964
833	971
833	972
833	975
833	976
833	981
834	135
834	308
834	481
834	861
834	873
834	884
834	925
834	933
834	934
834	942
834	957
834	959
834	985
834	994
835	196
835	341
835	502
835	504
835	627
835	646
835	721
835	732
835	830
835	958
835	964
835	971
835	975
835	981
836	38
836	273
836	491
836	591
836	606
836	665
836	755
836	776
836	843
836	872
836	965
836	968
836	976
836	988
837	506
837	568
837	687
837	844
837	867
837	899
837	904
837	910
837	931
837	966
837	992
837	995
837	996
837	999
838	88
838	95
838	495
838	673
838	778
838	818
838	842
838	870
838	877
838	894
838	917
838	940
838	979
838	998
839	41
839	538
839	684
839	771
839	803
839	824
839	843
839	848
839	852
839	891
839	938
839	954
839	983
839	984
840	456
840	631
840	653
840	778
840	820
840	874
840	880
840	904
840	910
840	936
840	943
840	966
840	985
840	995
841	144
841	282
841	284
841	624
841	662
841	761
841	908
841	912
841	953
841	970
841	974
841	987
841	990
841	1000
842	88
842	412
842	424
842	661
842	673
842	789
842	838
842	892
842	894
842	924
842	940
842	979
842	980
842	990
842	998
843	459
843	492
843	495
843	545
843	567
843	702
843	808
843	836
843	839
843	860
843	893
843	965
843	976
843	986
843	997
844	335
844	348
844	456
844	631
844	815
844	837
844	845
844	882
844	910
844	916
844	931
844	947
844	985
844	995
844	999
845	708
845	815
845	844
845	863
845	869
845	904
845	916
845	919
845	936
845	943
845	966
845	977
845	995
845	996
845	999
846	109
846	611
846	617
846	730
846	743
846	762
846	791
846	830
846	883
846	946
846	955
846	962
846	971
846	975
846	981
847	13
847	302
847	592
847	674
847	805
847	854
847	864
847	908
847	937
847	959
847	974
847	987
847	989
847	990
847	1000
848	147
848	305
848	444
848	478
848	704
848	742
848	771
848	839
848	871
848	891
848	927
848	938
848	976
848	983
848	984
849	53
849	174
849	228
849	499
849	521
849	654
849	787
849	822
849	828
849	860
849	881
849	962
849	963
849	964
849	993
850	38
850	187
850	255
850	359
850	470
850	524
850	715
850	774
850	901
850	905
850	922
850	930
850	939
850	965
850	986
851	282
851	520
851	608
851	620
851	711
851	788
851	829
851	926
851	935
851	959
851	970
851	974
851	987
851	990
851	1000
852	198
852	260
852	382
852	602
852	629
852	684
852	742
852	800
852	824
852	839
852	871
852	927
852	947
852	983
852	984
853	73
853	94
853	584
853	661
853	764
853	818
853	862
853	892
853	917
853	924
853	940
853	966
853	979
853	980
853	998
854	23
854	111
854	722
854	737
854	788
854	847
854	902
854	947
854	959
854	961
854	973
854	987
854	989
854	990
854	1000
855	314
855	350
855	414
855	485
855	494
855	557
855	565
855	669
855	728
855	754
855	780
855	801
855	921
855	950
855	977
856	277
856	707
856	761
856	809
856	864
856	875
856	908
856	926
856	937
856	953
856	959
856	960
856	961
856	970
856	987
856	1000
857	26
857	606
857	696
857	775
857	777
857	808
857	878
857	887
857	893
857	901
857	912
857	913
857	935
857	969
857	976
857	988
858	475
858	535
858	680
858	690
858	731
858	739
858	808
858	819
858	826
858	887
858	897
858	922
858	932
858	965
858	976
858	986
859	25
859	558
859	721
859	744
859	751
859	791
859	822
859	868
859	883
859	916
859	946
859	958
859	963
859	972
859	981
859	993
860	169
860	237
860	619
860	640
860	667
860	750
860	768
860	843
860	849
860	865
860	866
860	913
860	958
860	971
860	981
860	993
861	61
861	363
861	626
861	647
861	758
861	792
861	834
861	884
861	925
861	933
861	934
861	941
861	942
861	957
861	961
861	994
862	95
862	280
862	413
862	513
862	579
862	625
862	643
862	671
862	764
862	789
862	810
862	853
862	948
862	979
862	980
862	998
863	310
863	435
863	585
863	660
863	798
863	845
863	900
863	919
863	931
863	943
863	956
863	985
863	992
863	995
863	996
863	999
864	89
864	582
864	700
864	789
864	847
864	856
864	902
864	937
864	953
864	961
864	970
864	974
864	981
864	987
864	989
864	1000
865	192
865	447
865	611
865	646
865	670
865	683
865	744
865	768
865	787
865	822
865	860
865	888
865	962
865	964
865	975
865	990
866	55
866	109
866	692
866	750
866	791
866	817
866	828
866	830
866	833
866	860
866	958
866	969
866	971
866	975
866	978
866	981
867	226
867	229
867	361
867	643
867	717
867	727
867	739
867	757
867	764
867	799
867	837
867	870
867	917
867	955
867	979
867	980
868	43
868	45
868	213
868	353
868	394
868	578
868	638
868	752
868	780
868	799
868	859
868	906
868	921
868	923
868	950
868	967
868	977
869	51
869	559
869	600
869	650
869	691
869	845
869	931
869	943
869	951
869	956
869	966
869	983
869	985
869	992
869	995
869	996
869	999
870	123
870	671
870	703
870	718
870	764
870	785
870	810
870	813
870	822
870	838
870	867
870	894
870	924
870	940
870	979
870	980
870	998
871	124
871	379
871	382
871	433
871	538
871	561
871	566
871	599
871	800
871	848
871	852
871	891
871	927
871	938
871	954
871	983
871	984
872	366
872	445
872	609
872	697
872	748
872	819
872	836
872	878
872	901
872	905
872	920
872	922
872	932
872	939
872	968
872	986
872	993
873	156
873	234
873	423
873	484
873	604
873	626
873	658
873	685
873	726
873	738
873	834
873	884
873	914
873	925
873	942
873	957
873	994
874	330
874	439
874	595
874	600
874	640
874	651
874	840
874	895
874	900
874	904
874	936
874	947
874	951
874	985
874	995
874	996
874	999
875	14
875	472
875	804
875	814
875	856
875	937
875	953
875	959
875	961
875	970
875	973
875	974
875	987
875	989
875	992
875	999
875	1000
876	11
876	222
876	392
876	428
876	470
876	546
876	575
876	618
876	898
876	903
876	911
876	915
876	929
876	940
876	955
876	960
876	982
876	991
877	73
877	245
877	289
877	425
877	585
877	613
877	649
877	671
877	687
877	729
877	789
877	810
877	818
877	838
877	894
877	911
877	940
877	979
878	279
878	284
878	429
878	560
878	658
878	719
878	734
878	740
878	775
878	857
878	872
878	932
878	939
878	968
878	976
878	986
878	988
878	997
879	62
879	216
879	431
879	457
879	476
879	489
879	508
879	793
879	898
879	903
879	907
879	911
879	915
879	948
879	955
879	960
879	982
879	1000
880	272
880	574
880	635
880	691
880	737
880	809
880	840
880	895
880	900
880	936
880	943
880	947
880	951
880	985
880	992
880	995
880	996
880	999
881	115
881	185
881	462
881	482
881	683
881	708
881	772
881	821
881	822
881	849
881	888
881	962
881	963
881	969
881	971
881	972
881	981
881	993
882	363
882	559
882	786
882	815
882	844
882	895
882	899
882	910
882	916
882	919
882	936
882	943
882	956
882	988
882	992
882	995
882	996
882	999
883	345
883	406
883	529
883	619
883	627
883	732
883	743
883	801
883	821
883	846
883	859
883	892
883	969
883	971
883	975
883	978
883	981
883	993
883	997
884	113
884	236
884	287
884	484
884	647
884	726
884	735
884	792
884	811
884	834
884	861
884	873
884	914
884	925
884	933
884	934
884	991
884	994
884	997
885	154
885	451
885	562
885	563
885	576
885	652
885	682
885	688
885	760
885	763
885	782
885	889
885	896
885	915
885	955
885	960
885	982
885	988
885	991
886	45
886	483
886	488
886	506
886	533
886	565
886	694
886	728
886	747
886	752
886	754
886	759
886	766
886	780
886	832
886	906
886	931
886	949
886	950
887	54
887	290
887	492
887	760
887	807
887	808
887	857
887	858
887	890
887	897
887	909
887	910
887	930
887	935
887	939
887	951
887	965
887	986
887	997
888	175
888	228
888	306
888	552
888	654
888	750
888	759
888	772
888	779
888	795
888	865
888	881
888	958
888	962
888	963
888	964
888	971
888	981
888	993
889	145
889	269
889	563
889	581
889	668
889	706
889	723
889	767
889	782
889	825
889	885
889	907
889	911
889	929
889	960
889	982
889	984
889	991
889	995
890	153
890	340
890	359
890	535
890	547
890	707
890	755
890	781
890	808
890	819
890	887
890	905
890	930
890	968
890	976
890	986
890	988
890	989
890	997
891	9
891	168
891	354
891	410
891	550
891	599
891	644
891	704
891	771
891	800
891	806
891	810
891	839
891	848
891	871
891	927
891	954
891	983
891	984
892	450
892	500
892	530
892	542
892	671
892	717
892	718
892	778
892	789
892	799
892	810
892	818
892	842
892	853
892	883
892	894
892	943
892	979
892	980
892	998
893	48
893	85
893	255
893	315
893	615
893	658
893	665
893	696
893	740
893	775
893	826
893	843
893	857
893	905
893	912
893	930
893	937
893	939
893	965
893	988
894	4
894	140
894	318
894	330
894	450
894	514
894	536
894	625
894	671
894	764
894	810
894	812
894	838
894	842
894	870
894	877
894	892
894	917
894	979
894	998
895	21
895	408
895	644
895	784
895	874
895	880
895	882
895	899
895	904
895	926
895	931
895	936
895	943
895	947
895	951
895	966
895	985
895	992
895	995
895	999
896	42
896	117
896	157
896	269
896	339
896	476
896	544
896	562
896	682
896	706
896	733
896	741
896	767
896	802
896	831
896	885
896	898
896	945
896	955
896	982
896	991
897	225
897	357
897	436
897	547
897	591
897	637
897	665
897	740
897	775
897	826
897	858
897	887
897	901
897	912
897	922
897	929
897	935
897	976
897	986
897	988
897	997
898	36
898	56
898	57
898	427
898	523
898	551
898	618
898	652
898	689
898	703
898	733
898	741
898	753
898	763
898	876
898	879
898	896
898	903
898	907
898	911
898	982
899	466
899	506
899	559
899	571
899	724
899	761
899	784
899	837
899	882
899	895
899	900
899	910
899	916
899	919
899	936
899	951
899	985
899	992
899	995
899	996
899	999
900	136
900	479
900	535
900	568
900	632
900	636
900	642
900	737
900	863
900	874
900	880
900	899
900	904
900	916
900	943
900	947
900	985
900	992
900	995
900	996
900	999
901	256
901	469
901	540
901	564
901	622
901	697
901	715
901	731
901	748
901	755
901	850
901	857
901	872
901	897
901	932
901	939
901	964
901	975
901	986
901	988
901	997
902	460
902	664
902	674
902	679
902	745
902	812
902	814
902	854
902	864
902	908
902	918
902	926
902	952
902	953
902	970
902	974
902	983
902	987
902	990
902	998
902	1000
903	323
903	420
903	477
903	551
903	623
903	682
903	715
903	716
903	782
903	793
903	831
903	876
903	879
903	898
903	915
903	929
903	945
903	955
903	960
903	982
903	991
904	453
904	526
904	653
904	699
904	724
904	750
904	817
904	837
904	840
904	845
904	874
904	895
904	900
904	919
904	947
904	956
904	985
904	992
904	995
904	996
904	999
905	232
905	606
905	665
905	678
905	681
905	709
905	774
905	776
905	807
905	808
905	850
905	872
905	890
905	893
905	935
905	950
905	976
905	986
905	988
905	997
905	998
906	400
906	414
906	483
906	485
906	533
906	569
906	572
906	641
906	666
906	714
906	728
906	780
906	832
906	868
906	886
906	923
906	949
906	950
906	967
906	968
906	977
906	1000
907	53
907	64
907	507
907	520
907	523
907	601
907	623
907	645
907	689
907	706
907	741
907	825
907	879
907	889
907	898
907	911
907	915
907	927
907	928
907	929
907	982
907	991
908	122
908	238
908	501
908	520
908	624
908	634
908	672
908	805
908	841
908	847
908	856
908	902
908	918
908	926
908	952
908	953
908	959
908	973
908	974
908	987
908	990
908	1000
909	84
909	176
909	182
909	231
909	329
909	491
909	495
909	678
909	709
909	777
909	783
909	887
909	930
909	932
909	939
909	965
909	968
909	986
909	988
909	994
909	997
909	1000
910	227
910	266
910	466
910	798
910	837
910	840
910	844
910	882
910	887
910	899
910	916
910	931
910	936
910	951
910	956
910	966
910	985
910	988
910	992
910	995
910	996
910	999
911	87
911	286
911	387
911	470
911	522
911	601
911	623
911	675
911	763
911	825
911	876
911	877
911	879
911	889
911	898
911	907
911	915
911	955
911	957
911	960
911	982
911	991
912	50
912	182
912	208
912	304
912	545
912	547
912	602
912	665
912	769
912	807
912	808
912	841
912	857
912	893
912	897
912	922
912	932
912	965
912	968
912	976
912	986
912	997
913	285
913	377
913	421
913	482
913	576
913	580
913	648
913	667
913	768
913	779
913	787
913	813
913	857
913	860
913	915
913	946
913	963
913	964
913	969
913	971
913	972
913	993
914	15
914	135
914	163
914	274
914	299
914	358
914	555
914	604
914	607
914	634
914	685
914	735
914	792
914	873
914	884
914	927
914	933
914	934
914	941
914	942
914	957
914	994
915	63
915	467
915	489
915	522
915	546
915	563
915	610
915	723
915	793
915	876
915	879
915	885
915	903
915	907
915	911
915	913
915	928
915	929
915	945
915	960
915	982
915	991
916	553
916	557
916	642
916	651
916	758
916	817
916	820
916	844
916	845
916	859
916	882
916	899
916	900
916	910
916	919
916	943
916	951
916	966
916	985
916	992
916	995
916	996
916	999
917	85
917	172
917	242
917	259
917	298
917	320
917	437
917	468
917	673
917	717
917	718
917	727
917	794
917	810
917	838
917	853
917	867
917	894
917	924
917	940
917	979
917	980
917	998
918	7
918	72
918	110
918	254
918	391
918	512
918	515
918	556
918	587
918	699
918	707
918	829
918	902
918	908
918	952
918	959
918	961
918	970
918	973
918	974
918	987
918	990
918	1000
919	294
919	510
919	548
919	677
919	817
919	845
919	863
919	882
919	899
919	904
919	916
919	936
919	947
919	949
919	956
919	963
919	966
919	985
919	991
919	992
919	995
919	996
919	999
920	315
920	351
920	436
920	458
920	497
920	524
920	560
920	615
920	659
920	702
920	748
920	777
920	819
920	872
920	932
920	939
920	951
920	968
920	986
920	987
920	988
920	997
920	1000
921	211
921	303
921	360
921	395
921	488
921	514
921	565
921	572
921	586
921	666
921	705
921	714
921	730
921	766
921	780
921	855
921	868
921	923
921	949
921	950
921	967
921	977
921	998
922	122
922	176
922	329
922	567
922	615
922	637
922	655
922	657
922	696
922	709
922	729
922	819
922	850
922	858
922	872
922	897
922	912
922	930
922	932
922	965
922	986
922	988
922	997
923	24
923	45
923	131
923	166
923	179
923	264
923	486
923	494
923	503
923	638
923	714
923	730
923	747
923	752
923	766
923	868
923	906
923	921
923	949
923	950
923	958
923	967
923	977
923	999
924	17
924	44
924	77
924	94
924	123
924	217
924	280
924	312
924	330
924	505
924	536
924	663
924	729
924	795
924	799
924	842
924	853
924	870
924	917
924	940
924	958
924	979
924	980
924	998
925	125
925	156
925	219
925	299
925	300
925	363
925	449
925	516
925	561
925	583
925	607
925	634
925	756
925	792
925	811
925	827
925	834
925	861
925	873
925	884
925	934
925	941
925	942
925	994
925	996
926	195
926	311
926	501
926	556
926	592
926	614
926	700
926	711
926	722
926	811
926	816
926	851
926	856
926	895
926	902
926	908
926	937
926	942
926	952
926	961
926	973
926	987
926	989
926	990
926	1000
927	35
927	41
927	49
927	58
927	155
927	198
927	199
927	207
927	419
927	543
927	742
927	796
927	800
927	824
927	848
927	852
927	871
927	891
927	907
927	914
927	938
927	954
927	983
927	984
927	997
928	63
928	178
928	230
928	326
928	515
928	539
928	581
928	601
928	615
928	652
928	675
928	688
928	689
928	733
928	741
928	767
928	831
928	907
928	915
928	929
928	945
928	955
928	960
928	982
928	991
929	202
929	243
929	286
929	321
929	399
929	489
929	522
929	546
929	621
929	682
929	688
929	741
929	782
929	831
929	876
929	889
929	897
929	903
929	907
929	915
929	928
929	945
929	960
929	978
929	982
929	991
930	366
930	432
930	560
930	564
930	574
930	590
930	606
930	658
930	740
930	749
930	773
930	807
930	850
930	887
930	890
930	893
930	909
930	922
930	932
930	939
930	965
930	968
930	976
930	986
930	988
930	997
931	75
931	317
931	446
931	574
931	632
931	687
931	737
931	837
931	844
931	863
931	869
931	886
931	895
931	910
931	936
931	943
931	947
931	951
931	966
931	973
931	976
931	985
931	992
931	995
931	996
931	999
932	16
932	19
932	352
932	524
932	534
932	637
932	674
932	731
932	740
932	769
932	777
932	804
932	807
932	858
932	872
932	878
932	901
932	909
932	912
932	920
932	922
932	930
932	935
932	976
932	986
932	988
932	1000
933	112
933	171
933	247
933	363
933	380
933	415
933	418
933	422
933	449
933	532
933	555
933	583
933	607
933	634
933	636
933	726
933	738
933	756
933	834
933	861
933	884
933	914
933	934
933	941
933	955
933	957
933	994
934	74
934	104
934	271
934	274
934	304
934	368
934	398
934	418
934	422
934	449
934	490
934	516
934	540
934	634
934	719
934	726
934	756
934	827
934	834
934	861
934	884
934	914
934	925
934	933
934	942
934	957
934	994
935	170
935	200
935	215
935	315
935	445
935	535
935	564
935	591
935	749
935	769
935	774
935	775
935	777
935	783
935	851
935	857
935	887
935	897
935	905
935	932
935	938
935	939
935	965
935	968
935	976
935	986
935	997
936	212
936	309
936	408
936	526
936	656
936	677
936	691
936	724
936	743
936	786
936	815
936	840
936	845
936	874
936	880
936	882
936	895
936	899
936	910
936	919
936	931
936	951
936	966
936	992
936	995
936	996
936	999
937	322
937	336
937	423
937	465
937	511
937	532
937	582
937	700
937	710
937	713
937	788
937	805
937	812
937	816
937	829
937	847
937	856
937	864
937	875
937	893
937	926
937	952
937	959
937	970
937	987
937	989
937	990
937	1000
938	35
938	134
938	141
938	180
938	199
938	288
938	354
938	415
938	478
938	502
938	566
938	644
938	684
938	704
938	742
938	771
938	796
938	800
938	839
938	848
938	871
938	927
938	935
938	948
938	954
938	983
938	984
938	990
939	66
939	146
939	170
939	256
939	351
939	475
939	483
939	560
939	591
939	690
939	697
939	734
939	769
939	850
939	872
939	878
939	887
939	893
939	901
939	909
939	920
939	930
939	935
939	954
939	965
939	968
939	986
939	997
940	5
940	17
940	217
940	425
940	437
940	448
940	468
940	484
940	584
940	589
940	625
940	673
940	757
940	764
940	785
940	795
940	810
940	838
940	842
940	853
940	870
940	876
940	877
940	917
940	924
940	979
940	980
940	998
941	71
941	149
941	210
941	234
941	240
941	261
941	268
941	293
941	364
941	416
941	518
941	589
941	604
941	605
941	647
941	685
941	735
941	738
941	742
941	787
941	792
941	861
941	914
941	925
941	933
941	942
941	957
941	994
942	44
942	61
942	132
942	149
942	163
942	276
942	300
942	364
942	422
942	490
942	583
942	598
942	605
942	626
942	647
942	685
942	756
942	792
942	827
942	834
942	861
942	873
942	914
942	925
942	926
942	934
942	941
942	957
942	994
943	297
943	460
943	487
943	498
943	506
943	526
943	533
943	765
943	820
943	840
943	845
943	863
943	869
943	880
943	882
943	892
943	895
943	900
943	916
943	931
943	947
943	951
943	956
943	966
943	985
943	992
943	995
943	996
943	999
944	67
944	96
944	246
944	259
944	316
944	369
944	370
944	474
944	504
944	571
944	580
944	670
944	683
944	772
944	791
944	821
944	828
944	830
944	958
944	962
944	963
944	964
944	968
944	969
944	972
944	974
944	978
944	981
944	993
944	999
945	42
945	119
945	338
945	397
945	454
945	457
945	507
945	544
945	546
945	576
945	610
945	682
945	698
945	701
945	723
945	733
945	767
945	782
945	793
945	825
945	831
945	896
945	903
945	915
945	928
945	929
945	960
945	982
945	989
945	991
946	67
946	196
946	283
946	307
946	383
946	519
946	552
946	577
946	580
946	654
946	693
946	727
946	736
946	754
946	762
946	791
946	794
946	797
946	822
946	846
946	859
946	913
946	958
946	962
946	963
946	970
946	971
946	972
946	978
946	993
947	325
947	327
947	402
947	417
947	439
947	554
947	628
947	656
947	784
947	786
947	806
947	820
947	844
947	852
947	854
947	874
947	880
947	895
947	900
947	904
947	919
947	931
947	943
947	956
947	966
947	985
947	992
947	995
947	996
947	999
948	59
948	62
948	137
948	157
948	178
948	321
948	326
948	339
948	397
948	420
948	440
948	470
948	477
948	508
948	570
948	576
948	623
948	633
948	645
948	682
948	741
948	782
948	825
948	831
948	862
948	879
948	938
948	960
948	982
948	991
949	66
949	97
949	131
949	179
949	211
949	241
949	292
949	303
949	309
949	350
949	367
949	394
949	414
949	455
949	483
949	503
949	569
949	586
949	705
949	747
949	752
949	766
949	832
949	886
949	906
949	919
949	921
949	923
949	950
949	960
949	967
950	10
950	99
950	333
950	367
950	514
950	569
950	572
950	578
950	638
950	639
950	666
950	667
950	694
950	705
950	714
950	728
950	759
950	766
950	780
950	832
950	855
950	868
950	886
950	905
950	906
950	921
950	923
950	949
950	967
950	977
950	985
951	143
951	248
951	372
951	374
951	435
951	498
951	548
951	568
951	635
951	651
951	770
951	806
951	869
951	874
951	880
951	887
951	895
951	899
951	910
951	916
951	920
951	931
951	936
951	943
951	956
951	966
951	985
951	990
951	992
951	995
951	996
951	999
952	6
952	80
952	433
952	499
952	556
952	608
952	620
952	643
952	676
952	716
952	753
952	802
952	805
952	812
952	816
952	826
952	829
952	902
952	908
952	918
952	926
952	937
952	953
952	959
952	966
952	970
952	971
952	974
952	987
952	989
952	990
952	1000
953	195
953	238
953	252
953	319
953	331
953	501
953	512
953	531
953	556
953	592
953	603
953	608
953	676
953	753
953	805
953	816
953	829
953	841
953	856
953	864
953	875
953	902
953	908
953	952
953	959
953	970
953	973
953	974
953	987
953	989
953	990
953	996
953	1000
954	49
954	138
954	180
954	239
954	272
954	292
954	302
954	332
954	383
954	410
954	419
954	527
954	538
954	543
954	590
954	629
954	644
954	704
954	740
954	742
954	755
954	796
954	800
954	803
954	824
954	839
954	871
954	891
954	927
954	938
954	939
954	983
954	984
955	42
955	59
955	64
955	145
955	222
955	327
955	463
955	509
955	522
955	523
955	562
955	576
955	621
955	630
955	645
955	689
955	698
955	723
955	793
955	831
955	846
955	867
955	876
955	879
955	885
955	896
955	903
955	911
955	928
955	933
955	960
955	982
955	991
956	18
956	76
956	201
956	597
956	628
956	632
956	650
956	653
956	685
956	724
956	758
956	784
956	786
956	798
956	806
956	820
956	863
956	869
956	882
956	904
956	910
956	919
956	943
956	947
956	951
956	966
956	967
956	985
956	992
956	993
956	995
956	996
956	999
957	132
957	163
957	263
957	271
957	308
957	376
957	381
957	398
957	416
957	481
957	518
957	527
957	589
957	594
957	605
957	626
957	636
957	719
957	726
957	735
957	756
957	792
957	826
957	834
957	861
957	873
957	911
957	914
957	933
957	934
957	941
957	942
957	971
957	994
958	55
958	69
958	79
958	324
958	383
958	442
958	580
958	616
958	648
958	654
958	660
958	732
958	733
958	736
958	744
958	794
958	797
958	813
958	833
958	835
958	859
958	860
958	866
958	888
958	923
958	924
958	944
958	946
958	969
958	972
958	975
958	978
958	981
958	993
958	1000
959	111
959	152
959	257
959	319
959	373
959	464
959	573
959	608
959	637
959	662
959	722
959	745
959	804
959	812
959	814
959	834
959	847
959	851
959	854
959	856
959	875
959	908
959	918
959	937
959	952
959	953
959	961
959	970
959	973
959	974
959	977
959	987
959	989
959	990
959	1000
960	91
960	177
960	222
960	451
960	523
960	551
960	563
960	581
960	621
960	622
960	623
960	645
960	668
960	675
960	688
960	689
960	698
960	706
960	748
960	782
960	856
960	876
960	879
960	885
960	889
960	903
960	911
960	915
960	928
960	929
960	945
960	948
960	949
960	955
960	982
960	991
961	29
961	144
961	152
961	319
961	326
961	362
961	374
961	499
961	532
961	573
961	582
961	587
961	598
961	624
961	664
961	716
961	753
961	790
961	802
961	805
961	814
961	854
961	856
961	861
961	864
961	875
961	918
961	926
961	959
961	968
961	970
961	973
961	974
961	987
961	989
961	990
961	1000
962	188
962	306
962	377
962	406
962	421
962	443
962	496
962	519
962	521
962	612
962	686
962	693
962	710
962	720
962	762
962	772
962	779
962	787
962	791
962	807
962	811
962	822
962	828
962	846
962	849
962	865
962	881
962	888
962	944
962	946
962	963
962	969
962	972
962	975
962	978
962	981
962	993
963	39
963	55
963	148
963	265
963	283
963	285
963	316
963	462
963	537
963	577
963	611
963	660
963	698
963	721
963	725
963	762
963	779
963	794
963	801
963	849
963	859
963	881
963	888
963	913
963	919
963	944
963	946
963	962
963	964
963	969
963	971
963	972
963	975
963	978
963	981
963	993
963	995
963	998
964	107
964	307
964	334
964	341
964	443
964	619
964	648
964	667
964	670
964	683
964	686
964	747
964	757
964	772
964	779
964	794
964	796
964	797
964	813
964	821
964	823
964	828
964	830
964	833
964	835
964	849
964	865
964	888
964	901
964	913
964	944
964	963
964	969
964	971
964	972
964	975
964	981
964	993
965	47
965	78
965	257
965	356
965	402
965	432
965	436
965	458
965	492
965	495
965	545
965	567
965	579
965	658
965	690
965	702
965	709
965	731
965	748
965	769
965	775
965	836
965	843
965	850
965	858
965	887
965	893
965	909
965	912
965	922
965	930
965	935
965	939
965	968
965	976
965	979
965	987
965	988
965	997
966	18
966	34
966	218
966	335
966	358
966	405
966	446
966	487
966	548
966	650
966	677
966	687
966	758
966	765
966	815
966	817
966	820
966	837
966	840
966	845
966	853
966	869
966	895
966	910
966	916
966	919
966	931
966	936
966	943
966	947
966	951
966	952
966	956
966	979
966	985
966	992
966	995
966	996
966	999
967	10
967	24
967	99
967	162
967	194
967	241
967	313
967	314
967	350
967	394
967	395
967	400
967	411
967	485
967	486
967	541
967	565
967	572
967	578
967	586
967	605
967	657
967	666
967	669
967	701
967	730
967	752
967	754
967	759
967	766
967	780
967	832
967	868
967	906
967	921
967	923
967	949
967	950
967	956
967	974
967	993
968	40
968	48
968	54
968	170
968	200
968	215
968	295
968	340
968	356
968	365
968	430
968	469
968	491
968	524
968	534
968	606
968	681
968	690
968	709
968	760
968	769
968	773
968	776
968	783
968	826
968	829
968	836
968	872
968	878
968	890
968	906
968	909
968	912
968	920
968	930
968	935
968	939
968	944
968	961
968	965
968	988
968	993
968	997
969	69
969	98
969	107
969	224
969	251
969	307
969	324
969	409
969	471
969	504
969	517
969	611
969	627
969	631
969	683
969	686
969	710
969	720
969	721
969	732
969	787
969	794
969	801
969	813
969	822
969	830
969	857
969	866
969	881
969	883
969	913
969	944
969	958
969	962
969	963
969	964
969	972
969	975
969	978
969	979
969	981
969	993
969	994
970	89
970	90
970	105
970	137
970	164
970	221
970	223
970	438
970	480
970	553
970	614
970	631
970	674
970	699
970	700
970	707
970	713
970	716
970	722
970	802
970	804
970	809
970	814
970	841
970	851
970	856
970	864
970	875
970	902
970	918
970	937
970	946
970	952
970	953
970	959
970	961
970	973
970	974
970	978
970	987
970	989
970	990
970	995
970	1000
971	46
971	81
971	83
971	253
971	370
971	377
971	447
971	471
971	517
971	558
971	646
971	654
971	660
971	743
971	750
971	751
971	768
971	772
971	788
971	801
971	813
971	823
971	828
971	830
971	833
971	835
971	846
971	860
971	866
971	881
971	883
971	888
971	913
971	946
971	952
971	957
971	963
971	964
971	972
971	975
971	978
971	981
971	989
971	993
972	12
972	98
972	108
972	129
972	192
972	237
972	253
972	270
972	447
972	452
972	486
972	519
972	537
972	542
972	558
972	617
972	667
972	708
972	710
972	725
972	731
972	736
972	762
972	768
972	787
972	797
972	821
972	823
972	833
972	859
972	881
972	913
972	944
972	946
972	958
972	962
972	963
972	964
972	969
972	971
972	975
972	981
972	982
972	985
972	993
973	32
973	80
973	110
973	120
973	311
973	332
973	348
973	360
973	373
973	401
973	433
973	441
973	460
973	511
973	526
973	553
973	620
973	630
973	672
973	674
973	679
973	700
973	711
973	713
973	716
973	722
973	745
973	761
973	788
973	802
973	814
973	854
973	875
973	908
973	918
973	926
973	931
973	953
973	959
973	961
973	970
973	974
973	977
973	987
973	989
973	990
973	1000
974	52
974	72
974	355
974	441
974	499
974	515
974	525
974	532
974	587
974	664
974	676
974	679
974	700
974	713
974	716
974	745
974	753
974	788
974	790
974	804
974	805
974	809
974	812
974	814
974	816
974	841
974	847
974	851
974	864
974	875
974	902
974	908
974	918
974	944
974	952
974	953
974	959
974	961
974	967
974	970
974	973
974	984
974	985
974	987
974	989
974	990
974	1000
975	30
975	39
975	96
975	107
975	108
975	189
975	266
975	345
975	461
975	471
975	482
975	582
975	612
975	616
975	617
975	627
975	648
975	677
975	683
975	692
975	708
975	710
975	732
975	743
975	751
975	787
975	797
975	813
975	822
975	823
975	828
975	833
975	835
975	846
975	865
975	866
975	883
975	901
975	958
975	962
975	963
975	964
975	969
975	971
975	972
975	978
975	993
975	999
976	16
976	128
976	153
976	182
976	193
976	200
976	233
976	304
976	351
976	365
976	371
976	407
976	469
976	497
976	549
976	655
976	659
976	681
976	702
976	712
976	740
976	749
976	760
976	774
976	777
976	781
976	783
976	826
976	833
976	836
976	843
976	848
976	857
976	858
976	878
976	890
976	897
976	905
976	912
976	930
976	931
976	932
976	935
976	965
976	986
976	988
976	993
976	995
976	997
977	31
977	66
977	97
977	133
977	162
977	179
977	252
977	264
977	309
977	313
977	314
977	331
977	333
977	400
977	411
977	414
977	455
977	485
977	486
977	494
977	503
977	514
977	533
977	565
977	569
977	572
977	586
977	595
977	641
977	657
977	666
977	669
977	694
977	701
977	714
977	728
977	747
977	759
977	780
977	832
977	845
977	855
977	868
977	906
977	921
977	923
977	950
977	959
977	973
977	979
978	25
978	37
978	46
978	73
978	126
978	169
978	196
978	251
978	254
978	265
978	270
978	306
978	341
978	406
978	421
978	447
978	452
978	461
978	471
978	496
978	504
978	531
978	612
978	619
978	708
978	720
978	725
978	750
978	768
978	772
978	787
978	791
978	794
978	821
978	830
978	866
978	883
978	929
978	944
978	946
978	958
978	962
978	963
978	969
978	970
978	971
978	975
978	981
978	991
978	993
979	27
979	36
979	139
979	184
979	240
979	361
979	384
979	388
979	391
979	393
979	404
979	409
979	500
979	513
979	530
979	536
979	579
979	585
979	588
979	593
979	643
979	649
979	661
979	671
979	673
979	695
979	729
979	739
979	746
979	775
979	785
979	795
979	818
979	838
979	842
979	853
979	862
979	867
979	870
979	877
979	892
979	894
979	917
979	924
979	940
979	965
979	966
979	969
979	977
979	980
979	998
980	4
980	5
980	60
980	77
980	95
980	123
980	140
980	167
980	172
980	217
980	242
980	267
980	337
980	384
980	386
980	393
980	405
980	413
980	437
980	468
980	530
980	593
980	643
980	649
980	671
980	673
980	703
980	718
980	727
980	729
980	739
980	746
980	757
980	764
980	778
980	795
980	799
980	818
980	842
980	853
980	862
980	867
980	870
980	892
980	917
980	924
980	940
980	979
980	996
980	998
980	999
981	12
981	81
981	126
981	173
981	209
981	228
981	235
981	307
981	324
981	334
981	362
981	369
981	383
981	442
981	452
981	462
981	571
981	577
981	580
981	612
981	617
981	619
981	638
981	656
981	670
981	708
981	710
981	721
981	732
981	736
981	744
981	750
981	787
981	797
981	810
981	833
981	835
981	846
981	859
981	860
981	864
981	866
981	881
981	883
981	888
981	944
981	958
981	962
981	963
981	964
981	969
981	971
981	972
981	978
981	993
982	56
982	59
982	102
982	145
982	243
982	269
982	321
982	323
982	338
982	387
982	397
982	399
982	413
982	420
982	434
982	451
982	470
982	476
982	477
982	539
982	544
982	551
982	563
982	581
982	604
982	618
982	621
982	633
982	645
982	668
982	675
982	688
982	698
982	706
982	763
982	773
982	825
982	876
982	879
982	885
982	889
982	896
982	898
982	903
982	907
982	911
982	915
982	928
982	929
982	945
982	948
982	955
982	960
982	972
982	991
982	994
983	20
983	49
983	121
983	124
983	134
983	138
983	141
983	155
983	165
983	168
983	198
983	207
983	225
983	239
983	260
983	281
983	288
983	291
983	292
983	302
983	332
983	354
983	378
983	379
983	382
983	410
983	419
983	444
983	457
983	475
983	478
983	493
983	527
983	538
983	543
983	549
983	550
983	561
983	590
983	599
983	602
983	684
983	704
983	742
983	771
983	796
983	803
983	809
983	824
983	839
983	848
983	852
983	869
983	871
983	891
983	902
983	927
983	938
983	954
983	984
984	9
984	20
984	35
984	41
984	58
984	121
984	134
984	141
984	147
984	155
984	165
984	180
984	207
984	239
984	260
984	272
984	281
984	291
984	302
984	305
984	332
984	354
984	378
984	382
984	410
984	415
984	444
984	478
984	493
984	502
984	527
984	543
984	561
984	566
984	599
984	602
984	629
984	644
984	684
984	742
984	752
984	771
984	796
984	800
984	803
984	824
984	832
984	839
984	848
984	852
984	871
984	889
984	891
984	927
984	938
984	954
984	974
984	983
984	994
984	999
985	3
985	14
985	43
985	103
985	130
985	181
985	183
985	203
985	249
985	266
985	273
985	296
985	310
985	325
985	328
985	337
985	385
985	390
985	417
985	446
985	453
985	456
985	487
985	510
985	554
985	600
985	632
985	635
985	677
985	724
985	758
985	765
985	770
985	784
985	786
985	798
985	806
985	815
985	817
985	834
985	840
985	844
985	863
985	869
985	874
985	880
985	895
985	899
985	900
985	904
985	910
985	916
985	919
985	931
985	943
985	947
985	950
985	951
985	956
985	966
985	972
985	974
985	992
985	995
985	996
985	999
986	26
986	68
986	71
986	119
986	160
986	176
986	187
986	191
986	208
986	215
986	275
986	290
986	318
986	342
986	400
986	402
986	407
986	469
986	475
986	492
986	540
986	564
986	567
986	606
986	609
986	615
986	622
986	637
986	647
986	678
986	680
986	681
986	691
986	692
986	696
986	709
986	715
986	755
986	760
986	769
986	773
986	776
986	807
986	819
986	843
986	850
986	858
986	872
986	878
986	887
986	890
986	897
986	901
986	905
986	909
986	912
986	920
986	922
986	930
986	932
986	935
986	939
986	976
986	988
986	989
986	997
987	7
987	13
987	15
987	28
987	29
987	65
987	89
987	152
987	186
987	214
987	223
987	277
987	311
987	346
987	348
987	349
987	373
987	436
987	472
987	525
987	556
987	573
987	598
987	603
987	664
987	674
987	676
987	700
987	706
987	707
987	711
987	716
987	722
987	745
987	761
987	788
987	802
987	805
987	809
987	814
987	816
987	841
987	847
987	851
987	854
987	856
987	864
987	875
987	902
987	908
987	918
987	920
987	926
987	937
987	952
987	953
987	959
987	961
987	965
987	970
987	973
987	974
987	989
987	990
987	992
987	996
987	1000
988	54
988	127
988	136
988	160
988	193
988	204
988	233
988	255
988	275
988	304
988	315
988	344
988	351
988	356
988	371
988	375
988	403
988	459
988	545
988	549
988	564
988	601
988	609
988	622
988	655
988	678
988	680
988	709
988	712
988	715
988	731
988	734
988	740
988	748
988	755
988	756
988	760
988	773
988	774
988	775
988	776
988	781
988	783
988	807
988	819
988	836
988	857
988	878
988	882
988	885
988	890
988	893
988	897
988	901
988	905
988	909
988	910
988	920
988	922
988	930
988	932
988	965
988	968
988	976
988	986
988	992
988	997
989	8
989	14
989	33
989	80
989	92
989	114
989	115
989	190
989	277
989	278
989	333
989	348
989	349
989	373
989	401
989	423
989	424
989	438
989	441
989	460
989	464
989	499
989	515
989	520
989	531
989	532
989	582
989	598
989	608
989	620
989	624
989	662
989	676
989	700
989	707
989	711
989	716
989	753
989	761
989	788
989	790
989	797
989	805
989	809
989	812
989	816
989	829
989	847
989	854
989	864
989	875
989	890
989	926
989	937
989	945
989	952
989	953
989	959
989	961
989	970
989	971
989	973
989	974
989	986
989	987
989	990
989	997
989	1000
990	2
990	13
990	28
990	32
990	52
990	111
990	120
990	137
990	158
990	186
990	190
990	319
990	346
990	349
990	423
990	424
990	433
990	438
990	472
990	501
990	553
990	556
990	573
990	592
990	614
990	620
990	624
990	662
990	672
990	674
990	676
990	693
990	699
990	745
990	753
990	761
990	788
990	790
990	802
990	804
990	812
990	814
990	816
990	829
990	841
990	842
990	847
990	851
990	854
990	865
990	902
990	908
990	918
990	926
990	937
990	938
990	951
990	952
990	953
990	959
990	961
990	970
990	973
990	974
990	987
990	989
990	996
990	1000
991	11
991	63
991	64
991	87
991	91
991	100
991	146
991	157
991	177
991	202
991	230
991	231
991	293
991	323
991	392
991	427
991	431
991	434
991	440
991	451
991	454
991	463
991	476
991	489
991	507
991	508
991	509
991	522
991	544
991	570
991	575
991	581
991	601
991	610
991	618
991	621
991	623
991	645
991	650
991	652
991	675
991	682
991	688
991	689
991	698
991	706
991	741
991	767
991	793
991	830
991	831
991	876
991	884
991	885
991	889
991	896
991	903
991	907
991	911
991	915
991	919
991	928
991	929
991	945
991	948
991	955
991	960
991	978
991	982
992	34
992	116
992	143
992	150
992	154
992	168
992	178
992	197
992	201
992	216
992	249
992	310
992	325
992	335
992	337
992	343
992	372
992	374
992	390
992	439
992	453
992	466
992	479
992	487
992	526
992	554
992	557
992	559
992	574
992	595
992	597
992	600
992	628
992	631
992	640
992	663
992	687
992	691
992	737
992	758
992	765
992	770
992	784
992	798
992	806
992	815
992	820
992	837
992	863
992	869
992	875
992	880
992	882
992	895
992	899
992	900
992	904
992	910
992	916
992	919
992	931
992	936
992	943
992	947
992	951
992	956
992	966
992	985
992	987
992	988
992	995
992	996
992	999
992	1000
993	30
993	37
993	79
993	83
993	175
993	235
993	237
993	246
993	341
993	389
993	443
993	462
993	467
993	474
993	517
993	521
993	529
993	571
993	596
993	608
993	611
993	612
993	627
993	646
993	648
993	654
993	660
993	667
993	682
993	686
993	692
993	693
993	710
993	721
993	725
993	736
993	743
993	744
993	750
993	751
993	762
993	768
993	779
993	791
993	813
993	821
993	822
993	823
993	830
993	849
993	859
993	860
993	872
993	881
993	883
993	888
993	913
993	944
993	946
993	956
993	958
993	962
993	963
993	964
993	967
993	968
993	969
993	971
993	972
993	975
993	976
993	978
993	981
993	998
994	44
994	60
994	71
994	74
994	104
994	106
994	112
994	113
994	125
994	132
994	135
994	149
994	156
994	159
994	210
994	258
994	263
994	271
994	274
994	276
994	281
994	287
994	293
994	299
994	300
994	358
994	364
994	368
994	376
994	380
994	381
994	416
994	418
994	426
994	429
994	481
994	484
994	490
994	516
994	518
994	555
994	583
994	589
994	604
994	605
994	607
994	626
994	634
994	636
994	647
994	685
994	719
994	726
994	735
994	756
994	768
994	811
994	827
994	834
994	861
994	873
994	884
994	909
994	914
994	925
994	933
994	934
994	941
994	942
994	957
994	969
994	982
994	984
994	1000
995	21
995	70
995	86
995	118
995	130
995	142
995	150
995	151
995	181
995	188
995	203
995	220
995	244
995	294
995	297
995	317
995	328
995	343
995	372
995	385
995	390
995	408
995	466
995	487
995	510
995	539
995	554
995	557
995	568
995	595
995	597
995	600
995	610
995	626
995	628
995	632
995	640
995	642
995	650
995	651
995	653
995	656
995	677
995	681
995	687
995	691
995	737
995	758
995	765
995	770
995	784
995	786
995	798
995	806
995	815
995	817
995	820
995	824
995	837
995	840
995	844
995	845
995	863
995	869
995	874
995	880
995	882
995	889
995	895
995	899
995	900
995	904
995	910
995	916
995	919
995	931
995	936
995	943
995	947
995	951
995	956
995	963
995	966
995	970
995	976
995	985
995	992
995	996
995	999
996	3
996	22
996	70
996	75
996	103
996	118
996	150
996	151
996	181
996	183
996	197
996	218
996	220
996	227
996	244
996	248
996	249
996	262
996	294
996	310
996	325
996	327
996	337
996	372
996	390
996	405
996	435
996	439
996	453
996	456
996	466
996	479
996	498
996	506
996	521
996	548
996	554
996	557
996	574
996	597
996	600
996	628
996	632
996	635
996	640
996	642
996	646
996	651
996	653
996	656
996	687
996	691
996	695
996	724
996	736
996	737
996	765
996	786
996	798
996	806
996	815
996	817
996	820
996	837
996	845
996	863
996	869
996	874
996	880
996	882
996	899
996	900
996	904
996	910
996	916
996	919
996	925
996	931
996	936
996	943
996	947
996	951
996	953
996	956
996	966
996	980
996	985
996	987
996	990
996	992
996	995
996	999
997	1
997	19
997	33
997	47
997	48
997	50
997	68
997	78
997	82
997	84
997	119
997	122
997	127
997	146
997	204
997	208
997	233
997	256
997	275
997	279
997	295
997	329
997	342
997	352
997	353
997	356
997	359
997	366
997	375
997	407
997	491
997	492
997	497
997	508
997	524
997	534
997	535
997	540
997	545
997	547
997	549
997	567
997	591
997	596
997	615
997	622
997	655
997	659
997	665
997	678
997	680
997	690
997	696
997	697
997	709
997	712
997	715
997	721
997	731
997	734
997	740
997	748
997	749
997	755
997	760
997	776
997	783
997	807
997	808
997	843
997	878
997	883
997	884
997	887
997	890
997	897
997	901
997	905
997	909
997	912
997	920
997	922
997	927
997	930
997	935
997	939
997	965
997	968
997	976
997	986
997	988
997	989
998	4
998	5
998	27
998	77
998	85
998	88
998	94
998	139
998	140
998	142
998	167
998	172
998	184
998	205
998	219
998	226
998	229
998	240
998	245
998	250
998	267
998	289
998	298
998	301
998	312
998	318
998	320
998	330
998	347
998	361
998	384
998	386
998	388
998	393
998	396
998	404
998	409
998	412
998	413
998	437
998	448
998	468
998	473
998	500
998	530
998	536
998	542
998	579
998	584
998	585
998	588
998	593
998	613
998	625
998	643
998	649
998	661
998	663
998	671
998	673
998	695
998	703
998	717
998	718
998	727
998	729
998	739
998	746
998	757
998	764
998	778
998	780
998	785
998	789
998	799
998	810
998	818
998	838
998	842
998	853
998	862
998	870
998	892
998	894
998	902
998	905
998	917
998	921
998	924
998	940
998	963
998	979
998	980
998	993
998	999
998	1000
999	3
999	18
999	22
999	51
999	76
999	116
999	118
999	136
999	142
999	143
999	183
999	188
999	197
999	201
999	203
999	216
999	218
999	227
999	262
999	273
999	278
999	297
999	323
999	327
999	328
999	343
999	374
999	385
999	408
999	417
999	435
999	453
999	456
999	479
999	498
999	510
999	548
999	554
999	557
999	559
999	568
999	574
999	597
999	628
999	631
999	632
999	635
999	640
999	642
999	650
999	653
999	656
999	677
999	687
999	691
999	737
999	758
999	770
999	784
999	786
999	798
999	806
999	815
999	816
999	817
999	820
999	837
999	844
999	845
999	863
999	869
999	874
999	875
999	880
999	882
999	895
999	899
999	900
999	904
999	910
999	916
999	919
999	923
999	931
999	936
999	943
999	944
999	947
999	951
999	956
999	966
999	975
999	980
999	984
999	985
999	992
999	995
999	996
999	998
1000	15
1000	23
1000	28
1000	52
1000	65
1000	72
1000	92
1000	105
1000	110
1000	115
1000	120
1000	144
1000	164
1000	186
1000	190
1000	195
1000	214
1000	221
1000	223
1000	238
1000	257
1000	282
1000	311
1000	346
1000	349
1000	360
1000	362
1000	424
1000	438
1000	441
1000	464
1000	465
1000	472
1000	480
1000	501
1000	512
1000	515
1000	525
1000	562
1000	573
1000	582
1000	587
1000	592
1000	598
1000	603
1000	614
1000	620
1000	662
1000	664
1000	672
1000	674
1000	676
1000	679
1000	707
1000	711
1000	713
1000	716
1000	722
1000	761
1000	788
1000	790
1000	802
1000	804
1000	805
1000	809
1000	812
1000	814
1000	816
1000	829
1000	841
1000	847
1000	851
1000	854
1000	856
1000	864
1000	875
1000	879
1000	902
1000	906
1000	908
1000	909
1000	918
1000	920
1000	926
1000	932
1000	937
1000	952
1000	953
1000	958
1000	959
1000	961
1000	970
1000	973
1000	974
1000	987
1000	989
1000	990
1000	992
1000	994
1000	998
