1	284
1	878
1	975
2	967
2	986
2	988
3	965
3	970
3	987
4	793
4	935
4	980
5	388
5	855
5	926
6	843
6	846
6	852
7	377
7	529
7	924
8	837
8	962
8	980
9	955
9	962
9	980
10	974
10	986
10	988
11	992
11	995
11	996
12	477
12	589
12	915
13	622
13	978
13	981
14	945
14	957
14	998
15	835
15	952
15	994
16	310
16	475
16	972
17	503
17	972
17	977
18	122
18	867
18	927
19	554
19	766
19	994
20	795
20	833
20	853
21	130
21	968
21	973
22	566
22	899
22	917
23	931
23	975
23	991
24	949
24	971
24	990
25	377
25	745
25	924
26	804
26	931
26	975
27	718
27	952
27	994
28	866
28	973
28	978
29	905
29	922
29	954
30	599
30	946
30	967
31	686
31	965
31	987
32	665
32	990
32	1000
33	928
33	934
33	936
34	323
34	645
34	984
35	389
35	604
35	979
36	263
36	914
36	933
37	589
37	804
37	984
38	130
38	908
38	998
39	256
39	962
39	980
40	861
40	959
40	988
41	945
41	985
41	994
42	643
42	915
42	984
43	325
43	669
43	723
44	335
44	986
44	988
45	959
45	974
45	988
46	513
46	724
46	999
47	954
47	959
47	998
48	707
48	719
48	987
49	664
49	738
49	980
50	71
50	877
50	994
51	874
51	995
51	996
52	112
52	901
52	927
53	482
53	503
53	707
54	379
54	948
54	994
55	412
55	771
55	999
56	973
56	980
56	998
57	974
57	982
57	988
58	975
58	983
58	998
59	783
59	950
59	995
60	291
60	926
60	997
61	821
61	849
61	971
62	880
62	946
62	984
63	760
63	764
63	983
64	864
64	894
64	994
65	356
65	835
65	948
66	850
66	909
66	989
67	678
67	866
67	929
68	982
68	986
68	988
69	993
69	995
69	996
70	209
70	542
70	915
71	50
71	907
71	952
72	626
72	732
72	932
73	456
73	911
73	965
74	882
74	962
74	980
75	462
75	684
75	974
76	823
76	944
76	986
77	899
77	992
77	1000
78	926
78	945
78	998
79	759
79	787
79	961
80	449
80	616
80	970
81	640
81	795
81	997
82	505
82	962
82	980
83	755
83	842
83	972
84	196
84	650
84	850
85	98
85	984
85	999
86	989
86	997
86	1000
87	792
87	834
87	974
88	514
88	655
88	990
89	711
89	954
89	991
90	796
90	960
90	974
91	837
91	962
91	980
92	931
92	975
92	983
93	810
93	979
93	998
94	834
94	970
94	977
95	363
95	812
95	971
96	119
96	689
96	991
97	935
97	990
97	997
98	85
98	885
98	999
99	631
99	962
99	980
100	964
100	965
100	977
101	654
101	932
101	968
102	842
102	843
102	846
103	837
103	969
103	980
104	671
104	844
104	971
105	680
105	948
105	963
106	729
106	948
106	994
107	458
107	888
107	987
108	663
108	965
108	966
109	868
109	941
109	998
110	858
110	946
110	999
111	733
111	960
111	1000
112	52
112	124
112	162
113	719
113	843
113	965
114	748
114	997
114	1000
115	156
115	724
115	984
116	905
116	975
116	985
117	961
117	987
117	994
118	443
118	936
118	985
119	96
119	931
119	991
120	370
120	806
120	996
121	992
121	993
121	996
122	18
122	674
122	820
123	697
123	963
123	994
124	112
124	349
124	490
125	551
125	709
125	999
126	921
126	939
126	999
127	976
127	992
127	995
128	708
128	912
128	970
129	858
129	969
129	992
130	21
130	38
130	979
131	516
131	781
131	980
132	976
132	995
132	996
133	919
133	971
133	1000
134	330
134	881
134	963
135	622
135	942
135	979
136	474
136	961
136	994
137	832
137	910
137	989
138	906
138	986
138	988
139	965
139	972
139	987
140	533
140	908
140	979
141	897
141	958
141	991
142	959
142	982
142	988
143	767
143	976
143	992
144	471
144	811
144	1000
145	971
145	989
145	1000
146	954
146	978
146	991
147	957
147	983
147	998
148	173
148	820
148	967
149	855
149	949
149	997
150	567
150	952
150	994
151	874
151	987
151	988
152	896
152	920
152	998
153	648
153	923
153	968
154	324
154	902
154	988
155	958
155	982
155	986
156	115
156	880
156	915
157	236
157	984
157	999
158	922
158	957
158	973
159	477
159	489
159	984
160	822
160	854
160	997
161	442
161	803
161	892
162	112
162	984
162	999
163	896
163	975
163	978
164	624
164	953
164	964
165	844
165	965
165	987
166	335
166	876
166	947
167	958
167	974
167	988
168	599
168	921
168	999
169	530
169	919
169	1000
170	455
170	700
170	731
171	490
171	939
171	984
172	750
172	942
172	966
173	148
173	287
173	933
174	946
174	984
174	999
175	939
175	974
175	999
176	695
176	972
176	977
177	182
177	997
177	1000
178	964
178	977
178	1000
179	804
179	851
179	956
180	966
180	975
180	998
181	993
181	995
181	996
182	177
182	910
182	976
183	944
183	974
183	988
184	797
184	985
184	997
185	641
185	992
185	993
186	353
186	677
186	994
187	816
187	993
187	996
188	409
188	653
188	758
189	857
189	892
189	907
190	280
190	768
190	987
191	263
191	974
191	986
192	925
192	959
192	986
193	976
193	992
193	993
194	625
194	812
194	960
195	971
195	990
195	998
196	84
196	574
196	989
197	612
197	801
197	998
198	618
198	724
198	956
199	201
199	926
199	949
200	205
200	766
200	984
201	199
201	566
201	758
202	454
202	634
202	637
203	902
203	991
203	998
204	968
204	979
204	981
205	200
205	731
205	818
206	523
206	898
206	980
207	611
207	910
207	989
208	687
208	882
208	980
209	70
209	819
209	999
210	877
210	937
210	994
211	848
211	943
211	983
212	563
212	971
212	990
213	655
213	739
213	826
214	940
214	943
214	983
215	560
215	732
215	997
216	569
216	902
216	943
217	845
217	907
217	952
218	936
218	973
218	979
219	504
219	630
219	994
220	903
220	986
220	988
221	875
221	965
221	978
222	453
222	660
222	968
223	311
223	752
223	956
224	837
224	938
224	980
225	840
225	910
225	955
226	862
226	990
226	997
227	819
227	967
227	999
228	357
228	993
228	995
229	815
229	856
229	970
230	979
230	990
230	1000
231	788
231	933
231	953
232	696
232	848
232	934
233	365
233	904
233	994
234	751
234	972
234	977
235	693
235	965
235	977
236	157
236	992
236	996
237	928
237	957
237	983
238	692
238	922
238	973
239	900
239	974
239	986
240	601
240	686
240	977
241	932
241	973
241	998
242	585
242	643
242	953
243	954
243	989
243	1000
244	746
244	964
244	965
245	822
245	959
245	982
246	840
246	911
246	972
247	861
247	982
247	986
248	525
248	899
248	975
249	918
249	944
249	988
250	963
250	992
250	994
251	992
251	993
251	996
252	928
252	941
252	985
253	905
253	909
253	933
254	731
254	967
254	997
255	801
255	943
255	945
256	39
256	984
256	999
257	979
257	981
257	998
258	861
258	929
258	998
259	965
259	972
259	987
260	757
260	994
260	998
261	507
261	928
261	991
262	964
262	970
262	977
263	36
263	191
263	999
264	856
264	964
264	972
265	733
265	886
265	999
266	729
266	967
266	999
267	911
267	964
267	987
268	269
268	959
268	988
269	268
269	326
269	475
270	499
270	624
270	878
271	322
271	792
271	982
272	993
272	995
272	996
273	322
273	417
273	986
274	667
274	705
274	912
275	922
275	954
275	998
276	907
276	952
276	963
277	734
277	970
277	972
278	749
278	989
278	990
279	884
279	993
279	996
280	190
280	663
280	987
281	727
281	992
281	996
282	325
282	977
282	987
283	891
283	986
283	988
284	1
284	956
284	999
285	970
285	972
285	987
286	759
286	864
286	994
287	173
287	348
287	670
288	926
288	989
288	997
289	662
289	978
289	987
290	967
290	989
290	999
291	60
291	610
291	730
292	530
292	710
292	949
292	1000
293	852
293	965
293	977
293	987
294	723
294	965
294	970
294	993
295	702
295	833
295	947
295	990
296	330
296	960
296	997
296	1000
297	731
297	851
297	880
297	953
298	869
298	903
298	974
298	982
299	632
299	699
299	790
299	1000
300	855
300	917
300	949
300	990
301	968
301	981
301	983
301	998
302	363
302	857
302	948
302	994
303	968
303	973
303	975
303	998
304	554
304	588
304	812
304	997
305	655
305	872
305	926
305	1000
306	952
306	961
306	963
306	994
307	640
307	924
307	989
307	1000
308	885
308	914
308	927
308	999
309	976
309	992
309	995
309	996
310	16
310	488
310	965
310	977
311	223
311	674
311	770
311	967
312	681
312	966
312	981
312	983
313	884
313	992
313	993
313	996
314	445
314	494
314	820
314	999
315	382
315	867
315	877
315	948
316	645
316	960
316	991
316	1000
317	969
317	992
317	995
317	996
318	719
318	977
318	987
318	989
319	413
319	784
319	990
319	1000
320	925
320	937
320	974
320	981
321	639
321	940
321	973
321	975
322	271
322	273
322	869
322	986
323	34
323	494
323	960
323	999
324	154
324	925
324	959
324	982
325	43
325	282
325	895
325	977
326	269
326	453
326	553
326	972
327	904
327	970
327	972
327	977
328	701
328	735
328	935
328	980
329	947
329	978
329	979
329	983
330	134
330	296
330	867
330	994
331	579
331	950
331	993
331	996
332	552
332	830
332	911
332	987
333	549
333	948
333	961
333	994
334	992
334	993
334	995
334	996
335	44
335	166
335	957
335	983
336	593
336	632
336	902
336	942
337	584
337	853
337	877
337	994
338	402
338	761
338	983
338	985
339	691
339	755
339	761
339	972
340	813
340	958
340	986
340	988
341	840
341	863
341	872
341	997
342	380
342	872
342	909
342	956
343	976
343	992
343	995
343	996
344	852
344	972
344	977
344	980
345	627
345	820
345	901
345	956
346	536
346	943
346	978
346	983
347	581
347	842
347	965
347	977
348	287
348	953
348	956
348	998
349	124
349	544
349	915
349	951
350	428
350	599
350	966
350	981
351	906
351	937
351	986
351	988
352	898
352	938
352	962
352	980
353	186
353	894
353	961
353	994
354	642
354	946
354	984
354	999
355	983
355	993
355	995
355	996
356	65
356	952
356	963
356	994
357	228
357	993
357	995
357	996
358	581
358	825
358	964
358	970
359	803
359	904
359	963
359	994
360	921
360	946
360	984
360	999
361	852
361	944
361	982
361	986
362	372
362	712
362	883
362	988
363	95
363	302
363	825
363	919
364	485
364	572
364	814
364	836
365	233
365	961
365	963
365	994
366	652
366	757
366	948
366	961
367	969
367	992
367	993
367	995
368	877
368	881
368	952
368	994
369	921
369	933
369	939
369	956
370	120
370	899
370	993
370	995
371	543
371	974
371	982
371	986
372	362
372	695
372	972
372	982
373	770
373	921
373	984
373	999
374	693
374	715
374	904
374	994
375	759
375	892
375	961
375	963
376	966
376	973
376	983
376	998
377	7
377	25
377	626
377	784
378	873
378	916
378	981
378	983
379	54
379	881
379	963
379	994
380	342
380	817
380	967
380	999
381	763
381	955
381	989
381	1000
382	315
382	567
382	961
382	994
383	613
383	905
383	979
383	998
384	624
384	885
384	964
384	999
385	969
385	976
385	995
385	996
386	610
386	829
386	890
386	997
387	821
387	917
387	990
387	1000
388	5
388	409
388	989
388	997
389	35
389	982
389	986
389	988
390	634
390	705
390	972
390	977
391	844
391	953
391	989
391	1000
392	464
392	876
392	962
392	980
393	656
393	876
393	973
393	1000
394	958
394	974
394	982
394	986
395	626
395	711
395	898
395	980
396	508
396	696
396	846
396	964
397	929
397	936
397	984
397	985
398	657
398	796
398	990
398	997
399	721
399	976
399	995
399	996
400	506
400	614
400	720
400	984
401	925
401	930
401	986
401	988
402	338
402	431
402	968
402	979
403	943
403	978
403	981
403	983
404	666
404	976
404	992
404	995
405	835
405	881
405	952
405	994
406	597
406	925
406	937
406	959
407	463
407	897
407	978
407	983
408	740
408	880
408	953
408	999
409	188
409	388
409	812
409	997
410	899
410	992
410	995
410	996
411	885
411	901
411	921
411	999
412	55
412	597
412	967
412	999
413	319
413	561
413	973
413	991
414	676
414	935
414	962
414	980
415	430
415	863
415	941
415	975
416	890
416	971
416	987
416	989
417	273
417	976
417	993
417	996
418	968
418	985
418	992
418	998
419	728
419	980
419	997
419	1000
420	626
420	836
420	910
420	1000
421	455
421	709
421	927
421	999
422	808
422	811
422	997
422	1000
423	887
423	988
423	992
423	993
424	936
424	973
424	981
424	991
425	755
425	776
425	970
425	987
426	891
426	908
426	973
426	985
427	952
427	969
427	992
427	996
428	350
428	561
428	893
428	979
429	738
429	782
429	898
429	980
430	415
430	922
430	931
430	947
431	402
431	920
431	985
431	997
432	880
432	925
432	958
432	986
433	559
433	694
433	812
433	997
434	817
434	953
434	984
434	999
435	808
435	964
435	965
435	972
436	677
436	881
436	963
436	994
437	752
437	942
437	946
437	999
438	923
438	974
438	982
438	986
439	894
439	948
439	990
439	994
440	581
440	846
440	970
440	987
441	777
441	992
441	995
441	996
442	161
442	630
442	759
442	803
443	118
443	976
443	993
443	995
444	460
444	710
444	862
444	990
445	314
445	752
445	921
445	967
446	745
446	749
446	962
446	990
447	724
447	936
447	973
447	998
448	574
448	799
448	997
448	1000
449	80
449	603
449	761
449	977
450	815
450	846
450	977
450	987
451	566
451	843
451	977
451	987
452	491
452	882
452	962
452	980
453	222
453	326
453	965
453	977
454	202
454	616
454	977
454	987
455	170
455	421
455	946
455	967
456	73
456	708
456	875
456	911
456	912
457	834
457	911
457	977
457	987
457	992
458	107
458	895
458	928
458	970
458	972
459	515
459	697
459	907
459	961
459	994
460	444
460	625
460	732
460	990
460	1000
461	859
461	936
461	975
461	979
461	981
462	75
462	802
462	974
462	982
462	986
463	407
463	964
463	972
463	977
463	987
464	392
464	703
464	894
464	962
464	980
465	860
465	889
465	969
465	993
465	995
466	779
466	973
466	979
466	981
466	983
467	930
467	945
467	979
467	983
467	985
468	708
468	888
468	894
468	952
468	994
469	828
469	976
469	993
469	995
469	996
470	832
470	910
470	997
470	999
470	1000
471	144
471	666
471	799
471	960
471	990
472	533
472	876
472	978
472	991
472	998
473	805
473	883
473	937
473	982
473	988
474	136
474	961
474	963
474	986
474	994
475	16
475	269
475	603
475	986
475	987
476	918
476	947
476	969
476	976
476	993
477	12
477	159
477	494
477	629
477	878
478	726
478	775
478	851
478	989
478	997
479	899
479	976
479	992
479	993
479	995
480	679
480	719
480	776
480	964
480	987
481	779
481	910
481	964
481	965
481	970
482	53
482	964
482	965
482	972
482	977
483	707
483	723
483	746
483	781
483	965
484	969
484	976
484	993
484	995
484	996
485	364
485	637
485	673
485	949
485	955
486	667
486	766
486	961
486	963
486	994
487	630
487	644
487	729
487	857
487	994
488	310
488	773
488	914
488	946
488	999
489	159
489	562
489	914
489	915
489	999
490	124
490	171
490	878
490	915
490	927
491	452
491	711
491	917
491	962
491	980
492	747
492	891
492	900
492	986
492	988
493	893
493	936
493	978
493	979
493	991
494	314
494	323
494	477
494	939
494	967
495	687
495	940
495	949
495	997
495	1000
496	738
496	945
496	954
496	968
496	981
497	763
497	787
497	900
497	982
497	988
498	781
498	782
498	837
498	962
498	980
499	270
499	770
499	870
499	921
499	956
500	969
500	976
500	992
500	995
500	996
501	696
501	761
501	895
501	965
501	987
502	753
502	958
502	982
502	986
502	988
503	17
503	53
503	965
503	987
503	999
504	219
504	904
504	907
504	961
504	994
505	82
505	735
505	938
505	962
505	980
506	400
506	879
506	953
506	984
506	999
507	261
507	782
507	882
507	962
507	980
508	396
508	761
508	964
508	965
508	987
509	567
509	788
509	901
509	953
509	984
510	958
510	959
510	982
510	986
510	992
511	937
511	958
511	982
511	986
511	988
512	969
512	976
512	992
512	995
512	998
513	46
513	933
513	939
513	956
513	984
514	88
514	628
514	836
514	910
514	960
515	459
515	766
515	845
515	948
515	994
516	131
516	935
516	938
516	976
516	980
517	932
517	981
517	990
517	991
517	998
518	773
518	878
518	946
518	985
518	999
519	551
519	878
519	893
519	967
519	999
520	788
520	819
520	948
520	956
520	967
521	823
521	903
521	958
521	974
521	982
522	751
522	843
522	856
522	911
522	970
523	206
523	623
523	938
523	967
523	980
524	840
524	854
524	971
524	989
524	990
525	248
525	976
525	980
525	995
525	996
526	876
526	893
526	968
526	988
526	998
527	589
527	891
527	974
527	982
527	986
528	570
528	882
528	897
528	962
528	980
529	7
529	790
529	989
529	997
529	1000
530	169
530	292
530	796
530	840
530	997
531	665
531	739
531	896
531	997
531	1000
532	742
532	743
532	745
532	862
532	955
533	140
533	472
533	896
533	973
533	985
534	896
534	931
534	975
534	979
534	991
535	975
535	978
535	982
535	985
535	998
536	346
536	624
536	700
536	914
536	999
537	976
537	992
537	993
537	995
537	996
538	543
538	969
538	976
538	993
538	996
539	613
539	769
539	945
539	979
539	999
540	932
540	968
540	975
540	981
540	983
541	630
541	923
541	958
541	982
541	986
542	70
542	585
542	674
542	927
542	984
543	371
543	538
543	906
543	974
543	982
544	349
544	774
544	940
544	946
544	984
545	760
545	797
545	913
545	969
545	993
546	671
546	728
546	854
546	871
546	955
547	559
547	604
547	924
547	989
547	990
548	879
548	950
548	973
548	981
548	991
549	333
549	755
549	842
549	977
549	987
550	795
550	808
550	847
550	971
550	990
551	125
551	519
551	909
551	914
551	953
552	332
552	663
552	830
552	911
552	972
552	987
553	326
553	631
553	935
553	938
553	962
553	980
554	19
554	304
554	644
554	867
554	952
554	994
555	738
555	782
555	898
555	935
555	962
555	980
556	839
556	922
556	950
556	968
556	973
556	981
557	680
557	939
557	946
557	967
557	984
557	999
558	582
558	703
558	837
558	938
558	962
558	980
559	433
559	547
559	685
559	898
559	955
559	1000
560	215
560	934
560	978
560	983
560	991
560	998
561	413
561	428
561	683
561	945
561	957
561	975
562	489
562	946
562	956
562	967
562	984
562	999
563	212
563	699
563	917
563	951
563	971
563	990
564	581
564	634
564	768
564	779
564	911
564	970
565	662
565	929
565	941
565	966
565	979
565	985
566	22
566	201
566	451
566	685
566	743
566	971
567	150
567	382
567	509
567	853
567	952
567	994
568	915
568	946
568	956
568	967
568	973
568	999
569	216
569	632
569	709
569	978
569	981
569	991
570	528
570	882
570	935
570	938
570	962
570	980
571	887
571	899
571	985
571	993
571	995
571	996
572	364
572	971
572	984
572	990
572	997
572	1000
573	675
573	843
573	969
573	992
573	993
573	996
574	196
574	448
574	960
574	989
574	990
574	997
575	732
575	808
575	847
575	850
575	869
575	997
576	884
576	886
576	976
576	992
576	993
576	996
577	654
577	940
577	957
577	983
577	985
577	991
578	622
578	893
578	951
578	979
578	981
578	985
579	331
579	966
579	969
579	992
579	995
579	996
580	814
580	973
580	979
580	983
580	985
580	998
581	347
581	358
581	440
581	564
581	895
581	987
582	558
582	615
582	857
582	882
582	935
582	980
583	945
583	978
583	981
583	983
583	985
583	991
584	337
584	845
584	853
584	948
584	963
584	994
585	242
585	542
585	741
585	819
585	956
585	999
586	869
586	937
586	944
586	958
586	974
586	988
587	943
587	947
587	951
587	978
587	983
587	991
588	304
588	643
588	716
588	840
588	919
588	990
589	12
589	37
589	527
589	880
589	885
589	999
590	918
590	976
590	979
590	992
590	995
590	996
591	740
591	804
591	927
591	946
591	956
591	984
592	784
592	794
592	800
592	992
592	993
592	996
593	336
593	883
593	923
593	959
593	982
593	988
594	664
594	781
594	898
594	938
594	962
594	980
595	755
595	918
595	976
595	992
595	995
595	996
596	716
596	921
596	971
596	989
596	997
596	1000
597	406
597	412
597	925
597	944
597	986
597	988
598	621
598	699
598	743
598	806
598	919
598	989
599	30
599	168
599	350
599	946
599	956
599	999
600	831
600	899
600	970
600	992
600	993
600	996
601	240
601	846
601	964
601	970
601	972
601	995
602	770
602	885
602	909
602	921
602	967
602	984
603	449
603	475
603	830
603	847
603	964
603	987
604	35
604	547
604	780
604	883
604	958
604	959
605	889
605	969
605	992
605	993
605	994
605	995
606	821
606	905
606	928
606	929
606	985
606	991
607	841
607	937
607	944
607	958
607	959
607	974
608	758
608	819
608	955
608	971
608	989
608	997
609	619
609	664
609	676
609	752
609	938
609	980
610	291
610	386
610	850
610	859
610	890
610	1000
611	207
611	758
611	863
611	917
611	983
611	1000
612	197
612	765
612	772
612	947
612	968
612	985
613	383
613	539
613	656
613	893
613	940
613	942
614	400
614	886
614	915
614	921
614	998
614	999
615	582
615	711
615	935
615	962
615	980
615	984
616	80
616	454
616	707
616	751
616	940
616	987
617	736
617	868
617	940
617	966
617	991
617	998
618	198
618	903
618	959
618	974
618	982
618	988
619	609
619	837
619	935
619	938
619	962
619	980
620	643
620	786
620	870
620	893
620	967
620	984
621	598
621	635
621	748
621	808
621	850
621	989
621	1000
622	13
622	135
622	578
622	873
622	940
622	985
622	998
623	523
623	701
623	735
623	898
623	935
623	938
623	980
624	164
624	270
624	384
624	536
624	901
624	946
624	967
625	194
625	460
625	757
625	960
625	989
625	997
625	1000
626	72
626	377
626	395
626	420
626	694
626	863
626	1000
627	345
627	643
627	700
627	786
627	909
627	927
627	933
628	514
628	668
628	775
628	795
628	989
628	990
628	1000
629	477
629	870
629	939
629	953
629	971
629	984
629	999
630	219
630	442
630	487
630	541
630	894
630	904
630	994
631	99
631	553
631	882
631	898
631	935
631	962
631	980
632	299
632	336
632	569
632	879
632	931
632	941
632	968
633	839
633	929
633	941
633	966
633	981
633	991
633	998
634	202
634	390
634	564
634	641
634	815
634	912
634	977
635	621
635	718
635	845
635	888
635	952
635	961
635	994
636	791
636	807
636	884
636	976
636	992
636	993
636	995
637	202
637	485
637	812
637	836
637	871
637	919
637	997
638	757
638	811
638	881
638	948
638	961
638	963
638	994
639	321
639	930
639	937
639	974
639	982
639	986
639	988
640	81
640	307
640	860
640	872
640	917
640	989
640	990
641	185
641	634
641	913
641	969
641	976
641	995
641	996
642	354
642	769
642	786
642	870
642	927
642	956
642	984
643	42
643	242
643	588
643	620
643	627
643	647
643	939
644	487
644	554
644	824
644	907
644	963
644	991
644	994
645	34
645	316
645	743
645	917
645	926
645	955
645	1000
646	783
646	807
646	899
646	976
646	992
646	993
646	995
647	643
647	820
647	878
647	885
647	886
647	936
647	999
648	153
648	945
648	951
648	954
648	983
648	994
648	998
649	896
649	931
649	942
649	951
649	981
649	985
649	995
650	84
650	806
650	865
650	955
650	975
650	989
650	990
651	752
651	820
651	921
651	939
651	975
651	984
651	999
652	366
652	867
652	881
652	892
652	930
652	961
652	963
653	188
653	832
653	850
653	855
653	892
653	924
653	997
654	101
654	577
654	734
654	881
654	941
654	947
654	951
655	88
655	213
655	305
655	811
655	832
655	981
655	997
656	393
656	613
656	893
656	932
656	940
656	973
656	979
657	398
657	807
657	976
657	992
657	993
657	995
657	996
658	743
658	811
658	821
658	829
658	955
658	967
658	997
659	749
659	917
659	966
659	989
659	990
659	997
659	1000
660	222
660	746
660	895
660	911
660	970
660	977
660	987
661	749
661	811
661	836
661	978
661	989
661	997
661	1000
662	289
662	565
662	810
662	883
662	979
662	983
662	998
663	108
663	280
663	552
663	875
663	964
663	972
663	987
664	49
664	594
664	609
664	738
664	938
664	962
664	980
665	32
665	531
665	784
665	872
665	917
665	989
665	997
666	404
666	471
666	754
666	760
666	969
666	995
666	996
667	274
667	486
667	842
667	843
667	856
667	965
667	987
668	628
668	795
668	799
668	862
668	865
668	976
668	997
669	43
669	705
669	856
669	953
669	965
669	970
669	987
670	287
670	698
670	720
670	774
670	878
670	927
670	967
670	999
671	104
671	546
671	717
671	814
671	865
671	890
671	954
671	990
672	725
672	822
672	930
672	937
672	974
672	982
672	986
672	988
673	485
673	732
673	784
673	825
673	862
673	865
673	949
673	991
674	122
674	311
674	542
674	741
674	818
674	865
674	901
674	956
675	573
675	889
675	918
675	969
675	992
675	993
675	995
675	996
676	414
676	609
676	782
676	935
676	938
676	962
676	980
676	982
677	186
677	436
677	715
677	853
677	867
677	888
677	961
677	990
678	67
678	866
678	929
678	950
678	973
678	978
678	990
678	991
679	480
679	708
679	804
679	875
679	964
679	970
679	972
679	977
680	105
680	557
680	752
680	773
680	915
680	967
680	984
680	999
681	312
681	746
681	859
681	896
681	968
681	978
681	981
681	991
682	742
682	743
682	799
682	986
682	989
682	990
682	997
682	1000
683	561
683	725
683	861
683	900
683	937
683	958
683	959
683	988
684	75
684	842
684	895
684	964
684	965
684	970
684	972
684	987
685	559
685	566
685	739
685	872
685	945
685	990
685	997
685	1000
686	31
686	240
686	852
686	911
686	916
686	965
686	970
686	977
687	208
687	495
687	694
687	739
687	825
687	844
687	990
687	1000
688	803
688	838
688	845
688	904
688	907
688	961
688	990
688	994
689	96
689	810
689	895
689	929
689	950
689	954
689	975
689	998
690	695
690	763
690	802
690	824
690	923
690	937
690	982
690	986
691	339
691	708
691	756
691	768
691	842
691	911
691	970
691	972
692	238
692	836
692	950
692	957
692	966
692	978
692	981
692	998
693	235
693	374
693	824
693	853
693	952
693	961
693	963
693	994
694	433
694	626
694	687
694	790
694	873
694	917
694	955
694	971
695	176
695	372
695	690
695	874
695	944
695	958
695	982
695	988
696	232
696	396
696	501
696	776
696	964
696	965
696	970
696	987
697	123
697	459
697	729
697	853
697	881
697	894
697	963
697	988
698	670
698	819
698	851
698	880
698	953
698	967
698	984
698	985
699	299
699	563
699	598
699	910
699	924
699	953
699	989
699	1000
700	170
700	536
700	627
700	774
700	885
700	927
700	967
700	999
701	328
701	623
701	781
701	837
701	935
701	938
701	962
701	980
702	295
702	715
702	826
702	910
702	924
702	949
702	989
702	997
703	464
703	558
703	898
703	935
703	938
703	962
703	969
703	980
704	758
704	796
704	872
704	913
704	924
704	926
704	990
704	1000
705	274
705	390
705	669
705	912
705	922
705	964
705	972
705	987
706	839
706	893
706	895
706	951
706	954
706	975
706	978
706	991
707	48
707	53
707	483
707	616
707	723
707	964
707	965
707	994
708	128
708	456
708	468
708	679
708	691
708	964
708	972
708	987
709	125
709	421
709	569
709	788
709	921
709	927
709	933
709	967
710	292
710	444
710	910
710	949
710	971
710	989
710	997
710	1000
711	89
711	395
711	491
711	615
711	935
711	938
711	962
711	980
712	362
712	778
712	891
712	923
712	930
712	958
712	974
712	986
713	762
713	913
713	943
713	976
713	992
713	993
713	995
713	996
714	745
714	913
714	918
714	969
714	976
714	992
714	993
714	995
714	996
715	374
715	677
715	702
715	824
715	877
715	894
715	907
715	948
715	994
716	588
716	596
716	726
716	749
716	774
716	836
716	890
716	971
716	990
717	671
717	726
717	743
717	808
717	811
717	849
717	955
717	990
717	1000
718	27
718	635
718	857
718	864
718	892
718	894
718	907
718	944
718	994
719	48
719	113
719	318
719	480
719	801
719	842
719	875
719	895
719	977
720	400
720	670
720	881
720	901
720	915
720	956
720	967
720	984
720	999
721	399
721	799
721	825
721	855
721	860
721	890
721	971
721	990
721	1000
722	780
722	802
722	822
722	925
722	934
722	974
722	982
722	986
722	988
723	43
723	294
723	483
723	707
723	776
723	830
723	856
723	964
723	965
724	46
724	115
724	198
724	447
724	914
724	939
724	953
724	984
724	999
725	672
725	683
725	753
725	861
725	869
725	930
725	959
725	974
725	982
726	478
726	716
726	717
726	846
726	917
726	949
726	955
726	989
726	997
727	281
727	737
727	887
727	941
727	969
727	992
727	993
727	995
727	996
728	419
728	546
728	844
728	865
728	917
728	971
728	989
728	990
728	1000
729	106
729	266
729	487
729	697
729	853
729	894
729	948
729	961
729	994
730	291
730	784
730	825
730	890
730	899
730	910
730	955
730	990
730	1000
731	170
731	205
731	254
731	297
731	886
731	939
731	946
731	970
731	999
732	72
732	215
732	460
732	575
732	673
732	821
732	871
732	890
732	919
733	111
733	265
733	901
733	927
733	933
733	939
733	946
733	967
733	984
734	277
734	654
734	810
734	934
734	940
734	942
734	957
734	978
734	985
735	328
735	505
735	623
735	783
735	898
735	935
735	938
735	962
735	980
736	617
736	795
736	941
736	968
736	981
736	983
736	985
736	991
736	998
737	727
737	809
737	858
737	918
737	976
737	989
737	993
737	995
737	996
738	49
738	429
738	496
738	555
738	664
738	882
738	898
738	938
738	980
739	213
739	531
739	685
739	687
739	793
739	826
739	960
739	988
739	1000
740	408
740	591
740	741
740	817
740	886
740	909
740	933
740	964
740	984
741	585
741	674
741	740
741	851
741	886
741	933
741	972
741	984
741	999
742	532
742	682
742	811
742	832
742	863
742	978
742	989
742	990
742	1000
743	532
743	566
743	598
743	645
743	658
743	682
743	717
743	993
743	997
744	760
744	809
744	887
744	913
744	918
744	992
744	993
744	995
744	996
745	25
745	446
745	532
745	714
745	806
745	825
745	860
745	890
745	1000
746	244
746	483
746	660
746	681
746	768
746	843
746	912
746	964
746	987
747	492
747	778
747	792
747	903
747	910
747	937
747	944
747	974
747	988
748	114
748	621
748	806
748	910
748	955
748	971
748	977
748	990
748	1000
749	278
749	446
749	659
749	661
749	716
749	844
749	860
749	989
749	993
749	997
750	172
750	787
750	835
750	905
750	922
750	932
750	940
750	968
750	975
750	979
751	234
751	522
751	616
751	834
751	842
751	902
751	964
751	970
751	972
751	977
752	223
752	437
752	445
752	609
752	651
752	680
752	880
752	914
752	967
752	999
753	502
753	725
753	874
753	906
753	923
753	974
753	982
753	986
753	988
753	989
754	666
754	762
754	775
754	809
754	969
754	976
754	992
754	993
754	995
754	996
755	83
755	339
755	425
755	549
755	595
755	834
755	912
755	972
755	977
755	987
756	691
756	828
756	856
756	875
756	912
756	964
756	965
756	970
756	977
756	987
757	260
757	366
757	625
757	638
757	803
757	845
757	904
757	948
757	952
757	994
758	188
758	201
758	608
758	611
758	704
758	945
758	960
758	971
758	990
758	1000
759	79
759	286
759	375
759	442
759	845
759	864
759	877
759	948
759	985
759	994
760	63
760	545
760	666
760	744
760	918
760	969
760	992
760	993
760	995
760	996
761	338
761	339
761	449
761	501
761	508
761	830
761	970
761	972
761	977
761	987
762	713
762	754
762	809
762	858
762	913
762	966
762	969
762	992
762	995
762	996
763	381
763	497
763	690
763	869
763	900
763	923
763	930
763	974
763	982
763	988
764	63
764	789
764	810
764	929
764	975
764	978
764	981
764	982
764	991
764	998
765	612
765	920
765	945
765	954
765	968
765	972
765	978
765	979
765	983
765	991
766	19
766	200
766	486
766	515
766	888
766	892
766	948
766	952
766	963
766	994
767	143
767	831
767	899
767	929
767	969
767	976
767	992
767	993
767	995
767	996
768	190
768	564
768	691
768	746
768	815
768	842
768	875
768	917
768	964
768	972
769	539
769	642
769	771
769	929
769	932
769	934
769	950
769	978
769	979
769	981
770	311
770	373
770	499
770	602
770	886
770	900
770	909
770	921
770	927
770	984
771	55
771	769
771	859
771	879
771	905
771	929
771	931
771	932
771	968
771	981
772	612
772	791
772	816
772	831
772	969
772	976
772	992
772	993
772	995
772	996
773	488
773	518
773	680
773	870
773	953
773	956
773	967
773	984
773	999
773	1000
774	544
774	670
774	700
774	716
774	915
774	933
774	939
774	967
774	984
774	999
775	478
775	628
775	754
775	796
775	910
775	960
775	989
775	990
775	997
775	1000
776	425
776	480
776	696
776	723
776	846
776	936
776	965
776	970
776	977
776	987
777	441
777	816
777	914
777	918
777	924
777	969
777	976
777	992
777	993
777	995
777	996
778	712
778	747
778	841
778	861
778	874
778	903
778	923
778	930
778	959
778	968
778	974
779	466
779	481
779	564
779	815
779	895
779	897
779	912
779	970
779	972
779	977
779	987
780	604
780	722
780	823
780	861
780	869
780	890
780	925
780	974
780	982
780	986
780	988
781	131
781	483
781	498
781	594
781	701
781	782
781	935
781	938
781	962
781	980
781	981
782	429
782	498
782	507
782	555
782	676
782	781
782	858
782	882
782	898
782	935
782	980
783	59
783	646
783	735
783	816
783	884
783	913
783	976
783	992
783	993
783	995
783	996
784	319
784	377
784	592
784	665
784	673
784	730
784	952
784	955
784	971
784	989
784	1000
785	848
785	868
785	897
785	928
785	934
785	947
785	950
785	973
785	981
785	987
785	998
786	620
786	627
786	642
786	856
786	915
786	921
786	939
786	946
786	953
786	984
786	999
787	79
787	497
787	750
787	920
787	932
787	957
787	975
787	978
787	985
787	991
787	998
788	231
788	509
788	520
788	709
788	878
788	886
788	901
788	927
788	967
788	968
788	999
789	764
789	916
789	947
789	953
789	957
789	968
789	973
789	975
789	979
789	981
789	998
790	299
790	529
790	694
790	808
790	833
790	862
790	910
790	949
790	987
790	997
790	1000
791	636
791	772
791	809
791	858
791	887
791	913
791	963
791	976
791	992
791	993
791	996
792	87
792	271
792	747
792	891
792	900
792	906
792	925
792	959
792	965
792	986
792	988
793	4
793	739
793	814
793	829
793	844
793	847
793	849
793	865
793	949
793	960
793	989
794	592
794	831
794	858
794	887
794	913
794	969
794	979
794	992
794	993
794	995
794	996
795	20
795	81
795	550
795	628
795	668
795	736
795	826
795	955
795	971
795	989
795	1000
796	90
796	398
796	530
796	704
796	775
796	844
796	871
796	949
796	955
796	966
796	997
797	184
797	545
797	932
797	941
797	950
797	975
797	978
797	979
797	983
797	985
797	998
798	841
798	874
798	906
798	925
798	958
798	959
798	982
798	986
798	988
798	993
798	996
799	448
799	471
799	668
799	682
799	721
799	811
799	854
799	882
799	990
799	997
799	1000
800	592
800	807
800	816
800	884
800	889
800	918
800	969
800	976
800	991
800	993
800	995
800	996
801	197
801	255
801	719
801	897
801	920
801	934
801	966
801	979
801	981
801	985
801	991
801	998
802	462
802	690
802	722
802	813
802	829
802	869
802	874
802	887
802	906
802	982
802	986
802	988
803	161
803	359
803	442
803	688
803	757
803	857
803	864
803	888
803	892
803	911
803	961
803	994
804	26
804	37
804	179
804	591
804	679
804	915
804	933
804	946
804	953
804	956
804	984
804	999
805	473
805	809
805	874
805	891
805	923
805	925
805	937
805	944
805	958
805	982
805	986
805	988
806	120
806	598
806	650
806	745
806	748
806	821
806	840
806	917
806	960
806	971
806	990
806	1000
807	636
807	646
807	657
807	800
807	884
807	889
807	956
807	969
807	992
807	993
807	995
807	996
808	422
808	435
808	550
808	575
808	621
808	717
808	790
808	919
808	924
808	960
808	971
808	997
809	737
809	744
809	754
809	762
809	791
809	805
809	828
809	976
809	992
809	993
809	995
809	996
810	93
810	662
810	689
810	734
810	764
810	897
810	916
810	961
810	968
810	979
810	991
810	998
811	144
811	422
811	638
811	655
811	658
811	661
811	717
811	742
811	799
811	849
811	960
811	997
812	95
812	194
812	304
812	409
812	433
812	637
812	821
812	849
812	871
812	926
812	973
812	990
813	340
813	802
813	815
813	883
813	923
813	925
813	930
813	937
813	974
813	982
813	986
813	988
814	364
814	580
814	671
814	793
814	847
814	955
814	960
814	971
814	989
814	990
814	997
814	1000
815	229
815	450
815	634
815	768
815	779
815	813
815	834
815	846
815	912
815	970
815	977
815	987
816	187
816	772
816	777
816	783
816	800
816	899
816	958
816	969
816	992
816	993
816	995
816	996
817	380
817	434
817	740
817	860
817	870
817	921
817	927
817	939
817	953
817	956
817	967
817	999
818	205
818	674
818	851
818	878
818	880
818	906
818	914
818	939
818	956
818	967
818	984
818	999
819	209
819	227
819	520
819	585
819	608
819	698
819	901
819	909
819	956
819	984
819	992
819	999
820	122
820	148
820	314
820	345
820	647
820	651
820	878
820	914
820	915
820	930
820	956
820	993
821	61
821	387
821	606
821	658
821	732
821	806
821	812
821	924
821	960
821	989
821	990
821	1000
822	160
822	245
822	672
822	722
822	841
822	924
822	930
822	944
822	974
822	982
822	986
822	988
823	76
823	521
823	780
823	891
823	900
823	903
823	906
823	923
823	944
823	982
823	986
823	988
823	1000
824	644
824	690
824	693
824	715
824	853
824	866
824	904
824	907
824	948
824	952
824	961
824	963
824	994
825	358
825	363
825	673
825	687
825	721
825	730
825	745
825	836
825	840
825	855
825	919
825	990
825	997
826	213
826	702
826	739
826	795
826	850
826	872
826	913
826	919
826	952
826	989
826	990
826	997
826	1000
827	873
827	884
827	893
827	916
827	931
827	934
827	951
827	966
827	973
827	975
827	981
827	985
827	998
828	469
828	756
828	809
828	887
828	889
828	913
828	918
828	969
828	976
828	992
828	993
828	995
828	996
829	386
829	658
829	793
829	802
829	840
829	844
829	847
829	860
829	900
829	949
829	989
829	997
829	1000
830	332
830	552
830	603
830	723
830	761
830	834
830	875
830	931
830	964
830	970
830	972
830	977
830	987
831	600
831	767
831	772
831	794
831	889
831	913
831	921
831	969
831	976
831	992
831	993
831	995
831	996
832	137
832	470
832	653
832	655
832	742
832	833
832	863
832	872
832	955
832	960
832	986
832	990
832	1000
833	20
833	295
833	790
833	832
833	847
833	865
833	876
833	924
833	926
833	949
833	955
833	960
833	997
834	87
834	94
834	457
834	751
834	755
834	815
834	830
834	846
834	964
834	965
834	970
834	972
834	987
835	15
835	65
835	405
835	750
835	864
835	867
835	877
835	888
835	904
835	907
835	948
835	963
835	994
836	364
836	420
836	514
836	637
836	661
836	692
836	716
836	825
836	860
836	865
836	949
836	955
836	997
837	8
837	91
837	103
837	224
837	498
837	558
837	619
837	701
837	882
837	962
837	974
837	980
837	986
838	688
838	853
838	864
838	877
838	881
838	888
838	892
838	904
838	948
838	952
838	961
838	963
838	977
838	994
839	556
839	633
839	706
839	929
839	936
839	945
839	966
839	968
839	971
839	975
839	978
839	981
839	983
839	985
840	225
840	246
840	341
840	524
840	530
840	588
840	806
840	825
840	829
840	892
840	926
840	989
840	997
840	1000
841	607
841	778
841	798
841	822
841	869
841	906
841	930
841	937
841	944
841	958
841	959
841	975
841	983
841	988
842	83
842	102
842	347
842	549
842	667
842	684
842	691
842	719
842	751
842	768
842	977
842	978
842	987
842	991
843	6
843	102
843	113
843	451
843	522
843	573
843	667
843	746
843	852
843	856
843	944
843	970
843	977
843	987
844	104
844	165
844	391
844	687
844	728
844	749
844	793
844	796
844	829
844	849
844	919
844	971
844	997
844	1000
845	217
845	515
845	584
845	635
845	688
845	757
845	759
845	857
845	892
845	905
845	948
845	961
845	984
845	994
846	6
846	102
846	396
846	440
846	450
846	601
846	726
846	776
846	815
846	834
846	852
846	875
846	911
846	972
847	550
847	575
847	603
847	793
847	814
847	829
847	833
847	860
847	862
847	863
847	919
847	926
847	989
847	997
848	211
848	232
848	785
848	855
848	873
848	916
848	928
848	945
848	950
848	966
848	973
848	978
848	985
848	991
849	61
849	717
849	793
849	811
849	812
849	844
849	871
849	890
849	919
849	926
849	954
849	956
849	960
849	1000
850	66
850	84
850	575
850	610
850	621
850	653
850	826
850	854
850	908
850	924
850	949
850	971
850	989
850	990
851	179
851	297
851	478
851	698
851	741
851	818
851	909
851	915
851	939
851	946
851	949
851	956
851	967
851	999
852	6
852	293
852	344
852	361
852	686
852	843
852	846
852	911
852	912
852	965
852	970
852	972
852	977
852	987
853	20
853	337
853	567
853	584
853	677
853	693
853	697
853	729
853	824
853	838
853	867
853	894
853	963
853	994
854	160
854	524
854	546
854	799
854	850
854	860
854	872
854	924
854	933
854	960
854	971
854	989
854	990
854	997
855	5
855	149
855	300
855	653
855	721
855	825
855	848
855	860
855	949
855	960
855	971
855	989
855	990
855	1000
856	229
856	264
856	522
856	667
856	669
856	723
856	756
856	786
856	843
856	875
856	965
856	972
856	977
856	1000
857	189
857	302
857	487
857	582
857	718
857	803
857	845
857	864
857	881
857	904
857	948
857	952
857	984
857	994
858	110
858	129
858	737
858	762
858	782
858	791
858	794
858	913
858	969
858	976
858	992
858	993
858	995
858	996
859	461
859	610
859	681
859	771
859	876
859	936
859	942
859	943
859	945
859	954
859	968
859	973
859	985
859	991
859	998
860	465
860	640
860	721
860	745
860	749
860	817
860	829
860	836
860	847
860	854
860	855
860	960
860	990
860	997
860	1000
861	40
861	247
861	258
861	683
861	725
861	778
861	780
861	883
861	903
861	925
861	958
861	959
861	974
861	982
861	988
862	226
862	444
862	532
862	668
862	673
862	790
862	847
862	890
862	960
862	962
862	969
862	989
862	990
862	997
862	1000
863	341
863	415
863	611
863	626
863	742
863	832
863	847
863	872
863	924
863	955
863	971
863	974
863	989
863	997
863	1000
864	64
864	286
864	718
864	759
864	803
864	835
864	838
864	857
864	888
864	892
864	904
864	952
864	963
864	994
864	999
865	650
865	668
865	671
865	673
865	674
865	728
865	793
865	833
865	836
865	872
865	917
865	924
865	949
865	989
865	997
866	28
866	67
866	678
866	824
866	920
866	922
866	932
866	943
866	947
866	951
866	961
866	975
866	985
866	991
866	998
867	18
867	315
867	330
867	554
867	652
867	677
867	835
867	853
867	894
867	907
867	952
867	961
867	963
867	964
867	994
868	109
868	617
868	785
868	905
868	922
868	945
868	947
868	950
868	951
868	963
868	979
868	983
868	985
868	991
868	998
869	298
869	322
869	575
869	586
869	725
869	763
869	780
869	802
869	841
869	874
869	937
869	944
869	958
869	959
869	982
869	999
870	499
870	620
870	629
870	642
870	773
870	817
870	878
870	885
870	886
870	927
870	953
870	964
870	967
870	984
870	998
870	999
871	546
871	637
871	732
871	796
871	812
871	849
871	872
871	911
871	924
871	939
871	955
871	971
871	989
871	990
871	997
871	1000
872	305
872	341
872	342
872	640
872	665
872	685
872	704
872	826
872	832
872	854
872	863
872	865
872	871
872	919
872	990
872	1000
873	378
873	622
873	694
873	827
873	848
873	909
873	920
873	934
873	942
873	947
873	950
873	954
873	966
873	973
873	978
873	985
873	991
874	51
874	151
874	695
874	753
874	778
874	798
874	802
874	805
874	869
874	891
874	923
874	959
874	974
874	982
874	986
874	988
874	996
875	221
875	456
875	663
875	679
875	719
875	756
875	768
875	830
875	846
875	856
875	895
875	912
875	964
875	970
875	972
875	987
875	993
876	166
876	392
876	393
876	472
876	526
876	833
876	859
876	897
876	916
876	928
876	940
876	950
876	957
876	966
876	975
876	991
876	998
877	50
877	210
877	315
877	337
877	368
877	715
877	759
877	835
877	838
877	892
877	894
877	904
877	943
877	961
877	963
877	977
877	994
878	1
878	270
878	477
878	490
878	518
878	519
878	647
878	670
878	788
878	818
878	820
878	870
878	914
878	933
878	953
878	988
878	999
879	506
879	548
879	632
879	771
879	928
879	934
879	936
879	951
879	954
879	965
879	966
879	968
879	975
879	979
879	983
879	985
879	998
880	62
880	156
880	297
880	408
880	432
880	589
880	698
880	752
880	818
880	909
880	912
880	939
880	946
880	953
880	956
880	984
880	999
881	134
881	368
881	379
881	405
881	436
881	638
881	652
881	654
881	697
881	720
881	838
881	857
881	894
881	952
881	961
881	963
881	994
882	74
882	208
882	452
882	507
882	528
882	570
882	582
882	631
882	738
882	782
882	799
882	837
882	898
882	935
882	938
882	958
882	980
883	362
883	473
883	593
883	604
883	662
883	813
883	861
883	903
883	906
883	923
883	925
883	930
883	937
883	944
883	974
883	980
883	986
883	988
884	279
884	313
884	576
884	636
884	783
884	800
884	807
884	827
884	887
884	889
884	898
884	918
884	969
884	976
884	992
884	993
884	995
884	996
885	98
885	308
885	384
885	411
885	589
885	602
885	647
885	700
885	870
885	901
885	914
885	921
885	932
885	933
885	953
885	984
885	994
885	999
886	265
886	576
886	614
886	647
886	731
886	740
886	741
886	770
886	788
886	870
886	901
886	914
886	921
886	939
886	946
886	957
886	984
886	999
887	423
887	571
887	727
887	744
887	791
887	794
887	802
887	828
887	884
887	913
887	918
887	934
887	969
887	976
887	992
887	993
887	995
887	996
888	107
888	468
888	635
888	677
888	766
888	803
888	835
888	838
888	864
888	890
888	892
888	894
888	904
888	907
888	952
888	961
888	963
888	994
889	465
889	605
889	675
889	800
889	807
889	828
889	831
889	884
889	899
889	912
889	913
889	914
889	918
889	976
889	992
889	993
889	995
889	996
890	386
890	416
890	610
890	671
890	716
890	721
890	730
890	732
890	745
890	780
890	849
890	862
890	888
890	926
890	955
890	960
890	989
890	990
891	283
891	426
891	492
891	527
891	712
891	792
891	805
891	823
891	874
891	903
891	925
891	930
891	959
891	974
891	982
891	983
891	986
891	988
892	161
892	189
892	375
892	652
892	653
892	718
892	766
892	803
892	838
892	840
892	845
892	864
892	877
892	888
892	894
892	948
892	963
892	994
893	428
893	493
893	519
893	526
893	578
893	613
893	620
893	656
893	706
893	827
893	934
893	936
893	940
893	951
893	981
893	983
893	985
893	998
894	64
894	353
894	439
894	464
894	468
894	630
894	697
894	715
894	718
894	729
894	853
894	867
894	877
894	881
894	888
894	892
894	916
894	952
894	961
895	325
895	458
895	501
895	581
895	660
895	684
895	689
895	706
895	719
895	779
895	875
895	911
895	912
895	964
895	965
895	970
895	972
895	977
895	987
896	152
896	163
896	531
896	533
896	534
896	649
896	681
896	920
896	943
896	947
896	954
896	966
896	972
896	973
896	975
896	978
896	985
896	991
896	998
897	141
897	407
897	528
897	779
897	785
897	801
897	810
897	876
897	902
897	916
897	922
897	947
897	954
897	957
897	973
897	975
897	981
897	983
897	998
898	206
898	352
898	395
898	429
898	555
898	559
898	594
898	623
898	631
898	703
898	735
898	738
898	782
898	882
898	884
898	935
898	938
898	962
898	980
899	22
899	77
899	248
899	370
899	410
899	479
899	571
899	600
899	646
899	730
899	767
899	816
899	889
899	969
899	976
899	992
899	993
899	995
899	996
900	239
900	492
900	497
900	683
900	763
900	770
900	792
900	823
900	829
900	923
900	930
900	937
900	944
900	958
900	959
900	974
900	982
900	986
900	988
901	52
901	345
901	411
901	509
901	624
901	674
901	720
901	733
901	788
901	819
901	885
901	886
901	909
901	915
901	939
901	983
901	984
901	997
901	999
902	154
902	203
902	216
902	336
902	751
902	897
902	936
902	941
902	942
902	954
902	957
902	968
902	978
902	979
902	981
902	983
902	985
902	991
902	998
903	220
903	298
903	521
903	618
903	747
903	778
903	823
903	861
903	883
903	891
903	923
903	925
903	928
903	930
903	958
903	971
903	974
903	982
903	986
903	988
904	233
904	327
904	359
904	374
904	504
904	630
904	688
904	757
904	824
904	835
904	838
904	857
904	864
904	877
904	888
904	948
904	961
904	963
904	971
904	994
905	29
905	116
905	253
905	383
905	606
905	750
905	771
905	845
905	868
905	908
905	936
905	945
905	954
905	957
905	966
905	975
905	978
905	983
905	991
905	998
906	138
906	351
906	543
906	753
906	792
906	798
906	802
906	818
906	823
906	841
906	883
906	923
906	925
906	930
906	944
906	958
906	960
906	974
906	986
906	988
907	71
907	189
907	217
907	276
907	459
907	504
907	644
907	688
907	715
907	718
907	824
907	835
907	867
907	888
907	929
907	949
907	952
907	961
907	963
907	994
908	38
908	140
908	426
908	850
908	905
908	932
908	934
908	942
908	945
908	957
908	966
908	968
908	973
908	975
908	978
908	979
908	981
908	983
908	986
908	991
908	998
909	66
909	253
909	342
909	551
909	602
909	627
909	740
909	770
909	819
909	851
909	873
909	880
909	901
909	914
909	933
909	953
909	956
909	967
909	984
909	989
909	999
910	137
910	182
910	207
910	225
910	420
910	470
910	481
910	514
910	699
910	702
910	710
910	730
910	747
910	748
910	775
910	790
910	926
910	949
910	960
910	997
910	1000
911	73
911	246
911	267
911	332
911	456
911	457
911	522
911	552
911	564
911	660
911	686
911	691
911	803
911	846
911	852
911	871
911	895
911	912
911	964
911	970
911	977
911	987
912	128
912	274
912	456
912	634
912	705
912	746
912	755
912	756
912	779
912	815
912	852
912	875
912	880
912	889
912	895
912	911
912	965
912	970
912	972
912	977
912	983
912	987
913	545
913	641
913	704
913	713
913	714
913	744
913	762
913	783
913	791
913	794
913	826
913	828
913	831
913	858
913	887
913	889
913	918
913	969
913	992
913	993
913	995
913	996
914	36
914	308
914	488
914	489
914	536
914	551
914	724
914	752
914	777
914	818
914	820
914	878
914	885
914	886
914	889
914	909
914	927
914	933
914	939
914	956
914	984
914	999
915	12
915	42
915	70
915	156
915	349
915	489
915	490
915	568
915	614
915	680
915	720
915	774
915	786
915	804
915	820
915	851
915	901
915	921
915	941
915	946
915	976
915	984
916	378
916	686
916	789
916	810
916	827
916	848
916	876
916	894
916	897
916	922
916	931
916	932
916	940
916	943
916	951
916	966
916	968
916	978
916	979
916	981
916	985
916	998
917	22
917	300
917	387
917	491
917	563
917	611
917	640
917	645
917	659
917	665
917	694
917	726
917	728
917	768
917	806
917	865
917	955
917	960
917	989
917	990
917	997
917	998
917	1000
918	249
918	476
918	590
918	595
918	675
918	714
918	737
918	744
918	760
918	777
918	800
918	828
918	884
918	887
918	889
918	913
918	967
918	969
918	976
918	992
918	993
918	995
918	996
919	133
919	169
919	363
919	588
919	598
919	637
919	732
919	808
919	825
919	826
919	844
919	847
919	849
919	872
919	924
919	949
919	950
919	971
919	989
919	990
919	992
919	997
919	1000
920	152
920	431
920	765
920	787
920	801
920	866
920	873
920	896
920	922
920	937
920	943
920	945
920	950
920	951
920	957
920	968
920	975
920	978
920	980
920	981
920	985
920	991
920	998
921	126
921	168
921	360
921	369
921	373
921	411
921	445
921	499
921	596
921	602
921	614
921	651
921	709
921	770
921	786
921	817
921	831
921	885
921	886
921	915
921	933
921	953
921	967
921	999
922	29
922	158
922	238
922	275
922	430
922	556
922	705
922	750
922	866
922	868
922	897
922	916
922	920
922	942
922	947
922	951
922	954
922	957
922	966
922	968
922	970
922	978
922	981
922	998
923	153
923	438
923	541
923	593
923	690
923	712
923	753
923	763
923	778
923	805
923	813
923	823
923	874
923	883
923	900
923	903
923	906
923	944
923	958
923	959
923	974
923	982
923	986
923	991
924	7
924	25
924	307
924	547
924	653
924	699
924	702
924	704
924	777
924	808
924	821
924	822
924	833
924	850
924	854
924	863
924	865
924	871
924	919
924	949
924	963
924	971
924	997
924	1000
925	192
925	320
925	324
925	401
925	406
925	432
925	597
925	722
925	780
925	792
925	798
925	805
925	813
925	861
925	883
925	891
925	903
925	906
925	930
925	945
925	974
925	979
925	982
925	988
926	5
926	60
926	78
926	199
926	288
926	305
926	645
926	704
926	812
926	833
926	840
926	847
926	849
926	890
926	910
926	949
926	955
926	969
926	971
926	989
926	990
926	997
926	999
926	1000
927	18
927	52
927	308
927	421
927	490
927	542
927	591
927	627
927	642
927	670
927	700
927	709
927	733
927	770
927	788
927	817
927	870
927	914
927	933
927	951
927	953
927	956
927	999
927	1000
928	33
928	237
928	252
928	261
928	458
928	606
928	785
928	848
928	876
928	879
928	903
928	941
928	942
928	945
928	950
928	966
928	975
928	978
928	979
928	981
928	983
928	985
928	991
928	992
928	998
929	67
929	258
929	397
929	565
929	606
929	633
929	678
929	689
929	764
929	767
929	769
929	771
929	839
929	907
929	934
929	947
929	954
929	968
929	973
929	975
929	978
929	985
929	989
929	991
929	998
930	401
930	467
930	639
930	652
930	672
930	712
930	725
930	763
930	778
930	813
930	820
930	822
930	841
930	883
930	891
930	900
930	903
930	906
930	925
930	937
930	944
930	958
930	959
930	982
930	986
931	23
931	26
931	92
931	119
931	430
931	534
931	632
931	649
931	771
931	827
931	830
931	916
931	932
931	936
931	941
931	943
931	947
931	954
931	957
931	966
931	975
931	979
931	981
931	983
931	985
931	991
931	999
932	72
932	101
932	241
932	517
932	540
932	656
932	750
932	769
932	771
932	787
932	797
932	866
932	885
932	908
932	916
932	931
932	942
932	943
932	946
932	957
932	966
932	978
932	979
932	981
932	983
932	991
932	998
933	36
933	173
933	231
933	253
933	369
933	513
933	627
933	709
933	733
933	740
933	741
933	774
933	804
933	854
933	878
933	885
933	909
933	914
933	921
933	927
933	939
933	946
933	947
933	953
933	967
933	984
933	999
934	33
934	232
934	560
934	722
934	734
934	769
934	785
934	801
934	827
934	873
934	879
934	887
934	893
934	908
934	929
934	940
934	954
934	957
934	966
934	973
934	975
934	978
934	981
934	983
934	985
934	991
934	998
935	4
935	97
935	328
935	414
935	516
935	553
935	555
935	570
935	582
935	615
935	619
935	623
935	631
935	676
935	701
935	703
935	711
935	735
935	781
935	782
935	882
935	898
935	938
935	959
935	962
935	980
935	997
936	33
936	118
936	218
936	397
936	424
936	447
936	461
936	493
936	647
936	776
936	839
936	859
936	879
936	893
936	902
936	905
936	931
936	940
936	945
936	951
936	968
936	979
936	981
936	983
936	985
936	991
936	997
936	998
937	210
937	320
937	351
937	406
937	473
937	511
937	586
937	607
937	639
937	672
937	683
937	690
937	747
937	805
937	813
937	841
937	869
937	883
937	900
937	920
937	930
937	944
937	958
937	959
937	974
937	982
937	986
937	988
938	224
938	352
938	505
938	516
938	523
938	553
938	558
938	570
938	594
938	609
938	619
938	623
938	664
938	676
938	701
938	703
938	711
938	735
938	738
938	781
938	882
938	898
938	935
938	962
938	980
938	989
938	994
938	996
939	126
939	171
939	175
939	369
939	494
939	513
939	557
939	629
939	643
939	651
939	724
939	731
939	733
939	774
939	786
939	817
939	818
939	851
939	871
939	880
939	886
939	901
939	914
939	933
939	953
939	967
939	984
939	988
939	999
940	214
940	321
940	495
940	544
940	577
940	613
940	616
940	617
940	622
940	656
940	734
940	750
940	876
940	893
940	916
940	934
940	936
940	942
940	950
940	951
940	957
940	966
940	973
940	975
940	979
940	981
940	983
940	991
940	998
941	109
941	252
941	415
941	565
941	632
941	633
941	654
941	727
941	736
941	797
941	902
941	915
941	928
941	931
941	943
941	947
941	950
941	951
941	954
941	957
941	965
941	966
941	968
941	973
941	975
941	979
941	983
941	985
941	991
942	135
942	172
942	336
942	437
942	613
942	649
942	734
942	859
942	873
942	902
942	908
942	922
942	928
942	932
942	940
942	945
942	947
942	950
942	951
942	954
942	957
942	966
942	978
942	979
942	981
942	985
942	991
942	995
942	998
943	211
943	214
943	216
943	255
943	346
943	403
943	587
943	713
943	859
943	866
943	877
943	896
943	916
943	920
943	931
943	932
943	941
943	947
943	950
943	951
943	954
943	968
943	973
943	975
943	983
943	985
943	991
943	995
943	998
944	76
944	183
944	249
944	361
944	586
944	597
944	607
944	695
944	718
944	747
944	805
944	822
944	823
944	841
944	843
944	869
944	883
944	900
944	906
944	923
944	930
944	937
944	958
944	959
944	974
944	982
944	986
944	988
944	990
945	14
945	41
945	78
945	255
945	467
945	496
945	539
945	561
945	583
945	648
945	685
945	758
945	765
945	839
945	848
945	859
945	868
945	905
945	908
945	920
945	925
945	928
945	936
945	942
945	951
945	979
945	981
945	983
945	985
945	998
946	30
946	62
946	110
946	174
946	354
946	360
946	437
946	455
946	488
946	518
946	544
946	557
946	562
946	568
946	591
946	599
946	624
946	731
946	733
946	786
946	804
946	851
946	880
946	886
946	915
946	932
946	933
946	976
946	977
946	984
946	999
947	166
947	295
947	329
947	430
947	476
947	587
947	612
947	654
947	785
947	789
947	866
947	868
947	873
947	896
947	897
947	922
947	929
947	931
947	933
947	941
947	942
947	943
947	950
947	966
947	968
947	973
947	975
947	978
947	985
947	991
947	998
948	54
948	65
948	105
948	106
948	302
948	315
948	333
948	366
948	439
948	515
948	520
948	584
948	638
948	715
948	729
948	757
948	759
948	766
948	824
948	835
948	838
948	845
948	857
948	892
948	904
948	952
948	961
948	963
948	991
948	994
948	998
949	24
949	149
949	199
949	292
949	300
949	485
949	495
949	673
949	702
949	710
949	726
949	790
949	793
949	796
949	829
949	833
949	836
949	850
949	851
949	855
949	865
949	907
949	910
949	919
949	924
949	926
949	970
949	971
949	989
949	990
949	997
949	1000
950	59
950	331
950	548
950	556
950	678
950	689
950	692
950	769
950	785
950	797
950	848
950	868
950	873
950	876
950	919
950	920
950	928
950	940
950	941
950	942
950	943
950	947
950	951
950	957
950	966
950	968
950	973
950	978
950	979
950	985
950	991
950	998
951	349
951	563
951	578
951	587
951	648
951	649
951	654
951	706
951	827
951	866
951	868
951	879
951	893
951	916
951	920
951	922
951	927
951	936
951	940
951	941
951	942
951	943
951	945
951	950
951	968
951	973
951	975
951	978
951	979
951	981
951	991
951	998
952	15
952	27
952	71
952	150
952	217
952	276
952	306
952	356
952	368
952	405
952	427
952	468
952	554
952	567
952	635
952	693
952	757
952	766
952	784
952	824
952	826
952	838
952	857
952	864
952	867
952	881
952	888
952	894
952	907
952	948
952	961
952	963
952	994
953	164
953	231
953	242
953	297
953	348
953	391
953	408
953	434
953	506
953	509
953	551
953	629
953	669
953	698
953	699
953	724
953	773
953	786
953	789
953	804
953	817
953	870
953	878
953	880
953	885
953	909
953	921
953	927
953	933
953	939
953	967
953	984
953	999
954	29
954	47
954	89
954	146
954	243
954	275
954	496
954	648
954	671
954	689
954	706
954	765
954	849
954	859
954	873
954	879
954	896
954	897
954	902
954	905
954	922
954	929
954	931
954	934
954	941
954	942
954	943
954	966
954	968
954	973
954	978
954	983
954	991
954	998
955	9
955	225
955	381
955	485
955	532
955	546
955	559
955	608
955	645
955	650
955	658
955	694
955	717
955	726
955	730
955	748
955	784
955	795
955	796
955	814
955	832
955	833
955	836
955	863
955	871
955	890
955	917
955	926
955	960
955	971
955	985
955	989
955	993
955	1000
956	179
956	198
956	223
956	284
956	342
956	345
956	348
956	369
956	499
956	513
956	520
956	562
956	568
956	585
956	591
956	599
956	642
956	674
956	720
956	773
956	804
956	807
956	817
956	818
956	819
956	820
956	849
956	851
956	880
956	909
956	914
956	927
956	974
956	984
956	999
957	14
957	147
957	158
957	237
957	335
957	561
957	577
957	692
957	734
957	787
957	789
957	876
957	886
957	897
957	902
957	905
957	908
957	920
957	922
957	931
957	932
957	934
957	940
957	941
957	942
957	950
957	963
957	968
957	975
957	978
957	979
957	981
957	983
957	985
957	996
957	998
958	141
958	155
958	167
958	340
958	394
958	432
958	502
958	510
958	511
958	521
958	541
958	586
958	604
958	607
958	683
958	695
958	712
958	798
958	805
958	816
958	841
958	861
958	869
958	882
958	900
958	903
958	906
958	923
958	930
958	937
958	944
958	959
958	974
958	982
958	986
958	988
958	995
959	40
959	45
959	47
959	142
959	192
959	245
959	268
959	324
959	406
959	510
959	593
959	604
959	607
959	618
959	683
959	725
959	778
959	792
959	798
959	841
959	861
959	869
959	874
959	891
959	900
959	923
959	930
959	935
959	937
959	944
959	958
959	973
959	974
959	982
959	986
959	988
959	995
960	90
960	111
960	194
960	296
960	316
960	323
960	471
960	514
960	574
960	625
960	739
960	758
960	775
960	793
960	806
960	808
960	811
960	814
960	821
960	832
960	833
960	849
960	854
960	855
960	860
960	862
960	890
960	906
960	910
960	917
960	955
960	971
960	982
960	989
960	996
960	997
960	1000
961	79
961	117
961	136
961	306
961	333
961	353
961	365
961	366
961	375
961	382
961	459
961	474
961	486
961	504
961	635
961	638
961	652
961	677
961	688
961	693
961	729
961	803
961	810
961	824
961	838
961	845
961	866
961	867
961	877
961	881
961	888
961	894
961	904
961	907
961	948
961	952
961	963
961	973
961	990
962	8
962	9
962	39
962	74
962	82
962	91
962	99
962	352
962	392
962	414
962	446
962	452
962	464
962	491
962	498
962	505
962	507
962	528
962	553
962	555
962	558
962	570
962	594
962	615
962	619
962	631
962	664
962	676
962	701
962	703
962	711
962	735
962	781
962	837
962	862
962	898
962	935
962	938
962	967
962	969
962	980
963	105
963	123
963	134
963	250
963	276
963	306
963	356
963	359
963	365
963	375
963	379
963	436
963	474
963	486
963	584
963	638
963	644
963	652
963	693
963	697
963	766
963	791
963	824
963	835
963	838
963	853
963	864
963	867
963	868
963	877
963	881
963	888
963	892
963	904
963	907
963	924
963	948
963	952
963	957
963	961
963	982
963	994
964	100
964	164
964	178
964	244
964	262
964	264
964	267
964	358
964	384
964	396
964	435
964	463
964	480
964	481
964	482
964	508
964	601
964	603
964	663
964	679
964	684
964	696
964	705
964	707
964	708
964	723
964	740
964	746
964	751
964	756
964	768
964	830
964	834
964	867
964	870
964	875
964	895
964	911
964	965
964	970
964	972
964	977
964	987
965	3
965	31
965	73
965	100
965	108
965	113
965	139
965	165
965	221
965	235
965	244
965	259
965	293
965	294
965	310
965	347
965	435
965	453
965	481
965	482
965	483
965	501
965	503
965	508
965	667
965	669
965	684
965	686
965	696
965	707
965	723
965	756
965	776
965	792
965	834
965	852
965	856
965	879
965	895
965	912
965	941
965	964
965	972
965	987
965	996
966	108
966	172
966	180
966	312
966	350
966	376
966	565
966	579
966	617
966	633
966	659
966	692
966	762
966	796
966	801
966	827
966	839
966	848
966	873
966	876
966	879
966	896
966	905
966	908
966	916
966	922
966	928
966	931
966	932
966	934
966	940
966	941
966	942
966	947
966	950
966	954
966	973
966	975
966	978
966	979
966	981
966	983
966	985
966	991
966	998
967	2
967	30
967	148
967	227
967	254
967	266
967	290
967	311
967	380
967	412
967	445
967	455
967	494
967	519
967	520
967	523
967	557
967	562
967	568
967	602
967	620
967	624
967	658
967	670
967	680
967	698
967	700
967	709
967	720
967	733
967	752
967	773
967	774
967	788
967	817
967	818
967	851
967	870
967	909
967	918
967	921
967	933
967	939
967	953
967	962
967	984
967	999
968	21
968	101
968	153
968	204
968	222
968	301
968	303
968	402
968	418
968	496
968	526
968	540
968	556
968	612
968	632
968	681
968	736
968	750
968	765
968	771
968	778
968	788
968	789
968	810
968	839
968	859
968	879
968	902
968	908
968	916
968	920
968	922
968	929
968	936
968	941
968	943
968	947
968	950
968	951
968	954
968	957
968	973
968	975
968	979
968	983
968	991
968	998
968	1000
969	103
969	129
969	317
969	367
969	385
969	427
969	465
969	476
969	484
969	500
969	512
969	538
969	545
969	573
969	579
969	605
969	641
969	666
969	675
969	703
969	714
969	727
969	754
969	760
969	762
969	767
969	772
969	777
969	794
969	800
969	807
969	816
969	828
969	831
969	858
969	862
969	884
969	887
969	899
969	913
969	918
969	926
969	962
969	976
969	992
969	993
969	995
969	996
970	3
970	80
970	94
970	128
970	229
970	262
970	277
970	285
970	294
970	327
970	358
970	425
970	440
970	458
970	481
970	522
970	564
970	600
970	601
970	660
970	669
970	679
970	684
970	686
970	691
970	696
970	731
970	751
970	756
970	761
970	776
970	779
970	815
970	830
970	834
970	843
970	852
970	875
970	895
970	911
970	912
970	922
970	949
970	964
970	972
970	977
970	987
970	996
971	24
971	61
971	95
971	104
971	133
971	145
971	195
971	212
971	416
971	524
971	550
971	563
971	566
971	572
971	596
971	608
971	629
971	694
971	710
971	716
971	721
971	728
971	748
971	758
971	784
971	795
971	806
971	808
971	814
971	839
971	844
971	850
971	854
971	855
971	863
971	871
971	903
971	904
971	919
971	924
971	926
971	949
971	955
971	960
971	989
971	990
971	997
971	998
971	1000
972	16
972	17
972	83
972	139
972	176
972	234
972	246
972	259
972	264
972	277
972	285
972	326
972	327
972	339
972	344
972	372
972	390
972	435
972	458
972	463
972	482
972	552
972	601
972	663
972	679
972	684
972	691
972	705
972	708
972	741
972	751
972	755
972	761
972	765
972	768
972	779
972	830
972	834
972	846
972	852
972	856
972	875
972	895
972	896
972	912
972	964
972	965
972	970
972	977
972	987
972	995
973	21
973	28
973	56
973	158
973	218
973	238
973	241
973	303
973	321
973	376
973	393
973	413
973	424
973	426
973	447
973	466
973	533
973	548
973	556
973	568
973	580
973	656
973	678
973	785
973	789
973	812
973	827
973	848
973	859
973	873
973	896
973	897
973	908
973	929
973	934
973	940
973	941
973	943
973	947
973	950
973	951
973	954
973	959
973	961
973	966
973	968
973	975
973	981
973	983
973	985
973	991
973	996
973	998
974	10
974	45
974	57
974	75
974	87
974	90
974	167
974	175
974	183
974	191
974	239
974	298
974	320
974	371
974	394
974	438
974	462
974	521
974	527
974	543
974	586
974	607
974	618
974	639
974	672
974	712
974	722
974	725
974	747
974	753
974	763
974	778
974	780
974	813
974	822
974	837
974	861
974	863
974	874
974	883
974	891
974	900
974	903
974	906
974	923
974	925
974	937
974	944
974	956
974	958
974	959
974	977
974	982
974	986
974	988
975	1
975	23
975	26
975	58
975	92
975	116
975	163
975	180
975	248
975	303
975	321
975	415
975	461
975	534
975	535
975	540
975	561
975	650
975	651
975	689
975	706
975	750
975	764
975	787
975	789
975	797
975	827
975	839
975	841
975	866
975	876
975	879
975	896
975	897
975	905
975	908
975	920
975	928
975	929
975	931
975	934
975	940
975	941
975	943
975	947
975	951
975	957
975	966
975	968
975	973
975	979
975	981
975	983
975	985
975	991
975	995
976	127
976	132
976	143
976	182
976	193
976	309
976	343
976	385
976	399
976	404
976	417
976	443
976	469
976	476
976	479
976	484
976	500
976	512
976	516
976	525
976	537
976	538
976	576
976	590
976	595
976	636
976	641
976	646
976	657
976	668
976	713
976	714
976	737
976	754
976	767
976	772
976	777
976	783
976	791
976	800
976	809
976	828
976	831
976	858
976	884
976	887
976	889
976	899
976	915
976	918
976	946
976	969
976	985
976	992
976	993
976	995
976	996
977	17
977	94
977	100
977	176
977	178
977	234
977	235
977	240
977	262
977	282
977	293
977	310
977	318
977	325
977	327
977	344
977	347
977	390
977	449
977	450
977	451
977	453
977	454
977	457
977	463
977	482
977	549
977	634
977	660
977	679
977	686
977	719
977	748
977	751
977	755
977	756
977	761
977	776
977	779
977	815
977	830
977	838
977	842
977	843
977	852
977	856
977	877
977	895
977	911
977	912
977	946
977	964
977	970
977	972
977	974
977	982
977	987
978	13
978	28
978	146
978	163
978	221
978	289
978	329
978	346
978	403
978	407
978	472
978	493
978	535
978	560
978	569
978	583
978	587
978	661
978	678
978	681
978	692
978	706
978	734
978	742
978	764
978	765
978	769
978	787
978	797
978	839
978	842
978	848
978	873
978	896
978	902
978	905
978	908
978	916
978	920
978	922
978	928
978	929
978	932
978	934
978	942
978	947
978	950
978	951
978	954
978	957
978	966
978	979
978	981
978	983
978	985
978	991
978	992
978	997
978	998
979	35
979	93
979	130
979	135
979	140
979	204
979	218
979	230
979	257
979	329
979	383
979	402
979	428
979	461
979	466
979	467
979	493
979	534
979	539
979	565
979	578
979	580
979	590
979	656
979	662
979	750
979	765
979	769
979	789
979	794
979	797
979	801
979	810
979	868
979	879
979	902
979	908
979	916
979	925
979	928
979	931
979	932
979	936
979	940
979	941
979	942
979	945
979	950
979	951
979	957
979	966
979	968
979	975
979	978
979	981
979	983
979	985
979	994
979	998
980	4
980	8
980	9
980	39
980	49
980	56
980	74
980	82
980	91
980	99
980	103
980	131
980	206
980	208
980	224
980	328
980	344
980	352
980	392
980	395
980	414
980	419
980	429
980	452
980	464
980	491
980	498
980	505
980	507
980	516
980	523
980	525
980	528
980	553
980	555
980	558
980	570
980	582
980	594
980	609
980	615
980	619
980	623
980	631
980	664
980	676
980	701
980	703
980	711
980	735
980	738
980	781
980	782
980	837
980	882
980	883
980	898
980	920
980	935
980	938
980	962
981	13
981	204
981	257
981	301
981	312
981	320
981	350
981	378
981	403
981	424
981	461
981	466
981	496
981	517
981	540
981	548
981	556
981	569
981	578
981	583
981	633
981	649
981	655
981	681
981	692
981	736
981	764
981	769
981	771
981	781
981	785
981	789
981	801
981	827
981	839
981	893
981	897
981	902
981	908
981	916
981	920
981	922
981	928
981	931
981	932
981	934
981	936
981	940
981	942
981	945
981	951
981	957
981	966
981	973
981	975
981	978
981	979
981	983
981	985
981	987
981	991
981	995
981	997
981	998
982	57
982	68
982	142
982	155
982	245
982	247
982	271
982	298
982	324
982	361
982	371
982	372
982	389
982	394
982	438
982	462
982	473
982	497
982	502
982	510
982	511
982	521
982	527
982	535
982	541
982	543
982	593
982	618
982	639
982	672
982	676
982	690
982	695
982	722
982	725
982	753
982	763
982	764
982	780
982	798
982	802
982	805
982	813
982	822
982	823
982	861
982	869
982	874
982	891
982	900
982	903
982	923
982	925
982	930
982	937
982	944
982	958
982	959
982	960
982	963
982	974
982	977
982	986
982	988
983	58
983	63
983	92
983	147
983	211
983	214
983	237
983	301
983	312
983	329
983	335
983	338
983	346
983	355
983	376
983	378
983	403
983	407
983	466
983	467
983	540
983	560
983	577
983	580
983	583
983	587
983	611
983	648
983	662
983	736
983	765
983	797
983	839
983	841
983	868
983	879
983	891
983	893
983	897
983	901
983	902
983	905
983	908
983	912
983	928
983	931
983	932
983	934
983	936
983	940
983	941
983	943
983	945
983	954
983	957
983	966
983	968
983	973
983	975
983	978
983	979
983	981
983	985
983	991
983	998
984	34
984	37
984	42
984	62
984	85
984	115
984	157
984	159
984	162
984	171
984	174
984	200
984	256
984	354
984	360
984	373
984	397
984	400
984	434
984	506
984	509
984	513
984	542
984	544
984	557
984	562
984	572
984	591
984	602
984	615
984	620
984	629
984	642
984	651
984	680
984	698
984	720
984	724
984	733
984	740
984	741
984	770
984	773
984	774
984	786
984	804
984	818
984	819
984	845
984	857
984	870
984	880
984	885
984	886
984	901
984	909
984	914
984	915
984	933
984	939
984	946
984	953
984	956
984	967
984	993
984	999
985	41
985	116
985	118
985	184
985	252
985	338
985	397
985	418
985	426
985	431
985	467
985	518
985	533
985	535
985	565
985	571
985	577
985	578
985	580
985	583
985	606
985	612
985	622
985	649
985	698
985	734
985	736
985	759
985	787
985	797
985	801
985	827
985	839
985	848
985	859
985	866
985	868
985	873
985	879
985	893
985	896
985	902
985	916
985	920
985	928
985	929
985	931
985	934
985	936
985	941
985	942
985	943
985	945
985	947
985	950
985	955
985	957
985	966
985	973
985	975
985	976
985	978
985	979
985	981
985	983
985	991
985	998
986	2
986	10
986	44
986	68
986	76
986	138
986	155
986	191
986	192
986	220
986	239
986	247
986	273
986	283
986	322
986	340
986	351
986	361
986	371
986	389
986	394
986	401
986	432
986	438
986	462
986	474
986	475
986	492
986	502
986	510
986	511
986	527
986	541
986	597
986	639
986	672
986	682
986	690
986	712
986	722
986	753
986	780
986	792
986	798
986	802
986	805
986	813
986	822
986	823
986	832
986	837
986	874
986	883
986	891
986	900
986	903
986	906
986	908
986	923
986	930
986	937
986	944
986	958
986	959
986	974
986	982
986	988
987	3
987	31
987	48
987	107
987	117
987	139
987	151
987	165
987	190
987	259
987	267
987	280
987	282
987	285
987	289
987	293
987	318
987	332
987	416
987	425
987	440
987	450
987	451
987	454
987	457
987	463
987	475
987	480
987	501
987	503
987	508
987	549
987	552
987	581
987	603
987	616
987	660
987	663
987	667
987	669
987	684
987	696
987	705
987	708
987	746
987	755
987	756
987	761
987	776
987	779
987	785
987	790
987	815
987	830
987	834
987	842
987	843
987	852
987	875
987	895
987	911
987	912
987	964
987	965
987	970
987	972
987	977
987	981
988	2
988	10
988	40
988	44
988	45
988	57
988	68
988	138
988	142
988	151
988	154
988	167
988	183
988	220
988	249
988	268
988	283
988	340
988	351
988	362
988	389
988	401
988	423
988	473
988	492
988	497
988	502
988	511
988	526
988	586
988	593
988	597
988	618
988	639
988	672
988	683
988	695
988	697
988	722
988	739
988	747
988	753
988	763
988	780
988	792
988	798
988	802
988	805
988	813
988	822
988	823
988	841
988	861
988	874
988	878
988	883
988	891
988	900
988	903
988	906
988	925
988	937
988	939
988	944
988	958
988	959
988	974
988	982
988	986
988	994
989	66
989	86
989	137
989	145
989	196
989	207
989	243
989	278
989	288
989	290
989	307
989	318
989	381
989	388
989	391
989	416
989	478
989	524
989	529
989	547
989	574
989	596
989	598
989	608
989	621
989	625
989	628
989	640
989	650
989	659
989	661
989	665
989	682
989	699
989	702
989	710
989	726
989	728
989	737
989	742
989	749
989	753
989	775
989	784
989	793
989	795
989	814
989	821
989	826
989	829
989	840
989	847
989	850
989	854
989	855
989	862
989	863
989	865
989	871
989	890
989	909
989	917
989	919
989	926
989	929
989	938
989	949
989	955
989	960
989	971
989	997
989	1000
990	24
990	32
990	88
990	97
990	195
990	212
990	226
990	230
990	278
990	295
990	300
990	319
990	387
990	398
990	439
990	444
990	446
990	460
990	471
990	517
990	524
990	547
990	550
990	563
990	572
990	574
990	588
990	628
990	640
990	650
990	659
990	671
990	677
990	678
990	682
990	685
990	687
990	688
990	704
990	716
990	717
990	721
990	728
990	730
990	742
990	748
990	758
990	775
990	799
990	806
990	812
990	814
990	821
990	825
990	826
990	832
990	850
990	854
990	855
990	860
990	862
990	871
990	872
990	890
990	917
990	919
990	926
990	944
990	949
990	961
990	971
990	997
990	1000
991	23
991	89
991	96
991	119
991	141
991	146
991	203
991	261
991	316
991	413
991	424
991	472
991	493
991	517
991	534
991	548
991	560
991	569
991	577
991	583
991	587
991	606
991	617
991	633
991	644
991	673
991	678
991	681
991	706
991	736
991	764
991	765
991	787
991	800
991	801
991	810
991	842
991	848
991	859
991	866
991	868
991	873
991	876
991	896
991	902
991	905
991	908
991	920
991	923
991	928
991	929
991	931
991	932
991	934
991	936
991	940
991	941
991	942
991	943
991	947
991	948
991	950
991	951
991	954
991	966
991	968
991	973
991	975
991	978
991	981
991	983
991	985
991	998
991	1000
992	11
992	77
992	121
992	127
992	129
992	143
992	185
992	193
992	236
992	250
992	251
992	281
992	309
992	313
992	317
992	334
992	343
992	367
992	404
992	410
992	418
992	423
992	427
992	441
992	457
992	479
992	500
992	510
992	512
992	537
992	573
992	576
992	579
992	590
992	592
992	595
992	600
992	605
992	636
992	646
992	657
992	675
992	713
992	714
992	727
992	744
992	754
992	760
992	762
992	767
992	772
992	777
992	783
992	791
992	794
992	807
992	809
992	816
992	819
992	828
992	831
992	858
992	884
992	887
992	889
992	899
992	913
992	918
992	919
992	928
992	969
992	976
992	978
992	993
992	995
992	996
993	69
993	121
993	181
993	185
993	187
993	193
993	228
993	251
993	272
993	279
993	294
993	313
993	331
993	334
993	355
993	357
993	367
993	370
993	417
993	423
993	443
993	465
993	469
993	476
993	479
993	484
993	537
993	538
993	545
993	571
993	573
993	576
993	592
993	600
993	605
993	636
993	646
993	657
993	675
993	713
993	714
993	727
993	737
993	743
993	744
993	749
993	754
993	760
993	767
993	772
993	777
993	783
993	791
993	794
993	798
993	800
993	807
993	809
993	816
993	820
993	828
993	831
993	858
993	875
993	884
993	887
993	889
993	899
993	913
993	918
993	955
993	969
993	976
993	984
993	992
993	995
993	996
994	15
994	19
994	27
994	41
994	50
994	54
994	64
994	106
994	117
994	123
994	136
994	150
994	186
994	210
994	219
994	233
994	250
994	260
994	286
994	302
994	306
994	330
994	333
994	337
994	353
994	356
994	359
994	365
994	368
994	374
994	379
994	382
994	405
994	436
994	439
994	459
994	468
994	474
994	486
994	487
994	504
994	515
994	554
994	567
994	584
994	605
994	630
994	635
994	638
994	644
994	648
994	688
994	693
994	707
994	715
994	718
994	729
994	757
994	759
994	766
994	803
994	824
994	835
994	838
994	845
994	853
994	857
994	864
994	867
994	877
994	881
994	885
994	888
994	892
994	904
994	907
994	938
994	948
994	952
994	963
994	979
994	988
995	11
995	51
995	59
995	69
995	127
995	132
995	181
995	228
995	272
995	309
995	317
995	334
995	343
995	355
995	357
995	367
995	370
995	385
995	399
995	404
995	410
995	441
995	443
995	465
995	469
995	479
995	484
995	500
995	512
995	525
995	537
995	571
995	579
995	590
995	595
995	601
995	605
995	636
995	641
995	646
995	649
995	657
995	666
995	675
995	713
995	714
995	727
995	737
995	744
995	754
995	760
995	762
995	767
995	772
995	777
995	783
995	794
995	800
995	807
995	809
995	816
995	828
995	831
995	858
995	884
995	887
995	889
995	899
995	913
995	918
995	942
995	943
995	958
995	959
995	969
995	972
995	975
995	976
995	981
995	992
995	993
995	996
996	11
996	51
996	69
996	120
996	121
996	132
996	181
996	187
996	236
996	251
996	272
996	279
996	281
996	309
996	313
996	317
996	331
996	334
996	343
996	355
996	357
996	385
996	399
996	410
996	417
996	427
996	441
996	469
996	484
996	500
996	525
996	537
996	538
996	571
996	573
996	576
996	579
996	590
996	592
996	595
996	600
996	641
996	657
996	666
996	675
996	713
996	714
996	727
996	737
996	744
996	754
996	760
996	762
996	767
996	772
996	777
996	783
996	791
996	794
996	798
996	800
996	807
996	809
996	816
996	828
996	831
996	858
996	874
996	884
996	887
996	889
996	899
996	913
996	918
996	938
996	957
996	960
996	965
996	969
996	970
996	973
996	976
996	992
996	993
996	995
997	60
997	81
997	86
997	97
997	114
997	149
997	160
997	177
997	184
997	215
997	226
997	254
997	288
997	296
997	304
997	341
997	386
997	388
997	398
997	409
997	419
997	422
997	431
997	433
997	448
997	470
997	478
997	495
997	529
997	530
997	531
997	572
997	574
997	575
997	596
997	608
997	625
997	637
997	653
997	655
997	658
997	659
997	661
997	665
997	668
997	682
997	685
997	702
997	710
997	726
997	743
997	749
997	775
997	790
997	796
997	799
997	808
997	811
997	814
997	825
997	826
997	829
997	833
997	836
997	840
997	844
997	847
997	854
997	860
997	862
997	863
997	865
997	871
997	901
997	910
997	917
997	919
997	924
997	926
997	935
997	936
997	949
997	960
997	971
997	978
997	981
997	989
997	990
997	999
997	1000
998	14
998	38
998	47
998	56
998	58
998	78
998	93
998	109
998	147
998	152
998	180
998	195
998	197
998	203
998	241
998	257
998	258
998	260
998	275
998	301
998	303
998	348
998	376
998	383
998	418
998	447
998	472
998	512
998	517
998	526
998	535
998	560
998	580
998	614
998	617
998	622
998	633
998	648
998	662
998	689
998	692
998	736
998	764
998	785
998	787
998	789
998	797
998	801
998	810
998	827
998	859
998	866
998	868
998	870
998	876
998	879
998	893
998	896
998	897
998	902
998	905
998	908
998	916
998	917
998	920
998	922
998	928
998	929
998	932
998	934
998	936
998	940
998	942
998	943
998	945
998	947
998	948
998	950
998	951
998	954
998	957
998	966
998	968
998	971
998	973
998	978
998	979
998	981
998	983
998	985
998	991
999	46
999	55
999	85
999	98
999	110
999	125
999	126
999	157
999	162
999	168
999	174
999	175
999	209
999	227
999	256
999	263
999	265
999	266
999	284
999	290
999	308
999	314
999	323
999	354
999	360
999	373
999	380
999	384
999	408
999	411
999	412
999	421
999	434
999	437
999	470
999	488
999	489
999	503
999	506
999	518
999	519
999	536
999	539
999	557
999	562
999	568
999	585
999	589
999	599
999	614
999	629
999	647
999	651
999	670
999	680
999	700
999	720
999	724
999	731
999	741
999	752
999	773
999	774
999	786
999	788
999	804
999	817
999	818
999	819
999	851
999	864
999	869
999	870
999	878
999	880
999	885
999	886
999	901
999	909
999	914
999	921
999	926
999	927
999	931
999	933
999	939
999	946
999	953
999	956
999	967
999	984
999	997
999	1000
1000	32
1000	77
1000	86
1000	111
1000	114
1000	133
1000	144
1000	145
1000	169
1000	177
1000	178
1000	230
1000	243
1000	292
1000	296
1000	299
1000	305
1000	307
1000	316
1000	319
1000	381
1000	387
1000	391
1000	393
1000	419
1000	420
1000	422
1000	448
1000	460
1000	470
1000	495
1000	529
1000	531
1000	559
1000	572
1000	596
1000	610
1000	611
1000	621
1000	625
1000	626
1000	628
1000	645
1000	659
1000	661
1000	682
1000	685
1000	687
1000	699
1000	704
1000	710
1000	717
1000	721
1000	728
1000	730
1000	739
1000	742
1000	745
1000	748
1000	758
1000	773
1000	775
1000	784
1000	790
1000	795
1000	799
1000	806
1000	814
1000	821
1000	823
1000	826
1000	829
1000	832
1000	840
1000	844
1000	849
1000	855
1000	856
1000	860
1000	862
1000	863
1000	871
1000	872
1000	910
1000	917
1000	919
1000	924
1000	926
1000	927
1000	949
1000	955
1000	960
1000	968
1000	971
1000	989
1000	990
1000	991
1000	997
1000	999
