1	906
1	986
1	999
2	970
2	978
2	992
3	592
3	872
3	980
4	854
4	867
4	984
5	138
5	912
5	968
6	746
6	923
6	940
7	137
7	706
7	996
8	797
8	918
8	984
9	735
9	932
9	982
10	110
10	770
10	857
11	922
11	944
11	993
12	28
12	480
12	723
13	371
13	978
13	982
14	914
14	983
14	990
15	338
15	749
15	993
16	323
16	595
16	992
17	436
17	850
17	980
18	470
18	716
18	852
19	718
19	954
19	987
20	963
20	985
20	989
21	322
21	919
21	952
22	72
22	991
22	992
23	855
23	889
23	998
24	750
24	816
24	944
25	508
25	967
25	987
26	121
26	523
26	996
27	511
27	940
27	998
28	12
28	964
28	985
29	286
29	949
29	995
30	495
30	838
30	865
31	299
31	866
31	949
32	925
32	974
32	998
33	355
33	798
33	892
34	926
34	990
34	996
35	346
35	648
35	899
36	236
36	585
36	999
37	350
37	667
37	993
38	525
38	923
38	978
39	307
39	974
39	979
40	172
40	916
40	928
41	975
41	994
41	995
42	896
42	981
42	985
43	894
43	966
43	999
44	729
44	799
44	928
45	806
45	867
45	971
46	789
46	917
46	944
47	742
47	826
47	994
48	265
48	936
48	990
49	951
49	957
49	968
50	304
50	885
50	964
51	833
51	933
51	994
52	193
52	896
52	996
53	943
53	961
53	996
54	310
54	699
54	901
55	601
55	714
55	979
56	362
56	929
56	999
57	493
57	784
57	955
58	910
58	989
58	992
59	937
59	948
59	998
60	381
60	958
60	998
61	886
61	946
61	996
62	644
62	951
62	984
63	795
63	874
63	947
64	518
64	976
64	993
65	912
65	959
65	999
66	863
66	917
66	956
67	216
67	430
67	998
68	142
68	910
68	989
69	835
69	952
69	954
70	565
70	865
70	999
71	799
71	972
71	1000
72	22
72	991
72	992
73	896
73	961
73	981
74	590
74	690
74	974
75	951
75	965
75	984
76	674
76	911
76	951
77	843
77	994
77	995
78	819
78	947
78	979
79	778
79	927
79	984
80	376
80	972
80	997
81	94
81	901
81	974
82	429
82	985
82	994
83	626
83	657
83	994
84	846
84	911
84	984
85	365
85	980
85	981
86	359
86	610
86	966
87	689
87	859
87	996
88	284
88	364
88	798
89	962
89	973
89	985
90	133
90	803
90	859
91	596
91	671
91	944
92	493
92	655
92	954
93	811
93	939
93	989
94	81
94	650
94	785
95	903
95	960
95	998
96	774
96	987
96	988
97	666
97	738
97	911
98	937
98	990
98	998
99	903
99	940
99	998
100	778
100	911
100	912
101	947
101	987
101	999
102	345
102	655
102	996
103	911
103	918
103	971
104	811
104	989
104	991
105	832
105	981
105	996
106	821
106	981
106	996
107	879
107	987
107	988
108	426
108	983
108	998
109	594
109	972
109	994
110	10
110	654
110	997
111	656
111	748
111	836
112	497
112	937
112	960
113	807
113	900
113	953
114	369
114	994
114	1000
115	619
115	858
115	892
116	628
116	987
116	999
117	805
117	935
117	992
118	778
118	918
118	971
119	945
119	983
119	990
120	645
120	897
120	985
121	26
121	700
121	980
122	473
122	514
122	947
123	864
123	871
123	885
124	995
124	997
124	1000
125	972
125	985
125	1000
126	209
126	495
126	954
127	893
127	969
127	974
128	361
128	885
128	973
129	881
129	938
129	996
130	384
130	969
130	974
131	794
131	979
131	986
132	924
132	952
132	999
133	90
133	961
133	996
134	907
134	911
134	984
135	146
135	951
135	968
136	332
136	902
136	996
137	7
137	161
137	926
138	5
138	991
138	992
139	794
139	893
139	907
140	427
140	989
140	992
141	503
141	743
141	804
142	68
142	935
142	989
143	946
143	990
143	997
144	711
144	794
144	869
145	721
145	980
145	996
146	135
146	294
146	912
147	748
147	927
147	951
148	912
148	951
148	968
149	734
149	980
149	996
150	708
150	921
150	992
151	789
151	852
151	993
152	618
152	738
152	991
153	527
153	541
153	901
154	972
154	975
154	1000
155	751
155	803
155	996
156	801
156	806
156	984
157	581
157	972
157	999
158	846
158	968
158	971
159	964
159	977
159	997
160	882
160	910
160	991
161	137
161	965
161	979
162	729
162	757
162	953
163	526
163	914
163	930
164	587
164	808
164	995
165	303
165	638
165	993
166	706
166	961
166	980
167	682
167	758
167	856
168	950
168	960
168	998
169	989
169	991
169	992
170	899
170	986
170	999
171	776
171	990
171	998
172	40
172	409
172	539
173	623
173	963
173	992
174	987
174	989
174	991
175	871
175	972
175	995
176	302
176	776
176	998
177	994
177	996
177	1000
178	976
178	984
178	993
179	654
179	998
179	1000
180	961
180	980
180	996
181	879
181	926
181	961
182	977
182	988
182	999
183	815
183	965
183	974
184	752
184	796
184	906
185	669
185	955
185	977
186	640
186	983
186	998
187	301
187	860
187	949
188	932
188	970
188	989
189	411
189	900
189	953
190	814
190	973
190	985
191	963
191	982
191	991
192	452
192	609
192	757
193	52
193	942
193	981
194	543
194	601
194	815
195	361
195	961
195	980
196	481
196	575
196	886
197	893
197	962
197	974
198	415
198	990
198	998
199	863
199	950
199	958
200	926
200	981
200	996
201	919
201	987
201	999
202	939
202	963
202	989
203	436
203	904
203	938
204	252
204	556
204	997
205	935
205	963
205	992
206	797
206	957
206	984
207	574
207	736
207	943
208	357
208	904
208	996
209	126
209	688
209	939
210	431
210	508
210	529
211	828
211	880
211	987
212	489
212	930
212	998
213	533
213	786
213	942
214	908
214	995
214	999
215	478
215	709
215	838
216	67
216	936
216	998
217	888
217	955
217	966
218	899
218	986
218	988
219	766
219	940
219	990
220	930
220	952
220	959
221	562
221	656
221	854
222	277
222	985
222	994
223	773
223	807
223	816
224	866
224	941
224	986
225	966
225	987
225	999
226	407
226	829
226	994
227	881
227	961
227	996
228	873
228	991
228	992
229	546
229	990
229	998
230	922
230	985
230	997
231	597
231	926
231	996
232	750
232	931
232	976
233	437
233	604
233	681
234	941
234	987
234	988
235	821
235	877
235	996
236	36
236	754
236	974
237	698
237	953
237	976
238	739
238	884
238	974
239	628
239	966
239	986
240	943
240	978
240	996
241	858
241	951
241	984
242	421
242	732
242	782
243	907
243	984
243	993
244	977
244	983
244	998
245	704
245	971
245	974
246	673
246	958
246	996
247	725
247	876
247	993
248	748
248	892
248	918
249	556
249	694
249	997
250	915
250	988
250	999
251	479
251	702
251	955
252	204
252	413
252	764
253	606
253	739
253	788
254	963
254	991
254	992
255	295
255	352
255	957
256	740
256	944
256	993
257	566
257	732
257	854
258	697
258	977
258	999
259	725
259	969
259	979
260	898
260	976
260	993
261	716
261	761
261	993
262	362
262	662
262	828
263	803
263	996
263	998
264	735
264	980
264	982
265	48
265	820
265	994
266	869
266	946
266	990
267	809
267	941
267	986
268	905
268	960
268	998
269	936
269	988
269	999
270	655
270	904
270	996
271	973
271	998
271	1000
272	646
272	999
272	1000
273	819
273	841
273	979
274	698
274	973
274	995
275	894
275	959
275	999
276	930
276	976
276	993
277	222
277	997
277	1000
278	769
278	799
278	938
279	954
279	977
279	986
280	635
280	914
280	973
281	951
281	971
281	984
282	506
282	942
282	996
283	588
283	822
283	999
284	88
284	989
284	991
285	567
285	912
285	957
286	29
286	589
286	962
287	973
287	985
287	997
288	640
288	925
288	983
289	697
289	875
289	897
290	781
290	860
290	977
291	914
291	928
291	975
292	599
292	823
292	975
293	532
293	549
293	997
294	146
294	581
294	987
295	255
295	637
295	668
295	892
296	616
296	790
296	995
296	1000
297	588
297	908
297	933
297	995
298	839
298	883
298	976
298	993
299	31
299	320
299	879
299	999
300	720
300	755
300	934
300	998
301	187
301	728
301	947
301	969
302	176
302	680
302	983
302	998
303	165
303	761
303	848
303	853
304	50
304	989
304	994
304	997
305	720
305	851
305	937
305	983
306	640
306	956
306	983
306	998
307	39
307	920
307	974
307	979
308	735
308	935
308	991
308	992
309	458
309	963
309	989
309	991
310	54
310	725
310	880
310	920
311	746
311	982
311	989
311	991
312	966
312	967
312	988
312	999
313	518
313	739
313	815
313	920
314	805
314	982
314	989
314	992
315	495
315	986
315	988
315	999
316	766
316	889
316	934
316	990
317	592
317	736
317	872
317	981
318	759
318	854
318	957
318	971
319	371
319	647
319	867
319	971
320	299
320	669
320	718
320	915
321	930
321	931
321	953
321	993
322	21
322	813
322	982
322	989
323	16
323	517
323	923
323	989
324	439
324	817
324	834
324	1000
325	906
325	958
325	960
325	998
326	345
326	751
326	904
326	938
327	966
327	985
327	986
327	999
328	942
328	943
328	961
328	980
329	714
329	840
329	965
329	969
330	769
330	812
330	962
330	1000
331	866
331	949
331	988
331	999
332	136
332	881
332	938
332	981
333	902
333	938
333	980
333	992
334	895
334	940
334	990
334	997
335	686
335	930
335	953
335	993
336	751
336	968
336	971
336	984
337	978
337	989
337	991
337	992
338	15
338	613
338	953
338	993
339	380
339	870
339	908
339	1000
340	418
340	520
340	780
340	983
341	600
341	909
341	936
341	998
342	792
342	811
342	982
342	992
343	345
343	953
343	976
343	993
344	948
344	950
344	990
344	998
345	102
345	326
345	343
345	996
346	35
346	539
346	866
346	986
347	465
347	940
347	958
347	983
348	756
348	841
348	884
348	965
349	715
349	862
349	887
349	997
350	37
350	877
350	976
350	993
351	856
351	937
351	948
351	998
352	255
352	475
352	957
352	968
353	544
353	704
353	959
353	986
354	639
354	885
354	948
354	998
355	33
355	386
355	738
355	984
356	543
356	814
356	962
356	997
357	208
357	598
357	624
357	786
358	604
358	837
358	887
358	980
359	86
359	986
359	988
359	999
360	435
360	552
360	877
360	993
361	128
361	195
361	821
361	981
362	56
362	262
362	924
362	926
363	379
363	745
363	963
363	978
364	88
364	708
364	989
364	992
365	85
365	782
365	938
365	942
366	846
366	918
366	971
366	973
367	642
367	883
367	944
367	978
368	471
368	517
368	775
368	885
369	114
369	767
369	916
369	997
370	904
370	943
370	980
370	996
371	13
371	319
371	957
371	984
372	503
372	686
372	944
372	993
373	581
373	941
373	952
373	977
374	954
374	966
374	987
374	988
375	471
375	851
375	976
375	993
376	80
376	439
376	856
376	1000
377	850
377	859
377	881
377	892
378	884
378	893
378	969
378	974
379	363
379	873
379	921
379	970
380	339
380	933
380	975
380	995
381	60
381	934
381	956
381	990
382	910
382	939
382	991
382	992
383	547
383	784
383	861
383	1000
384	130
384	590
384	606
384	876
385	554
385	763
385	949
385	999
386	355
386	656
386	822
386	867
387	724
387	873
387	992
387	999
388	732
388	760
388	928
388	994
389	878
389	980
389	981
389	996
390	510
390	686
390	981
390	996
391	618
391	754
391	892
391	918
392	903
392	985
392	995
392	1000
393	908
393	973
393	984
393	997
394	903
394	950
394	990
394	998
395	695
395	782
395	997
395	1000
396	893
396	913
396	947
396	969
397	523
397	767
397	771
397	975
398	421
398	836
398	994
398	1000
399	659
399	970
399	989
399	992
400	578
400	987
400	988
400	999
401	941
401	952
401	954
401	999
402	818
402	896
402	970
402	982
403	489
403	909
403	945
403	998
404	793
404	978
404	982
404	992
405	487
405	741
405	966
405	986
406	908
406	980
406	981
406	996
407	226
407	842
407	997
407	1000
408	946
408	959
408	977
408	999
409	172
409	453
409	532
409	988
410	481
410	850
410	943
410	996
411	189
411	970
411	978
411	991
412	872
412	896
412	926
412	981
413	252
413	933
413	997
413	1000
414	867
414	907
414	957
414	984
415	198
415	542
415	571
415	855
416	637
416	912
416	957
416	968
417	479
417	736
417	825
417	967
418	340
418	780
418	945
418	998
419	466
419	841
419	920
419	974
420	985
420	994
420	997
420	1000
421	242
421	398
421	985
421	995
422	755
422	922
422	933
422	962
423	860
423	949
423	988
423	999
424	733
424	916
424	975
424	1000
425	791
425	806
425	907
425	984
426	108
426	915
426	954
426	999
427	140
427	664
427	970
427	982
428	429
428	522
428	985
428	994
429	82
429	428
429	997
429	1000
430	67
430	800
430	906
430	998
431	210
431	516
431	987
431	999
432	838
432	952
432	988
432	999
433	530
433	819
433	974
433	979
434	863
434	934
434	946
434	956
435	360
435	658
435	953
435	993
436	17
436	203
436	859
436	980
437	233
437	821
437	943
437	996
438	534
438	946
438	990
438	998
439	324
439	376
439	953
439	995
440	858
440	951
440	957
440	968
441	878
441	881
441	886
441	981
442	481
442	886
442	942
442	996
443	700
443	736
443	896
443	943
444	486
444	714
444	840
444	884
445	596
445	710
445	835
445	945
446	783
446	864
446	994
446	1000
447	482
447	692
447	719
447	976
448	617
448	855
448	948
448	998
449	854
449	912
449	918
449	984
450	659
450	846
450	978
450	989
450	992
451	648
451	941
451	979
451	986
451	987
452	192
452	821
452	887
452	896
452	981
453	409
453	560
453	962
453	997
453	1000
454	743
454	945
454	958
454	983
454	998
455	858
455	907
455	968
455	971
455	984
456	690
456	758
456	893
456	941
456	969
457	892
457	929
457	932
457	963
457	989
458	309
458	562
458	918
458	927
458	984
459	475
459	563
459	748
459	927
459	971
460	624
460	889
460	895
460	909
460	990
461	885
461	962
461	967
461	973
461	1000
462	515
462	547
462	654
462	922
462	1000
463	676
463	970
463	991
463	992
463	1000
464	873
464	963
464	982
464	989
464	992
465	347
465	925
465	958
465	983
465	998
466	419
466	970
466	989
466	991
466	992
467	775
467	836
467	861
467	915
467	916
468	827
468	836
468	943
468	980
468	996
469	857
469	880
469	952
469	959
469	977
470	18
470	925
470	946
470	958
470	998
471	368
471	375
471	962
471	995
471	1000
472	486
472	602
472	893
472	901
472	979
473	122
473	485
473	652
473	913
473	965
474	915
474	941
474	966
474	987
474	999
475	352
475	459
475	576
475	656
475	971
476	523
476	757
476	956
476	961
476	996
477	573
477	599
477	985
477	997
477	1000
478	215
478	685
478	744
478	866
478	988
479	251
479	417
479	924
479	977
479	988
480	12
480	828
480	966
480	986
480	999
481	196
481	410
481	442
481	942
481	996
482	447
482	770
482	805
482	982
482	989
483	509
483	792
483	921
483	939
483	991
484	545
484	641
484	833
484	847
484	916
485	473
485	787
485	874
485	901
485	913
486	444
486	472
486	758
486	795
486	880
487	405
487	505
487	838
487	959
487	999
488	772
488	807
488	898
488	953
488	993
489	212
489	403
489	776
489	957
489	960
490	719
490	761
490	875
490	931
490	993
491	611
491	901
491	965
491	969
491	974
492	555
492	898
492	930
492	976
492	990
493	57
493	92
493	879
493	982
493	987
494	530
494	876
494	920
494	947
494	969
495	30
495	126
495	315
495	502
495	649
496	621
496	833
496	882
496	935
496	991
497	112
497	607
497	916
497	975
497	994
498	929
498	982
498	991
498	992
498	993
499	669
499	866
499	873
499	967
499	999
500	655
500	717
500	887
500	980
500	996
501	690
501	814
501	870
501	914
501	994
502	495
502	888
502	966
502	967
502	992
503	141
503	372
503	807
503	953
503	976
504	711
504	785
504	893
504	947
504	979
505	487
505	919
505	954
505	967
505	987
506	282
506	751
506	859
506	942
506	981
507	727
507	921
507	923
507	970
507	989
508	25
508	210
508	784
508	977
508	999
509	483
509	923
509	978
509	982
509	991
510	390
510	717
510	786
510	904
510	969
511	27
511	863
511	948
511	960
511	983
512	568
512	829
512	964
512	994
512	995
513	648
513	880
513	962
513	966
513	967
514	122
514	608
514	785
514	947
514	965
515	462
515	589
515	964
515	995
515	1000
516	431
516	864
516	964
516	975
516	995
517	323
517	368
517	824
517	839
517	970
518	64
518	313
518	758
518	819
518	947
519	559
519	940
519	958
519	975
519	990
520	340
520	800
520	871
520	990
520	998
521	903
521	960
521	965
521	990
521	998
522	428
522	742
522	977
522	988
522	999
523	26
523	397
523	476
523	827
523	961
524	816
524	853
524	930
524	976
524	993
525	38
525	845
525	889
525	983
525	998
526	163
526	537
526	875
526	900
526	953
527	153
527	859
527	886
527	961
527	996
528	731
528	893
528	965
528	969
528	979
529	210
529	610
529	865
529	966
529	999
530	433
530	494
530	620
530	756
530	965
531	873
531	935
531	982
531	992
531	1000
532	293
532	409
532	857
532	912
532	997
533	213
533	677
533	980
533	991
533	996
534	438
534	941
534	986
534	987
534	999
535	619
535	722
535	972
535	994
535	1000
536	921
536	923
536	989
536	991
536	992
537	526
537	890
537	953
537	976
537	996
538	781
538	894
538	924
538	967
538	988
539	172
539	346
539	838
539	949
539	999
540	626
540	868
540	962
540	973
540	994
541	153
541	739
541	876
541	965
541	969
542	415
542	593
542	753
542	990
542	998
543	194
543	356
543	728
543	965
543	974
544	353
544	860
544	870
544	967
544	987
545	484
545	924
545	962
545	973
545	995
546	229
546	849
546	983
546	990
546	998
547	383
547	462
547	908
547	995
547	997
548	725
548	794
548	920
548	965
548	969
549	293
549	964
549	995
549	996
549	997
550	821
550	881
550	902
550	938
550	996
551	562
551	907
551	912
551	957
551	968
552	360
552	692
552	730
552	890
552	993
553	687
553	852
553	944
553	976
553	993
554	385
554	648
554	955
554	959
554	986
555	492
555	898
555	944
555	993
555	997
556	204
556	249
556	985
556	997
556	1000
557	586
557	797
557	798
557	968
557	984
558	611
558	819
558	920
558	969
558	979
559	519
559	652
559	891
559	936
559	998
560	453
560	844
560	862
560	975
560	1000
561	634
561	934
561	948
561	960
561	990
562	221
562	458
562	551
562	644
562	935
563	459
563	566
563	806
563	971
563	984
564	629
564	908
564	962
564	973
564	997
565	70
565	695
565	809
565	988
565	998
565	999
566	257
566	563
566	912
566	918
566	967
566	984
567	285
567	670
567	896
567	961
567	981
567	996
568	512
568	722
568	908
568	964
568	994
568	1000
569	806
569	907
569	913
569	951
569	968
569	984
570	970
570	978
570	982
570	989
570	991
570	992
571	415
571	597
571	881
571	961
571	981
571	996
572	812
572	949
572	955
572	986
572	988
572	999
573	477
573	868
573	897
573	964
573	972
573	997
574	207
574	665
574	938
574	981
574	985
574	996
575	196
575	734
575	881
575	938
575	942
575	996
576	475
576	923
576	963
576	970
576	978
576	989
577	790
577	857
577	972
577	985
577	995
577	997
578	400
578	860
578	941
578	977
578	986
578	987
579	905
579	906
579	909
579	950
579	983
579	998
580	684
580	830
580	876
580	882
580	974
580	979
581	157
581	294
581	373
581	959
581	987
581	999
582	606
582	699
582	841
582	869
582	913
582	969
583	639
583	781
583	917
583	983
583	990
583	998
584	597
584	598
584	878
584	902
584	955
584	980
585	36
585	699
585	747
585	965
585	979
585	1000
586	557
586	798
586	816
586	846
586	951
586	957
587	164
587	891
587	934
587	950
587	990
587	998
588	283
588	297
588	924
588	954
588	977
588	986
589	286
589	515
589	937
589	964
589	972
589	995
590	74
590	384
590	690
590	711
590	713
590	874
591	787
591	861
591	893
591	920
591	969
591	974
592	3
592	317
592	803
592	827
592	859
592	996
593	542
593	817
593	948
593	950
593	990
593	998
594	109
594	722
594	732
594	862
594	985
594	995
595	16
595	910
595	963
595	970
595	991
595	992
596	91
596	445
596	810
596	863
596	960
596	998
597	231
597	571
597	584
597	942
597	976
597	980
598	357
598	584
598	881
598	942
598	981
598	996
599	292
599	477
599	733
599	775
599	962
599	995
600	341
600	754
600	869
600	884
600	913
600	969
601	55
601	194
601	728
601	819
601	947
601	969
602	472
602	763
602	785
602	830
602	969
602	979
603	703
603	809
603	835
603	910
603	959
603	999
604	233
604	358
604	795
604	902
604	938
604	980
605	679
605	946
605	973
605	994
605	997
605	1000
606	253
606	384
606	582
606	869
606	961
606	974
607	497
607	622
607	702
607	972
607	995
607	997
608	514
608	681
608	872
608	887
608	896
608	996
609	192
609	689
609	720
609	786
609	886
609	887
610	86
610	529
610	669
610	959
610	988
610	999
611	491
611	558
611	627
611	728
611	876
611	958
612	860
612	898
612	930
612	953
612	976
612	993
613	338
613	698
613	740
613	743
613	831
613	993
614	644
614	906
614	940
614	950
614	960
614	998
615	696
615	800
615	903
615	917
615	945
615	956
616	296
616	791
616	892
616	968
616	971
616	984
617	448
617	634
617	936
617	956
617	990
617	998
618	152
618	391
618	674
618	948
618	951
618	984
619	115
619	535
619	798
619	801
619	806
619	968
620	530
620	714
620	920
620	947
620	979
620	986
621	496
621	811
621	932
621	989
621	991
621	999
622	607
622	885
622	897
622	994
622	995
622	998
623	173
623	797
623	882
623	921
623	935
623	939
624	357
624	460
624	891
624	925
624	945
624	998
625	909
625	960
625	983
625	990
625	997
625	998
626	83
626	540
626	847
626	985
626	995
626	997
627	611
627	650
627	785
627	964
627	965
627	979
628	116
628	239
628	691
628	955
628	967
628	999
629	564
629	864
629	973
629	994
629	995
629	997
630	672
630	816
630	853
630	931
630	976
630	993
631	721
631	736
631	837
631	850
631	919
631	996
632	849
632	949
632	954
632	977
632	986
632	987
633	802
633	935
633	963
633	978
633	991
633	992
634	561
634	617
634	651
634	937
634	958
634	983
634	998
635	280
635	733
635	857
635	922
635	986
635	994
635	997
636	814
636	922
636	933
636	975
636	995
636	997
636	1000
637	295
637	416
637	867
637	911
637	912
637	968
637	984
638	165
638	732
638	908
638	972
638	985
638	994
638	1000
639	354
639	583
639	796
639	906
639	925
639	990
639	998
640	186
640	288
640	306
640	810
640	905
640	906
640	945
641	484
641	823
641	898
641	962
641	995
641	997
641	1000
642	367
642	680
642	737
642	789
642	877
642	900
642	993
643	647
643	954
643	967
643	986
643	987
643	988
643	999
644	62
644	562
644	614
644	798
644	822
644	957
644	984
645	120
645	783
645	916
645	943
645	962
645	973
645	1000
646	272
646	703
646	955
646	977
646	987
646	988
646	999
647	319
647	643
647	674
647	867
647	927
647	971
647	984
648	35
648	451
648	513
648	554
648	825
648	919
648	967
649	495
649	691
649	712
649	849
649	860
649	993
649	999
650	94
650	627
650	828
650	876
650	947
650	965
650	979
651	634
651	833
651	856
651	985
651	995
651	997
651	1000
652	473
652	559
652	863
652	903
652	937
652	983
652	998
653	760
653	771
653	975
653	980
653	994
653	995
653	1000
654	110
654	179
654	462
654	675
654	916
654	975
654	992
655	92
655	102
655	270
655	500
655	751
655	904
655	961
656	111
656	221
656	386
656	475
656	846
656	911
656	927
657	83
657	777
657	909
657	928
657	972
657	975
657	994
658	435
658	761
658	789
658	890
658	931
658	953
658	976
659	399
659	450
659	921
659	970
659	989
659	991
659	992
660	664
660	768
660	910
660	941
660	978
660	982
660	991
661	826
661	829
661	856
661	962
661	972
661	989
661	997
662	262
662	712
662	807
662	949
662	952
662	954
662	987
663	771
663	790
663	844
663	922
663	933
663	975
663	1000
664	427
664	660
664	932
664	970
664	978
664	989
664	991
665	574
665	677
665	859
665	878
665	926
665	981
665	996
666	97
666	744
666	778
666	912
666	957
666	971
666	984
667	37
667	705
667	750
667	883
667	930
667	944
667	993
668	295
668	915
668	919
668	955
668	977
668	987
668	988
669	185
669	320
669	499
669	610
669	977
669	995
669	999
670	567
670	734
670	736
670	803
670	886
670	943
670	980
671	91
671	740
671	789
671	853
671	883
671	930
671	993
672	630
672	743
672	807
672	931
672	944
672	993
672	997
673	246
673	816
673	881
673	926
673	961
673	980
673	996
674	76
674	618
674	647
674	858
674	927
674	951
674	984
675	654
675	756
675	808
675	871
675	973
675	994
675	997
676	463
676	903
676	929
676	978
676	982
676	991
676	992
677	533
677	665
677	717
677	734
677	938
677	943
677	981
678	792
678	916
678	972
678	975
678	994
678	995
678	1000
679	605
679	836
679	949
679	975
679	994
679	995
679	997
680	302
680	642
680	752
680	773
680	807
680	953
680	976
681	233
681	608
681	837
681	878
681	938
681	961
681	980
682	167
682	862
682	914
682	964
682	973
682	994
682	995
683	713
683	793
683	839
683	881
683	929
683	978
683	991
684	580
684	739
684	920
684	965
684	969
684	974
684	986
685	478
685	744
685	908
685	924
685	952
685	987
685	999
686	335
686	372
686	390
686	773
686	853
686	900
686	993
687	553
687	692
687	796
687	851
687	900
687	976
687	993
688	209
688	939
688	963
688	982
688	989
688	992
688	999
689	87
689	609
689	717
689	765
689	887
689	981
689	996
690	74
690	456
690	501
690	590
690	830
690	920
690	947
690	979
691	628
691	649
691	730
691	888
691	977
691	986
691	987
691	999
692	447
692	552
692	687
692	705
692	807
692	875
692	925
692	931
693	837
693	891
693	905
693	909
693	917
693	934
693	950
693	998
694	249
694	864
694	868
694	914
694	922
694	994
694	995
694	997
695	395
695	565
695	899
695	919
695	941
695	977
695	995
695	999
696	615
696	897
696	903
696	934
696	945
696	950
696	990
696	998
697	258
697	289
697	782
697	788
697	799
697	973
697	975
697	995
698	237
698	274
698	613
698	900
698	930
698	944
698	976
698	993
699	54
699	582
699	585
699	830
699	841
699	869
699	965
699	979
700	121
700	443
700	736
700	878
700	881
700	896
700	992
700	996
701	743
701	773
701	851
701	877
701	890
701	931
701	955
701	993
702	251
702	607
702	899
702	955
702	967
702	986
702	988
702	999
703	603
703	646
703	809
703	894
703	959
703	988
703	989
703	999
704	245
704	353
704	841
704	884
704	913
704	947
704	969
704	974
705	667
705	692
705	831
705	848
705	898
705	929
705	930
705	993
706	7
706	166
706	757
706	850
706	887
706	926
706	943
706	996
707	764
707	772
707	785
707	792
707	882
707	921
707	932
707	991
708	150
708	364
708	818
708	929
708	932
708	982
708	991
708	992
709	215
709	879
709	919
709	949
709	952
709	986
709	987
709	999
710	445
710	845
710	926
710	946
710	950
710	956
710	990
710	998
711	144
711	504
711	590
711	815
711	819
711	960
711	969
711	979
712	649
712	662
712	899
712	933
712	941
712	986
712	987
712	988
713	590
713	683
713	764
713	882
713	978
713	982
713	989
713	992
714	55
714	329
714	444
714	620
714	884
714	901
714	947
714	969
715	349
715	808
715	916
715	973
715	982
715	985
715	995
715	1000
716	18
716	261
716	848
716	875
716	883
716	931
716	976
716	993
717	500
717	510
717	677
717	689
717	850
717	872
717	886
717	1000
718	19
718	320
718	880
718	949
718	955
718	959
718	977
718	987
719	447
719	490
719	851
719	853
719	890
719	931
719	944
719	993
720	300
720	305
720	609
720	889
720	937
720	950
720	956
720	998
721	145
721	631
721	827
721	859
721	921
721	938
721	942
721	981
722	535
722	568
722	594
722	755
722	808
722	972
722	994
722	1000
723	12
723	842
723	862
723	972
723	975
723	993
723	997
723	1000
724	387
724	784
724	818
724	839
724	939
724	970
724	991
724	992
725	247
725	259
725	310
725	548
725	876
725	947
725	951
725	979
726	727
726	784
726	864
726	865
726	894
726	954
726	966
726	999
727	507
727	726
727	835
727	880
727	949
727	987
727	988
727	999
728	301
728	543
728	601
728	611
728	884
728	947
728	965
728	979
729	44
729	162
729	831
729	848
729	875
729	930
729	953
729	993
730	552
730	691
730	779
730	825
730	828
730	879
730	959
730	999
731	528
731	754
731	756
731	830
731	947
731	965
731	966
731	979
732	242
732	257
732	388
732	594
732	638
732	914
732	972
732	973
732	994
733	424
733	599
733	635
733	790
733	843
733	890
733	964
733	985
733	1000
734	149
734	575
734	670
734	677
734	757
734	827
734	878
734	943
734	996
735	9
735	264
735	308
735	818
735	963
735	970
735	989
735	991
735	992
736	207
736	317
736	417
736	443
736	631
736	670
736	700
736	980
736	981
737	642
737	812
737	888
737	949
737	966
737	967
737	986
737	988
737	999
738	97
738	152
738	355
738	822
738	854
738	927
738	951
738	968
738	984
739	238
739	253
739	313
739	541
739	684
739	815
739	819
739	913
739	974
740	256
740	613
740	671
740	752
740	816
740	831
740	875
740	877
740	948
741	405
741	745
741	799
741	861
741	868
741	908
741	985
741	995
741	997
742	47
742	522
742	919
742	924
742	952
742	954
742	966
742	988
742	999
743	141
743	454
743	613
743	672
743	701
743	848
743	898
743	976
743	993
744	478
744	666
744	685
744	832
744	865
744	949
744	952
744	986
744	999
745	363
745	741
745	814
745	833
745	843
745	962
745	964
745	985
745	997
746	6
746	311
746	768
746	932
746	943
746	963
746	970
746	978
746	992
747	585
747	754
747	830
747	874
747	913
747	947
747	952
747	974
747	979
748	111
748	147
748	248
748	459
748	918
748	927
748	968
748	971
748	984
749	15
749	773
749	816
749	852
749	877
749	883
749	890
749	991
749	993
750	24
750	232
750	667
750	761
750	883
750	890
750	898
750	978
750	993
751	155
751	326
751	336
751	506
751	655
751	886
751	943
751	981
751	996
752	184
752	680
752	740
752	852
752	875
752	877
752	890
752	976
752	993
753	542
753	889
753	903
753	917
753	934
753	956
753	960
753	973
753	983
753	998
754	236
754	391
754	600
754	731
754	747
754	840
754	874
754	884
754	920
754	965
755	300
755	422
755	722
755	783
755	833
755	864
755	964
755	994
755	995
755	997
756	348
756	530
756	675
756	731
756	795
756	830
756	840
756	901
756	969
756	979
757	162
757	192
757	476
757	706
757	734
757	850
757	926
757	961
757	980
757	996
758	167
758	456
758	486
758	518
758	787
758	815
758	840
758	874
758	893
758	974
759	318
759	801
759	846
759	858
759	867
759	911
759	927
759	968
759	984
759	993
760	388
760	653
760	809
760	856
760	933
760	973
760	994
760	995
760	997
760	1000
761	261
761	303
761	490
761	658
761	750
761	924
761	931
761	944
761	976
761	993
762	905
762	906
762	922
762	936
762	948
762	956
762	958
762	960
762	990
762	998
763	385
763	602
763	832
763	866
763	880
763	915
763	959
763	977
763	986
763	988
764	252
764	707
764	713
764	768
764	929
764	932
764	935
764	963
764	978
764	989
765	689
765	796
765	863
765	917
765	936
765	937
765	940
765	948
765	983
765	990
766	219
766	316
766	810
766	865
766	946
766	948
766	950
766	956
766	960
766	983
767	369
767	397
767	814
767	836
767	843
767	869
767	962
767	973
767	995
767	1000
768	660
768	746
768	764
768	772
768	873
768	894
768	939
768	982
768	991
768	992
769	278
769	330
769	808
769	829
769	844
769	972
769	985
769	989
769	994
769	1000
770	10
770	482
770	802
770	910
770	923
770	929
770	935
770	982
770	991
770	992
771	397
771	653
771	663
771	964
771	975
771	985
771	991
771	994
771	995
771	1000
772	488
772	707
772	768
772	802
772	805
772	932
772	935
772	978
772	991
772	992
773	223
773	680
773	686
773	701
773	749
773	861
773	877
773	900
773	930
773	944
774	96
774	808
774	842
774	847
774	922
774	933
774	964
774	994
774	995
774	1000
775	368
775	467
775	599
775	842
775	927
775	964
775	973
775	985
775	997
775	1000
776	171
776	176
776	489
776	891
776	945
776	946
776	950
776	983
776	984
776	990
777	657
777	790
777	844
777	868
777	928
777	933
777	979
777	994
777	997
777	1000
778	79
778	100
778	118
778	666
778	797
778	892
778	911
778	927
778	957
778	971
778	995
779	730
779	793
779	812
779	835
779	865
779	894
779	955
779	967
779	977
779	986
779	988
780	340
780	418
780	891
780	934
780	948
780	954
780	956
780	958
780	960
780	996
780	998
781	290
781	538
781	583
781	809
781	849
781	915
781	949
781	959
781	977
781	988
781	999
782	242
782	365
782	395
782	697
782	834
782	897
782	928
782	985
782	994
782	997
782	1000
783	446
783	645
783	755
783	823
783	826
783	861
783	962
783	975
783	990
783	995
783	997
784	57
784	383
784	508
784	724
784	726
784	825
784	919
784	924
784	959
784	966
784	986
785	94
785	504
785	514
785	602
785	627
785	707
785	876
785	947
785	965
785	974
785	979
786	213
786	357
786	510
786	609
786	872
786	904
786	926
786	961
786	981
786	994
786	996
787	485
787	591
787	758
787	841
787	874
787	884
787	913
787	917
787	947
787	969
787	979
788	253
788	697
788	790
788	898
788	928
788	962
788	973
788	985
788	994
788	995
788	997
789	46
789	151
789	642
789	658
789	671
789	898
789	900
789	931
789	953
789	989
789	993
790	296
790	577
790	663
790	733
790	777
790	788
790	870
790	934
790	985
790	995
790	997
791	425
791	616
791	801
791	822
791	892
791	912
791	918
791	957
791	971
791	983
791	984
792	342
792	483
792	678
792	707
792	793
792	813
792	970
792	978
792	989
792	991
792	992
793	404
793	683
793	779
793	792
793	929
793	932
793	935
793	963
793	982
793	989
793	991
794	131
794	139
794	144
794	548
794	815
794	841
794	869
794	874
794	965
794	979
794	983
795	63
795	486
795	604
795	756
795	824
795	830
795	841
795	884
795	893
795	901
795	913
795	969
796	184
796	639
796	687
796	765
796	817
796	936
796	950
796	956
796	958
796	964
796	983
796	998
797	8
797	206
797	557
797	623
797	778
797	806
797	892
797	918
797	927
797	951
797	971
797	984
798	33
798	88
798	557
798	586
798	619
798	644
798	911
798	918
798	957
798	968
798	971
798	984
799	44
799	71
799	278
799	697
799	741
799	842
799	847
799	928
799	956
799	972
799	994
799	1000
800	430
800	520
800	615
800	895
800	917
800	940
800	945
800	948
800	958
800	990
800	995
800	998
801	156
801	619
801	759
801	791
801	858
801	907
801	911
801	951
801	968
801	971
801	984
801	999
802	633
802	770
802	772
802	932
802	935
802	947
802	963
802	970
802	978
802	982
802	989
802	992
803	90
803	155
803	263
803	592
803	670
803	850
803	872
803	886
803	920
803	943
803	981
803	996
804	141
804	826
804	851
804	853
804	877
804	883
804	890
804	930
804	944
804	953
804	976
804	993
805	117
805	314
805	482
805	772
805	910
805	963
805	978
805	982
805	989
805	991
805	992
805	996
806	45
806	156
806	425
806	563
806	569
806	619
806	797
806	907
806	927
806	957
806	964
806	984
807	113
807	223
807	488
807	503
807	662
807	672
807	680
807	692
807	831
807	853
807	896
807	993
808	164
808	675
808	715
808	722
808	769
808	774
808	840
808	985
808	994
808	995
808	997
808	1000
809	267
809	565
809	603
809	703
809	760
809	781
809	812
809	915
809	924
809	967
809	986
809	999
810	596
810	640
810	766
810	889
810	925
810	936
810	956
810	958
810	959
810	960
810	990
810	998
811	93
811	104
811	342
811	621
811	882
811	910
811	939
811	968
811	970
811	978
811	982
811	989
812	330
812	572
812	737
812	779
812	809
812	880
812	888
812	949
812	954
812	966
812	986
812	987
813	322
813	792
813	818
813	839
813	926
813	932
813	935
813	939
813	963
813	978
813	989
813	991
813	992
814	190
814	356
814	501
814	636
814	745
814	767
814	834
814	838
814	928
814	975
814	994
814	997
814	1000
815	183
815	194
815	313
815	711
815	739
815	758
815	794
815	874
815	913
815	965
815	969
815	974
815	981
816	24
816	223
816	524
816	586
816	630
816	673
816	740
816	749
816	831
816	852
816	944
816	976
816	993
817	324
817	593
817	796
817	845
817	855
817	936
817	940
817	945
817	946
817	950
817	960
817	983
817	998
818	402
818	708
818	724
818	735
818	813
818	874
818	910
818	921
818	970
818	978
818	989
818	991
818	992
819	78
819	273
819	433
819	518
819	558
819	601
819	711
819	739
819	901
819	913
819	920
819	965
819	977
820	265
820	861
820	868
820	870
820	922
820	942
820	964
820	966
820	972
820	994
820	995
820	997
820	1000
821	106
821	235
821	361
821	437
821	452
821	550
821	859
821	926
821	961
821	980
821	981
821	996
821	1000
822	283
822	386
822	644
822	738
822	791
822	846
822	858
822	907
822	957
822	968
822	971
822	979
822	984
823	292
823	641
823	783
823	861
823	868
823	962
823	975
823	977
823	985
823	994
823	995
823	997
823	1000
824	517
824	795
824	839
824	882
824	923
824	929
824	932
824	939
824	970
824	978
824	982
824	991
824	992
825	417
825	648
825	730
825	784
825	835
825	941
825	945
825	949
825	954
825	967
825	986
825	987
825	999
826	47
826	661
826	783
826	804
826	833
826	871
826	885
826	916
826	918
826	973
826	975
826	994
826	1000
827	468
827	523
827	592
827	721
827	734
827	871
827	896
827	902
827	926
827	961
827	980
827	981
827	996
828	211
828	262
828	480
828	650
828	730
828	880
828	955
828	967
828	977
828	986
828	987
828	988
828	999
829	226
829	512
829	661
829	769
829	844
829	861
829	870
829	922
829	962
829	976
829	985
829	995
829	1000
830	580
830	602
830	690
830	699
830	731
830	747
830	756
830	795
830	869
830	901
830	963
830	974
830	979
831	613
831	705
831	729
831	740
831	807
831	816
831	851
831	875
831	898
831	931
831	965
831	976
831	993
832	105
832	744
832	763
832	860
832	894
832	915
832	949
832	952
832	954
832	955
832	959
832	966
832	987
832	999
833	51
833	484
833	496
833	651
833	745
833	755
833	826
833	834
833	847
833	857
833	994
833	995
833	997
833	1000
834	324
834	782
834	814
834	833
834	844
834	857
834	908
834	959
834	962
834	964
834	985
834	995
834	997
834	1000
835	69
835	445
835	603
835	727
835	779
835	825
835	838
835	865
835	919
835	944
835	959
835	967
835	986
835	988
836	111
836	398
836	467
836	468
836	679
836	767
836	861
836	871
836	916
836	975
836	985
836	995
836	997
836	1000
837	358
837	631
837	681
837	693
837	859
837	886
837	938
837	942
837	943
837	961
837	967
837	980
837	981
837	996
838	30
838	215
838	432
838	487
838	539
838	814
838	835
838	894
838	924
838	952
838	955
838	959
838	975
838	999
839	298
839	517
839	683
839	724
839	813
839	824
839	929
839	963
839	970
839	978
839	982
839	989
839	991
839	992
840	329
840	444
840	754
840	756
840	758
840	808
840	841
840	874
840	901
840	913
840	920
840	965
840	974
840	979
841	273
841	348
841	419
841	582
841	699
841	704
841	787
841	794
841	795
841	840
841	893
841	920
841	934
841	974
842	407
842	723
842	774
842	775
842	799
842	897
842	901
842	916
842	948
842	964
842	972
842	975
842	994
842	995
843	77
843	733
843	745
843	767
843	870
843	908
843	928
843	938
843	962
843	964
843	973
843	995
843	997
843	1000
844	560
844	663
844	769
844	777
844	829
844	834
844	864
844	885
844	924
844	933
844	964
844	972
844	995
844	1000
845	525
845	710
845	817
845	895
845	917
845	936
845	945
845	946
845	948
845	956
845	958
845	983
845	989
845	990
846	84
846	158
846	366
846	450
846	586
846	656
846	759
846	822
846	892
846	912
846	951
846	957
846	968
846	971
846	984
847	484
847	626
847	774
847	799
847	833
847	864
847	868
847	921
847	933
847	962
847	979
847	994
847	995
847	997
847	1000
848	303
848	705
848	716
848	729
848	743
848	852
848	875
848	883
848	890
848	900
848	931
848	953
848	976
848	993
848	995
849	546
849	632
849	649
849	781
849	865
849	880
849	888
849	894
849	959
849	966
849	967
849	986
849	988
849	992
849	999
850	17
850	377
850	410
850	631
850	706
850	717
850	757
850	803
850	889
850	902
850	904
850	926
850	961
850	981
850	996
851	305
851	375
851	687
851	701
851	719
851	804
851	831
851	890
851	898
851	900
851	929
851	931
851	944
851	976
851	993
852	18
852	151
852	553
852	749
852	752
852	816
852	848
852	883
852	898
852	930
852	931
852	942
852	944
852	953
852	993
853	303
853	524
853	630
853	671
853	686
853	719
853	804
853	807
853	883
853	898
853	900
853	931
853	939
853	976
853	986
854	4
854	221
854	257
854	318
854	449
854	738
854	892
854	911
854	927
854	951
854	957
854	968
854	971
854	972
854	984
855	23
855	415
855	448
855	817
855	895
855	905
855	909
855	925
855	945
855	946
855	956
855	958
855	990
855	995
855	998
856	167
856	351
856	376
856	651
856	661
856	760
856	885
856	908
856	933
856	964
856	969
856	972
856	985
856	997
856	1000
857	10
857	469
857	532
857	577
857	635
857	833
857	834
857	868
857	870
857	914
857	964
857	972
857	985
857	997
857	1000
858	115
858	241
858	440
858	455
858	674
858	759
858	801
858	822
858	892
858	894
858	912
858	927
858	951
858	957
858	984
859	87
859	90
859	377
859	436
859	506
859	527
859	592
859	665
859	721
859	821
859	837
859	938
859	942
859	964
859	996
860	187
860	290
860	423
860	544
860	578
860	612
860	649
860	832
860	888
860	915
860	959
860	967
860	977
860	986
860	988
861	383
861	467
861	591
861	741
861	773
861	783
861	820
861	823
861	829
861	836
861	922
861	973
861	994
861	997
861	1000
862	349
862	560
862	594
862	682
862	723
862	870
862	897
862	941
862	971
862	972
862	975
862	994
862	995
862	997
862	1000
863	66
863	199
863	434
863	511
863	596
863	652
863	765
863	895
863	934
863	940
863	946
863	948
863	949
863	983
863	998
864	123
864	446
864	516
864	629
864	694
864	726
864	755
864	844
864	847
864	871
864	972
864	973
864	994
864	997
864	998
864	1000
865	30
865	70
865	529
865	726
865	744
865	766
865	779
865	835
865	849
865	888
865	924
865	941
865	955
865	959
865	988
865	999
866	31
866	224
866	331
866	346
866	478
866	499
866	763
866	879
866	899
866	955
866	959
866	966
866	969
866	977
866	988
866	999
867	4
867	45
867	319
867	386
867	414
867	637
867	647
867	759
867	911
867	927
867	932
867	951
867	957
867	968
867	971
867	984
868	540
868	573
868	694
868	741
868	777
868	820
868	823
868	847
868	857
868	914
868	954
868	962
868	975
868	985
868	994
868	997
869	144
869	266
869	582
869	600
869	606
869	699
869	767
869	794
869	830
869	876
869	893
869	901
869	913
869	969
869	974
869	979
870	339
870	501
870	544
870	790
870	820
870	829
870	843
870	857
870	862
870	897
870	962
870	973
870	994
870	997
870	999
870	1000
871	123
871	175
871	520
871	675
871	826
871	827
871	836
871	864
871	914
871	928
871	962
871	964
871	994
871	995
871	997
871	1000
872	3
872	317
872	412
872	608
872	717
872	786
872	803
872	887
872	902
872	938
872	942
872	943
872	961
872	970
872	980
872	996
873	228
873	379
873	387
873	464
873	499
873	531
873	768
873	921
873	932
873	935
873	936
873	939
873	978
873	982
873	989
873	992
874	63
874	485
874	590
874	747
874	754
874	758
874	787
874	794
874	815
874	818
874	840
874	876
874	884
874	965
874	974
874	979
875	289
875	490
875	526
875	692
875	716
875	729
875	740
875	752
875	831
875	848
875	890
875	898
875	900
875	944
875	976
875	993
876	247
876	384
876	494
876	541
876	580
876	611
876	650
876	725
876	785
876	869
876	874
876	893
876	913
876	920
876	965
876	974
876	1000
877	235
877	350
877	360
877	642
877	701
877	740
877	749
877	752
877	773
877	804
877	898
877	930
877	931
877	942
877	944
877	953
877	993
878	389
878	441
878	584
878	665
878	681
878	700
878	734
878	881
878	886
878	902
878	926
878	942
878	956
878	961
878	980
878	981
878	996
879	107
879	181
879	299
879	493
879	709
879	730
879	866
879	888
879	899
879	915
879	919
879	924
879	952
879	954
879	963
879	967
879	988
880	211
880	310
880	469
880	486
880	513
880	718
880	727
880	763
880	812
880	828
880	849
880	888
880	915
880	924
880	966
880	967
880	988
880	999
881	129
881	227
881	332
881	377
881	441
881	550
881	571
881	575
881	598
881	673
881	683
881	700
881	878
881	904
881	942
881	961
881	981
881	996
882	160
882	496
882	580
882	623
882	707
882	713
882	811
882	824
882	921
882	935
882	939
882	960
882	963
882	970
882	982
882	989
882	991
882	992
883	298
883	367
883	667
883	671
883	716
883	749
883	750
883	804
883	848
883	852
883	853
883	898
883	900
883	930
883	933
883	944
883	953
883	966
884	238
884	348
884	378
884	444
884	600
884	704
884	714
884	728
884	754
884	787
884	795
884	874
884	928
884	944
884	965
884	969
884	974
884	979
885	50
885	123
885	128
885	354
885	368
885	461
885	622
885	826
885	844
885	856
885	914
885	928
885	965
885	985
885	994
885	995
885	997
885	1000
886	61
886	196
886	441
886	442
886	527
886	609
886	670
886	717
886	751
886	803
886	837
886	878
886	887
886	904
886	942
886	980
886	994
886	996
887	349
887	358
887	452
887	500
887	608
887	609
887	689
887	706
887	872
887	886
887	895
887	902
887	904
887	938
887	943
887	961
887	980
887	996
888	217
888	502
888	691
888	737
888	812
888	849
888	860
888	865
888	879
888	880
888	893
888	924
888	950
888	966
888	967
888	977
888	986
888	987
888	999
889	23
889	316
889	460
889	525
889	720
889	753
889	810
889	850
889	891
889	917
889	937
889	940
889	945
889	946
889	950
889	960
889	988
889	990
889	998
890	537
890	552
890	658
890	701
890	719
890	733
890	749
890	750
890	752
890	804
890	848
890	851
890	875
890	930
890	931
890	953
890	976
890	978
890	993
891	559
891	587
891	624
891	693
891	776
891	780
891	889
891	903
891	917
891	945
891	946
891	948
891	950
891	956
891	958
891	983
891	990
891	995
891	996
892	33
892	115
892	248
892	295
892	377
892	391
892	457
892	616
892	778
892	791
892	797
892	846
892	854
892	858
892	907
892	912
892	957
892	968
892	971
893	127
893	139
893	197
893	378
893	396
893	456
893	472
893	504
893	528
893	591
893	758
893	795
893	841
893	869
893	876
893	888
893	947
893	950
893	969
894	43
894	275
894	538
894	703
894	726
894	768
894	779
894	832
894	838
894	849
894	858
894	915
894	941
894	955
894	959
894	966
894	987
894	988
894	999
895	334
895	460
895	800
895	845
895	855
895	863
895	887
895	905
895	906
895	909
895	925
895	934
895	940
895	946
895	956
895	960
895	972
895	983
895	990
895	998
896	42
896	52
896	73
896	402
896	412
896	443
896	452
896	567
896	608
896	700
896	807
896	827
896	902
896	904
896	938
896	942
896	961
896	980
896	981
896	996
897	120
897	289
897	573
897	622
897	696
897	782
897	842
897	862
897	870
897	908
897	914
897	928
897	933
897	955
897	975
897	985
897	994
897	995
897	997
897	1000
898	260
898	488
898	492
898	555
898	612
898	641
898	705
898	743
898	750
898	788
898	789
898	831
898	851
898	852
898	853
898	875
898	877
898	883
898	900
898	976
899	35
899	170
899	218
899	695
899	702
899	712
899	866
899	879
899	940
899	941
899	949
899	952
899	955
899	966
899	977
899	986
899	987
899	988
899	996
899	999
900	113
900	189
900	526
900	642
900	686
900	687
900	698
900	773
900	789
900	848
900	851
900	853
900	875
900	883
900	898
900	939
900	944
900	976
900	993
900	1000
901	54
901	81
901	153
901	472
901	485
901	491
901	714
901	756
901	795
901	819
901	830
901	840
901	842
901	869
901	913
901	931
901	965
901	969
901	974
901	979
902	136
902	333
902	550
902	584
902	604
902	827
902	850
902	872
902	878
902	887
902	896
902	905
902	926
902	938
902	942
902	943
902	954
902	961
902	980
902	996
903	95
903	99
903	392
903	394
903	521
903	615
903	652
903	676
903	696
903	753
903	891
903	905
903	925
903	934
903	937
903	940
903	956
903	958
903	983
903	990
904	203
904	208
904	270
904	326
904	370
904	510
904	655
904	786
904	850
904	881
904	886
904	887
904	896
904	923
904	943
904	957
904	961
904	980
904	981
904	996
905	268
905	579
905	640
905	693
905	762
905	855
905	895
905	902
905	903
905	906
905	909
905	934
905	936
905	937
905	940
905	946
905	948
905	956
905	960
905	998
905	1000
906	1
906	184
906	325
906	430
906	579
906	614
906	639
906	640
906	762
906	895
906	905
906	917
906	925
906	934
906	945
906	950
906	956
906	958
906	990
906	997
906	998
907	134
907	139
907	243
907	414
907	425
907	455
907	551
907	569
907	801
907	806
907	822
907	892
907	911
907	912
907	927
907	951
907	957
907	968
907	971
907	975
907	984
908	214
908	297
908	339
908	393
908	406
908	547
908	564
908	568
908	638
908	685
908	741
908	834
908	843
908	856
908	897
908	933
908	964
908	973
908	975
908	995
908	997
909	341
909	403
909	460
909	579
909	625
909	657
909	693
909	855
909	895
909	905
909	917
909	925
909	934
909	937
909	946
909	956
909	960
909	983
909	990
909	996
909	998
910	58
910	68
910	160
910	382
910	595
910	603
910	660
910	770
910	805
910	811
910	818
910	921
910	923
910	929
910	935
910	963
910	970
910	978
910	982
910	987
910	991
911	76
911	84
911	97
911	100
911	103
911	134
911	637
911	656
911	759
911	778
911	798
911	801
911	854
911	867
911	907
911	923
911	951
911	968
911	971
911	975
911	984
912	5
912	65
912	100
912	146
912	148
912	285
912	416
912	449
912	532
912	551
912	566
912	637
912	666
912	791
912	846
912	858
912	892
912	907
912	918
912	951
912	957
912	971
913	396
913	473
913	485
913	569
913	582
913	600
913	704
913	739
913	747
913	787
913	795
913	815
913	819
913	840
913	869
913	876
913	901
913	965
913	969
913	974
913	979
913	988
914	14
914	163
914	280
914	291
914	501
914	682
914	694
914	732
914	857
914	868
914	871
914	885
914	897
914	922
914	928
914	956
914	962
914	964
914	975
914	995
914	997
914	1000
915	250
915	320
915	426
915	467
915	474
915	668
915	763
915	781
915	809
915	832
915	860
915	879
915	880
915	894
915	941
915	952
915	955
915	966
915	971
915	977
915	986
915	987
916	40
916	369
916	424
916	467
916	484
916	497
916	645
916	654
916	678
916	715
916	826
916	836
916	842
916	922
916	955
916	972
916	975
916	985
916	994
916	995
916	999
916	1000
917	46
917	66
917	583
917	615
917	693
917	753
917	765
917	787
917	800
917	845
917	889
917	891
917	906
917	909
917	936
917	945
917	948
917	958
917	960
917	983
917	990
917	998
918	8
918	103
918	118
918	248
918	366
918	391
918	449
918	458
918	566
918	748
918	791
918	797
918	798
918	826
918	912
918	923
918	927
918	951
918	957
918	968
918	971
918	984
919	21
919	201
919	505
919	631
919	648
919	668
919	695
919	709
919	742
919	784
919	835
919	879
919	924
919	952
919	954
919	966
919	977
919	982
919	986
919	987
919	988
919	999
920	307
920	310
920	313
920	419
920	494
920	548
920	558
920	591
920	620
920	684
920	690
920	754
920	803
920	819
920	840
920	841
920	876
920	947
920	959
920	965
920	969
920	979
921	150
921	379
921	483
921	507
921	536
921	623
921	659
921	707
921	721
921	818
921	847
921	873
921	882
921	910
921	923
921	929
921	939
921	945
921	963
921	978
921	982
921	991
921	992
922	11
922	230
922	422
922	462
922	635
922	636
922	663
922	694
922	762
922	774
922	820
922	829
922	861
922	914
922	916
922	939
922	972
922	973
922	975
922	985
922	994
922	997
922	1000
923	6
923	38
923	323
923	507
923	509
923	536
923	576
923	770
923	824
923	904
923	910
923	911
923	918
923	921
923	929
923	932
923	939
923	963
923	970
923	978
923	982
923	989
923	991
924	132
924	362
924	479
924	538
924	545
924	588
924	685
924	742
924	761
924	784
924	809
924	838
924	844
924	865
924	879
924	880
924	888
924	919
924	967
924	986
924	987
924	988
924	999
925	32
925	288
925	465
925	470
925	624
925	639
925	692
925	810
925	855
925	895
925	903
925	906
925	909
925	936
925	940
925	945
925	948
925	950
925	958
925	960
925	983
925	987
925	990
925	998
926	34
926	137
926	181
926	200
926	231
926	362
926	412
926	665
926	673
926	706
926	710
926	757
926	786
926	813
926	821
926	827
926	850
926	878
926	902
926	938
926	942
926	943
926	980
926	981
927	79
927	147
927	458
927	459
927	647
927	656
927	674
927	738
927	748
927	759
927	775
927	778
927	797
927	806
927	854
927	858
927	867
927	907
927	918
927	957
927	968
927	971
927	984
927	995
928	40
928	44
928	291
928	388
928	657
928	777
928	782
928	788
928	799
928	814
928	843
928	871
928	884
928	885
928	897
928	914
928	933
928	950
928	953
928	972
928	973
928	985
928	994
928	1000
929	56
929	457
929	498
929	676
929	683
929	705
929	708
929	764
929	770
929	793
929	824
929	839
929	851
929	910
929	921
929	923
929	932
929	939
929	963
929	970
929	978
929	982
929	989
929	991
929	992
930	163
930	212
930	220
930	276
930	321
930	335
930	492
930	524
930	612
930	667
930	671
930	698
930	705
930	729
930	773
930	804
930	852
930	877
930	883
930	890
930	931
930	953
930	974
930	976
930	993
931	232
931	321
931	490
931	630
931	658
931	672
931	692
931	701
931	716
931	719
931	761
931	789
931	831
931	848
931	851
931	852
931	853
931	877
931	890
931	901
931	930
931	944
931	953
931	976
931	990
931	993
932	9
932	188
932	457
932	621
932	664
932	707
932	708
932	746
932	764
932	772
932	793
932	802
932	813
932	824
932	867
932	873
932	923
932	929
932	935
932	963
932	978
932	982
932	989
932	991
932	992
932	993
933	51
933	297
933	380
933	413
933	422
933	636
933	663
933	712
933	760
933	774
933	777
933	844
933	847
933	856
933	883
933	897
933	908
933	928
933	964
933	970
933	972
933	973
933	985
933	994
933	997
933	1000
934	300
934	316
934	381
934	434
934	561
934	587
934	693
934	696
934	753
934	780
934	790
934	841
934	863
934	895
934	903
934	905
934	906
934	909
934	937
934	940
934	946
934	956
934	958
934	960
934	983
934	990
934	992
935	117
935	142
935	205
935	308
935	496
935	531
935	562
935	623
935	633
935	764
935	770
935	772
935	793
935	802
935	813
935	873
935	882
935	910
935	932
935	939
935	970
935	977
935	978
935	982
935	989
935	991
935	992
936	48
936	216
936	269
936	341
936	559
936	617
936	762
936	765
936	796
936	810
936	817
936	845
936	873
936	905
936	917
936	925
936	937
936	940
936	944
936	945
936	950
936	956
936	958
936	960
936	983
936	990
936	998
937	59
937	98
937	112
937	305
937	351
937	589
937	634
937	652
937	720
937	765
937	889
937	903
937	905
937	909
937	934
937	936
937	940
937	945
937	946
937	948
937	950
937	958
937	960
937	983
937	990
937	992
937	994
937	998
938	129
938	203
938	278
938	326
938	332
938	333
938	365
938	550
938	574
938	575
938	604
938	677
938	681
938	721
938	837
938	843
938	859
938	872
938	887
938	896
938	902
938	926
938	942
938	943
938	958
938	961
938	981
938	996
939	93
939	202
939	209
939	382
939	483
939	623
939	688
939	724
939	768
939	811
939	813
939	824
939	853
939	873
939	882
939	900
939	921
939	922
939	923
939	929
939	935
939	963
939	970
939	978
939	982
939	989
939	991
939	992
940	6
940	27
940	99
940	219
940	334
940	347
940	519
940	614
940	765
940	800
940	817
940	863
940	889
940	895
940	899
940	903
940	905
940	925
940	934
940	936
940	937
940	948
940	950
940	956
940	958
940	983
940	990
940	998
941	224
941	234
941	267
941	373
941	401
941	451
941	456
941	474
941	534
941	578
941	660
941	695
941	712
941	825
941	862
941	865
941	894
941	899
941	915
941	954
941	955
941	966
941	967
941	977
941	986
941	987
941	988
941	999
942	193
942	213
942	282
942	328
942	365
942	442
942	481
942	506
942	575
942	597
942	598
942	721
942	820
942	837
942	852
942	859
942	872
942	877
942	878
942	881
942	886
942	896
942	902
942	926
942	938
942	943
942	980
942	981
942	996
943	53
943	207
943	240
943	328
943	370
943	410
943	437
943	443
943	468
943	645
943	670
943	677
943	706
943	734
943	746
943	751
943	803
943	837
943	872
943	887
943	902
943	904
943	926
943	938
943	942
943	945
943	980
943	981
943	996
944	11
944	24
944	46
944	91
944	256
944	367
944	372
944	553
944	555
944	667
944	672
944	698
944	719
944	761
944	773
944	804
944	816
944	835
944	851
944	852
944	875
944	877
944	883
944	884
944	900
944	931
944	936
944	953
944	976
944	993
945	119
945	403
945	418
945	445
945	454
945	615
945	624
945	640
945	696
945	776
945	800
945	817
945	825
945	845
945	855
945	889
945	891
945	906
945	917
945	921
945	925
945	936
945	937
945	943
945	946
945	948
945	958
945	983
945	990
945	998
946	61
946	143
946	266
946	408
946	434
946	438
946	470
946	605
946	710
946	766
946	776
946	817
946	845
946	855
946	863
946	889
946	891
946	895
946	905
946	909
946	934
946	937
946	945
946	948
946	950
946	958
946	960
946	983
946	990
946	998
947	63
947	78
947	101
947	122
947	301
947	396
947	494
947	504
947	514
947	518
947	601
947	620
947	650
947	690
947	704
947	714
947	725
947	728
947	731
947	747
947	785
947	787
947	802
947	893
947	920
947	965
947	969
947	974
947	979
947	981
948	59
948	344
948	351
948	354
948	448
948	511
948	561
948	593
948	618
948	740
948	762
948	765
948	766
948	780
948	800
948	842
948	845
948	863
948	891
948	905
948	917
948	925
948	937
948	940
948	945
948	946
948	950
948	958
948	983
948	990
948	998
949	29
949	31
949	187
949	331
949	385
949	423
949	539
949	572
949	632
949	662
949	679
949	709
949	718
949	727
949	737
949	744
949	781
949	812
949	825
949	832
949	863
949	899
949	952
949	955
949	959
949	967
949	977
949	986
949	987
949	988
949	999
950	168
950	199
950	344
950	394
950	579
950	587
950	593
950	614
950	693
950	696
950	710
950	720
950	766
950	776
950	796
950	817
950	888
950	889
950	891
950	893
950	906
950	925
950	928
950	936
950	937
950	940
950	946
950	948
950	960
950	968
950	990
950	998
951	49
951	62
951	75
951	76
951	135
951	147
951	148
951	241
951	281
951	440
951	569
951	586
951	618
951	674
951	725
951	738
951	797
951	801
951	846
951	854
951	858
951	867
951	907
951	911
951	912
951	918
951	957
951	968
951	970
951	971
951	981
951	984
952	21
952	69
952	132
952	220
952	373
952	401
952	432
952	469
952	662
952	685
952	709
952	742
952	744
952	747
952	832
952	838
952	879
952	899
952	915
952	919
952	949
952	954
952	955
952	959
952	966
952	967
952	977
952	986
952	987
952	988
952	990
952	994
953	113
953	162
953	189
953	237
953	321
953	335
953	338
953	343
953	435
953	439
953	488
953	503
953	526
953	537
953	612
953	658
953	680
953	729
953	789
953	804
953	848
953	852
953	877
953	883
953	890
953	928
953	930
953	931
953	944
953	976
953	993
953	994
954	19
954	69
954	92
954	126
954	279
954	374
954	401
954	426
954	505
954	588
954	632
954	643
954	662
954	726
954	742
954	780
954	812
954	825
954	832
954	868
954	879
954	902
954	919
954	941
954	952
954	955
954	967
954	977
954	986
954	987
954	988
954	999
955	57
955	185
955	217
955	251
955	554
955	572
955	584
955	628
955	646
955	668
955	701
955	702
955	718
955	779
955	828
955	832
955	838
955	865
955	866
955	894
955	897
955	899
955	915
955	916
955	941
955	949
955	952
955	954
955	959
955	967
955	977
955	987
955	999
956	66
956	306
956	381
956	434
956	476
956	615
956	617
956	710
956	720
956	753
956	762
956	766
956	780
956	796
956	799
956	810
956	845
956	855
956	878
956	891
956	895
956	903
956	905
956	906
956	909
956	914
956	934
956	936
956	940
956	958
956	960
956	983
956	990
956	998
957	49
957	206
957	255
957	285
957	318
957	352
957	371
957	414
957	416
957	440
957	489
957	551
957	586
957	644
957	666
957	778
957	791
957	798
957	806
957	822
957	846
957	854
957	858
957	867
957	892
957	904
957	907
957	912
957	918
957	927
957	951
957	968
957	971
957	975
957	984
958	60
958	199
958	246
958	325
958	347
958	454
958	465
958	470
958	519
958	611
958	634
958	762
958	780
958	796
958	800
958	810
958	845
958	855
958	891
958	903
958	906
958	917
958	925
958	934
958	936
958	937
958	938
958	940
958	945
958	946
958	948
958	956
958	973
958	990
958	998
959	65
959	220
959	275
959	353
959	408
959	469
959	487
959	554
959	581
959	603
959	610
959	703
959	718
959	730
959	763
959	781
959	784
959	810
959	832
959	834
959	835
959	838
959	849
959	860
959	865
959	866
959	894
959	920
959	949
959	952
959	955
959	967
959	977
959	986
959	987
959	988
960	95
960	112
960	168
960	268
960	325
960	489
960	511
960	521
960	561
960	596
960	614
960	625
960	711
960	753
960	762
960	766
960	780
960	810
960	817
960	882
960	889
960	895
960	905
960	909
960	917
960	925
960	934
960	936
960	937
960	946
960	950
960	956
960	968
960	983
960	990
960	998
961	53
961	73
961	133
961	166
961	180
961	181
961	195
961	227
961	328
961	476
961	523
961	527
961	567
961	571
961	606
961	655
961	673
961	681
961	757
961	786
961	821
961	827
961	837
961	850
961	872
961	878
961	881
961	887
961	896
961	902
961	904
961	938
961	980
961	981
961	991
961	994
961	996
962	89
962	197
962	286
962	330
962	356
962	422
962	453
962	461
962	471
962	513
962	540
962	545
962	564
962	599
962	641
962	645
962	661
962	745
962	767
962	783
962	788
962	823
962	829
962	834
962	843
962	847
962	868
962	870
962	871
962	914
962	972
962	975
962	981
962	983
962	994
962	995
962	997
963	20
963	173
963	191
963	202
963	205
963	254
963	309
963	363
963	457
963	464
963	576
963	595
963	633
963	688
963	735
963	746
963	764
963	793
963	802
963	805
963	813
963	830
963	839
963	879
963	882
963	910
963	921
963	923
963	929
963	932
963	939
963	970
963	978
963	979
963	982
963	989
963	992
964	28
964	50
964	159
964	512
964	515
964	516
964	549
964	568
964	573
964	589
964	627
964	682
964	733
964	745
964	755
964	771
964	774
964	775
964	796
964	806
964	820
964	834
964	842
964	843
964	844
964	856
964	857
964	859
964	871
964	908
964	914
964	933
964	985
964	994
964	995
964	997
964	1000
965	75
965	161
965	183
965	329
965	348
965	473
965	491
965	514
965	521
965	528
965	530
965	541
965	543
965	548
965	585
965	627
965	650
965	684
965	699
965	728
965	731
965	754
965	785
965	794
965	815
965	819
965	831
965	840
965	874
965	876
965	884
965	885
965	901
965	913
965	920
965	947
965	974
965	979
966	43
966	86
966	217
966	225
966	239
966	312
966	327
966	374
966	405
966	474
966	480
966	502
966	513
966	529
966	726
966	731
966	737
966	742
966	784
966	812
966	820
966	832
966	849
966	866
966	880
966	883
966	888
966	894
966	899
966	915
966	919
966	941
966	952
966	968
966	977
966	986
966	988
966	999
967	25
967	312
967	417
967	461
967	499
967	502
967	505
967	513
967	538
967	544
967	566
967	628
967	643
967	648
967	702
967	737
967	779
967	809
967	825
967	828
967	835
967	837
967	849
967	860
967	879
967	880
967	888
967	924
967	941
967	949
967	952
967	954
967	955
967	959
967	977
967	987
967	997
967	999
968	5
968	49
968	135
968	148
968	158
968	336
968	352
968	416
968	440
968	455
968	551
968	557
968	569
968	616
968	619
968	637
968	738
968	748
968	759
968	798
968	801
968	811
968	822
968	846
968	854
968	867
968	892
968	907
968	911
968	918
968	927
968	950
968	951
968	957
968	960
968	966
968	971
968	984
969	127
969	130
969	259
969	301
969	329
969	378
969	396
969	456
969	491
969	494
969	510
969	528
969	541
969	548
969	558
969	582
969	591
969	600
969	601
969	602
969	684
969	704
969	711
969	714
969	756
969	787
969	795
969	815
969	856
969	866
969	869
969	884
969	893
969	901
969	913
969	920
969	947
969	974
969	979
970	2
970	188
970	379
970	399
970	402
970	411
970	427
970	463
970	466
970	507
970	517
970	570
970	576
970	595
970	659
970	664
970	724
970	735
970	746
970	792
970	802
970	811
970	818
970	824
970	839
970	872
970	882
970	910
970	923
970	929
970	933
970	935
970	939
970	951
970	963
970	974
970	982
970	989
970	991
971	45
971	103
971	118
971	158
971	245
971	281
971	318
971	319
971	336
971	366
971	455
971	459
971	475
971	563
971	616
971	647
971	666
971	748
971	778
971	791
971	797
971	798
971	801
971	822
971	846
971	854
971	862
971	867
971	892
971	907
971	911
971	912
971	915
971	918
971	927
971	951
971	957
971	968
971	984
971	1000
972	71
972	80
972	109
972	125
972	154
972	157
972	175
972	535
972	573
972	577
972	589
972	607
972	638
972	657
972	661
972	678
972	722
972	723
972	732
972	769
972	799
972	820
972	842
972	844
972	854
972	856
972	857
972	862
972	864
972	895
972	916
972	922
972	928
972	933
972	962
972	973
972	985
972	987
972	994
972	995
972	997
972	1000
973	89
973	128
973	190
973	271
973	274
973	280
973	287
973	366
973	393
973	461
973	540
973	545
973	564
973	605
973	629
973	645
973	675
973	682
973	697
973	715
973	732
973	753
973	760
973	767
973	775
973	788
973	826
973	843
973	861
973	864
973	870
973	908
973	922
973	928
973	933
973	958
973	972
973	975
973	980
973	985
973	995
973	997
974	32
974	39
974	74
974	81
974	127
974	130
974	183
974	197
974	236
974	238
974	245
974	307
974	378
974	419
974	433
974	491
974	543
974	580
974	591
974	606
974	684
974	704
974	739
974	747
974	758
974	785
974	815
974	830
974	840
974	841
974	869
974	874
974	876
974	884
974	901
974	913
974	930
974	947
974	965
974	969
974	970
974	979
974	998
975	41
975	154
975	291
975	292
975	380
975	397
975	424
975	497
975	516
975	519
975	560
975	636
975	653
975	654
975	657
975	663
975	678
975	679
975	697
975	723
975	771
975	783
975	814
975	823
975	826
975	836
975	838
975	842
975	862
975	868
975	897
975	907
975	908
975	911
975	914
975	916
975	922
975	957
975	962
975	973
975	985
975	995
975	997
975	1000
976	64
976	178
976	232
976	237
976	260
976	276
976	298
976	343
976	350
976	375
976	447
976	492
976	503
976	524
976	537
976	553
976	597
976	612
976	630
976	658
976	680
976	687
976	698
976	716
976	743
976	752
976	761
976	804
976	816
976	829
976	831
976	848
976	851
976	853
976	875
976	890
976	898
976	900
976	930
976	931
976	944
976	953
976	983
976	987
976	993
977	159
977	182
977	185
977	244
977	258
977	279
977	290
977	373
977	408
977	469
977	479
977	508
977	522
977	578
977	588
977	632
977	646
977	668
977	669
977	691
977	695
977	718
977	763
977	779
977	781
977	819
977	823
977	828
977	860
977	866
977	888
977	899
977	915
977	919
977	935
977	941
977	949
977	952
977	954
977	955
977	959
977	966
977	967
977	986
977	987
977	988
978	2
978	13
978	38
978	240
978	337
978	363
978	367
978	404
978	411
978	450
978	509
978	570
978	576
978	633
978	660
978	664
978	676
978	683
978	713
978	746
978	750
978	764
978	772
978	792
978	802
978	805
978	811
978	813
978	818
978	824
978	839
978	873
978	890
978	910
978	921
978	923
978	929
978	932
978	935
978	939
978	963
978	982
978	989
978	990
978	991
978	992
979	39
979	55
979	78
979	131
979	161
979	259
979	273
979	307
979	433
979	451
979	472
979	504
979	528
979	558
979	580
979	585
979	602
979	620
979	627
979	650
979	690
979	699
979	711
979	725
979	728
979	731
979	747
979	756
979	777
979	785
979	787
979	794
979	822
979	830
979	840
979	847
979	869
979	874
979	884
979	901
979	913
979	920
979	947
979	963
979	965
979	969
979	974
980	3
980	17
980	85
980	121
980	145
980	149
980	166
980	180
980	195
980	264
980	328
980	333
980	358
980	370
980	389
980	406
980	436
980	468
980	500
980	533
980	584
980	597
980	604
980	653
980	670
980	673
980	681
980	736
980	757
980	821
980	827
980	837
980	872
980	878
980	886
980	887
980	896
980	902
980	904
980	926
980	942
980	943
980	961
980	973
980	981
980	986
980	994
980	996
981	42
981	73
981	85
981	105
981	106
981	193
981	200
981	317
981	332
981	361
981	389
981	390
981	406
981	412
981	441
981	452
981	506
981	567
981	571
981	574
981	598
981	665
981	677
981	689
981	721
981	736
981	751
981	786
981	803
981	815
981	821
981	827
981	837
981	850
981	878
981	881
981	896
981	904
981	926
981	938
981	942
981	943
981	947
981	951
981	961
981	962
981	980
981	996
981	998
982	9
982	13
982	191
982	264
982	311
982	314
982	322
982	342
982	402
982	404
982	427
982	464
982	482
982	493
982	498
982	509
982	531
982	570
982	660
982	676
982	688
982	708
982	713
982	715
982	768
982	770
982	793
982	802
982	805
982	811
982	824
982	839
982	873
982	882
982	910
982	919
982	921
982	923
982	929
982	932
982	935
982	939
982	963
982	970
982	978
982	983
982	989
982	991
982	992
982	996
983	14
983	108
983	119
983	186
983	244
983	288
983	302
983	305
983	306
983	340
983	347
983	454
983	465
983	511
983	525
983	546
983	579
983	583
983	625
983	634
983	652
983	753
983	765
983	766
983	776
983	791
983	794
983	796
983	817
983	845
983	863
983	891
983	895
983	903
983	909
983	917
983	925
983	934
983	936
983	937
983	940
983	945
983	946
983	948
983	956
983	960
983	962
983	976
983	982
983	990
983	998
984	4
984	8
984	62
984	75
984	79
984	84
984	134
984	156
984	178
984	206
984	241
984	243
984	281
984	336
984	355
984	371
984	393
984	414
984	425
984	449
984	455
984	458
984	557
984	563
984	566
984	569
984	616
984	618
984	637
984	644
984	647
984	666
984	674
984	738
984	748
984	759
984	776
984	791
984	797
984	798
984	801
984	806
984	822
984	846
984	854
984	858
984	867
984	907
984	911
984	918
984	927
984	951
984	957
984	968
984	971
984	988
984	998
985	20
985	28
985	42
985	82
985	89
985	120
985	125
985	190
985	222
985	230
985	287
985	327
985	392
985	420
985	421
985	428
985	477
985	556
985	574
985	577
985	594
985	626
985	638
985	651
985	715
985	733
985	741
985	745
985	769
985	771
985	775
985	782
985	788
985	790
985	808
985	823
985	829
985	834
985	836
985	856
985	857
985	868
985	885
985	897
985	916
985	922
985	928
985	933
985	964
985	972
985	973
985	975
985	991
985	994
985	995
985	997
985	999
985	1000
986	1
986	131
986	170
986	218
986	224
986	239
986	267
986	279
986	315
986	327
986	346
986	353
986	359
986	405
986	451
986	480
986	534
986	554
986	572
986	578
986	588
986	620
986	632
986	635
986	643
986	684
986	691
986	702
986	709
986	712
986	737
986	744
986	763
986	779
986	784
986	809
986	812
986	825
986	828
986	835
986	849
986	853
986	860
986	888
986	899
986	915
986	919
986	924
986	941
986	949
986	952
986	954
986	959
986	966
986	977
986	980
986	987
986	988
986	999
987	19
987	25
987	96
987	101
987	107
987	116
987	174
987	201
987	211
987	225
987	234
987	294
987	374
987	400
987	431
987	451
987	474
987	493
987	505
987	534
987	544
987	578
987	581
987	632
987	643
987	646
987	662
987	668
987	685
987	691
987	709
987	712
987	718
987	727
987	812
987	825
987	828
987	832
987	888
987	894
987	899
987	910
987	915
987	919
987	924
987	925
987	941
987	949
987	952
987	954
987	955
987	959
987	967
987	972
987	976
987	977
987	986
987	988
987	995
987	999
988	96
988	107
988	182
988	218
988	234
988	250
988	269
988	312
988	315
988	331
988	359
988	374
988	400
988	409
988	423
988	432
988	478
988	479
988	522
988	538
988	565
988	572
988	610
988	643
988	646
988	668
988	702
988	703
988	712
988	727
988	737
988	742
988	763
988	779
988	781
988	828
988	835
988	849
988	860
988	865
988	866
988	879
988	880
988	889
988	894
988	899
988	913
988	919
988	924
988	941
988	949
988	952
988	954
988	959
988	966
988	977
988	984
988	986
988	987
988	994
988	997
988	999
989	20
989	58
989	68
989	93
989	104
989	140
989	142
989	169
989	174
989	188
989	202
989	284
989	304
989	309
989	311
989	314
989	322
989	323
989	337
989	364
989	399
989	450
989	457
989	464
989	466
989	482
989	507
989	536
989	570
989	576
989	621
989	659
989	661
989	664
989	688
989	703
989	713
989	735
989	764
989	769
989	789
989	792
989	793
989	802
989	805
989	811
989	813
989	818
989	839
989	845
989	873
989	882
989	923
989	929
989	932
989	935
989	939
989	963
989	970
989	978
989	982
989	991
989	992
989	999
990	14
990	34
990	48
990	98
990	119
990	143
990	171
990	198
990	219
990	229
990	266
990	316
990	334
990	344
990	381
990	394
990	438
990	460
990	492
990	519
990	520
990	521
990	542
990	546
990	561
990	583
990	587
990	593
990	617
990	625
990	639
990	696
990	710
990	762
990	765
990	776
990	783
990	800
990	810
990	845
990	855
990	889
990	891
990	895
990	903
990	906
990	909
990	917
990	925
990	931
990	934
990	936
990	937
990	940
990	945
990	946
990	948
990	950
990	952
990	956
990	958
990	960
990	978
990	983
990	998
991	22
991	72
991	104
991	138
991	152
991	160
991	169
991	174
991	191
991	228
991	254
991	284
991	308
991	309
991	311
991	337
991	382
991	411
991	463
991	466
991	483
991	496
991	498
991	509
991	533
991	536
991	570
991	595
991	621
991	633
991	659
991	660
991	664
991	676
991	683
991	707
991	708
991	724
991	735
991	749
991	768
991	770
991	771
991	772
991	792
991	793
991	805
991	813
991	818
991	824
991	839
991	882
991	910
991	921
991	923
991	929
991	932
991	935
991	939
991	961
991	970
991	978
991	982
991	985
991	989
991	992
991	997
992	2
992	16
992	22
992	58
992	72
992	117
992	138
992	140
992	150
992	169
992	173
992	205
992	228
992	254
992	308
992	314
992	333
992	337
992	342
992	364
992	382
992	387
992	399
992	404
992	450
992	463
992	464
992	466
992	498
992	502
992	531
992	536
992	570
992	595
992	633
992	654
992	659
992	676
992	688
992	700
992	708
992	713
992	724
992	735
992	746
992	768
992	770
992	772
992	792
992	802
992	805
992	813
992	818
992	824
992	839
992	849
992	873
992	882
992	921
992	929
992	932
992	934
992	935
992	937
992	939
992	963
992	978
992	982
992	989
992	991
993	11
993	15
993	37
993	64
993	151
993	165
993	178
993	243
993	247
993	256
993	260
993	261
993	276
993	298
993	321
993	335
993	338
993	343
993	350
993	360
993	372
993	375
993	435
993	488
993	490
993	498
993	524
993	552
993	553
993	555
993	612
993	613
993	630
993	642
993	649
993	667
993	671
993	672
993	686
993	687
993	698
993	701
993	705
993	716
993	719
993	723
993	729
993	743
993	749
993	750
993	752
993	759
993	761
993	789
993	804
993	807
993	816
993	831
993	848
993	851
993	852
993	875
993	877
993	890
993	900
993	930
993	931
993	932
993	944
993	953
993	976
994	41
994	47
994	51
994	77
994	82
994	83
994	109
994	114
994	177
994	222
994	226
994	265
994	304
994	388
994	398
994	420
994	428
994	446
994	497
994	501
994	512
994	535
994	540
994	568
994	605
994	622
994	629
994	635
994	638
994	653
994	657
994	675
994	678
994	679
994	682
994	694
994	722
994	732
994	755
994	760
994	769
994	771
994	774
994	777
994	782
994	786
994	788
994	799
994	808
994	814
994	820
994	823
994	826
994	833
994	842
994	847
994	861
994	862
994	864
994	868
994	870
994	871
994	885
994	886
994	897
994	916
994	922
994	928
994	933
994	937
994	952
994	953
994	961
994	962
994	964
994	972
994	980
994	985
994	988
994	995
994	997
994	1000
995	29
995	41
995	77
995	124
995	164
995	175
995	214
995	274
995	296
995	297
995	380
995	392
995	421
995	439
995	471
995	512
995	515
995	516
995	545
995	547
995	549
995	577
995	589
995	594
995	599
995	607
995	622
995	626
995	629
995	636
995	641
995	651
995	653
995	669
995	678
995	679
995	682
995	694
995	695
995	697
995	715
995	741
995	755
995	760
995	767
995	771
995	774
995	778
995	783
995	788
995	790
995	800
995	808
995	820
995	823
995	829
995	833
995	834
995	836
995	842
995	843
995	844
995	847
995	848
995	855
995	862
995	871
995	885
995	891
995	897
995	908
995	914
995	916
995	927
995	962
995	964
995	972
995	973
995	975
995	985
995	987
995	994
995	997
995	1000
996	7
996	26
996	34
996	52
996	53
996	61
996	87
996	102
996	105
996	106
996	129
996	133
996	136
996	145
996	149
996	155
996	177
996	180
996	200
996	208
996	227
996	231
996	235
996	240
996	246
996	263
996	270
996	282
996	345
996	370
996	389
996	390
996	406
996	410
996	437
996	442
996	468
996	476
996	481
996	500
996	527
996	533
996	537
996	549
996	550
996	567
996	571
996	574
996	575
996	592
996	598
996	608
996	631
996	665
996	673
996	689
996	700
996	706
996	734
996	751
996	757
996	780
996	786
996	803
996	805
996	821
996	827
996	837
996	850
996	859
996	872
996	878
996	881
996	886
996	887
996	891
996	896
996	899
996	902
996	904
996	909
996	938
996	942
996	943
996	961
996	980
996	981
996	982
997	80
997	110
997	124
997	143
997	159
997	204
997	230
997	249
997	277
997	287
997	293
997	304
997	334
997	349
997	356
997	369
997	393
997	395
997	407
997	413
997	420
997	429
997	453
997	477
997	532
997	547
997	549
997	555
997	556
997	564
997	573
997	577
997	605
997	607
997	625
997	626
997	629
997	635
997	636
997	641
997	651
997	661
997	672
997	675
997	679
997	694
997	723
997	741
997	745
997	755
997	760
997	775
997	777
997	782
997	783
997	788
997	790
997	808
997	814
997	820
997	823
997	833
997	834
997	836
997	843
997	847
997	856
997	857
997	861
997	862
997	864
997	868
997	870
997	871
997	885
997	897
997	906
997	908
997	914
997	922
997	933
997	962
997	964
997	967
997	972
997	973
997	975
997	985
997	988
997	991
997	994
997	995
997	1000
998	23
998	27
998	32
998	59
998	60
998	67
998	95
998	98
998	99
998	108
998	168
998	171
998	176
998	179
998	186
998	198
998	212
998	216
998	229
998	244
998	263
998	268
998	271
998	300
998	302
998	306
998	325
998	341
998	344
998	351
998	354
998	394
998	403
998	418
998	430
998	438
998	448
998	454
998	465
998	470
998	520
998	521
998	525
998	542
998	546
998	559
998	565
998	579
998	583
998	587
998	593
998	596
998	614
998	617
998	622
998	624
998	625
998	634
998	639
998	652
998	693
998	696
998	710
998	720
998	753
998	762
998	780
998	796
998	800
998	810
998	817
998	855
998	863
998	864
998	889
998	895
998	905
998	906
998	909
998	917
998	925
998	936
998	937
998	940
998	945
998	946
998	948
998	950
998	956
998	958
998	960
998	974
998	981
998	983
998	984
998	990
999	1
999	36
999	43
999	56
999	65
999	70
999	101
999	116
999	132
999	157
999	170
999	182
999	201
999	214
999	225
999	250
999	258
999	269
999	272
999	275
999	283
999	299
999	312
999	315
999	327
999	331
999	359
999	385
999	387
999	400
999	401
999	408
999	423
999	426
999	431
999	432
999	474
999	480
999	487
999	499
999	508
999	522
999	529
999	534
999	539
999	565
999	572
999	581
999	603
999	610
999	621
999	628
999	643
999	646
999	649
999	669
999	685
999	688
999	691
999	695
999	702
999	703
999	709
999	726
999	727
999	730
999	737
999	742
999	744
999	781
999	801
999	809
999	825
999	828
999	832
999	838
999	849
999	865
999	866
999	870
999	880
999	888
999	894
999	899
999	916
999	919
999	924
999	941
999	949
999	954
999	955
999	966
999	967
999	985
999	986
999	987
999	988
999	989
1000	71
1000	114
1000	124
1000	125
1000	154
1000	177
1000	179
1000	271
1000	272
1000	277
1000	296
1000	324
1000	330
1000	339
1000	376
1000	383
1000	392
1000	395
1000	398
1000	407
1000	413
1000	420
1000	424
1000	429
1000	446
1000	453
1000	461
1000	462
1000	463
1000	471
1000	477
1000	515
1000	531
1000	535
1000	556
1000	560
1000	568
1000	585
1000	605
1000	636
1000	638
1000	641
1000	645
1000	651
1000	653
1000	663
1000	678
1000	715
1000	717
1000	722
1000	723
1000	733
1000	760
1000	767
1000	769
1000	771
1000	774
1000	775
1000	777
1000	782
1000	799
1000	808
1000	814
1000	820
1000	821
1000	823
1000	826
1000	829
1000	833
1000	834
1000	836
1000	843
1000	844
1000	847
1000	856
1000	857
1000	861
1000	862
1000	864
1000	870
1000	871
1000	876
1000	885
1000	897
1000	900
1000	905
1000	914
1000	916
1000	922
1000	928
1000	933
1000	964
1000	971
1000	972
1000	975
1000	985
1000	994
1000	995
1000	997
